2.8703352842809364	1.	4.856475314213689	1.0757405235276894e-8	4.774398926540759	0.999999985861198	6.194642367154936	0.00011039555426081136	12.770926816554704	399.21553286858517	13.783293212757599	0.9999671082784581	91.90757318382576	241.9408662078057	2.900881194226152
2.8703352842809364	1.0367892976588629	4.7682200063863	1.7537692891462663e-8	4.6049419545039845	0.9999999690086746	6.0716689479919435	0.00013895628867493216	12.637695125775313	389.14220882761197	13.29361523159942	0.999957443197039	89.78193594963969	241.9306835788033	2.788949755965221
2.8703352842809364	1.0735785953177257	4.684737250946757	2.7834561427528157e-8	4.447091293260082	0.9999999358752046	5.955111578870727	0.00017296332340585745	12.50972453884124	379.6350754023873	12.837396031759868	0.9999459412128985	87.77102856939118	241.91785847088437	2.6824432206819133
2.8703352842809364	1.1103678929765886	4.605615600749135	4.3107424207186594e-8	4.299692777301655	0.9999998740140406	5.844437007538508	0.00021310031763188737	12.386716750266107	370.6457979761988	12.411304078802742	0.9999324568537511	85.86503646906054	241.90208324224773	2.58081777226672
2.8703352842809364	1.1471571906354514	4.530490854329908	6.527820907377248e-8	4.1617403459744144	0.9999997637625281	5.739170405331493	0.000260092995965647	12.268395716899436	362.1313696177786	12.01243627844447	0.9999168592021775	84.05527507859168	241.8830725876176	2.4836106024151916
2.8703352842809364	1.1839464882943145	4.459039380414377	9.683356280034631e-8	4.03235303108315	0.9999995753350746	5.638887394925337	0.00031470915468797254	12.154506108637841	354.05339184111284	11.63825144918601	0.9998990332012094	82.33403007055843	241.86056912255853	2.390424450873149
2.8703352842809364	1.2207357859531773	4.390972551226861	1.4093933867514995e-7	3.910756103951073	0.9999992652859686	5.543207362553801	0.0003777588239917651	12.04481179677016	346.37746880739235	11.286515795344172	0.9998788803891645	80.69442419361133	241.83434774401277	2.3009157389243566
2.8703352842809364	1.2575250836120402	4.326032074050221	2.015671938222544e-7	3.796265531019127	0.9999987723743533	5.4517878167919305	0.0004500946188665761	11.93909440862916	339.07269456815584	10.955257928156	0.9998563191292821	79.13030560969861	241.80421882035014	2.2147853278111627
2.8703352842809364	1.294314381270903	4.2639860552852715	2.836329415457423e-7	3.68827508057293	0.9999980129096274	5.3643196055113895	0.0005326123076935793	11.837151965022633	332.11121704772233	10.642731540110384	0.9998312844077593	77.63615374380916	241.7700303061952	2.131771227543589
2.8703352842809364	1.3311036789297659	4.204625665528914	3.931461430920632e-7	3.5862455684774903	0.9999968756984616	5.2805228407102	0.0006262516245827951	11.738797608680718	325.4678656527472	10.347384256190157	0.9998037272758358	76.20699949140331	241.73166890025533	2.051642777164096
2.8703352842809364	1.3678929765886287	4.14776230062494	5.373702864676425e-7	3.489695840863306	0.999995216750414	5.200143410472815	0.0007319973490221602	11.643858426458173	319.1198318972321	10.067831502778583	0.9997736140092555	74.83835727037902	241.68906037299047	1.9741959505280289
2.8703352842809364	1.4046822742474916	4.093225154199086	7.249927898424137e-7	3.3981951757837465	0.9999928539243609	5.122949980424199	0.0008508806745539289	11.552174364429279	313.0463944052236	9.802834477256864	0.9997409250531847	73.52616690082611	241.64216918938897	1.8992495337975441
2.8703352842809364	1.4414715719063544	4.040859133299555	9.663039851043019e-7	3.3113568506038713	0.9999895617108234	5.048731405244506	0.0009839808869621148	11.46359723272745	307.228681222034	9.551281487949526	0.9997056538136293	72.26674368297961	241.5909975440815	1.8266419857844747
2.8703352842809364	1.4782608695652173	3.990523061480013	1.27338418396753e-6	3.228832672114567	0.9999850663450603	4.977294485252007	0.0011324273718458188	11.37798979560692	301.6494636192039	9.312172078952374	0.9996678053484569	71.05673534811078	241.53558391452492	1.7562288387688274
2.8703352842809364	1.5150501672240804	3.9420881237677445	1.660297904707332e-6	3.150308305631379	0.9999790414332814	4.908462014595627	0.0012974019714546313	11.29522494145791	296.2929765875406	9.084603467665998	0.9996273950029712	69.89308479812279	241.4760012252066	1.687880531187827
2.8703352842809364	1.5518394648829432	3.8954365160423046	2.143294341664538e-6	3.0754992702466555	0.9999711042511242	4.842071076867497	0.0014801417112526793	11.215184927188426	291.14476202884276	8.867758912053755	0.9995844470270441	68.77299774187797	241.4123547031957	1.6214805884458736
2.8703352842809364	1.588628762541806	3.8504602678539444	2.7410131913868135e-6	3.004147491900446	0.9999608128420469	4.777971551439606	0.0016819419178267963	11.137760691355966	286.1915313207062	8.660897695328899	0.9995389932034169	67.69391449069406	241.34477949391095	1.5569240866171832
2.8703352842809364	1.625418060200669	3.807060212973758	3.474695007695881e-6	2.9360183254758767	0.9999476640062471	4.716024799919404	0.001904159751428448	11.062851230589798	281.42104447114315	8.463346472133136	0.999491071510097	66.65348530023896	241.27343809608084	1.4941163477728092
2.8703352842809364	1.6622073578595318	3.76514508624761	4.3683953420195375e-6	2.8708979728062443	0.9999310922308903	4.656102507094546	0.0021482181785989324	10.99036303411836	276.82200352482187	8.27449176545939	0.9994407248339034	65.6495487474947	241.19851766660412	1.4329718262958626
2.8703352842809364	1.6989966555183946	3.7246307288241236	5.449202033854787e-6	2.808591236138305	0.9999104695724422	4.59808565482014	0.0024156104129326333	10.920209571557034	272.3839582495026	8.093773440004382	0.9993879997471635	64.68011271437655	241.12022723943545	1.3734131537265104
2.8703352842809364	1.7357859531772575	3.685439386698078	6.747455148058755e-6	2.7489195568660625	0.9998851064639122	4.541863610666186	0.002707904855041611	10.852310829482382	268.09722243454604	7.9206790071538355	0.9993329453553185	63.74333761768126	241.03879489728493	1.3153703160239216
2.8703352842809364	1.7725752508361203	3.647499089877041	8.296969209599506e-6	2.691719297722854	0.9998542533856166	4.4873333159263575	0.0030267505661504307	10.786592892697007	263.95279938511965	7.754738640832873	0.999275612219701	62.83752158121546	240.95446493076463	1.2587799420968608
2.8703352842809364	1.8093645484949832	3.610743101436517	0.000010135257561241768	2.6368402334766454	0.9998171033088221	4.434398559899387	0.003373883313424572	10.722987566456169	259.94231540526687	7.595520803101263	0.9992160513569242	61.96108729247782	240.86749501617848	1.2035846863674875
2.8703352842809364	1.8461538461538463	3.5751094273539517	0.000012303758864203505	2.5841442208111736	0.9997727947980519	4.382969329278637	0.003751132229062263	10.661432036272577	256.05796023798206	7.442628394505604	0.9991543133141032	61.112570324948315	240.7781534402885	1.1497326912371477
2.8703352842809364	1.882943143812709	3.54054037936541	0.000014848065974922547	2.5335040227272576	0.9997204156402043	4.332961223093079	0.004160427129291131	10.60186856223211	252.29243357693952	7.295695357499242	0.9990904473174257	60.29060873930264	240.68671639786285	1.097177117800182
2.8703352842809364	1.919732441471572	3.506982184219533	0.000017818157661580034	2.484802266648855	0.9996590068567538	4.2842949249901645	0.004603806543621991	10.544244205034847	248.6388968875228	7.154383672244884	0.99902450049032	59.493933803868146	240.59346538542695	1.0458757351380605
2.8703352842809364	1.9565217391304348	3.4743846336511526	0.000021268633870850692	2.4379305186147127	0.9995875669488812	4.236895725784155	0.005083426508911353	10.48851058122087	245.090929878374	7.018380693253849	0.9989565171365793	58.72136169729905	240.4986847123244	0.9957905601248553
2.8703352842809364	1.9933110367892977	3.442700770193904	0.000025258955517439255	2.3927884585968706	0.9995050562236671	4.190693090149571	0.005601570186821417	10.43462364524489	241.64249105214648	6.887396782933399	0.9988865380832019	57.97178607553223	240.4026591479414	0.9468875409657725
2.8703352842809364	2.0301003344481607	3.411886604622992	0.00002985369004540458	2.349283144206931	0.9994104010518904	4.145620262149431	0.006160658366942302	10.382543496226939	238.28788183824093	6.761163204482572	0.9988146000773698	57.24417140118625	240.30567172155094	0.8991362787320221
2.8703352842809364	2.0668896321070234	3.3819008613883503	0.00003512276430011487	2.3073283519078833	0.9993024979136418	4.101613904978488	0.006763260920878024	10.332234207325271	235.02171387337933	6.6394302419236855	0.998740735231846	56.53754694721849	240.2080016890066	0.8525097819964418
2.8703352842809364	2.1036789297658864	3.3527047488812087	0.00004114172655215742	2.266843986405621	0.9991802170961817	4.058613770892871	0.0074121092746279	10.283663675747887	231.83887904974688	6.521965519555733	0.9986649705131029	55.85100139823475	240.1099226781135	0.8069842503485491
2.8703352842809364	2.140468227424749	3.3242617517892983	0.000047992019828716974	2.2277555502025437	0.9990424059185001	4.016562397809641	0.00811010996711616	10.236803491437623	228.73452199685252	6.40855249691856	0.998587327266652	55.18367798273128	240.01170102234033	0.7625388831043753
2.8703352842809364	2.177257525083612	3.2965374431486762	0.00005576126903294656	2.1899936663974993	0.9988878913682826	3.97540482950723	0.008860359361060288	10.191628822424699	225.70401470353616	6.298989118577538	0.9985078207743372	54.53477007798954	239.91359429034836	0.7191557099445276
2.8703352842809364	2.2140468227424748	3.2694993140041766	0.0000645435846664056	2.153493648747106	0.9987154820488686	3.935088356755666	0.009666159567629586	10.148118314731581	222.74293302198186	6.193086600777871	0.9984264598387363	53.903517236597295	239.81585001686184	0.6768194405301994
2.8703352842809364	2.250836120401338	3.243116618853777	0.0000744398863119743	2.118195113791654	0.9985239693459236	3.895562277066428	0.010531035637329132	10.106254004526647	219.84703482728435	6.090668339353824	0.9983432463903128	53.28920158981596	239.71870463864116	0.6355173303707534
2.8703352842809364	2.2876254180602005	3.217360235282094	0.00008555824938216941	2.0840416305182865	0.9983121277356024	3.8567776710881594	0.011458754054689695	10.066021239939902	217.01223963512643	5.9915689252771935	0.9982581751135546	52.691144588421466	239.62238263779238	0.5952390603558395
2.8703352842809364	2.3244147157190636	3.1922025363906683	0.00009801427898632697	2.050980403604433	0.9980787141677685	3.8186871939983766	0.01245334255157078	10.027408609557279	214.23460950751485	5.895633255945657	0.9981712330890616	52.10870404635069	239.5270958934677	0.5559766274226909
2.8703352842809364	2.3612040133779266	3.167617274812773	0.00011193151511366328	2.018961986771776	0.9978224664692616	3.7812448805650742	0.013519111220519244	9.99040787407539	211.51033110333321	5.802715731788942	0.9980823994494007	51.54127145659433	239.4330432420859	0.5177242438057202
2.8703352842809364	2.3979933110367893	3.143579477263081	0.00012744187365837134	1.987940023198931	0.9975421007233822	3.7444059628896156	0.014660674862175375	9.95501389689767	208.8356987579267	5.712679529047886	0.9979916450475841	50.9882695523992	239.34041024572565	0.4804782422089254
2.8703352842809364	2.4347826086956523	3.120065348721066	0.00014468612811425653	1.9578710103003096	0.9972363075927938	3.7081267002078175	0.01588297643471672	9.921224568549786	206.20709850527473	5.625395940687307	0.9978989321382813	50.44915009004484	239.24936916819365	0.44423698404602935
2.8703352842809364	2.471571906354515	3.0970521854854494	0.0001638144370202923	1.9287140864886083	0.9969037475643504	3.6723642205367777	0.01719131138309132	9.889040718645454	203.6209929890701	5.540743778365092	0.9978042140733918	49.923391832320874	239.16007915852282	0.4090007676025226
2.8703352842809364	2.508361204013378	3.0745182964683844	0.0001849869224172572	1.9004308378065182	0.9965430451064181	3.6370763744301886	0.01859135250416566	9.858466007697151	201.07390724696722	5.458608829218166	0.997707435015471	49.41049871440963	239.0726866423673	0.3747717325782253
2.8703352842809364	2.5451505016722407	3.0524429322251168	0.0002083743046408696	1.8729851225454646	0.9961527817427817	3.602221601666415	0.020089174842025787	9.829506789285686	198.56241539744306	5.378883361958037	0.9976085296747723	48.909998176218295	238.98732592278884	0.3415537569589606
2.8703352842809364	2.5819397993311037	3.0308062213403293	0.00023415859867594377	1.8463429121706991	0.9957314880632037	3.567758812367148	0.02169127989474776	9.802171930926006	196.0831283136081	5.301465677410892	0.9975074230784596	48.421439647362206	238.90411999346384	0.3093523415325539
2.8703352842809364	2.6187290969899664	3.0095891139178246	0.0002625338769589513	1.8204721470462584	0.9952776347103145	3.5336472848570515	0.02340461813716179	9.776472579341593	193.63268243568393	5.226259699199031	0.9974040303839368	47.94439317299104	238.82318156904924	0.2781744765995463
2.8703352842809364	2.6555183946488294	2.988773332047604	0.00029370710285019156	1.7953426056036876	0.9947896224073056	3.499846583556844	0.025236608508830475	9.752421852751173	191.20772995696532	5.153174600755178	0.997298256752363	47.47844817052573	238.74461433957768	0.24802848453404625
2.8703352842809364	2.6923076923076925	2.968341327253461	0.00032789903788314317	1.7709257857265641	0.9942657711227367	3.4663165013811152	0.02719515306663705	9.730034439169541	188.8049307202326	5.082124465293149	0.9971899973033588	47.023212309130095	238.66851445786997	0.21892383083370245
2.8703352842809364	2.729096989966555	2.948276245054131	0.0003653452241889984	1.74719479723048	0.9937043085097887	3.4330170325114335	0.029288644441172833	9.709326075675877	186.42094628609655	5.013027975735435	0.9970791371777386	46.57831050540025	238.594972271039	0.19087089519204956
2.8703352842809364	2.765886287625418	2.928561896898118	0.0004062970410098023	1.7241242644057442	0.993103357809917	3.3999083830444263	0.03152596305218651	9.690312879244194	184.0524367842955	4.945808131923311	0.9969655517418607	46.14338403030089	238.52407430883488	0.16388069299052482
2.8703352842809364	2.802675585284281	2.9091827398495367	0.00045102283074832346	1.7016902376577971	0.9924609254775606	3.3669510288575437	0.03391646022441172	9.673010495341304	181.69606133451768	4.880391992709571	0.9968491069747556	45.71808972377732	238.45590554235045	0.13796453654892651
2.8703352842809364	2.839464882943144	2.890123864497592	0.0004998090853371778	1.6798701133276293	0.9917748888654891	3.334105832031989	0.03646992240875848	9.657433026571624	179.3484830227771	4.816710440757248	0.9967296600873442	45.302099314663096	238.3905519258287	0.11313362466252719
2.8703352842809364	2.8762541806020065	2.8713709916176398	0.0005529616776359389	1.6586425608011923	0.9910429844108678	3.301334229193512	0.039196510687254923	9.643591700986091	177.00637963519983	4.754697968038021	0.9966070604312408	44.89509884438936	238.32810323116556	0.08939854865394495
2.8703352842809364	2.9130434782608696	2.852910478099418	0.000610807114938747	1.637987456022023	0.9902627968796385	3.268598506941422	0.04210666869468725	9.631493239482708	174.66646156701967	4.69429248013509	0.9964811507619246	44.496788193418304	238.26865617788948	0.06676870375141329
2.8703352842809364	2.9498327759197323	2.8347293325417486	0.0006736937824906724	1.6178858205060382	0.9894317503576565	3.2358621807540344	0.0452109911554343	9.621137885730207	172.3254985117205	4.635435117502266	0.9963517689259971	44.10688070906855	238.2123178496049	0.045251596582432885
2.8703352842809364	2.9866220735785953	2.816815240644976	0.0007419931344229778	1.5983197649237824	0.9885471018124128	3.203090493813393	0.04852004462123033	9.612517072537837	169.98035664707402	4.5780700918067465	0.9962187500426578	43.725102932196165	238.15920936941973	0.024852043588820275
2.8703352842809364	3.0234113712374584	2.799156600057829	0.0008161007783936673	1.5792724362690789	0.9876059381730371	3.170251050292794	0.05204413201690358	9.605610718391755	167.62804800289504	4.522144535383517	0.9960819292424951	43.351194417722795	238.10946978011225	0.005571261979284097
2.8703352842809364	3.060200668896321	2.7817425635979873	0.0008964373897286949	1.5607279675843098	0.9866051779630869	3.1373145927918853	0.055792993681542474	9.600384180074666	165.26579342734738	4.467608361656129	0.9959411450085646	42.98490763993963	238.06326003850936	-0.012594134799752833
2.8703352842809364	3.096989966555184	2.764563088722679	0.0009834493830426477	1.5426714291782595	0.9855415785338986	3.104255924648499	0.05977544025401228	9.596784934635348	162.89109995208543	4.4144141341443985	0.9957962431314662	42.62600796760528	238.0207669874528	-0.02965321059571241
2.8703352842809364	3.1337792642140467	2.7476089897718867	0.001077609267071741	1.5250887802769537	0.9844117498395947	3.0710549637438045	0.06399891754936674	9.594739127819286	160.501852273489	4.362516941416896	0.995647081238109	42.27427368606704	237.98220711471052	-0.04562180389705948
2.8703352842809364	3.17056856187291	2.7308719879063608	0.001179415615392433	1.5079668201221914	0.9832121754168665	3.0376978945473896	0.06846901095617293	9.594148204695095	158.09641642502132	4.311874275110613	0.9954935337812072	41.92949603431856	237.94782985093107	-0.0605235817657244
2.8703352842809364	3.2073578595317724	2.7143447519882113	0.0012893926056375567	1.4912931377109906	0.9819392407388206	3.0041783599540293	0.07318890696970148	9.594885924838836	155.67375149754594	4.262445908019798	0.9953354972852043	41.59147921504607	237.91792010736296	-0.07439096006750695
2.8703352842809364	3.2441471571906355	2.6980209222117493	0.0014080891157283574	1.4750560596814082	0.9805892683834946	2.970498606090438	0.07815884173890213	9.596796145395553	153.23352259586642	4.214193769362511	0.9951728955422339	41.260040327064935	237.89279972199805	-0.08726577980405154
2.8703352842809364	3.280936454849498	2.6818951075287636	0.0015360774180835117	1.4592445963081213	0.9791585585252056	2.9366704661456837	0.08337557947841723	9.599691809488862	150.77620543451025	4.167081814788098	0.9950056843546817	40.93500916464466	237.87282748693028	-0.09919961854752142
2.8703352842809364	3.317725752508361	2.6659628483403743	0.001673951578143937	1.443848386153751	0.9776434322244271	2.9027160501699725	0.0888319747165141	9.603355578374188	148.30317064629278	4.12107588958676	0.9948338553524333	40.616227830049404	237.85839748707244	-0.1102536212196618
2.8703352842809364	3.3545150501672243	2.6502205379949277	0.0018223257328440303	1.4288576405622933	0.9760402740438935	2.868668004872388	0.09451667816999301	9.607542467898792	145.81673476320745	4.076143584921847	0.9946574384007031	40.30355011682719	237.84993560190355	-0.12049776179035798
2.8703352842809364	3.391304347826087	2.6346653005166543	0.0019818324837080022	1.414263089765343	0.9743455698986081	2.8345692281314556	0.10041404298567026	9.611984678646644	143.32016570710084	4.032254088619246	0.994476502182836	39.996840643141894	237.84789420560782	-0.13000949933788206
2.8703352842809364	3.42809364548495	2.6192948273974097	0.002153121671475262	1.4000559327573854	0.9725559359979191	2.8004719706605146	0.1065042737407749	9.616398552194987	140.81763400688146	3.9893780338583644	0.9942911527019808	39.69597374528509	237.85274532577426	-0.13887186441315033
2.8703352842809364	3.4648829431438126	2.604107182350674	0.00233685979065558	1.3862277931517664	0.9706681354114367	2.766436328494263	0.11276383509491632	9.62049328000526	138.31410677076687	3.947487350636899	0.9941015296827753	39.40083217672719	237.86497274638916	-0.14717109327461692
2.8703352842809364	3.5016722408026757	2.5891005883441798	0.0025337302479125343	1.372770682884798	0.9686790801648174	2.732528212936892	0.11916610392146629	9.62398069946061	135.8151888526536	3.906555125724598	0.993907801129046	39.11130569036154	237.88506371565555	-0.15499400081259965
2.8703352842809364	3.5384615384615383	2.5742732146055385	0.002744434575058981	1.3596769749248236	0.9665858186139039	2.6988169614709494	0.12568221477489927	9.626585306186696	133.32692315669232	3.866555476692087	0.9937101565468885	38.827289603021875	237.9135009960174	-0.16242532924073297
2.8703352842809364	3.5752508361204014	2.5596229816568954	0.0029696945951899895	1.3469393852068463	0.964385509762087	2.6653728052161605	0.13228202157165536	9.628053550867305	130.85556786506453	3.8274634444527758	0.9935087995141721	38.548683446105024	237.95075594760254	-0.16954531572890497
2.8703352842809364	3.612040133779264	2.5451473996113996	0.0032102554348249334	1.3345509630608865	0.9620753877441027	2.6322644229977357	0.13893508482969286	9.628161592477845	128.40737113855812	3.7892549068252195	0.9933039403274432	38.27538979280663	237.9972831752157	-0.17642768567112005
2.8703352842809364	3.648829431438127	2.5308434496853915	0.003466889199147224	1.3225050886418488	0.9596527205774633	2.599556786609825	0.14561159642506286	9.626720921900748	125.9883629706164	3.751906513359002	0.9930957893798416	38.007313324710104	238.0535170324779	-0.183138208780922
2.8703352842809364	3.68561872909699	2.5167075124965317	0.003740399094708559	1.3107954754393745	0.9571147673686973	2.5673094451238403	0.15228317072587028	9.623581587463635	123.6041798368321	3.7153956395751266	0.9928845517481949	37.744360165513825	238.11987002126642	-0.18973387057822752
2.8703352842809364	3.722408026755853	2.502735340704893	0.004031623794402214	1.2994161758825133	0.9544587375652953	2.5355753239392538	0.15892345677378186	9.618633071449791	121.25993181473646	3.679700357251094	0.9926704232448125	37.48643747573465	238.1967329044469	-0.1962626316919848
2.8703352842809364	3.759197324414716	2.488922069034012	0.004341441882446058	1.2883615882940338	0.9516817548239002	2.5044000437112284	0.16550855420468055	9.611803121015441	118.96011547002867	3.644799416617609	0.992453587972829	37.23345327574014	238.28447620043494	-0.2027636867663001
2.8703352842809364	3.7959866220735785	2.4752622521983993	0.004670776276754519	1.277626463874819	0.9487808269178295	2.473821708242282	0.17201724006654007	9.60305499371957	116.70857030465635	3.610672236296603	0.9922342172527158	36.98531644866496	238.3834526603172	-0.20926810061577777
2.8703352842809364	3.8327759197324416	2.4617499206867586	0.005020598587353581	1.2672059128840265	0.945752822074646	2.443871075185588	0.17843103113786773	9.592383633496892	114.50847269960535	3.5772988973149222	0.9920124696801359	36.74193686961355	238.4940003319412	-0.21579969075797073
2.8703352842809364	3.869565217391304	2.4483786452369656	0.0053919334218524234	1.2570954096268527	0.9425944513579363	2.4145720089535114	0.18473411583709962	9.579811266588818	112.3623592479618	3.5446601383316776	0.991788492030704	36.503225610739655	238.61644586833935	-0.22237603644803805
2.8703352842809364	3.9063545150501673	2.4351416025787183	0.00578586268746405	1.247290796212525	0.9393022562263456	2.385942117341229	0.19091319232137735	9.565382828287277	110.27217091962034	3.5127373500996115	0.9915624207319673	36.26909518011423	238.75110781571234	-0.2290095168157389
2.8703352842809364	3.94314381270903	2.422031637055993	0.006203529963358605	1.2377882852835491	0.9358726001849363	2.3579934861748515	0.19695724686796434	9.54916152958886	108.23931016916	3.4815125679853574	0.9913343836590468	36.039459762719545	238.89829969859085	-0.23570830730317993
2.8703352842809364	3.979933110367893	2.4090413146745484	0.006646145029777578	1.2285844620532014	0.9323016634212683	2.33073344417699	0.20285730124359158	9.531224770541321	106.26470440329548	3.4509684620173484	0.9911045020611028	35.81423544218969	239.0583327935095	-0.24247728902132382
2.8703352842809364	4.016722408026756	2.3961629677261054	0.007114988644987029	1.2196762860454669	0.9285854394173405	2.3041653089485434	0.20860615127879775	9.51166051805637	104.34887075814987	3.421088324390297	0.9908728924786286	35.593340390735236	239.2315185410208	-0.24931884689136533
2.8703352842809364	4.053511705685619	2.383388729340506	0.007611417661383048	1.211061092936383	0.9247197326861006	2.278289081832427	0.21419811250933568	9.490564196422545	102.49197862113319	3.3918560546467775	0.9906396685588957	35.37669502149777	239.4181705878159	-0.25623354842309304
2.8703352842809364	4.090301003344481	2.370710558125353	0.00813687057076045	1.2027365968713242	0.9207001569529477	2.2531020731793383	0.21962878322311913	9.468036089378812	100.69390761213388	3.363256142913513	0.9904049427151627	35.164222102374545	239.61860647778806	-0.2632207058718819
2.8703352842809364	4.127090301003345	2.358120253532878	0.008692873567966488	1.1947008935964727	0.9165221332612592	2.2285994498822475	0.22489483084341003	9.444179220976398	98.95429975299317	3.3352736516299055	0.9901688276038201	34.95584683340826	239.83314902608464	-0.27027883112805046
2.8703352842809364	4.1638795986622075	2.3456094628257613	0.009281047223180893	1.1869524647062057	0.9121808876129244	2.2047747042700636	0.22999380430005686	9.419097664832453	97.27260530315553	3.307894196203552	0.9899314374134041	34.751496891546296	240.0621274168689	-0.2774059960621843
2.8703352842809364	4.20066889632107	2.3331696805728197	0.009903113856652363	1.1794901832782583	0.907671447855842	2.181620048101097	0.23492397275749383	9.392895223908685	95.64812225596813	3.281103924988786	0.9896928889720132	34.551102447325505	240.30587806656695	-0.2846001121656156
2.8703352842809364	4.237458193979933	2.32079224155362	0.010560905716315598	1.1723133211486523	0.9029886396013759	2.159126738084133	0.23968418958883148	9.365674422263195	94.08002982010436	3.2548894989280783	0.9894533026868753	34.35459615815297	240.5647452919801	-0.2918591430061515
2.8703352842809364	4.274247491638796	2.308468307835093	0.01125637406857558	1.1654215580700518	0.8981270809994616	2.1372853406399113	0.24427377961280974	9.33753575367773	92.56741640037247	3.2292380711357875	0.9892128033332089	34.16191314259495	240.8390818185899	-0.2991812618822706
2.8703352842809364	4.311036789297659	2.2961888506346284	0.011991599325930502	1.1588149930005527	0.8930811762217882	2.1160859439586766	0.24869244717082664	9.308577137729502	91.10930268235103	3.2041372666458283	0.9889715207104188	33.97299093962526	241.12924915962375	-0.3065649655348075
2.8703352842809364	4.3478260869565215	2.2839446274235136	0.012768802352311849	1.1524941577848389	0.8878451075083018	2.095518325162725	0.25294020247409144	9.278893540450214	89.70466044862134	3.1795751624936988	0.9887295901829993	33.78776945624873	241.43561789176266	-0.314009153143497
2.8703352842809364	4.384615384615385	2.271726154563246	0.013590357108484536	1.146460033515961	0.8824128256226009	2.075572079800234	0.2570173036895833	9.248576723367194	88.35242773558204	3.1555402682601255	0.9884871531220062	33.60619090637427	241.75856784906432	-0.3215131782629697
2.8703352842809364	4.421404682274248	2.2595236756105717	0.014458804826183683	1.1407140699037868	0.8767780385399949	2.0562367201512153	0.26092421238133995	9.217715090972508	87.05152089668297	3.1320215071685675	0.9882443572610539	33.42819974331128	242.0984882529569	-0.3290768799289851
2.8703352842809364	4.45819397993311	2.2473271252763674	0.015376869931687083	1.1352582080260831	0.8709341981596568	2.037501748031133	0.2646615601277719	9.186393612271665	85.8008440826395	3.1090081978014985	0.988001356978797	33.25374258782206	242.45577779309934	-0.3367005979280788
2.8703352842809364	4.494983277591973	2.235126088876808	0.016347477978361995	1.13009490690122	0.8648744847899968	2.0193567070000977	0.26823012436198634	9.154693796932227	84.59929658970457	3.0864900364792804	0.9877583135179533	33.082768153286736	242.83084467140662	-0.34438517618013925
2.8703352842809364	4.531772575250836	2.2229097569695737	0.017373775894806084	1.125227174399555	0.8585917891039909	2.0017912181640236	0.2716308117089864	9.12269371068402	83.44577846835872	3.064457080330005	0.987515395149204	32.915227169227904	243.22410661964437	-0.3521319573228237
2.8703352842809364	4.568561872909699	2.210666874718129	0.018459154912431313	1.1206586031061765	0.8520786911977645	1.9847950031059853	0.2748646473091987	9.090468018067288	82.33919472960253	3.042899731067463	0.9872727772868267	32.75107230419182	243.63599089954752	-0.3599427708901195
2.8703352842809364	4.605351170568562	2.1983856853677124	0.019607276606137976	1.116393411864499	0.8453274363093869	1.9683578969164086	0.2779327688159699	9.058088043456095	81.27845843581589	3.0218087194863825	0.9870306425616756	32.59025808878256	244.0669342933442	-0.36781991692225907
2.8703352842809364	4.642140468227424	2.186053867040658	0.02082210256725408	1.1124364938730245	0.8383299066630486	1.952469853797327	0.28083642393345476	9.025621843584481	80.26249291839046	3.00117509067893	0.98678918085612	32.43274083949238	244.51738309184844	-0.37576614640811734
2.8703352842809364	4.678929765886288	2.1736584618576567	0.02210792833327623	1.1087934723827662	0.8310775887926589	1.9371209472922903	0.28357697052087305	8.993134286649855	79.2902333249942	2.980990189972761	0.9865485893047725	32.27847858385026	244.9877930867557	-0.3837846396236134
2.8703352842809364	4.7157190635451505	2.1611857961555505	0.02346942232950561	1.1054707652588678	0.8235615355633514	1.9223013668313076	0.2861558784310959	8.960687134535723	78.36062766504041	2.9612456495885833	0.986309072264237	32.127430987319094	245.47862957342832	-0.39187898317156417
2.8703352842809364	4.752508361204013	2.148621390288687	0.02491167074046852	1.102475659937968	0.815772321942624	1.9080014119715667	0.288574732377751	8.92833912584754	77.47263749226124	2.9419333760137287	0.9860708412546884	31.97955928230337	245.99036737025688	-0.4000531463349257
2.8703352842809364	4.789297658862877	2.135949856153576	0.02644022943341494	1.099816400647747	0.8076999933654445	1.8942114854505798	0.2908352352380787	8.896146058345085	76.62523833762214	2.9230455380868703	0.9858341148757976	31.834826199573754	246.52349086047786	-0.4083114572119235
2.8703352842809364	4.826086956521739	2.123154780145002	0.02806118431467496	1.0975022901766975	0.7993340052774076	1.880922085942921	0.29293921130018324	8.864160870029478	75.81741998373884	2.9045745557881015	0.98559911869934	31.693195902374292	247.07849406221598	-0.4166585789982389
2.8703352842809364	4.862876254180602	2.1102185887081006	0.029781221829091903	1.0955438090172473	0.7906631521099512	1.8681238012178618	0.2948886090551537	8.83243371864048	75.04818665293325	2.8865130897273676	0.9853660851407263	31.55463392344291	247.65588073235298	-0.4250994867083916
2.8703352842809364	4.8996655518394645	2.0971223929582505	0.03160771173608974	1.0939527553904462	0.7816754835188204	1.8558073022283552	0.2966855032179847	8.801012059672365	74.31655716470863	2.868854031322814	0.9851352533116625	31.419107105145535	248.25616450961633	-0.43363944457813025
2.8703352842809364	4.936454849498328	2.0838458079483635	0.033548804844748426	1.0927424105454207	0.7723582051698525	1.8439633385181815	0.298332095737147	8.769940723251928	73.62156510442168	2.851590493658968	0.9849068688561485	31.286583542896544	248.879869102051	-0.442283984356778
2.8703352842809364	4.973244147157191	2.070366741001483	0.03561354910849658	1.091927734881453	0.7626975606405355	1.8325827352101227	0.2998307156218839	8.739261990362126	72.96225903295264	2.8347158030126565	0.984681183772049	31.157032532010987	249.52752852370642	-0.45103888467690684
2.8703352842809364	5.010033444816053	2.0566611419973007	0.03781202842957071	1.091525601962414	0.75267869005982	1.8216563917317725	0.3011838174789674	8.709015668959351	72.33770275703282	2.8182234910322266	0.9844584562204979	31.03042451810538	250.19968738498955	-0.4599101516756894
2.8703352842809364	5.046822742474917	2.0427027064650805	0.04015552979250362	1.0915550795215563	0.7422854598439967	1.8111752823450775	0.3023939787069416	8.679239170537727	71.74697567137736	2.802107287552956	0.9842389503254105	30.906731051133594	250.89690124064637	-0.46890400103431246
2.8703352842809364	5.083612040133779	2.028462519591391	0.042656746062283486	1.0920377692905092	0.7315002561748198	1.801130458469474	0.3034638953458489	8.649967587654515	71.18917317672975	2.78636111402885	0.9840229359653717	30.785924743113	251.61973699882662	-0.47802684159604
2.8703352842809364	5.120401337792642	2.0139086255043934	0.04533002413401322	1.0929982212238225	0.7203037325203685	1.791513052725694	0.30439637662382707	8.621233772859217	70.66340717223333	2.7709790775579832	0.9838106885601208	30.667979229561762	252.36877339406408	-0.48728526071943246
2.8703352842809364	5.157190635451505	1.9990055010081476	0.04819167138694494	1.094464442868944	0.708674498238555	1.7823142845765967	0.30519433827895226	8.593068419375792	70.168806616056	2.755955465475673	0.9836024888537772	30.55286913463291	253.14460152637508	-0.4966860115182697
2.8703352842809364	5.193979933110368	1.9837134056447334	0.05126033800227385	1.0964685319167435	0.6965887307022568	1.7735254674025827	0.3058607947648801	8.56550014378216	69.70451814484161	2.7412847404869147	0.9833986226968262	30.440570039894922	253.94782546800283	-0.5062360021344519
2.8703352842809364	5.230769230769231	1.9679875695277471	0.05455749931116566	1.0990474703904238	0.6840196867834556	1.7651380168204363	0.30639885047272614	8.538555570821018	69.26970674016458	2.7269615363067614	0.9831993808287104	30.331058456670625	254.77906293862003	-0.5159422871830676
2.8703352842809364	5.2675585284280935	1.9517771651883375	0.05810807199274616	1.1022441341210527	0.6709370798855533	1.757143460035996	0.30681169011890874	8.512259420368032	68.86355642869053	2.712980653774936	0.9830050586626683	30.224311801810778	255.63894604911863	-0.5258120615009896
2.8703352842809364	5.304347826086956	1.9350239870629171	0.0619412123384862	1.1061085937568809	0.6573062743210916	1.749533446011125	0.30710256846000916	8.486634596482338	68.48527100202733	2.699337057408855	0.9828159560742048	30.12030837674248	256.52812211341484	-0.5358526563210213
2.8703352842809364	5.34113712374582	1.9176607278354447	0.06609136676852301	1.1106998179559096	0.6430872268670438	1.7422997562233735	0.3072747995013252	8.461702278374007	68.13407474219818	2.6860258723574866	0.9826323771942942	30.019027349599458	257.44725452703796	-0.546071537983908
2.8703352842809364	5.377926421404682	1.8996086870913904	0.0705996791859775	1.116087943152043	0.6282330709328672	1.7354343158014938	0.307331745366234	8.437482013046463	67.80921313917956	2.6730423817171247	0.9824546302081009	29.920448740209284	258.3970237106252	-0.5564763092905416
2.8703352842809364	5.414715719063545	1.880774661280028	0.0755159152196405	1.1223573607293909	0.6126881833149782	1.7289292048301172	0.3072768049894814	8.413991809310401	67.50995358788202	2.6603820241691416	0.9822830271596636	29.824553407683336	259.37812811584047	-0.567074713587251
2.8703352842809364	5.451505016722408	1.8610466201838398	0.08090115587033425	1.1296110162198787	0.5963854810485264	1.7227766696319453	0.30711340278951477	8.391248232820383	67.23558605325583	2.6480403918993316	0.9821178837626349	29.73132304033066	260.3912852906924	-0.5778746416687933
2.8703352842809364	5.488294314381271	1.840287526503081	0.08683167329388643	1.1379765637111618	0.5792425356510218	1.7169691338539215	0.3068449774640084	8.369266501755847	66.98542369371799	2.6360132287582405	0.9819595192168058	29.640740147593664	261.43723300070474	-0.5888841415768968
2.8703352842809364	5.525083612040134	1.8183262055372964	0.09340469189234832	1.1476154682570119	0.5611558016147021	1.7114992092044776	0.30647497103926274	8.348060582753812	66.7588034347781	2.6242964286217902	0.9818082560297785	29.55278805368273	262.5167304018711	-0.6001114313682577
2.8703352842809364	5.561872909698996	1.7949433138953266	0.10074729337056926	1.1587370071102616	0.5419917005189893	1.7063597057111628	0.3060068182889835	8.327643286700592	66.55508648649557	2.612886033912177	0.9816644198427856	29.467450892572412	263.6305592609348	-0.6115649149243579
2.8703352842809364	5.59866220735786	1.7698487090672093	0.10903085790291647	1.1716208676708328	0.5215721686465473	1.7015436413904752	0.3054439366217874	8.308026364001671	66.37365880014377	2.6017782342392306	0.9815283392593032	29.38471360400534	264.7795252180213	-0.6232532008777055
2.8703352842809364	5.635451505016722	1.7426426677125904	0.11849593928965813	1.1866558939919458	0.499649770251018	1.697044251244229	0.30478971652015	8.28922059897185	66.21393146115341	2.590969365123235	0.9814003456747571	29.304561930139013	265.96445908626134	-0.6351851247350584
2.8703352842809364	5.672240802675585	1.712743985615048	0.12949860620434966	1.204411948560904	0.4758613444017055	1.692854995518334	0.30404751259700497	8.271235903018878	66.07534101699169	2.580455906760715	0.981280773105299	29.226982412459353	267.1862181825522	-0.6473697742884206
2.8703352842809364	5.709030100334449	1.6792416547332436	0.14260647794075237	1.2257881935538184	0.4496319570217928	1.6889695671802223	0.30322063532019633	8.254081406332004	65.9573497400921	2.5702344827952888	0.9811699580133092	29.1519623885749	268.445687683132	-0.6598165184192266
2.8703352842809364	5.745819397993311	1.640537575455787	0.15883107276168307	1.252370333046152	0.4199425400420027	1.6853818985896312	0.30231234343993946	8.237765547829701	65.85944582723175	2.5603018590560063	0.9810682391269984	29.07948998849564	269.74378199707684	-0.6725350394210752
2.8703352842809364	5.782608695652174	1.5932388408675873	0.18035125206500616	1.2875382789144707	0.384606434476873	1.6820861673540521	0.30132583714049765	8.2222961631668	65.78114353787186	2.5506549422256493	0.9809759572511929	29.009554129988764	271.0814461501877	-0.6855353689910394
2.8703352842809364	5.8193979933110365	1.526290137735062	0.2143627584039958	1.3423336952121256	0.3364198394076393	1.6790768013743942	0.3002642519248413	8.207680570648701	65.72198327489349	2.5412907784013243	0.9808934550661372	28.942144512592456	272.4596571710157	-0.6988279280698535
2.8703352842809364	5.8561872909699	1.4301411912522102	0.27097372019077426	1.4301411912527273	0.2709737201903662	1.676322380336721	0.2991392924299287	8.19385260959739	65.67961819637596	2.5321881633815337	0.9808200269137461	28.877060324492554	273.8751338903927	-0.7123823978351528
2.8703352842809364	5.892976588628763	1.4118162247146326	0.28090810951601586	1.4118162247146162	0.28090810951602696	1.673051248854216	0.2982138350068885	8.179912806226142	65.60138965655756	2.5226923453206287	0.9807536236999428	28.80828305944178	275.1863906329828	-0.7266140385771666
2.8703352842809364	5.929765886287625	1.567654022835853	0.1888808729451054	1.5676540228358435	0.1888808729451103	1.6840940011556274	0.2924981210063601	8.178098900991605	66.47917741415776	2.5260406238732305	0.9806180437358302	28.85497454535216	279.27290303047886	-0.7266140385771666
2.8703352842809364	5.966555183946488	1.623405674859183	0.16206547967342286	1.623405674859179	0.16206547967342458	1.6973144254513985	0.2862689514939829	8.18044596102689	67.50088178178389	2.531638229267613	0.9805225131151089	28.92265225455225	283.91292184381047	-0.7266140385771666
2.8703352842809364	6.003344481605351	1.660153225744704	0.14610211353624514	1.660153225744704	0.14610211353624508	1.711010778862648	0.2801051099563008	8.18425641839932	68.54860959010831	2.5381139056752064	0.9804468517175648	28.998297672565553	288.81145168751823	-0.7266140385771666
2.8703352842809364	6.040133779264214	1.6882240582883596	0.13482159117702894	1.6882240582883592	0.1348215911770292	1.7246695201483981	0.2741635628701059	8.188692988070045	69.58733849329433	2.5450200655402497	0.9803842481245395	29.077664518304548	293.8727612105886	-0.7266140385771666
2.8703352842809364	6.076923076923077	1.7111251767411868	0.1262006091438265	1.7111251767411852	0.12620060914382716	1.7380547444326782	0.2685017268116518	8.193349867993437	70.60138012841078	2.5521221782971413	0.9803308674998013	29.15853533746844	299.0458986097986	-0.7266140385771666
2.8703352842809364	6.11371237458194	1.7305228958480046	0.11930352306810409	1.7305228958480037	0.11930352306810443	1.7510504495803747	0.26313590847144497	8.198007961374822	71.5833348584343	2.559280968085587	0.980284216719598	29.23960057794203	304.2997202473278	-0.7266140385771666
2.8703352842809364	6.150501672240803	1.747359835989651	0.11361470461195446	1.7473598359896514	0.11361470461195423	1.763602630021039	0.2580629801332958	8.20254576535972	72.5300400992019	2.5664097578586667	0.9802425711386754	29.320051719125985	309.61403363261087	-0.7266140385771666
2.8703352842809364	6.187290969899665	1.762230097179629	0.10881773625003824	1.762230097179631	0.10881773625003754	1.775691726741156	0.2532704602094034	8.20689717047194	73.4406511585277	2.5734538242997336	0.9802046981002578	29.399384066283123	314.9753636969858	-0.7266140385771666
2.8703352842809364	6.224080267558528	1.7755365806092451	0.10470382647481222	1.7755365806092447	0.10470382647481237	1.7873178238173208	0.24874166491396565	8.211028789561805	74.31561728839398	2.5803788463853543	0.9801696990327345	29.47728637301662	320.3745938173941	-0.7266140385771666
2.8703352842809364	6.260869565217392	1.787567269906068	0.10112781568125433	1.7875672699060687	0.10112781568125416	1.7984921714488997	0.24445844269634714	8.21492691407338	75.15610073570679	2.587163902204661	0.9801369102296434	29.553573964963107	325.8055322689023	-0.7266140385771666
2.8703352842809364	6.297658862876254	1.7985362659374136	0.0979847317172597	1.7985362659374138	0.09798473171725952	1.8092321599958667	0.24040263187215105	8.218589699742884	75.9636362304189	2.5937970147576563	0.9801058368657305	29.628146262609423	331.2639938026915	-0.7266140385771666
2.8703352842809364	6.334448160535117	1.8086076585569568	0.09519629178125433	1.8086076585569568	0.09519629178125434	1.819558285879088	0.23655681681791402	8.222022366892546	76.7399283431751	2.6002722303805643	0.9800761075144014	29.70095897469451	336.74719054400333	-0.7266140385771666
2.8703352842809364	6.37123745819398	1.817910288222666	0.09270265240970997	1.8179102882226656	0.09270265240971011	1.8294923087286743	0.23290469152736043	8.22523420723636	77.48673065030435	2.6065876616540367	0.9800474420228221	29.772005517898837	342.2533181096354	-0.7266140385771666
2.8703352842809364	6.408026755852843	1.8265473306300612	0.09045712210036196	1.8265473306300615	0.09045712210036187	1.8390561376029808	0.22943120259104444	8.228236702500945	78.20577450639858	2.612744156505757	0.9800196284128957	29.841304419837105	347.7812692457638	-0.7266140385771666
2.8703352842809364	6.444816053511706	1.834602772190844	0.08842263961798609	1.8346027721908447	0.08842263961798584	1.8482711701055847	0.22612256968232736	8.23104234044512	78.8987282993158	2.6187443831829715	0.9799925060389851	29.908890689466364	353.3304328842236	-0.7266140385771666
2.8703352842809364	6.481605351170568	1.8421459310580437	0.08656935242183034	1.842145931058045	0.08656935242182986	1.8571579152886226	0.2229662401770653	8.233663874351391	79.5671755569536	2.62459219622374	0.9799659531662328	29.974809863060123	358.90055153378745	-0.7266140385771666
2.8703352842809364	6.518394648829432	1.8492347017336503	0.08487290635955601	1.8492347017336497	0.08487290635955617	1.8657357949228637	0.21995081074436848	8.236113867201738	80.21260471186741	2.6302921949101763	0.9799398777194942	30.03911387876889	364.4916191356586	-0.7266140385771666
2.8703352842809364	6.555183946488294	1.8559179386829054	0.08331320980975683	1.8559179386829066	0.0833132098097566	1.8740230565499274	0.21706593487090137	8.238404419652671	80.83640602004994	2.6358494150412843	0.9799142103348272	30.101858214418026	370.10380735341107	-0.7266140385771666
2.8703352842809364	6.591973244147157	1.8622372428952365	0.08187352287137561	1.8622372428952363	0.08187352287137566	1.8820367558637021	0.21430222710507874	8.240547016901562	81.43987279162897	2.6412691138897033	0.979888899101109	30.163099905620452	375.7374120660673	-0.7266140385771666
2.8703352842809364	6.62876254180602	1.868228324423406	0.08053977444798174	1.8682283244234068	0.0805397744479815	1.8897927811900868	0.21165116996445069	8.24255245226988	82.02420513218424	2.6465566207719813	0.9798639055539874	30.2228961816446	381.3928143537689	-0.7266140385771666
2.8703352842809364	6.665551839464883	1.8739220574672233	0.07930004236924364	1.8739220574672235	0.07930004236924362	1.8973059025513974	0.20910502658156851	8.244430799895884	82.5905150529071	2.6517172340893578	0.9798392016056563	30.28130353710946	387.0704519665992	-0.7266140385771666
2.8703352842809364	6.702341137123746	1.8793453084244576	0.07814415224358576	1.8793453084244578	0.07814415224358572	1.9045898340644263	0.2066567604766206	8.246191418373096	83.13983222931569	2.656756151423604	0.9798147671793346	30.338377112304634	392.77079843166285	-0.7266140385771666
2.8703352842809364	6.739130434782608	1.8845215935731077	0.07706336415456934	1.8845215935731086	0.07706336415456916	1.9116573024860375	0.20429996286861954	8.247842973353123	83.67310995919881	2.661678423209822	0.979790588378148	30.394170292496263	398.4943477606345	-0.7266140385771666
2.8703352842809364	6.775919732441472	1.8894716070610418	0.07605012527564078	1.8894716070610413	0.07605012527564091	1.9185201173729327	0.20202878738834903	8.24939347121212	84.19123104533614	2.6664889232433326	0.979766656061897	30.448734462628952	404.24160328584156	-0.7266140385771666
2.8703352842809364	6.812709030100335	1.8942136488912689	0.07509787258590593	1.8942136488912684	0.07509787258590606	1.9251892400571273	0.19983789176531422	8.250850298590187	84.69501344141025	2.6711923311943977	0.9797429647369984	30.50211887205363	410.01306955337435	-0.7266140385771666
2.8703352842809364	6.849498327759197	1.898763974897331	0.07420087410847591	1.898763974897332	0.07420087410847566	1.9316748497741325	0.19772238592345048	8.252220264421862	85.18521557221817	2.6757931236592323	0.9797195116881989	30.554370576761908	415.8092464878719	-0.7266140385771666
2.8703352842809364	6.88628762541806	1.9031370852242988	0.07335410008307768	1.9031370852242977	0.07335410008307797	1.937986406021594	0.1956777858730229	8.25350964228719	85.66254128577482	2.680295571240341	0.9796962962978798	30.605534435737187	421.63062524981603	-0.7266140385771666
2.8703352842809364	6.923076923076923	1.90734596386864	0.07255311762547777	1.9073459638686394	0.07255311762547792	1.944132706705421	0.19369997279038184	8.25472421172391	86.12764442418832	2.6847037398400397	0.9796733195115791	30.655653144555945	427.4776853557223	-0.7266140385771666
2.8703352842809364	6.959866220735786	1.9114022789255065	0.07179400397974954	1.9114022789255065	0.07179400397974955	1.9501219419371913	0.19178515670922328	8.255869297684647	86.58113301828105	2.6890214948494235	0.9796505834179616	30.70476729406486	433.350892741071	-0.7266140385771666
2.8703352842809364	6.996655518394649	1.915316551035014	0.07107327461077928	1.9153165510350134	0.07107327461077938	1.955961743538116	0.1899298442927604	8.256949807684832	87.0235731216372	2.693252507276018	0.9796280909187101	30.752915445349142	439.25069852633453	-0.7266140385771666
2.8703352842809364	7.033444816053512	1.9190982958989375	0.07038782323252105	1.919098295898938	0.07038782323252091	1.9616592304203655	0.1881308102071139	8.257970266426039	87.45549230569051	2.697400261116027	0.9796058454693016	30.800134214664993	445.17753830600043	-0.7266140385771666
2.8703352842809364	7.070234113712375	1.9227561455093134	0.06973487150435306	1.922756145509315	0.06973487150435263	1.9672210500818506	0.18638507166746435	8.258934847835572	87.87738284030821	2.7014680614691478	0.9795838508758328	30.846458363800068	451.1318318248974	-0.7266140385771666
2.8703352842809364	7.107023411371237	1.9262979517875205	0.0691119266107669	1.926297951787521	0.06911192661076684	1.9726534164829006	0.1846898657773662	8.259847404562256	88.28970458519682	2.70545904303462	0.9795621111362731	30.89192089263207	457.1139829393122	-0.7266140385771666
2.8703352842809364	7.1438127090301	1.9297308756029143	0.06851674530907176	1.9297308756029152	0.06851674530907152	1.977962144584385	0.18304262932673948	8.260711495029744	88.69288761711005	2.709376178730445	0.9795406303170124	30.936553131610356	463.1243797853024	-0.7266140385771666
2.8703352842809364	7.1806020066889635	1.9330614635710976	0.06794730331482361	1.9330614635710979	0.06794730331482358	1.9831526818246346	0.18144098075483522	8.2615304081838	89.08733461676945	2.7132222882538266	0.9795194124574933	30.980384832584992	469.16339509549005	-0.7266140385771666
2.8703352842809364	7.217391304347826	1.9362957145842041	0.0674017691164035	1.9362957145842046	0.06740176911640336	1.988230136801804	0.179882704020934	8.26230718608807	89.47342303791515	2.717000046456577	0.9794984614972159	31.023444256916687	475.2313866197795	-0.7266140385771666
2.8703352842809364	7.254180602006689	1.9394391376715405	0.06687848148373955	1.93943913767154	0.06687848148373972	1.9931993054135089	0.1783657341576477	8.263044644529764	89.85150707925695	2.7207119914506697	0.9794777812205847	31.06575826017747	481.3286976164252	-0.7266140385771666
2.8703352842809364	7.290969899665551	1.9424968025057998	0.06637593007324509	1.9424968025057996	0.06637593007324515	1.998064694687565	0.17688814431005354	8.263745391795624	90.22191947833684	2.724360532388841	0.9794573752159759	31.107352373018582	487.4556573879497	-0.7266140385771666
2.8703352842809364	7.327759197324415	1.9454733836436595	0.06589273863971112	1.945473383643659	0.06589273863971125	2.0028305445195826	0.175448134088547	8.264411845773516	90.5849731446341	2.727947956887609	0.9794372468461439	31.148250877983017	493.61258184290085	-0.7266140385771666
2.8703352842809364	7.364548494983278	1.9483731994060076	0.06542765045285542	1.948373199406008	0.06542765045285531	2.007500847514483	0.17404401908491177	8.265046249526742	90.94096264759625	2.7314764380756933	0.9794173992276511	31.188476882176747	499.79977406909956	-0.7266140385771666
2.8703352842809364	7.40133779264214	1.9512002461544893	0.06497951558600085	1.951200246154488	0.06497951558600122	2.0120793671114043	0.17267422141985847	8.265650685478592	91.29016557376262	2.734948041262564	0.9793978352174684	31.228052385814838	506.01752490783434	-0.7266140385771666
2.8703352842809364	7.438127090301004	1.95395822859951	0.06454727980078342	1.9539582285995107	0.06454727980078327	2.0165696541546643	0.17133726120661416	8.266227088334533	91.632843765735	2.738364730229949	0.9793785574052514	31.266998346726908	512.2661135212301	-0.7266140385771666
2.8703352842809364	7.474916387959866	1.9566505866750805	0.0641299747976188	1.956650586675081	0.0641299747976187	2.020975062057784	0.1700317488293503	8.266777256858862	91.96924445445619	2.7417283731547473	0.9793595681100973	31.30533474095278	518.5458079471881	-0.7266140385771666
2.8703352842809364	7.511705685618729	1.9592805194338847	0.06372670963901762	1.959280519433885	0.0637267096390175	2.025298760693511	0.16875637794753057	8.267302864613095	92.29960129510465	2.74504074817588	0.9793408693808108	31.34308061959148	524.8568656380171	-0.7266140385771666
2.8703352842809364	7.548494983277592	1.9618510063474652	0.06333666318357772	1.9618510063474643	0.06333666318357785	2.0295437491291817	0.16750991914807684	8.267805469752876	92.62413531582501	2.748303548619715	0.9793224629989021	31.380254162081346	531.1995339799986	-0.7266140385771666
2.8703352842809364	7.585284280936455	1.9643648263402764	0.06295907739365976	1.9643648263402766	0.06295907739365973	2.033712867315551	0.1662912141764751	8.268286523972419	92.94305578760725	2.75151838790073	0.9793043504836875	31.416872726103698	537.5740507922986	-0.7266140385771666
2.8703352842809364	7.622073578595318	1.9668245748384743	0.06259325140074712	1.9668245748384738	0.06259325140074713	2.037808806825822	0.1650991706861851	8.268747380675883	93.2565610227331	2.7546868041142867	0.9792865330989837	31.452952894300207	543.9806448041461	-0.7266140385771666
2.8703352842809364	7.65886287625418	1.9692326790750283	0.06223853622978792	1.9692326790750283	0.062238536229787936	2.0418341207324393	0.16393275745272917	8.269189302448487	93.56483910847803	2.7578102643390965	0.9792690118609912	31.48851051799752	550.4195361099466	-0.7266140385771666
2.8703352842809364	7.695652173913044	1.9715914118589835	0.06189433009835441	1.971591411858983	0.06189433009835446	2.045791232700111	0.16279100000508792	8.269613467892372	93.86806858205114	2.7608901686664544	0.9792517875470325	31.523560758124418	556.8909366022375	-0.7266140385771666
2.8703352842809364	7.7324414715719065	1.9739029039887295	0.06156007421853126	1.97390290398873	0.061560074218531206	2.049682445366081	0.16167297663238162	8.27002097788648	94.16641905216758	2.7639278539732435	0.9792348607048862	31.558118123504	563.3950503828618	-0.7266140385771666
2.8703352842809364	7.769230769230769	1.9761691554648686	0.06123524903968645	1.9761691554648688	0.06123524903968636	2.053509948071254	0.16057781472862148	8.270412861323408	94.4600517720814	2.7669245974547487	0.9792182316625013	31.592196506691277	569.9320741527678	-0.7266140385771666
2.8703352842809364	7.806020066889632	1.9783920456381647	0.06091937087881775	1.9783920456381652	0.06091937087881763	2.0572758239998907	0.1595046874423985	8.270790080371397	94.74912016844212	2.7698816199330207	0.9792019005379249	31.62580921752199	576.5021975811867	-0.7266140385771666
2.8703352842809364	7.842809364548495	1.9805733424105125	0.060611988892463185	1.9805733424105127	0.060611988892463164	2.060982056779692	0.15845281060206995	8.271153535304792	95.03377032989219	2.772800088955467	0.9791858672493076	31.658969014526633	583.1056036549071	-0.7266140385771666
2.8703352842809364	7.879598662207358	1.9827147105919283	0.060312682350328994	1.9827147105919278	0.060312682350329064	2.0646305365891062	0.1574214398901879	8.271504068941855	95.3141414589358	2.7756811216976063	0.9791701315248824	31.691688134354713	589.7424690084679	-0.7266140385771666
2.8703352842809364	7.916387959866221	1.9848177195039551	0.06002105817601405	1.984817719503955	0.06002105817601416	2.068223065814285	0.15640986824372805	8.271842470725435	95.59036629027143	2.7785257876832463	0.9791546929128323	31.72397831934689	596.4129642361862	-0.7266140385771666
2.8703352842809364	7.953177257525083	1.9868838499086658	0.059736748724718895	1.9868838499086652	0.059736748724719034	2.0717613642939083	0.15541742345917656	8.272169480478194	95.86257147846268	2.781335111334319	0.9791395507909829	31.755850843381342	603.1172541868599	-0.7266140385771666
2.8703352842809364	7.989966555183947	1.9889145003330315	0.059459409771647376	1.988914500333032	0.059459409771647244	2.0752470741865325	0.1544434659837223	8.272485791861163	96.1308779575475	2.78411007436196	0.9791247043762716	31.787316536113586	609.8554982420446	-0.7266140385771666
2.8703352842809364	8.02675585284281	1.9909109928502602	0.05918871868809456	1.9909109928502593	0.05918871868809474	2.0786817644919253	0.1534873868757299	8.272792055561741	96.39540127494418	2.786851618009659	0.9791101527339564	31.818385805721004	616.6278505787984	-0.7266140385771666
2.8703352842809364	8.063545150501673	1.9928745783724036	0.05892437278507344	1.9928745783724036	0.05892437278507341	2.0820669352547974	0.1525486059194077	8.273088882234562	96.65625190178194	2.789560645158476	0.9790958947865366	31.849068660254197	623.4344604177145	-0.7266140385771666
2.8703352842809364	8.100334448160535	1.9948064415024531	0.058666087806755564	1.9948064415024533	0.05866608780675553	2.08540402147676	0.15162656988010212	8.273376845216543	96.91353552158752	2.792238022303712	0.9790819293223683	31.87937472769117	630.2754722570767	-0.7266140385771666
2.8703352842809364	8.137123745819398	1.9967077049887092	0.05841359655812477	1.996707704988709	0.05841359655812481	2.088694396760073	0.1507207508879835	8.273656483035447	97.16735329908768	2.7948845814117877	0.979068255003962	31.90931327478347	637.1510260939447	-0.7266140385771666
2.8703352842809364	8.173913043478262	1.9985794338193956	0.05816664765308524	1.9985794338193945	0.058166647653085456	2.0919393767044454	0.14983064493912698	8.27392830172942	97.4178021307154	2.7975011216653862	0.9790548703759558	31.93889322477613	644.0612576329107	-0.7266140385771666
2.8703352842809364	8.210702341137123	2.000422638991432	0.05792500437084892	2.000422638991432	0.0579250043708489	2.095140222076371	0.14895577050403375	8.274192776993345	97.66497487827216	2.8000884111043933	0.9790417738727614	31.96812317407802	651.0062984832477	-0.7266140385771666
2.8703352842809364	8.247491638795987	2.0022382809835797	0.057688443609825495	2.0022382809835793	0.057688443609825654	2.0982981417686752	0.148095667234614	8.274450356166419	97.90896058706325	2.8026471881696238	0.9790289638258822	31.997011407953384	657.9862763451366	-0.7266140385771666
2.8703352842809364	8.284280936454849	2.0040272729610544	0.057456754929437616	2.004027272961054	0.057456754929437685	2.1014142955665154	0.14724989476148395	8.274701460074114	98.14984468971481	2.8051781631558996	0.9790164384709119	32.025565915300824	665.0013151856524	-0.7266140385771666
2.8703352842809364	8.321070234113712	2.0057904837357112	0.05722973967137145	2.0057904837357117	0.057229739671371405	2.104489796734425	0.14641803157423036	8.27494648473628	98.38770919675916	2.8076820195803482	0.9790041959542111	32.053794402579406	672.0515354050543	-0.7266140385771666
2.8703352842809364	8.357859531772576	2.0075287405036772	0.057007210152663024	2.0075287405036772	0.05700721015266302	2.10752571443807	0.14559967397792706	8.275185802952393	98.62263287500258	2.8101594154717167	0.9789922343392766	32.08170430693999	679.1370539940468	-0.7266140385771666
2.8703352842809364	8.394648829431437	2.0092428313797837	0.05678898892388441	2.009242831379784	0.05678898892388428	2.1105230760128406	0.14479443511986217	8.275419765773606	98.85469141457811	2.812610984585682	0.9789805516128074	32.10930280861235	686.2579846824597	-0.7266140385771666
2.8703352842809364	8.431438127090301	2.0109335077465262	0.05657490808636616	2.0109335077465267	0.05657490808636606	2.113482869090756	0.1440019440809227	8.275648703870822	99.08395758553371	2.815037337551188	0.9789691456904762	32.136596842598415	693.4144380799562	-0.7266140385771666
2.8703352842809364	8.468227424749164	2.012601486433268	0.056364808663065126	2.0126014864332684	0.05636480866306512	2.1164060435958745	0.1432218450266334	8.275872928806821	99.31050138471295	2.8174390629521278	0.9789580144224193	32.163593109715464	700.6065218091761	-0.7266140385771666
2.8703352842809364	8.505016722408026	2.014247451740056	0.05615854001821764	2.014247451740056	0.0561585400182176	2.1192935136177837	0.142453796413248	8.276092734219993	99.53439017363799	2.8198167283486075	0.97894715559845	32.19029808703161	707.8343406317928	-0.7266140385771666
2.8703352842809364	8.54180602006689	2.015872057318896	0.05595595932143794	2.0158720573188953	0.05595595932143808	2.1221461591718174	0.14169747024472898	8.276308396926527	99.7556888080355	2.8221708812416506	0.9789365669530122	32.21671803773236	715.0979965679288	-0.7266140385771666
2.8703352842809364	8.578595317725753	2.01747592792428	0.05575693105233142	2.017475927924281	0.05575693105233135	2.1249648278540687	0.14095255137677692	8.276520177947308	99.97445975960288	2.824502049984919	0.9789262461698772	32.24285902045442	722.3975890092853	-0.7266140385771666
2.8703352842809364	8.615384615384615	2.0190596610434577	0.05556132654211549	2.019059661043457	0.055561326542115604	2.1277503363984804	0.1402187368644356	8.276728323465244	100.19076323055509	2.8268107446467963	0.9789161908866012	32.2687268981199	729.7332148263916	-0.7266140385771666
2.8703352842809364	8.652173913043478	2.020623828416155	0.0553690235490572	2.020623828416155	0.0553690235490571	2.130503472142865	0.13949573535005988	8.276933065718312	100.40465726145749	2.8290974578259562	0.9789063986987476	32.294327346302765	737.1049684703186	-0.7266140385771666
2.8703352842809364	8.688963210702342	2.022168977452421	0.055179905864866666	2.022168977452421	0.05517990586486668	2.1332249944099972	0.1387832664887327	8.27713462383301	100.61619783280062	2.831362665423264	0.9788968671638896	32.31966586115552	744.5129420691579	-0.7266140385771666
2.8703352842809364	8.725752508361204	2.023695632556613	0.05499386294944503	2.0236956325566124	0.05499386294944507	2.135915635809652	0.13808106040842796	8.277333204602817	100.8254389607497	2.8336068273727637	0.9788875938053981	32.344747766924215	751.957225519614	-0.7266140385771666
2.8703352842809364	8.762541806020067	2.02520429636472	0.0548107895916428	2.0252042963647194	0.05481078959164291	2.1385761034667956	0.1373888572024659	8.27752900321557	101.03243278745524	2.835830388334215	0.9788785761160295	32.369578223076104	759.4379065739745	-0.7266140385771666
2.8703352842809364	8.799331103678929	2.026695450901622	0.05463058559390223	2.026695450901622	0.054630585593902235	2.1412070801808563	0.13670640645199214	8.277722203933457	101.23722966628756	2.8380337783494665	0.9788698115613159	32.394162231063135	766.9550709226895	-0.7266140385771666
2.8703352842809364	8.836120401337793	2.028169558664388	0.054453155478841844	2.028169558664388	0.05445315547884184	2.1438092255206573	0.13603346677638803	8.277912980729239	101.43987824233446	2.8402174134649947	0.9788612975827767	32.41850464074427	774.5088022729195	-0.7266140385771666
2.8703352842809364	8.872909698996656	2.029627063637052	0.05427840821603771	2.0296270636370517	0.05427840821603778	2.14638317685915	0.13536980540970053	8.278101497881611	101.64042552846654	2.842381696322465	0.9788530316009498	32.44261015648556	782.099182423164	-0.7266140385771666
2.8703352842809364	8.909698996655518	2.0310683922419277	0.054106256967402275	2.0310683922419277	0.05410625696740229	2.1489295503518204	0.1347151978013232	8.27828791053274	101.83891697725764	2.8445270167192778	0.978845011018257	32.46648334295736	789.7262913342541	-0.7266140385771666
2.8703352842809364	8.946488294314381	2.032493954232132	0.05393661884970111	2.0324939542321316	0.05393661884970125	2.1514489418624247	0.13406942723929133	8.27847236521066	102.0353965490286	2.8466537521409307	0.978837233221712	32.49012863064721	797.3902071969492	-0.7266140385771666
2.8703352842809364	8.983277591973245	2.0339041435294862	0.05376941471288982	2.0339041435294867	0.05376941471288977	2.1539419278393255	0.1334322844946908	8.278655000318913	102.22990677625639	2.8487622682667184	0.9788296955854746	32.51355032110336	805.0910064962422	-0.7266140385771666
2.8703352842809364	9.020066889632107	2.0352993390117127	0.05360456893305862	2.0352993390117127	0.05360456893305857	2.1564090661455215	0.13280356748579158	8.278835946595702	102.42248882457683	2.8508529194503907	0.9788223954732616	32.53675259192541	812.8287640726261	-0.7266140385771666
2.8703352842809364	9.05685618729097	2.0366799052525555	0.05344200921887059	2.0366799052525555	0.053442009218870615	2.1588508968453346	0.13218308096060713	8.27901532754483	102.61318255059874	2.852926049177251	0.9788153302406225	32.55973950151677	820.603553180499	-0.7266140385771666
2.8703352842809364	9.093645484949834	2.038046193217973	0.05328166643050265	2.0380461932179728	0.0532816664305027	2.161267942950246	0.1315706361967116	8.279193259840032	102.80202655671417	2.854981990498885	0.9788084972370824	32.58251499361077	828.4154455437856	-0.7266140385771666
2.8703352842809364	9.130434782608695	2.039398540921618	0.053123474410137365	2.039398540921618	0.05312347441013728	2.1636607111265853	0.1309660507171866	8.27936985370492	102.98905824310246	2.8570210664470084	0.9788018938081638	32.60508290158542	836.2645114090499	-0.7266140385771666
2.8703352842809364	9.167224080267559	2.04073727404217	0.0529673698231869	2.0407372740421694	0.05296736982318693	2.1660296923671227	0.13036914802170327	8.2795452132697	103.17431385708177	2.859043590427327	0.9787955172972883	32.62744695257589	844.1508195960881	-0.7266140385771666
2.8703352842809364	9.20401337792642	2.0420627065053165	0.05281329200944309	2.0420627065053156	0.05281329200944321	2.1683753626289803	0.1297797573317663	8.279719436906714	103.35782853998222	2.861049866594832	0.97878936504757	32.649610771398535	852.0744375463024	-0.7266140385771666
2.8703352842809364	9.240802675585284	2.043375141032588	0.052661182843459546	2.0433751410325875	0.05266118284345954	2.170698183439654	0.12919771334925922	8.27989261754582	103.53963637167652	2.8630401902113185	0.9787834344034996	32.6715778842948	860.0354313688505	-0.7266140385771666
2.8703352842809364	9.277591973244148	2.0446748696592962	0.05251098660350301	2.0446748696592962	0.05251098660350297	2.172998602473106	0.12862285602746787	8.280064842971138	103.71977041290975	2.8650148479861923	0.9787777227125314	32.69335172250537	868.033865884732	-0.7266140385771666
2.8703352842809364	9.31438127090301	2.0459621742236207	0.05236264984846792	2.0459621742236207	0.05236264984846791	2.17527705409766	0.12805503035381938	8.280236196100285	103.89826274555669	2.8669741184014677	0.9787722273265702	32.71493562568379	876.0698046689241	-0.7266140385771666
2.8703352842809364	9.351170568561873	2.0472373268286965	0.05221612130220148	2.0472373268286974	0.05221612130220136	2.1775339598973344	0.1274940861436333	8.280406755247379	104.07514451092723	2.86891827202186	0.9787669456033727	32.73633284515844	884.1433100907017	-0.7266140385771666
2.8703352842809364	9.387959866220736	2.0485005902794184	0.05207135174473009	2.0485005902794184	0.052071351744730085	2.179769729168063	0.12693987784423166	8.280576594370606	104.25044594622632	2.8708475717906445	0.9787618749078594	32.757546547049685	892.2544433521509	-0.7266140385771666
2.8703352842809364	9.424749163879598	2.0497522184956196	0.0519282939099081	2.049752218495619	0.05192829390990818	2.181984759390327	0.12639226434878484	8.280745783305617	104.42419641928042	2.8727622733121687	0.9787570126133445	32.77857981525118	900.4032645250571	-0.7266140385771666
2.8703352842809364	9.461538461538462	2.0509924569030837	0.05178690238905946	2.0509924569030837	0.051786902389059475	2.184179436679452	0.12585110881933156	8.2809143879855	104.59642446162296	2.874662625121687	0.9787523561026917	32.79943565428171	908.5898325862315	-0.7266140385771666
2.8703352842809364	9.498327759197325	2.0522215428037507	0.05164713354021104	2.0522215428037507	0.0516471335402111	2.186354136214795	0.12531627851844004	8.281082470648103	104.76715780002876	2.876548868943089	0.9787479027693922	32.82011699201372	916.8142054512898	-0.7266140385771666
2.8703352842809364	9.535117056856187	2.0534397057264853	0.05150894540253672	2.0534397057264857	0.05150894540253669	2.188509222649084	0.12478764464900274	8.281250090031751	104.93642338659005	2.878421239935318	0.9787436500185757	32.84062668228623	925.076440007075	-0.7266140385771666
2.8703352842809364	9.57190635451505	2.0546471677594873	0.05137229761568259	2.0546471677594873	0.051372297615682634	2.1906450504988557	0.12426508220171728	8.281417301559783	105.10424742740479	2.880279966927897	0.9787395952679538	32.860967507406365	933.3765921426891	-0.7266140385771666
2.8703352842809364	9.608695652173912	2.055844143865579	0.051237151343640215	2.055844143865579	0.051237151343640194	2.192761964517163	0.12374846980980275	8.281584157514857	105.27065540996115	2.8821252726462583	0.9787357359487017	32.88114218054656	941.7147167792774	-0.7266140385771666
2.8703352842809364	9.645484949832776	2.0570308421813004	0.05110346920288438	2.0570308421813004	0.05110346920288444	2.1948603000493816	0.12323768961055757	8.281750707203475	105.43567212928167	2.8839573739272977	0.9787320695062784	32.901153348041646	950.0908678985902	-0.7266140385771666
2.8703352842809364	9.68227424749164	2.058207464300828	0.05097121519449787	2.0582074643008283	0.050971215194497835	2.196940383373077	0.12273262711337503	8.281916997111356	105.59932171289604	2.8857764819256615	0.9787285934011924	32.921003591590896	958.5050985703609	-0.7266140385771666
2.8703352842809364	9.719063545150501	2.0593742055456215	0.05084035464002657	2.0593742055456215	0.05084035464002658	2.1990025320227873	0.12223317107385867	8.282083071050346	105.76162764470595	2.8875828023113073	0.9787253051097117	32.940695430370454	966.9574609786401	-0.7266140385771666
2.8703352842809364	9.755852842809364	2.0605312552206105	0.05071085412083537	2.06053125522061	0.05071085412083541	2.201047055100468	0.12173921337370905	8.28224897029717	105.92261278779706	2.889376535458678	0.978722202124525	32.96023132305958	975.4480064470553	-0.7266140385771666
2.8703352842809364	9.792642140468228	2.0616787968576977	0.05058268142074392	2.061678796857698	0.05058268142074388	2.203074253572369	0.12125064890606756	8.28241473372467	106.08229940625421	2.891157876627928	0.9787192819553524	32.97961366978522	983.9767854630629	-0.7266140385771666
2.8703352842809364	9.82943143812709	2.0628170084473574	0.05045580547173536	2.0628170084473574	0.05045580547173536	2.2050844205530473	0.12076737546602363	8.282580397925887	106.24070918603222	2.8929270161386436	0.9787165421295123	32.9988448139891	992.5438477012942	-0.7266140385771666
2.8703352842809364	9.866220735785953	2.06394606265895	0.05033019630255591	2.0639460626589496	0.05033019630255599	2.207077841577176	0.12028929364601217	8.282745997331505	106.39786325492972	2.894684139536358	0.9787139801924435	33.01792704422069	1001.1492420459762	-0.7266140385771666
2.8703352842809364	9.903010033444817	2.0650661270504234	0.050205824990024135	2.0650661270504234	0.05020582499002409	2.2090547948597257	0.11981630673584451	8.282911564320873	106.55378220170982	2.8964294277522167	0.9787115937081866	33.03686259585936	1009.793016612484	-0.7266140385771666
2.8703352842809364	9.939799331103679	2.0661773642680092	0.050082663612886054	2.066177364268009	0.05008266361288609	2.211015551545187	0.11934832062712633	8.283077129327241	106.70848609441545	2.898163057256188	0.9787093802598265	33.05565365276988	1018.4752187681153	-0.7266140385771666
2.8703352842809364	9.976588628762542	2.067279932236431	0.049960685208068546	2.0672799322364304	0.0499606852080686	2.2129603759462952	0.11888524372183908	8.28324272093727	106.8619944979139	2.899885200204031	0.9787073374498977	33.07430234889322	1027.19589515205	-0.7266140385771666
2.8703352842809364	10.013377926421406	2.0683739843401923	0.049839863729181186	2.068373984340192	0.049839863729181276	2.214889525772834	0.11842698684486941	8.283408365985348	107.01432649071289	2.9015960245783856	0.9787054629007547	33.09281076977664	1035.955091694585	-0.7266140385771666
2.8703352842809364	10.050167224080267	2.069459669596389	0.04972017400714165	2.0694596695963896	0.04972017400714165	2.216803252350965	0.1179734631602864	8.283574089642888	107.16550068108081	2.9032956943242176	0.978703754254909	33.111180954045004	1044.7528536356438	-0.7266140385771666
2.8703352842809364	10.08695652173913	2.070537132819574	0.04960159171279091	2.070537132819574	0.049601591712790896	2.2187018008336183	0.11752458809116965	8.28373991550301	107.31553522251029	2.9049843694789406	0.9787022091753342	33.12941489481701	1053.5892255426459	-0.7266140385771666
2.8703352842809364	10.123745819397993	2.0716065147789893	0.049484093321396576	2.07160651477899	0.04948409332139644	2.2205854104022404	0.11708027924282655	8.283905865660676	107.46444782854762	2.9066622062973533	0.9787008253457431	33.147514541067395	1062.4642513276722	-0.7266140385771666
2.8703352842809364	10.160535117056856	2.072667952348734	0.04936765607891663	2.0726679523487337	0.0493676560789167	2.2224543144605096	0.11664045632920596	8.284071960788856	107.61225578703171	2.9083293573717834	0.978699600470833	33.16548179893919	1071.3779742640793	-0.7266140385771666
2.8703352842809364	10.19732441471572	2.073721578651075	0.04925225796994327	2.0737215786510745	0.049252257969943355	2.2243087408201974	0.11620504110237466	8.284238220210531	107.7589759737567	2.909985971747512	0.9786985322765089	33.18331853300694	1080.3304370024812	-0.7266140385771666
2.8703352842809364	10.234113712374581	2.0747675231933798	0.04913787768721642	2.0747675231933798	0.04913787768721643	2.2261489118796978	0.11577395728488953	8.284404661967162	107.90462486559595	2.9116321950337705	0.9786976185100771	33.20102656749349	1089.3216815861776	-0.7266140385771666
2.8703352842809364	10.270903010033445	2.07580591199896	0.049024494602625236	2.07580591199896	0.04902449460262519	2.2279750447954987	0.11534713050493137	8.28457130288353	108.04921855310765	2.9132681695105043	0.9786968569404174	33.21860768744272	1098.351749466057	-0.7266140385771666
2.8703352842809364	10.307692307692308	2.0768368677321294	0.04891208873961462	2.07683686773213	0.04891208873961452	2.22978735164693	0.11492448823406803	8.284738158629299	108.19277275264703	2.9148940342310494	0.9786962453581315	33.23606363984939	1107.4206815149532	-0.7266140385771666
2.8703352842809364	10.34448160535117	2.077860509817828	0.04880064074691386	2.0778605098178287	0.048800640746913766	2.2315860395945566	0.11450595972751353	8.284905243777517	108.33530281801131	2.9165099251210016	0.9786957815756708	33.25339613474905	1116.5285180415726	-0.7266140385771666
2.8703352842809364	10.381270903010034	2.078876954556001	0.0486901318735234	2.078876954556001	0.048690131873523425	2.233371311032385	0.11409147596677768	8.285072571859995	108.47682375163112	2.9181159750732846	0.9786954634274427	33.27060684626818	1125.6752988038643	-0.7266140385771666
2.8703352842809364	10.418060200668897	2.079886315231091	0.048580543944881656	2.0798863152310907	0.048580543944881704	2.235143363734318	0.11368096960457835	8.285240155420025	108.61735021533839	2.9197123140397694	0.9786952887698992	33.28769741363795	1134.8610630220173	-0.7266140385771666
2.8703352842809364	10.454849498327759	2.0808887022168334	0.04847185934015321	2.080888702216833	0.04847185934015329	2.236902390995	0.11327437491192166	8.285408006062381	108.75689654072367	2.9212990691194425	0.9786952554816055	33.304669442171786	1144.085849390972	-0.7266140385771666
2.8703352842809364	10.491638795986622	2.081884223076606	0.04836406097057743	2.0818842230766066	0.04836406097057744	2.238648581765369	0.1128716277272433	8.285576134500838	108.89547673910346	2.92287636464338	0.9786953614632935	33.32152450420912	1153.3496960925577	-0.7266140385771666
2.8703352842809364	10.528428093645484	2.082872982659545	0.04825713225882	2.082872982659544	0.04825713225882015	2.240382120783109	0.11247266540752039	8.285744550603273	109.03310451111368	2.924444322256583	0.9786956046378977	33.33826414002619	1162.6526408072002	-0.7266140385771666
2.8703352842809364	10.565217391304348	2.083855083192643	0.04815105711927487	2.0838550831926423	0.04815105711927494	2.24210318869827	0.11207742678125833	8.285913263434555	109.16979325594822	2.9260030609968553	0.9786959829505759	33.354889858715474	1171.9947207252576	-0.7266140385771666
2.8703352842809364	10.602006688963211	2.0848306243690593	0.048045819939262005	2.084830624369059	0.048045819939262026	2.2438119621942714	0.11168585210326952	8.28608228129736	109.305556080258	2.92755269737089	0.9786964943687166	33.37140313903548	1181.375972558034	-0.7266140385771666
2.8703352842809364	10.638795986622073	2.085799703432723	0.047941405561085296	2.085799703432723	0.04794140556108528	2.245508614104398	0.11129788301116857	8.2862516117708	109.4404058067196	2.9290933454275305	0.9786971368819312	33.3878054302309	1190.796432548362	-0.7266140385771666
2.8703352842809364	10.675585284280936	2.08676241525954	0.04783779926489198	2.08676241525954	0.047837799264892025	2.2471933135241344	0.1109134624834967	8.286421261747341	109.57435498229758	2.9306251168285264	0.9786979085020345	33.40409815282582	1200.2561364809271	-0.7266140385771666
2.8703352842809364	10.7123745819398	2.0877188524352626	0.04773498675230299	2.0877188524352626	0.047734986752303005	2.248866225919383	0.11053253479941211	8.286591237467757	109.70741588620496	2.932148120916715	0.9786988072630132	33.42028269938977	1209.7551196922143	-0.7266140385771666
2.8703352842809364	10.749163879598662	2.0886691053302524	0.047632954130766965	2.0886691053302524	0.047632954130767	2.2505275132308395	0.11015504549987006	8.286761544554485	109.83960053758118	2.9336624647818774	0.9786998312209821	33.43636043527897	1219.2934170802012	-0.7266140385771666
2.8703352842809364	10.785953177257525	2.089613262171214	0.04753168789860853	2.0896132621712136	0.047531687898608566	2.2521773339746063	0.10978094135023385	8.28693218804324	109.97092070289375	2.935168253324219	0.9787009784541302	33.45233269935224	1228.8710631136887	-0.7266140385771666
2.8703352842809364	10.822742474916389	2.090551409110109	0.04743117493072879	2.0905514091101094	0.04743117493072875	2.253815843339276	0.10941017030424915	8.28710317241318	110.10138790308089	2.936665589315718	0.9787022470626565	33.46820080466409	1238.4880918414083	-0.7266140385771666
2.8703352842809364	10.85953177257525	2.0914836302903215	0.04733140246493111	2.0914836302903215	0.047331402464931095	2.255443193279569	0.1090426814693262	8.287274501615528	110.23101342044055	2.938154573459303	0.9787036351686974	33.483966039134735	1248.1445369008018	-0.7266140385771666
2.8703352842809364	10.896321070234114	2.0924100079102717	0.04723235808883392	2.092410007910271	0.04723235808883397	2.257059532606752	0.10867842507306864	8.287446179100895	110.35980830528327	2.9396353044460555	0.9787051409162429	33.49962966619875	1257.8404315265873	-0.7266140385771666
2.8703352842809364	10.933110367892976	2.093330622284506	0.047134029727350604	2.093330622284506	0.047134029727350646	2.258665007075858	0.10831735243100439	8.287618207845192	110.48778338235013	2.941107879010427	0.9787067624710472	33.515192925432615	1267.5758085590392	-0.7266140385771666
2.8703352842809364	10.96989966555184	2.0942455519024583	0.04703640563070049	2.094245551902458	0.04703640563070054	2.2602597594699354	0.10795941591545928	8.287790590374318	110.6149492570123	2.942572391983584	0.9787084980205288	33.53065703316208	1277.3507004520136	-0.7266140385771666
2.8703352842809364	11.006688963210703	2.095154873484951	0.04693947436292821	2.095154873484951	0.046939474362928245	2.261843929681426	0.10760456892552776	8.287963328787725	110.74131632125953	2.9440289363450125	0.9787103457736662	33.546023183050735	1287.1651392807992	-0.7266140385771666
2.8703352842809364	11.043478260869565	2.0960586620385224	0.04684322479090939	2.0960586620385224	0.0468432247909094	2.2634176547907234	0.10725276585810066	8.288136424780728	110.8668947594819	2.9454776032723093	0.9787123039608835	33.56129254666912	1297.0191567496493	-0.7266140385771666
2.8703352842809364	11.080267558528428	2.0969569909077355	0.046747646073811294	2.096956990907736	0.04674764607381124	2.2649810691421486	0.10690396207989356	8.28830987966587	110.99169455406131	2.9469184821894183	0.9787143708339328	33.57646627404703	1306.9127841992004	-0.7266140385771666
2.8703352842809364	11.117056856187292	2.097849931825476	0.04665272765299697	2.0978499318254764	0.04665272765299692	2.2665343044173074	0.10655811390044953	8.288483694393165	111.1157254907711	2.948351660813187	0.9787165446657679	33.59154549420764	1316.8460526135937	-0.7266140385771666
2.8703352842809364	11.153846153846153	2.098737554961409	0.04655845924234249	2.098737554961409	0.04655845924234246	2.268077489706056	0.10621517854606355	8.28865786956945	111.23899716399934	2.949777225198455	0.9787188237504149	33.60653131568573	1326.8189926274513	-0.7266140385771666
2.8703352842809364	11.190635451505017	2.0996199289686133	0.04646483081895362	2.0996199289686137	0.046464830818953605	2.26961075157508	0.10587511413459888	8.28883240547676	111.36151898179745	2.951195259781632	0.9787212064028351	33.62142482702959	1336.8316345326273	-0.7266140385771666
2.8703352842809364	11.22742474916388	2.100497121028505	0.04637183261426073	2.1004971210285044	0.04637183261426076	2.271134214134226	0.10553787965115681	8.289007302089841	111.48330017076304	2.9526058474228742	0.9787236909587851	33.63622709728763	1346.8840082847785	-0.7266140385771666
2.8703352842809364	11.264214046822742	2.1013691968941246	0.04627945510547374	2.1013691968941246	0.04627945510547374	2.2726479991006836	0.10520343492456369	8.289182559092882	111.60434978076509	2.954009069446921	0.9787262757746718	33.65093917648038	1356.976143509775	-0.7266140385771666
2.8703352842809364	11.301003344481606	2.1022362209318417	0.046187689007381676	2.1022362209318413	0.04618768900738171	2.2741522258610503	0.10487174060464627	8.289358175895359	111.72467668951371	2.9554050056825942	0.978728959227403	33.665562096058046	1367.1080695099167	-0.7266140385771666
2.8703352842809364	11.33779264214047	2.10309825616154	0.04609652526448199	2.1030982561615406	0.046096525264481984	2.2756470115314023	0.1045427581402625	8.28953415164719	111.84428960698277	2.956793734501026	0.9787317397142343	33.680096869344105	1377.2798152699595	-0.7266140385771666
2.8703352842809364	11.37458193979933	2.1039553642953974	0.0460059550434192	2.103955364295397	0.04600595504341922	2.277132471015461	0.10421644975805477	8.28971048525319	111.96319707969343	2.958175332852728	0.9787346156526127	33.69454449196617	1387.4914094630376	-0.7266140385771666
2.8703352842809364	11.411371237458194	2.10480760577524	0.0459159697257262	2.10480760577524	0.0459159697257262	2.278608717060871	0.10389277844190387	8.28988717538678	112.08140749485804	2.95954987630344	0.9787375854800167	33.70890594227365	1397.7428804563842	-0.7266140385771666
2.8703352842809364	11.448160535117056	2.105655039808599	0.0458265609008487	2.105655039808599	0.04582656090084868	2.2800758603137083	0.10357170791305091	8.290064220503094	112.19892908439448	2.9609174390688695	0.9787406476537939	33.723182181743084	1408.0342563168967	-0.7266140385771666
2.8703352842809364	11.48494983277592	2.1064977244035097	0.04573772035944062	2.1064977244035097	0.045737720359440584	2.2815340093713	0.10325320261086156	8.290241618851478	112.31576992881601	2.962278094048389	0.9787438006509955	33.73737415537209	1418.365564816623	-0.7266140385771666
2.8703352842809364	11.521739130434783	2.107335716402035	0.045649440086925175	2.1073357164020354	0.04564944008692514	2.282983270833311	0.10293722767421559	8.290419368487312	112.43193796099455	2.9636319128575908	0.9787470429682082	33.75148279206083	1428.7368334379837	-0.7266140385771666
2.8703352842809364	11.558528428093645	2.1081690715127084	0.04556171225729648	2.1081690715127084	0.045561712257296494	2.2844237493513497	0.1026237489234834	8.29059746728341	112.54744096981358	2.9649789658599595	0.9787503731213844	33.76550900498356	1439.1480893789958	-0.7266140385771666
2.8703352842809364	11.595317725752508	2.1089978443417867	0.04547452922716512	2.1089978443417867	0.045474529227165106	2.285855547676954	0.10231273284308251	8.290775912940779	112.66228660370369	2.966319322197495	0.9787537896456705	33.77945369194869	1449.5993595582784	-0.7266140385771666
2.8703352842809364	11.632107023411372	2.1098220884234666	0.045387883530027026	2.1098220884234666	0.045387883530026964	2.287278766708141	0.1020041465645819	8.290954702998906	112.77648237407124	2.9676530498204077	0.9787572910952317	33.79331773574873	1460.0906706199362	-0.7266140385771666
2.8703352842809364	11.668896321070234	2.110641856249055	0.045301767870751894	2.110641856249055	0.04530176787075193	2.288693505534519	0.10169795785033887	8.291133834845553	112.89003565862217	2.968980215515949	0.9787608760430787	33.80710200450032	1470.6220489383609	-0.7266140385771666
2.8703352842809364	11.705685618729097	2.1114571992951667	0.04521617512027608	2.1114571992951667	0.04521617512027612	2.2900998614810546	0.1013941350776438	8.291313305726113	113.0029537045862	2.9703008849363446	0.9787645430808888	33.82080735197464	1481.1935206228777	-0.7266140385771666
2.8703352842809364	11.74247491638796	2.112268168050948	0.04513109831049797	2.112268168050948	0.04513109831049799	2.2914979301504768	0.10109264722336178	8.291493112752486	113.11524363184161	2.971615122625897	0.9787682908188291	33.83443461791843	1491.805111522292	-0.7266140385771666
2.8703352842809364	11.779264214046822	2.1130748120444225	0.04504653062935903	2.1130748120444225	0.045046530629359004	2.292887805464461	0.10079346384904214	8.291673252911588	113.22691243594947	2.972922992047289	0.9787721178853771	33.847984628366	1502.4568472293215	-0.7266140385771666
2.8703352842809364	11.816053511705686	2.1138771798679286	0.04496246541611031	2.113877179867929	0.044962465416110264	2.2942695797035357	0.10049655508648944	8.291853723073409	113.33796699109472	2.974224555607098	0.9787760229271406	33.86145819594274	1513.1487530849274	-0.7266140385771666
2.8703352842809364	11.852842809364548	2.11467531920273	0.044878896156751696	2.11467531920273	0.04487889615675172	2.29564334354583	0.10020189162377231	8.292034519998708	113.44841405294135	2.9755198746805434	0.9787800046086768	33.8748561201598	1523.880854182509	-0.7266140385771666
2.8703352842809364	11.889632107023411	2.115469276842829	0.04479581647963651	2.115469276842829	0.04479581647963648	2.2970091861046904	0.09990944469165425	8.292215640346377	113.55826026140485	2.9768090096355553	0.9787840616123114	33.888179187701304	1534.6531753720583	-0.7266140385771666
2.8703352842809364	11.926421404682275	2.1162590987179803	0.04471322015123838	2.1162590987179803	0.04471322015123842	2.29836719496516	0.09961918605043789	8.292397080680402	113.66751214334114	2.9780920198560867	0.9787881926379567	33.901428172702964	1545.4657412641518	-0.7266140385771666
2.8703352842809364	11.963210702341136	2.117044829915978	0.044631101072068954	2.117044829915978	0.04463110107206898	2.2997174562194354	0.09933108797719796	8.292578837476556	113.77617611515952	2.979368963764797	0.9787923964029294	33.914603837023826	1556.3185762339072	-0.7266140385771666
2.8703352842809364	12.	2.117826514704201	0.04454945327274388	2.1178265147042006	0.04454945327274392	2.301060054501254	0.0990451232533988	8.292760907128686	113.8842584853578	2.9806398988450193	0.9787966716417682	33.927706930509835	1567.2117044247702	-0.7266140385771666