3.060005016722408	1.	4.856573312119445	1.7038852712308202e-9	4.774484808055171	0.9999999976896164	6.195089035437235	0.00003734007210581852	12.769718277876237	426.0517865848928	13.784493481979148	0.9999855329591372	95.7821863738142	241.9563889064694	2.900692924352604
3.060005016722408	1.0367892976588629	4.76834217646887	2.8721020672436964e-9	4.605046603354719	0.999999994600027	6.072220779973017	0.000047706461331591154	12.636220529642095	415.31787015518705	13.295073248336102	0.9999808448371127	93.57915814969908	241.9520513663491	2.7887162357429305
3.060005016722408	1.0735785953177257	4.684887089051446	4.704502990468895e-9	4.447216725630191	0.9999999881384719	5.9557849943216254	0.00006022419477386452	12.507942498051191	405.1891733941576	12.83913756531548	0.9999751383568043	91.49515502768989	241.94636843435705	2.682155148900068
3.060005016722408	1.1103678929765886	4.60579671928183	7.506859721721411e-9	4.299840936605491	0.999999975358144	5.845249672296265	0.00007519459160761408	12.384581951733598	395.61425995861106	12.413353176328725	0.9999683059535668	89.52000956732446	241.93913071535044	2.5804643073439095
3.060005016722408	1.1471571906354514	4.530706957157831	1.1694616841925252e-8	4.161913087552507	0.9999999513172028	5.740141222185488	0.00009294076599203986	12.26585879039468	386.5473724815995	12.014814913383402	0.9999602456348532	87.64472026145494	241.93013255534453	2.483179204153785
3.060005016722408	1.1839464882943145	4.45929424153711	1.7821448497752822e-8	4.032552113616862	0.9999999080964568	5.640036498803361	0.00011380754759064625	12.151513501836714	377.9476661882279	11.64097925436931	0.9999508624917253	85.86128679451028	241.91917647816538	2.389900720895085
3.060005016722408	1.2207357859531773	4.3912699973834055	2.6612383117236864e-8	3.9109831864826803	0.999999833515363	5.54455612092383	0.00013816138839379386	12.041305654530742	369.778563522011	11.28960987518075	0.9999400698884393	84.16257281746384	241.9060770977168	2.3002832598740244
3.060005016722408	1.2575250836120402	4.3263759712242225	3.900167927973321e-8	3.7965221740730315	0.9999997095210345	5.453358835890002	0.0001663902724589117	11.93501245406852	362.00720800719114	10.958732741885164	0.9999277903353243	82.54219094947635	241.89066444290003	2.214025501132316
3.060005016722408	1.294314381270903	4.264380298945208	5.617557169468544e-8	3.688562749649283	0.9999995102422243	5.366136742808844	0.00019890364395864235	11.832427379773765	354.60399995207695	10.64659884682002	0.9999139560628787	80.99440586078165	241.8727866741335	2.130863109436683
3.060005016722408	1.3311036789297659	4.205074174380926	7.961994102397691e-8	3.586565638131287	0.9999991997205737	5.282611223930565	0.0002361323676653145	11.73335890964625	347.5422000072103	10.35165311195274	0.9998985093236861	79.51405216285555	241.8523122020743	2.050562912203702
3.060005016722408	1.3678929765886287	4.148269013647538	1.1117289703723461e-7	3.490049597675687	0.9999987293529023	5.202529463440033	0.00027852873475063745	11.63762933641932	340.7975892642488	10.07250830057227	0.9998814024539976	78.09646450087195	241.82913124124804	1.9729182023552332
3.060005016722408	1.4046822742474916	4.093794030756005	1.5308220310344632e-7	3.3985838187540955	0.9999980350991139	5.125661456049505	0.00032656652558235615	11.545073673985357	334.34817669026774	9.807923021091662	0.9998625977292971	76.73741776099658	241.80315684530947	1.8977449122868388
3.060005016722408	1.4414715719063544	4.041494156174379	2.080674127885504e-7	3.3117814878080387	0.9999970345284822	5.051797426018457	0.00038074114008762084	11.455538651202852	328.1739463671011	9.556783093617659	0.9998420670485029	75.43307570846419	241.77432547795092	1.824878470102416
3.060005016722408	1.4782608695652173	3.991228242731693	2.793865375494174e-7	3.2292943128503815	0.9999956237912976	4.980745591684307	0.0004415698052509389	11.36888178874199	322.2566383438696	9.31808569492127	0.999819791480232	74.17994668910622	241.74259717584155	1.7541711957788306
3.060005016722408	1.5150501672240804	3.9428675133596682	3.7090701911593845e-7	3.1508078476707153	0.9999936746119361	4.912330222124298	0.000509591868442405	11.284970553873668	316.5795579867185	9.090925810723393	0.9997957607022501	72.97484527740502	241.70795535884193	1.6854901286989832
3.060005016722408	1.5518394648829432	3.8962942132427765	4.871807418108172e-7	3.0760374822010954	0.9999910314029538	4.846389941831988	0.0005853691845422069	11.20368158776671	311.1274095794288	8.874484613327237	0.9997699723622644	71.81485895347765	241.67040633940448	1.618715202843567
3.060005016722408	1.588628762541806	3.851400435438237	6.335227892303772e-7	3.004724991057482	0.9999875085977309	4.7827762467730555	0.0006694866042492926	11.124899999793351	305.8861506351647	8.66801945319221	0.9997424313848939	70.69731905108522	241.62997857849635	1.5537377044422425
3.060005016722408	1.625418060200669	3.808087094275736	8.160936266751037e-7	2.9366355517544243	0.9999828882919537	4.721352201261656	0.0007625525705384764	11.048518723460289	300.84286395668335	8.470855209260698	0.9997131492462163	69.61977534751801	241.58672173041307	1.4904589608293104
3.060005016722408	1.6622073578595318	3.7662630251125657	1.0419843756037578e-6	2.871555159701476	0.9999769182725693	4.66199129005968	0.0008651998299621968	10.974437928814499	295.98564495577983	8.282376787896109	0.9996821432339179	68.57997377061739	241.54070551389245	1.4287892198640721
3.060005016722408	1.6989966555183946	3.725844192505101	1.3193048391974155e-6	2.8092883796708383	0.9999693104978097	4.604576404172264	0.000978086265376785	10.902564486473924	291.30350213295844	8.102022596588426	0.9996494357078853	67.57583678336174	241.49201844242262	1.368646687437149
3.060005016722408	1.7357859531772575	3.6867529917183237	1.6572739387754573e-6	2.749656383620362	0.9999597400745448	4.548998942168861	0.001101895856703453	10.832811478770887	286.78626894125733	7.929278847983032	0.9996150533731428	66.60544607626744	241.44076644264848	1.3099566969152037
3.060005016722408	1.7725752508361203	3.6489176308538256	2.0663122291471066e-6	2.692495233059891	0.9999478447607004	4.4951580116374625	0.0012373397765040877	10.765097753847337	282.4245255264422	7.763674573718957	0.9995790265744078	65.6670272553935	241.38707138640575	1.2526509893307387
3.060005016722408	1.8093645484949832	3.612271582829521	2.558136176795422e-6	2.637654370946016	0.9999332250018447	4.442959717689198	0.0013851576274527884	10.699347518892116	278.2095290595109	7.604777247132162	0.9995413886192268	64.7589362613662	241.33106955912194	1.1966670870308072
3.060005016722408	1.8461538461538463	3.5767530980673765	3.1458539078169197e-6	2.58499529367938	0.9999154444931723	4.3923165273574325	0.001546118829207633	10.63548996905001	274.1331515646253	7.452188929952899	0.9995021751346543	63.87964729443671	241.27291008502985	1.1419477466029377
3.060005016722408	1.882943143812709	3.5423047700992107	3.84406216248217e-6	2.534390378394144	0.9998940312417518	4.343146700348726	0.0017210241627235166	10.57345894885449	270.18782430268567	7.305542871383559	0.99946142346075	63.02774205363196	241.2127533277826	1.088440479379903
3.060005016722408	1.919732441471572	3.508873147433536	4.668944229819086e-6	2.485721844555571	0.999868479089595	4.295373777957799	0.0019107074806889459	10.513192643336767	266.3664879029972	7.164500498920157	0.9994191720827549	62.20190012573759	241.15076928344757	1.0360971298241763
3.060005016722408	1.9565217391304348	3.4764083859777295	5.638368678392279e-6	2.438880832065403	0.9998382496461801	4.248926123100173	0.0021160375935067818	10.454633296241457	262.66254754712253	7.028748749404536	0.999375460102659	61.40089038312198	241.08713598153503	0.9848735037116031
3.060005016722408	1.9933110367892977	3.444863937110757	6.77198874809525e-6	2.3937665807324398	0.9998027745697147	4.20373650538021	0.0023379203410648984	10.397726953032292	259.0698326034895	6.897997696404185	0.9993303267499382	60.62356326902568	241.02203790848563	0.9347290393517412
3.060005016722408	2.0301003344481607	3.414196267177965	8.091342321897128e-6	2.3502856981909357	0.9997614581296626	4.159741725928917	0.002577300861449275	10.342423226601118	255.58256019148962	6.77197843638485	0.9992838109305192	59.868843865526216	240.95566446684424	0.8856265161597519
3.060005016722408	2.0668896321070234	3.3843646047523013	9.619952455694254e-6	2.308351505218023	0.9997136799787844	4.116882277439428	0.0028351660687299853	10.28867508379974	252.19530222200203	6.6504412014895	0.999235950812463	59.13572565345774	240.88820848224336	0.8375317957806818
3.060005016722408	2.1036789297658864	3.35533071249251	0.000011383428508315095	2.267883448974186	0.9996587980609595	4.075102035418562	0.0031125473529935517	10.236438651099204	248.9029555194245	6.533153671241547	0.9991867834464503	58.423264885525604	240.81986476915864	0.7904135916970179
3.060005016722408	2.140468227424749	3.327058680842723	0.000013409567981927763	2.228806576018064	0.9995961515811065	4.03434797717664	0.0034105235168920005	10.18567303784471	245.7007146799799	6.419899459296018	0.9991363444188548	57.73057550405058	240.75082876520528	0.7442432638550578
3.060005016722408	2.177257525083612	3.2995147411711523	0.00001572845925521287	2.1910510580693856	0.9995250639653009	3.9945699255092277	0.003730223964117645	10.136340175719873	242.5840473636598	6.310476754587959	0.9990846675349971	57.05682454349552	240.6812952425709	0.6989946353471884
3.060005016722408	2.2140468227424748	3.272667096247859	0.00001837258546735534	2.1545517644453525	0.9994448457423992	3.955720314394382	0.004072832156380687	10.088404673160918	239.54867175372763	6.204697098968594	0.9990317845300577	56.40122796539601	240.61145710395326	0.6546438286047062
3.060005016722408	2.250836120401338	3.246485766220845	0.00002137692988984775	2.1192478759040023	0.9993547972827883	3.917753974347516	0.004439589356641499	10.041833683571912	236.5905359491921	6.10238428575615	0.9989777248050778	55.76304687973244	240.54150426914526	0.6111691189036152
3.060005016722408	2.2876254180602005	3.220942448472901	0.000024779083205005936	2.0850825353161806	0.9992542113350238	3.88062793535095	0.00483179867750817	9.99659678628752	233.70579908285518	6.003373365625607	0.9989225151854829	55.141584112310895	240.47162265720715	0.5685508032757525
3.060005016722408	2.3244147157190636	3.1960103899340817	0.000028619353194745127	2.052002531174806	0.9991423753067924	3.8443012455134	0.005250829454817186	9.952665879309587	230.8908139810664	5.907509747973299	0.998866179699602	54.53618108249394	240.40199326797278	0.5267710831594759
3.060005016722408	2.3612040133779266	3.1716642705913003	0.00003294087743036151	2.019958010452117	0.9990185732426313	3.808734803821974	0.005698121967426858	9.910015082910485	228.1421112017785	5.814648387363854	0.998808739374736	53.946214959760106	240.33279136552724	0.4858139593250393
3.060005016722408	2.3979933110367893	3.1478800970811287	0.000037789739643675605	1.988902217745866	0.9988820874569293	3.7738912055303966	0.006175192525110231	9.868620653248012	225.45638430531628	5.724653045934619	0.9987502120484254	53.37109607116144	240.26418576520092	0.44566513777621797
3.060005016722408	2.4347826086956523	3.1246351053778234	0.000043215090551817664	1.9587912580251312	0.9987321997867559	3.7397345988865722	0.006683638947058696	9.828460905174975	222.83047622788692	5.637395623728537	0.9986906121926874	52.81026553487946	240.19633822465858	0.4063119454662802
3.060005016722408	2.471571906354515	3.1019076716987275	0.00004926927400210103	1.929583880604889	0.9985681924348895	3.7062305520438272	0.007225146453800544	9.789516143450392	220.26136664160865	5.552755549875613	0.9986299507491312	52.26319309781364	240.12940293876832	0.3677432547770869
3.060005016722408	2.508361204013378	3.079677230845808	0.00005600795939977089	1.9012412822535691	0.998389348378918	3.673345929126416	0.007801493995167118	9.751768601567573	217.74616019701213	5.470619228367478	0.9985682349730072	51.72937515753232	240.06352613714873	0.32994941579764364
3.060005016722408	2.5451505016722407	3.0579242012872463	0.0000634902814798379	1.8737269275760433	0.9981949513274041	3.641048774534165	0.008414561036138036	9.715202387406185	215.28207555486665	5.390879532887684	0.9985054682844136	51.20833295102401	239.9988457826334	0.2929221955050573
3.060005016722408	2.5819397993311037	3.036629916358397	0.00007177898858456338	1.8470063850214105	0.9979842852087942	3.609308204675906	0.009066334820749172	9.679803434888553	212.86643512401918	5.313435345786672	0.9984416501250604	50.69961089454234	239.9354913683193	0.2566547229981518
3.060005016722408	2.6187290969899664	3.015776561028634	0.00008094060071011245	1.821047177045275	0.9977566331829668	3.5780943064195	0.009758918131478922	9.645559460772768	210.4966554309764	5.238191136839233	0.9983767758191884	50.202775060485614	239.87358381047102	0.22114143996308386
3.060005016722408	2.6555183946488294	2.9953471137407437	0.00009104557868897655	1.7958186431136771	0.9975112761690818	3.5473780416397727	0.010494537557290901	9.612459925643346	208.17023805538503	5.16505657790293	0.9983108364374568	49.7174117787103	239.81323543422693	0.1863780555608467
3.060005016722408	2.6923076923076925	2.9753252928837735	0.00010216850597814443	1.7712918143738874	0.9972474908867326	3.5171311573372894	0.011275552277369285	9.58049599806027	205.88476107361632	5.0939461900187775	0.9982438186628556	49.24312635097879	239.75455004887033	0.15236150491926762
3.060005016722408	2.729096989966555	2.9556955075097324	0.00011438828462533702	1.7474392989386747	0.9969645474103399	3.4873261008932674	0.012104463358975203	9.549660520694731	203.63787096057303	5.024779019868322	0.998175704657975	48.779541868409254	239.69762310939618	0.11908991038621491
3.060005016722408	2.765886287625418	2.9364428119498043	0.00012778834708507305	1.7242351768375632	0.9966617062393821	3.4579359401213394	0.012983923556100915	9.519947977108856	201.42727490780982	4.957478342829901	0.9981064719332764	48.32629812284013	239.64254196113822	0.08656254465442803
3.060005016722408	2.802675585284281	2.9175528640279116	0.00014245688565006325	1.701654903783191	0.9963382148894867	3.428934287878881	0.0139167475798297	9.491354457620867	199.25073352440603	4.891971390168079	0.9980360932163814	47.88305060396803	239.58938616440994	0.054779794801234245
3.060005016722408	2.839464882943144	2.8990118866090064	0.0001584871013475728	1.6796752229846297	0.9959933040117733	3.4002952311120547	0.014905922790479196	9.463877622427894	197.106053895996	4.828189098148171	0.9979645363228249	47.449469574975595	239.53822789639372	0.023743126196084294
3.060005016722408	2.8762541806020065	2.8808066322570838	0.0001759774742195521	1.658274084313825	0.9956261830502968	3.3719932643335517	0.01595462023439859	9.43751665982828	194.9910829873156	4.766065877096667	0.9978917640292253	47.02523922014598	239.48913242787012	-0.006544954887595777
3.060005016722408	2.9130434782608696	2.862924350814406	0.00019503205695215557	1.637430570197464	0.9952360354502047	3.3440032276746385	0.017066205913137636	9.412272236982753	192.90370138494205	4.705539398632472	0.9978177339504405	46.61005685868233	239.4421586728979	-0.03608094126282627
3.060005016722408	2.9498327759197323	2.845352759748887	0.00021576079383523085	1.6171248276651582	0.9948220134325362	3.316300249817757	0.018244252127706376	9.388146440169734	190.84181739001093	4.646550399474744	0.997742398422993	46.20363221960844	239.39735981004594	-0.0648603689034048
3.060005016722408	2.9866220735785953	2.8280800171519447	0.00023827986700255502	1.597338006036946	0.9943832323557777	3.2888596963084145	0.019492548683546485	9.365142700912077	188.80336148611386	4.589042500394796	0.9976657043979196	45.805686773243174	239.35478397440545	-0.09287786679026322
3.060005016722408	3.0234113712374584	2.8110946973047577	0.00026271207181255375	1.5780521997792374	0.9939187646897154	3.2616571239711445	0.020815113670023262	9.343265703672452	186.78628122590573	4.532962039023947	0.9975875933472266	45.415953115320136	239.3144750203	-0.1201272144596893
3.060005016722408	3.060200668896321	2.7943857687664497	0.00028918722305662427	1.559250396098616	0.9934276336342138	3.2346682424193145	0.02221620343874057	9.322521270021207	184.78853660174502	4.478257915356369	0.9975080011893523	45.03417440035582	239.27647335517653	-0.14660140946048023
3.060005016722408	3.096989966555184	2.7779425749745834	0.0003178425934008475	1.540916426878277	0.9929088064248396	3.207868883959814	0.023700321294496556	9.302916213272203	182.80809599174975	4.4248814489008	0.9974268582404779	44.660103821388084	239.24081684590186	-0.17229274723712645
3.060005016722408	3.1337792642140467	2.761754817384971	0.0003488233850461693	1.5230349245917485	0.9923611873792911	3.1812349835551355	0.025272224277801354	9.284458156558852	180.84293280354242	4.372786246534454	0.9973440892002073	44.29350413367747	239.20754179913067	-0.19719291629729985
3.060005016722408	3.17056856187291	2.7458125412152357	0.0003822832349920496	1.5055912818537247	0.9917836107540555	3.1547425709224637	0.026936927255219352	9.267155306200435	178.8910229744494	4.321928080201561	0.9972596131820717	43.93414722042427	239.17668401792778	-0.22129311188160916
3.060005016722408	3.2073578595317724	2.7301061238925857	0.0004183847534658464	1.4885716142876182	0.9911748335002613	3.128367777321734	0.02869970334057638	9.251016171016701	176.95034352938407	4.272264773674381	0.9971733438015143	43.58181369896406	239.14827993690366	-0.24458417171890412
3.060005016722408	3.2441471571906355	2.7146262663404306	0.00045730009398294627	1.471962726404275	0.990533528032004	3.1020868601091456	0.03056607944474605	9.236049217046297	175.0188724463553	4.223756097659831	0.9970851893364485	43.23629256628959	239.12236783802624	-0.26705673779307626
3.060005016722408	3.280936454849498	2.6993639872676196	0.0004992115520782607	1.455752080195568	0.989858275150085	3.075876248696592	0.032541825495013686	9.222262446003226	173.09459013406084	4.176363672587357	0.9969950529781124	42.897380883067136	239.0989891485394	-0.288701448330273
3.060005016722408	3.317725752508361	2.684310620645085	0.000544312187944612	1.4399277661505168	0.9891475572994738	3.0497126161371586	0.03463293558146744	9.209662884908978	171.17548288511782	4.1300508784550996	0.9969028331926544	42.5648834955722	239.07818982112425	-0.30950916438051757
3.060005016722408	3.3545150501672243	2.669457816562158	0.0005928064659845162	1.4244784763997613	0.9883997523798935	3.023572981110755	0.0368455989879128	9.198255973874751	169.25954872953562	4.084782771139325	0.9968084242165065	42.238612795117554	239.0600217941184	-0.3294712353398474
3.060005016722408	3.391304347826087	2.654797545642455	0.0006449109016040046	1.4093934796871859	0.9876131283750211	2.9974348455482556	0.039186158767358086	9.188044839266292	167.34480617155788	4.040526004587956	0.9967117167108572	41.91838851456722	239.04454452627763	-0.3485798074315077
3.060005016722408	3.42809364548495	2.640322107157747	0.0007008547024654647	1.3946625978554097	0.9867858391152386	2.9712763734117345	0.0416610552579971	9.179029440847364	165.42930634180738	3.997248758319962	0.9966125986020277	41.60403756135598	239.03182659565124	-0.3668281784085932
3.060005016722408	3.4648829431438126	2.626024140897621	0.0007608803879445631	1.3802761835161903	0.9859159215385567	2.945076616112274	0.04427675175087237	9.17120558445225	163.51114912536283	3.9549206696402344	0.9965109561347403	41.29539388602831	239.02194734564884	-0.38421120039424383
3.060005016722408	3.5016722408026757	2.6118966427204877	0.000825244366870389	1.366225098559351	0.9850012948592505	2.9188157895223985	0.047039639479882545	9.16456379685796	161.58850382042598	3.9135127699530234	0.9964066751634268	40.9922983845934	239.01499855285928	-0.4007257306598057
3.060005016722408	3.5384615384615383	2.597932983515613	0.0008942174500576547	1.3525006931379833	0.9840397620865295	2.8924756063162063	0.049955919293898275	9.15908806744451	159.65963482288694	3.8729974245192427	0.9962996427019988	40.69459883191482	239.01108608070493	-0.41637112707166224
3.060005016722408	3.5752508361204014	2.5841269310353803	0.0009680852711139175	1.3390947847579353	0.9830290143461997	2.8660396652059026	0.053031457894355274	9.15475447254779	157.7229326966503	3.833348274956622	0.9961897487439053	40.40214984185364	239.01033147059024	-0.4311497807574531
3.060005016722408	3.612040133779264	2.5704726737068517	0.0010471485871516109	1.325999637102353	0.9819666384341328	2.839493895297592	0.056271617497290975	9.151529713559153	155.77695075325713	3.7945401837343224	0.9960768883508742	40.114812847952194	239.01287340842086	-0.44506767317339285
3.060005016722408	3.648829431438127	2.5569648451058056	0.001131723431162259	1.3132079382447976	0.9808501279570544	2.812827049067588	0.05968105932108341	9.149369618859582	153.82044690372277	3.7565491798742223	0.9959609639896833	39.83245609610936	239.01886899010466	-0.4581349382658677
3.060005016722408	3.68561872909699	2.543598547295527	0.0012221410908507205	1.3007127779560828	0.9796768982792144	2.7860312312947637	0.06326352349495895	9.148217681986923	151.85243004496508	3.7193524050552504	0.9958418880713943	39.554954638096994	239.02849469674467	-0.4703664031169909
3.060005016722408	3.722408026755853	2.530369370738151	0.0013187478956226766	1.2885076238982927	0.9784443052816318	2.7591024438281218	0.06702159084426387	9.148003732434677	149.87220960339448	3.6829280593408336	0.9957195856172909	39.2821903121305	239.0419469808666	-0.48178207297484077
3.060005016722408	3.759197324414716	2.5172734080470356	0.0014219048049062203	1.2765862966304944	0.9771496676500346	2.7320411178128414	0.07095643543337377	9.148642858338976	147.8794461071897	3.6472553458338837	0.995593996942259	39.01405169443249	239.0594423624205	-0.4924075199104331
3.060005016722408	3.7959866220735785	2.5043072585581467	0.0015319868073158333	1.264942943524627	0.9757902920476733	2.704852596859022	0.07506758046457622	9.150034717851016	145.8741998620276	3.6123144137256817	0.9954650802130898	38.75043400432467	239.08121694066696	-0.5022741299153016
3.060005016722408	3.8327759197324416	2.4914680206690063	0.0016493821607525016	1.2535720118994156	0.9743635001271729	2.677547527984044	0.07935267366952174	9.152063382953862	143.85697407185305	3.5780862994574507	0.9953328137114766	38.491238945460864	239.1075252486484	-0.5114191627108158
3.060005016722408	3.869565217391304	2.4787532692351535	0.0017744915266862077	1.2424682219062249	0.9728666559396404	2.6501421137084744	0.08380730102692245	9.154597850276712	141.82874822576426	3.5445528660536567	0.9951971976159163	38.2363744679435	239.1386384124755	-0.5198855835158045
3.060005016722408	3.9063545150501673	2.4661610161054512	0.0019077270746837242	1.2316265399141844	0.9712971919757736	2.622658180226686	0.08842485872162524	9.157493323503434	139.79099743424842	3.5116967410949496	0.9950582551201098	37.98575444065112	239.17484162790208	-0.5277216376733198
3.060005016722408	3.94314381270903	2.45368965312981	0.0020495116518541904	1.2210421533047473	0.9696526318982438	2.5951230245177586	0.09319650199595272	9.160593319417652	137.7456937973229	3.479501254232007	0.994916032733136	37.73929823015597	239.21643102782522	-0.534980157538554
3.060005016722408	3.979933110367893	2.441337878599264	0.0022002781221024757	1.2107104476589508	0.9679306080648885	2.5675690180966826	0.09811118546782285	9.16373257703498	135.69528691357118	3.4479503755369447	0.9947705996604264	37.49693019162167	239.26371007939755	-0.541717615094735
3.060005016722408	4.016722408026756	2.429104609881809	0.002360468978441166	1.2006269872734117	0.9661288722374981	2.5400329659182255	0.10315580262469759	9.16674066453762	133.64266226899846	3.4170286562724863	0.9946220462410047	37.25857908694661	239.31698570822374	-0.5479929604966401
3.060005016722408	4.053511705685619	2.416988886713255	0.002530536316504926	1.1907874997621783	0.9642452984131422	2.5125552432496603	0.1083154232042246	9.16944609452763	131.59107831227826	3.3867211737638265	0.9944704815063076	37.024177454612655	239.37656438864815	-0.5538663119497037
3.060005016722408	4.090301003344481	2.4049897708744195	0.0027109422299265444	1.1811878652061876	0.9622778774405355	2.4851787573567794	0.11357361730772772	9.17168068960785	129.5440852302429	3.357013481942807	0.9943160300153349	36.79366096252567	239.4427484540119	-0.5593975813685746
3.060005016722408	4.127090301003345	2.3931062485686736	0.0029021596522978486	1.171824109942408	0.9602247038817242	2.457947800346604	0.1189128460046133	9.173283901398563	127.50543041072467	3.3278915687993824	0.9941588281943201	36.566967778201935	239.5158328641901	-0.564645129204283
3.060005016722408	4.1638795986622075	2.381337141569273	0.0031046736320626215	1.1626924047013583	0.9580839563153365	2.4309068708271164	0.12431489149837519	9.174106785524263	125.47895696108267	3.2993418214681185	0.9939990204533473	36.344037989268614	239.5961026211313	-0.5696645386421568
3.060005016722408	4.20066889632107	2.3696810321699715	0.0033189829924799965	1.1537890664689243	0.9558538728288398	2.4040995431435563	0.1297612968094634	9.174015373655523	123.46850219426982	3.271350999081556	0.9938367553600324	36.12481310163725	239.6838309542469	-0.574507584548845
3.060005016722408	4.237458193979933	2.3581362053471904	0.003545602304257463	1.1451105632179712	0.9535327237333269	2.3775674539679	0.1352337857937752	9.172893253875523	121.47780263272065	3.243906212938769	0.993672182122062	35.90923563398848	239.77927831855297	-0.5792214490115196
3.060005016722408	4.274247491638796	2.346700609636899	0.003785064086669336	1.1366535205536956	0.9511187835353341	2.351349459143991	0.14071463872635578	9.170643258863135	119.51041093544201	3.2169949130555326	0.9935054475738214	35.697248817019535	239.88269217248398	-0.5838482075802326
3.060005016722408	4.311036789297659	2.3353718363772744	0.004037921154123746	1.1284147293426723	0.9486103039547424	2.325480992457396	0.14618700554698716	9.167188251797057	117.56962849057258	3.1906048798453153	0.9933366937900346	35.48879639603247	239.99430744070042	-0.5884245832410665
3.060005016722408	4.3478260869565215	2.3241471154409905	0.004304749036908874	1.1203911535231035	0.9460054893653772	2.299993636263219	0.1516351467833546	9.162471078437632	115.65845556117374	3.1647242195461134	0.993166056374796	35.28382252729101	240.1143475263897	-0.5929819427090584
3.060005016722408	4.384615384615385	2.313023324541508	0.004586148423437098	1.1125799374844205	0.9433024755496913	2.274914894918844	0.15704459979492405	9.156453811173833	113.77955912990451	3.1393413620433273	0.9929936634089018	35.08227175301367	240.24302571950037	-0.5975464942217955
3.060005016722408	4.421404682274248	2.3019970086853836	0.004882747592624621	1.1049784126169708	0.9404993121859958	2.250268147797041	0.16240227431388607	9.14911644330925	111.93525717773895	3.1144450598997877	0.9928196349891282	34.88408903708404	240.38054684916656	-0.602139638254848
3.060005016722408	4.45819397993311	2.2910644062984034	0.00519520482563955	1.0975841028335276	0.9375939490866613	2.226072750045028	0.16769648576045182	9.140455200962382	110.12751716312074	3.0900243876399576	0.9926440832625978	34.6892198432411	240.52710904516874	-0.6067784216357651
3.060005016722408	4.494983277591973	2.2802214788585187	0.005524210803814424	1.0903947290318035	0.934584225909732	2.2023442458544706	0.17291693738208816	9.130480630516944	108.35796595022882	3.0660687405968456	0.9924671128464196	34.497610239036945	240.6829054984995	-0.6114760497011393
3.060005016722408	4.531772575250836	2.269463941385508	0.005870491012975582	1.0834082125909277	0.9314678648797644	2.179094659766954	0.17805466313855814	9.119215597855742	106.62790830571502	3.042567832878591	0.992288821523816	34.30920701149491	240.84812613935082	-0.6162424184432389
3.060005016722408	4.568561872909699	2.2587872917418808	0.006234808183704484	1.0766226780750576	0.9282424659636431	2.156332835134611	0.18310194283168524	9.106693307761404	104.93835124279744	3.019511694224011	0.9921093011185187	34.123957783525775	241.02295917805154	-0.6210846372241338
3.060005016722408	4.605351170568562	2.2481868372962968	0.006617964802702219	1.0700364553597737	0.9249055039316851	2.13406479400649	0.18805219971110115	9.092955422821628	103.29003183310301	2.9968906656808487	0.9919286384650285	33.94181112326114	241.20759247794544	-0.6260075212161752
3.060005016722408	4.642140468227424	2.237657718029158	0.007020805733372306	1.0636480814107485	0.9214543267693506	2.1122940983778538	0.19289988908046043	9.078050334345832	101.68344653625712	2.9746953941567438	0.9917469164099671	33.762716641227556	241.4022147477841	-0.6310140403702315
3.060005016722408	4.678929765886288	2.2271949255897674	0.007444220984919832	1.0574563019386367	0.9178861549687263	2.0910221981894566	0.1976403845980321	9.062031615103665	100.11888054341723	2.95291682596644	0.9915642147967689	33.58662507255376	241.6070165547889	-0.6361057179709001
3.060005016722408	4.7157190635451505	2.216793318138288	0.007889148669546864	1.051460073137389	0.914198081304659	2.070248756259877	0.20226986722514256	9.044956665862085	98.59643604646052	2.931546199537621	0.9913806114009652	33.41348834313399	241.8221911685605	-0.6412829765973771
3.060005016722408	4.752508361204013	2.206447631031163	0.008356578187382025	1.045658563691588	0.9103870707762443	2.0499719442773254	0.20678522024900822	9.02688555463643	97.11605870318293	2.9105750374513137	0.9911961827956292	33.243259619901615	242.0479352513583	-0.6465454326703616
3.060005016722408	4.789297658862877	2.1961524835508146	0.00884755367911736	1.0400511572164335	0.90644996046311	2.0301887070362947	0.21118393254633067	9.007880038715951	95.6775618604938	2.889995137989068	0.9910110051361087	33.07589334617259	242.28444941280355	-0.6518921429420994
3.060005016722408	4.826086956521739	2.185902381956927	0.00936317778728577	1.0346374552744844	0.9023834591038885	2.0108949943485452	0.21546401126659515	8.98800275410219	94.28064832262828	2.869798566345022	0.9908251548601756	32.91134526349123	242.53193864763387	-0.6573218075295685
3.060005016722408	4.862876254180602	2.1756917191644938	0.009904615768920592	1.0294172810977957	0.8981841462502642	1.9920859616094853	0.21962390437613563	8.96731655420339	92.9249296166103	2.8499776456412325	0.9906387093045698	32.749572421632415	242.79061267440395	-0.6628329346441263
3.060005016722408	4.8996655518394645	2.165514771347625	0.010473100005149403	1.0243906841334125	0.8938484708843079	1.9737561409963855	0.22366243297930727	8.945883978728986	91.60994282202891	2.8305249478631707	0.9904517472420401	32.59053317846618	243.06068619156227	-0.6684239722449894
3.060005016722408	4.936454849498328	2.1553656917395965	0.011069934957199816	1.0195579455244426	0.8893727494105992	1.9558995858466541	0.22757873298034	8.923766834112842	90.3351651068805	2.8114332848111343	0.9902643493448068	32.43418719132861	243.34237906550328	-0.6740934116096425
3.060005016722408	4.973244147157191	2.1452385018574294	0.011696502623431576	1.0149195846380972	0.8847531629492961	1.9385099910269852	0.2313722054298922	8.901025867983783	89.1000261551969	2.7926956991437786	0.9900765985812319	32.28049540141398	243.63591646324417	-0.6798398673986458
3.060005016722408	5.010033444816053	2.1351270803296174	0.012354268558472591	1.0104763667559007	0.8799857538633482	1.9215807921528212	0.23504247477939208	8.877720521840756	87.90391869370997	2.7743054555730997	0.989888580552712	32.129420012543335	243.94152894053323	-0.6856621382890064
3.060005016722408	5.046822742474917	2.125025149452383	0.013044788523464869	1.0062293120495687	0.8750664214536795	1.905105246424829	0.2385893542160812	8.853908747925328	86.7462073304899	2.7562560322556293	0.9897003837775915	31.980924465490666	244.2594524944748	-0.6915592517205343
3.060005016722408	5.083612040133779	2.1149262595453804	0.013769715846004142	1.002179705978711	0.8699909167514832	1.8890764976708982	0.24201281724964915	8.829646878147605	85.62623591363676	2.738541112412693	0.9895120999284274	31.834973408879048	244.58992858825016	-0.6975304957843398
3.060005016722408	5.120401337792642	2.104823771123399	0.014530809579816109	0.998329111263606	0.8647548363275194	1.8734876279576258	0.24531297475075844	8.804989534705923	84.54333360658397	2.7211545762031784	0.9893238240283406	31.6915326675024	244.9332041542739	-0.7035754408047525
3.060005016722408	5.157190635451505	2.094710834846216	0.015329943567874078	0.9946793816079635	0.8593536150249135	1.858331697891783	0.24849005669014984	8.779989573684881	83.49681986125495	2.704090492864578	0.9891356546115276	31.550569208787277	245.28953158102937	-0.7096939527376621
3.060005016722408	5.193979933110368	2.0845803691542493	0.016169116528903116	0.9912326773732426	0.8537825175048201	1.8436017774881854	0.2515443978855074	8.754698054390367	82.48600845322294	2.687343113132395	0.9889476938523574	31.412051107986372	245.65916868799607	-0.7158862001341706
3.060005016722408	5.230769230769231	2.0744250354418714	0.017050463306548008	0.9879914834384145	0.8480366284730944	1.8292909692465693	0.25447642712600216	8.729164228474733	81.51021072547972	2.6709068619436334	0.9887600476668637	31.275947512590868	246.04237869238997	-0.7221526560970998
3.060005016722408	5.2675585284280935	2.064237210561969	0.01797626744352214	0.9849586295177495	0.8421108414309207	1.8153924248634414	0.25728665910724424	8.703435544024623	80.56873817034497	2.654776331426918	0.9885728257898846	31.142228606360764	246.43943017091377	-0.7284940963874461
3.060005016722408	5.304347826086956	2.0540089563928765	0.0189489752705989	0.9821373132556238	0.8359998457622636	1.8018993568077564	0.2599756886701751	8.677557660738866	79.66090446290346	2.6389462741794394	0.9883861418306068	31.01086557329923	246.8505970192963	-0.7349115946117591
3.060005016722408	5.34113712374582	2.043731986130105	0.01997121173335335	0.9795311264728384	0.8296981119355158	1.7888050458133822	0.26254418689449	8.651574473130303	78.78602704450023	2.6234115968294414	0.9882001133088522	30.88183056183824	247.2761584121142	-0.7414065152357768
3.060005016722408	5.377926421404682	2.0333976268879237	0.02104579821936242	0.9771440850055753	0.8231998745545231	1.7761028451853125	0.26499289865021214	8.625528139359517	77.9434283413016	2.6081673538817247	0.988014861674084	30.755096649453126	247.71639876514033	-0.7479805050180944
3.060005016722408	5.414715719063545	2.0229967781068927	0.02217577269673131	0.9749806626584313	0.8164991129438087	1.7637861826798336	0.2673226412596335	8.599459113867281	77.13243669081301	2.593208741843192	0.9878305123088201	30.630637807887368	248.17160770234133	-0.7546354833352575
3.060005016722408	5.451505016722408	2.012519865159033	0.023364412533381455	0.9730458298900609	0.8095895288924028	1.7518485605990302	0.26953430396627076	8.57340618243121	76.35238703843329	2.578531093624683	0.9876471945178992	30.50842886913426	248.64208002947066	-0.7613736317722968
3.060005016722408	5.488294314381271	2.0019567874183877	0.02461526043809874	0.9713450979682667	0.8024645211074771	1.7402835546357296	0.2716288479480042	8.547406498645488	75.6026214565616	2.5641298732153874	0.9874650415048615	30.388445492301116	249.128115716177	-0.7681973832750624
3.060005016722408	5.525083612040134	1.9912968599149705	0.0259321540523321	0.9698845694759965	0.7951171558398086	1.7290848119139999	0.2736073066485064	8.521495621122769	74.88248953033091	2.5500006706256135	0.9872841903365639	30.270664131458076	249.63001988842245	-0.7751094111007781
3.060005016722408	5.561872909698996	1.980528747507919	0.027319259830478837	0.9686709962279465	0.7875401330334445	1.718246048591309	0.2754707862347967	8.49570755095561	74.19134864662715	2.536139197093732	0.9871047818970369	30.15506200455987	250.14810283298056	-0.782112617756059
3.060005016722408	5.59866220735786	1.9696403902890365	0.028781111981721116	0.9677118458782895	0.7797257472161285	1.7077610473193654	0.2772204660196869	8.470074769160991	73.52856421653347	2.5225412805527263	0.9869269608315189	30.04161706351333	250.68268001569172	-0.7892101240763633
3.060005016722408	5.635451505016722	1.9586189186490346	0.03032265741593111	0.9670153787757241	0.7716658421774553	1.6976236548007457	0.2788575987161668	8.444628273973503	72.89350985564943	2.5092028613516484	0.9867508754815494	29.930307965453178	251.23407211510147	-0.7964052585738071
3.060005016722408	5.672240802675585	1.947450556089114	0.0319493078498799	0.9665907369685981	0.7633517582681857	1.687827779625916	0.2803835104168313	8.419397617958152	72.28556754174788	2.4961199882268064	0.9865766778119622	29.821114045276232	251.80260507299317	-0.8037015471605339
3.060005016722408	5.709030100334449	1.9361205074185541	0.03366700050154023	0.9664480477018953	0.7547742708831748	1.6783673905298924	0.2817996002152012	8.3944109449884	71.70412776491834	2.4832888145172918	0.9864045233306062	29.71401528947704	252.38861016326382	-0.8111027033403794
3.060005016722408	5.745819397993311	1.924612829415167	0.03548226914808886	0.9665985443086338	0.7459235183433414	1.66923651516797	0.2831073394076911	8.369695027184392	71.14858968157667	2.4707055946187775	0.9862345710015996	29.60899231131596	252.99242408043105	-0.8186126189511616
3.060005016722408	5.782608695652174	1.9129102803000844	0.03740232777248741	0.9670547081206411	0.7367889169439246	1.6604292394758187	0.28430827023476385	8.345275301935096	70.6183612805022	2.458366680669034	0.9860669831529143	29.506026327342614	253.61438904893137	-0.8262353555327666
3.060005016722408	5.8193979933110365	1.9009941434358866	0.03943516960919059	0.9678304359629394	0.7273590603519712	1.651939707649855	0.28540400413774086	8.321175909140253	70.11285956630815	2.4462685194580867	0.985901925379081	29.405099135288914	254.25485295423456	-0.8339751363910791
3.060005016722408	5.8561872909699	1.8888440194202856	0.04158968517050507	0.9689412390293478	0.7176215997664205	1.6437621227584167	0.28639621952388744	8.297419728806833	69.6315107633999	2.4344076495550313	0.9857395664397843	29.306193093334038	254.9141694965633	-0.8418363394241889
3.060005016722408	5.892976588628763	1.8764375791073995	0.04387580386075622	0.9704044805736736	0.7075631002302227	1.6358907479735312	0.28728665904644324	8.274028419124082	69.1737505415602	2.422780698643112	0.9855800781551068	29.2092911007365	255.59269836787797	-0.8498234907749098
3.060005016722408	5.929765886287625	1.8637502678875808	0.04630466516552656	0.9722396620479232	0.6971688671054881	1.6283199083952802	0.2880771264186914	8.251022455122449	68.7390242626879	2.4113843810536957	0.9854236352981475	29.114376579815932	256.2908054525195	-0.8579412593715238
3.060005016722408	5.966555183946488	1.8507549485668409	0.04888882728329737	0.9744687703049817	0.6864227348443316	1.6210439934269658	0.28876948279153164	8.228421167998931	68.32678724697098	2.4002154954892236	0.9852704154857085	29.021433459258322	257.0088630517138	-0.8661944524172321
3.060005016722408	6.003344481605351	1.837421466069302	0.05164252366268091	0.9771167025962972	0.6753068075939972	1.6140574596481359	0.2893656427327202	8.206242785164607	67.93650505578475	2.3892709229244926	0.9851205990677002	28.930446158707596	257.7472501319021	-0.8745880118870394
3.060005016722408	6.040133779264214	1.8237161114317832	0.054581981545479046	0.9802117918448071	0.6638011375394315	1.6073548341244948	0.2898675698527529	8.184504471042898	67.56765378790351	2.3785476246749404	0.9849743690158558	28.84139957459568	258.5063525966198	-0.8831270120895429
3.060005016722408	6.076923076923077	1.8096009543865528	0.057725821794355876	0.9837864628412164	0.6518833217096096	1.6009307180881858	0.29027727212751137	8.163222368619525	67.2197203851331	2.3680426406200046	0.984831910812285	28.754279067152982	259.286563581404	-0.8918166583495002
3.060005016722408	6.11371237458194	1.795033002011838	0.061095566789045964	0.9878780618229376	0.6395279904701769	1.5947797909187824	0.29059679697128543	8.142411641719207	66.89220294320505	2.357753087569208	0.9846934123383231	28.66907044853198	260.0882837709949	-0.9006622868655608
3.060005016722408	6.150501672240803	1.7799631235050595	0.06471629426777632	0.9925299193134475	0.6267061498336521	1.588896814354035	0.29082822611582493	8.122086517959957	66.58461102366881	2.3476761577579683	0.9845590637640438	28.58575997196545	260.91192173781724	-0.9096693657961382
3.060005016722408	6.187290969899665	1.7643346548709093	0.06861749174805692	0.9977927323564768	0.6133843229621244	1.5832766368601892	0.2909736703516391	8.102260332315055	66.29646596258654	2.3378091174598343	0.9844290574387193	28.504334321872157	261.75789430051526	-0.9188434976252062
3.060005016722408	6.224080267558528	1.7480815567467094	0.0728341921043258	1.0037263928422366	0.5995234102950318	1.5779141980939189	0.2910352641871159	8.082945571195092	66.02730117202044	2.3281493057016207	0.98430358778241	28.42478060481502	262.6266269010964	-0.928190422858785
3.060005016722408	6.260869565217392	1.7311259341555136	0.07740851217149451	1.0104024530471811	0.5850771464439767	1.5728045333911775	0.29101516047936354	8.064153916948161	65.77666243057772	2.318694133067442	0.9841828511787648	28.34708634120645	263.5185539989649	-0.937716025102389
3.060005016722408	6.297658862876254	1.713374621366263	0.08239178406766205	1.0179075251119114	0.5699899641728885	1.5679427782229096	0.2909155250879835	8.045896292666198	65.54410815965127	2.309441080577648	0.984067045869008	28.271239457649436	264.4341194799438	-0.9474263375697896
3.060005016722408	6.334448160535117	1.694714355535157	0.08784758444649837	1.0263480906779632	0.5541939602652046	1.563324172562744	0.29073853159959284	8.028182907178758	65.32920968241217	2.300387698628443	0.9839563718469775	28.19722827979515	265.3737770781361	-0.9573275510742434
3.060005016722408	6.37123745819398	1.6750047445543406	0.09385617210657521	1.0358575151422365	0.5376044528632932	1.5589440651174633	0.2904863561669574	8.011023300112171	65.13155146305652	2.2915316059778377	0.983851030754973	28.12504152559056	266.33799080824076	-0.9674260235550342
3.060005016722408	6.408026755852843	1.6540676415452586	0.10052122752338	1.0466066539659815	0.5201132367270305	1.55479791737734	0.2901611725021131	7.99442638689265	64.95073132429965	2.282870488763619	0.9837512257800576	28.054668298784193	267.32723540573426	-0.9777282911948981
3.060005016722408	6.444816053511706	1.6316703656970728	0.10798054707367676	1.0588206111997416	0.5015778836547237	1.5508813074493843	0.2897651470582432	7.9784005035744565	64.786360641565	2.2744020995387952	0.9836571615503519	27.986098082550775	268.341996772049	-0.9882410811878335
3.060005016722408	6.481605351170568	1.6074977145514373	0.1164239627906141	1.0728067049717525	0.48180381724068383	1.5471899336431336	0.2893004344300948	7.96295345138083	64.63806451281194	2.266124256310072	0.9835690440307513	27.91932073309093	269.38277242166663	-0.9989713262222117
3.060005016722408	6.518394648829432	1.581101897789673	0.1261255375206856	1.089004509717119	0.46051211211115584	1.5437196177841799	0.2887691729980381	7.948092540852546	64.50548190335603	2.25803484156462	0.9834870804173902	27.854326473054527	270.4500719277267	-1.0099261807505961
3.060005016722408	6.555183946488294	1.5518042516828185	0.13750702845581983	1.1080841158040682	0.43727602467794313	1.5404663082367862	0.2881734808359099	7.933824635509546	64.38826576548416	2.2501318012703475	0.9834114790300771	27.7911058846312	271.5444173624763	-1.021113039126433
3.060005016722408	6.591973244147157	1.5184753698180427	0.15128041929150765	1.131165970742235	0.41137845517105903	1.5374260826220447	0.2875154518983036	7.920156194942118	64.2860831330265	2.242413143834661	0.983342449201828	27.729649902145017	272.6663437285624	-1.0325395556976107
3.060005016722408	6.62876254180602	1.4789339550223368	0.16883912000965898	1.1604219968283787	0.38142074196432335	1.534595150222907	0.2867971524985872	7.9070933172604505	64.19861519138767	2.2348769390061936	0.9832802011645245	27.669949803981797	273.8163993767477	-1.044213666959348
3.060005016722408	6.665551839464883	1.4275755823237963	0.19380710990776498	1.2014467951425514	0.34377351258447036	1.5319698540718307	0.28602061808488577	7.894641780844783	64.125557323837	2.227521316703741	0.9832249459296384	27.61199720367119	274.9951464052607	-1.056143615882862
3.060005016722408	6.702341137123746	1.3103229935194158	0.26180181719086154	1.3103229934217877	0.2618018172571611	1.5295470159689057	0.28518772701373174	7.882807216433585	64.06664244298506	2.220344758029684	0.9831768907972662	27.55578684571312	276.2032320046841	-1.0683374369890417
3.060005016722408	6.739130434782608	1.306085355436207	0.26280007657287435	1.306085355436166	0.2628000765729014	1.5271901328821629	0.2843467902069426	7.8713004704080465	64.01179777999606	2.213254916368436	0.9831327171612749	27.500334637532482	277.4174050638312	-1.0806755863060729
3.060005016722408	6.775919732441472	1.445251158209357	0.1819011492546176	1.4452511582093541	0.181901149254619	1.5352560989844333	0.27986854238934394	7.86844756712463	64.67440492686985	2.214810838614017	0.9830507572680101	27.529710249817725	280.78188068258464	-1.0824441313504856
3.060005016722408	6.812709030100335	1.5008458804045546	0.15541544056837625	1.5008458804045521	0.15541544056837736	1.547025777482764	0.2742594788075727	7.870541808761119	65.59222043226126	2.2196030034067618	0.9829942890358709	27.59142912368855	285.00696693215826	-1.0824441313504856
3.060005016722408	6.849498327759197	1.536990415265005	0.13988512873247508	1.5369904152650071	0.13988512873247413	1.5593761866752953	0.26863720189940293	7.874095014477171	66.54638413923401	2.225205518666961	0.982955239497006	27.661173947422032	289.49285267157103	-1.0824441313504856
3.060005016722408	6.88628762541806	1.5645762963291991	0.12891949871952774	1.5645762963291974	0.12891949871952849	1.5718039248187496	0.2631692993600418	7.878327630463675	67.5013612160394	2.231227925714119	0.9829275833474207	27.73492428620052	294.14367880909407	-1.0824441313504856
3.060005016722408	6.923076923076923	1.5871078067338837	0.12052667263044306	1.5871078067338844	0.12052667263044282	1.584067420266302	0.2579241960596849	7.882849792615485	68.44038458603251	2.237461760154303	0.982907908845247	27.81054005824408	298.90767298361055	-1.0824441313504856
3.060005016722408	6.959866220735786	1.6062187414349904	0.11380023023655157	1.6062187414349889	0.11380023023655206	1.596039034611457	0.25292830441712716	7.887441001936559	69.3548145068546	2.243779351424882	0.9828939646239945	27.88671726730554	303.7523601347084	-1.0824441313504856
3.060005016722408	6.996655518394649	1.6228258871225762	0.10824353833721219	1.6228258871225785	0.10824353833721144	1.6076520501813352	0.24818700959501108	7.891971969805565	70.24032210269674	2.250098546940813	0.9828841722266549	27.962622820855515	308.6561203228461	-1.0824441313504856
3.060005016722408	7.033444816053512	1.6375053779931839	0.10355224554114849	1.6375053779931819	0.10355224554114914	1.6188750732377217	0.24369471078870025	7.896367127348396	71.09505158968774	2.256365607564033	0.982877392363716	28.037717074731496	313.6041592718254	-1.0824441313504856
3.060005016722408	7.070234113712375	1.6506478979222337	0.09952535802586457	1.6506478979222332	0.09952535802586474	1.6296978688021362	0.23944018167276293	7.900583920814664	71.91860842186087	2.2625454520338906	0.9828727896827971	28.111652543028683	318.5862257725079	-1.0824441313504856
3.060005016722408	7.107023411371237	1.6625331165873518	0.09602287814572155	1.6625331165873516	0.0960228781457216	1.6401229603087397	0.23540957005924132	7.9046005017960965	72.71146326674722	2.2686155884664183	0.9828697460179558	28.184210918007324	323.59519098846266	-1.0824441313504856
3.060005016722408	7.1438127090301	1.6733694396138914	0.09294333502036095	1.6733694396138905	0.0929433350203613	1.6501604606827547	0.23158810229670151	7.908408097084019	73.47458822822584	2.2745621495339106	0.9828678014188522	28.255261978544688	328.62611478165223	-1.0824441313504856
3.060005016722408	7.1806020066889635	1.683317025081949	0.09021087622141605	1.6833170250819496	0.09021087622141585	1.6598248285806487	0.22796104495036207	7.912006159620128	74.20923074771117	2.2803772242030456	0.9828666126775149	28.32473599312046	333.6756112463833	-1.0824441313504856
3.060005016722408	7.217391304347826	1.6925019792317935	0.08776738221867218	1.692501979231794	0.08776738221867202	1.669132814335421	0.2245142308799208	7.9153992391952235	74.91677208474016	2.2860570273044467	0.9828659235291566	28.392604837907104	338.7414079348798	-1.0824441313504856
3.060005016722408	7.254180602006689	1.7010255645912777	0.08556740932646044	1.7010255645912775	0.08556740932646052	1.6781021581822275	0.2212343274827137	7.918594944694863	75.59863891992183	2.291600627204138	0.9828655429235045	28.458868913126864	343.82203479534047	-1.0824441313504856
3.060005016722408	7.290969899665551	1.7089704226648845	0.0835748167302124	1.7089704226648836	0.08357481673021268	1.6867507712445926	0.21810895252152737	7.921602611798094	76.25624878971449	2.2970090530315055	0.9828653290055045	28.523547995978262	348.9166020234423	-1.0824441313504856
3.060005016722408	7.327759197324415	1.7164049235037386	0.0817604429004839	1.71640492350374	0.0817604429004835	1.6950962292129974	0.2151267009537015	7.924432432561769	76.89097724526076	2.3022846639667423	0.9828651772003355	28.58667480580891	354.02463990910167	-1.0824441313504856
3.060005016722408	7.364548494983278	1.7233862928384702	0.08010046107450933	1.7233862928384711	0.0801004610745091	1.7031554695801234	0.21227712119588515	7.92709489027631	77.50413901070561	2.3074307015834004	0.9828650112846893	28.648290459247438	359.1459824870797	-1.0824441313504856
3.060005016722408	7.40133779264214	1.7299629144177648	0.0785751883540194	1.729962914417767	0.07857518835401882	1.7109446215315716	0.2095506641567909	7.929600397409648	78.09697815452793	2.3124509712638734	0.9828647766520898	28.70844125428305	364.28068247616784	-1.0824441313504856
3.060005016722408	7.438127090301004	1.7361760598211204	0.07716820612807165	1.736176059821121	0.07716820612807149	1.718478922007865	0.20693861914121378	7.931959069192584	78.67066402754331	2.317349615330387	0.9828644352036316	28.76717639574705	369.42894877451306	-1.0824441313504856
3.060005016722408	7.474916387959866	1.7420612110368956	0.07586569919965222	1.7420612110368965	0.07586569919965194	1.7257726872620232	0.2044330450490469	7.934180587911753	79.22629084204313	2.322130951766238	0.9828639614517719	28.824546391720578	374.5911003469629	-1.0824441313504856
3.060005016722408	7.511705685618729	1.7476490871846873	0.07465595169558221	1.7476490871846864	0.0746559516955824	1.7328393195830656	0.20202670178624016	7.936274127750228	79.76487949601827	2.3267993600915498	0.9828633395354966	28.880601930431247	379.76753210944815	-1.0824441313504856
3.060005016722408	7.548494983277592	1.7529664522925492	0.0735289573888082	1.752966452292549	0.07352895738880827	1.7396913356869719	0.19971298464012277	7.938248319814279	80.28738072520723	2.33135920128123	0.9828625609244244	28.935393102523854	384.9586896489963	-1.0824441313504856
3.060005016722408	7.585284280936455	1.7580367583925434	0.07247611483976525	1.7580367583925427	0.07247611483976549	1.7463404078195117	0.19748586304171958	7.940111243542888	80.79467898206111	2.3358147623339263	0.9828616226466718	28.98896887219435	390.1650504871565	-1.0824441313504856
3.060005016722408	7.622073578595318	1.762880662954338	0.07148998630934751	1.762880662954339	0.07148998630934726	1.752797411653661	0.19533982432932975	7.941870435119991	81.2875966507776	2.340170218724475	0.9828605259170219	29.04137672784297	395.3871102128215	-1.0824441313504856
3.060005016722408	7.65886287625418	1.7675164491919615	0.07056410522984492	1.7675164491919622	0.07056410522984476	1.7590724771038544	0.19326982264586015	7.943532906511816	81.76689834743237	2.3444296098360655	0.9828592750725316	29.092662462160348	400.62537225367004	-1.0824441313504856
3.060005016722408	7.695652173913044	1.771960370429406	0.06969282107566145	1.7719603704294056	0.06969282107566152	1.76517503955302	0.19127123282449773	7.945105170801978	82.23329514757668	2.348596823802397	0.9828578767453333	29.142870045314915	405.8803403759366	-1.0824441313504856
3.060005016722408	7.7324414715719065	1.7762269344681136	0.06887117334184242	1.7762269344681147	0.06887117334184209	1.77111388991312	0.18933980896663172	7.946593270901965	82.68744864582571	2.3526755891505142	0.9828563392191929	29.192041564788035	411.1525132353965	-1.0824441313504856
3.060005016722408	7.769230769230769	1.7803291401021322	0.06809478839419796	1.7803291401021317	0.06809478839419807	1.7768972225623978	0.18747164734347707	7.948002809681342	83.1299747932584	2.3566694713310787	0.9828546719289635	29.240217212544596	416.44238047343964	-1.0824441313504856
3.060005016722408	7.806020066889632	1.7842786751370077	0.06735979444939223	1.7842786751370074	0.06735979444939226	1.7825326806191415	0.18566315322802251	7.949338980227433	83.56144748563976	2.360581872729647	0.9828528850715403	29.28743530541193	421.7504199780982	-1.0824441313504856
3.060005016722408	7.842809364548495	1.7880860831928092	0.06666275104341922	1.7880860831928111	0.06666275104341873	1.7880273982887172	0.18391101126710874	7.950606595402976	83.9824018931808	2.364416035123479	0.982850989304076	29.333732328323755	427.07709602336814	-1.0824441313504856
3.060005016722408	7.879598662207358	1.7917609050095151	0.066000590165672	1.7917609050095138	0.06600059016567236	1.7933880402024414	0.18221215902237656	7.951810116185669	84.39333753385377	2.3681750438212945	0.9828489955106643	29.379142992860427	432.42285806990526	-1.0824441313504856
3.060005016722408	7.916387959866221	1.7953117987842744	0.06537056685172957	1.7953117987842744	0.06537056685172954	1.798620837783534	0.18056376333594912	7.952953678489737	84.79472109924716	2.37186183292467	0.9828469146228678	29.423700305556082	437.7881400624449	-1.0824441313504856
3.060005016722408	7.953177257525083	1.7987466431567865	0.06477021749571694	1.7987466431567856	0.06477021749571714	1.8037316227477767	0.1789631992072407	7.954041118315921	85.18698904600521	2.3754791912985156	0.9828447574826474	29.467435641944213	443.17336009850925	-1.0824441313504856
3.060005016722408	7.989966555183947	1.8020726257514956	0.0641973245014278	1.8020726257514954	0.06419732450142786	1.808725857889572	0.17740803089830018	7.955075995175942	85.57054996806646	2.3790297689492492	0.9828425347387408	29.510378823430543	448.5789203729403	-1.0824441313504856
3.060005016722408	8.02675585284281	1.8052963196315657	0.06364988616835267	1.8052963196315657	0.06364988616835275	1.813608665326181	0.1758959950152004	7.956061613801783	85.94578676575394	2.3825160835910637	0.9828402567694284	29.552558194899813	454.00520732517657	-1.0824441313504856
3.060005016722408	8.063545150501673	1.8084237495837947	0.06312609092435004	1.8084237495837951	0.06312609092434997	1.8183848523822939	0.17442498534100906	7.957001044192362	86.31305862783239	2.3859405272422816	0.9828379336261253	29.594000701575712	459.4525919335284	-1.0824441313504856
3.060005016722408	8.100334448160535	1.8114604498077005	0.06262429518580247	1.8114604498077	0.06262429518580263	1.8230589352974667	0.17299303922158282	7.957897140075839	86.67270284217697	2.38930537273946	0.9828355749933978	29.634731964104507	464.9214301138374	-1.0824441313504856
3.060005016722408	8.137123745819398	1.8144115143055661	0.06214300425966622	1.8144115143055655	0.062143004259666415	1.827635160933815	0.17159832532862218	7.958752555880076	87.02503644991802	2.3926127800909107	0.9828331901619136	29.674776351167022	470.4120631899928	-1.0824441313504856
3.060005016722408	8.173913043478262	1.81728164104802	0.061680855807970475	1.8172816410480193	0.06168085580797064	1.832117526652853	0.1702391326451584	7.9595697623108315	87.37035775698048	2.39586480261664	0.9828307880115488	29.71415704916975	475.9248184115185	-1.0824441313504856
3.060005016722408	8.210702341137123	1.8200751708099865	0.06123660548021582	1.8200751708099863	0.061236605480215894	1.8365097985200034	0.16891386053704863	7.960351060638949	87.7089477159123	2.3990633928405476	0.9828283770024501	29.752896128747686	481.46000949944386	-1.0824441313504856
3.060005016722408	8.247491638795987	1.8227961214257449	0.0608091143873677	1.8227961214257455	0.060809114387367566	1.840815527984136	0.16762100979028663	7.961098595796312	88.04107118986478	2.402210408114614	0.9828259651722883	29.79101460794379	487.01793720625614	-1.0824441313504856
3.060005016722408	8.284280936454849	1.8254482180921514	0.06039733814638073	1.825448218092152	0.06039733814638056	1.8450380671678848	0.16635917450828314	7.961814368376474	88.36697810956113	2.405307615964931	0.9828235601383013	29.828532512024857	492.5988898792806	-1.0824441313504856
3.060005016722408	8.321070234113712	1.8280349202510195	0.060000317269027874	1.8280349202510193	0.060000317269027936	1.84918058289339	0.1651270347757982	7.96250024563092	88.68690453313171	2.408356699156956	0.9828211691030078	29.865468929962933	498.20314401961156	-1.0824441313504856
3.060005016722408	8.357859531772576	1.8305594455004168	0.05961716870548862	1.8305594455004177	0.05961716870548849	1.8532460695571953	0.16392335000726846	7.963157971546235	89.00107361777778	2.4113592604825858	0.9828187988626962	29.901842067658286	503.8309648307954	-1.0824441313504856
3.060005016722408	8.394648829431437	1.833024790917411	0.05924707838321658	1.8330247909174107	0.05924707838321669	1.8572373609578718	0.16274695290691932	7.96378917608116	89.30969651138108	2.414316827275423	0.9828164558179759	29.93766929801258	509.48260675312264	-1.0824441313504856
3.060005016722408	8.431438127090301	1.8354337521188506	0.05888929460639051	1.8354337521188506	0.0588892946063906	1.8611571411706338	0.16159674397649865	7.964395383636942	89.61297317141458	2.4172308556632607	0.9828141459858231	29.972967207983213	515.1583139806687	-1.0824441313504856
3.060005016722408	8.468227424749164	1.8377889403397676	0.05854312220179721	1.8377889403397665	0.058543122201797436	1.865007954554226	0.1604716865139257	7.964978020827976	89.9110931177847	2.4201027345683808	0.9828118750126688	30.007751642761118	520.8583209591592	-1.0824441313504856
3.060005016722408	8.505016722408026	1.8400927977697352	0.05820791731403471	1.8400927977697357	0.05820791731403461	1.8687922149675662	0.15937080205261023	7.965538423614349	90.20423612560529	2.42293378946733	0.9828096481881697	30.04203774722139	526.5828528634737	-1.0824441313504856
3.060005016722408	8.54180602006689	1.8423476113543207	0.05788308276717054	1.8423476113543202	0.05788308276717061	1.8725122142662085	0.1582931661969236	7.966077843852541	90.49257286331455	2.4257252859223986	0.9828074704593784	30.075840004798636	532.3321260541945	-1.0824441313504856
3.060005016722408	8.578595317725753	1.8445555252407744	0.05756806392189429	1.8445555252407753	0.05756806392189412	1.8761701301421396	0.1572379048142862	7.966597455315588	90.77626548102657	2.428478432897245	0.9828053464450913	30.109172273937943	538.1063485130334	-1.0824441313504856
3.060005016722408	8.615384615384615	1.8467185520231133	0.0572623449672569	1.8467185520231129	0.057262344967257	1.8797680333641957	0.15620419054876697	7.967098359229075	91.05546815351802	2.431194385868799	0.9828032804501945	30.14204782226661	543.9057202571881	-1.0824441313504856
3.060005016722408	8.652173913043478	1.8488385829219158	0.056965445594470844	1.8488385829219154	0.05696544559447096	1.8833078944714097	0.1551912396248798	7.967581589365919	91.33032758185824	2.433874249747847	0.9828012764798807	30.174479358632166	549.7304337331531	-1.0824441313504856
3.060005016722408	8.688963210702342	1.8509173970162631	0.05667691800748356	1.8509173970162633	0.05667691800748348	1.8867915899660488	0.15419830891376468	7.96804811673793	91.60098345726146	2.436519081619599	0.982799338253625	30.20647906313916	555.5806741903446	-1.0824441313504856
3.060005016722408	8.725752508361204	1.852956669630943	0.05639634423102855	1.8529566696309427	0.05639634423102861	1.8902209080492263	0.1532246932368501	7.968498853919522	91.86756889043367	2.439129893315714	0.9827974692188453	30.23805861531686	561.4566200353283	-1.0824441313504856
3.060005016722408	8.762541806020067	1.854957979969017	0.05612333368206616	1.8549579799690166	0.0561233336820662	1.8935975539376737	0.15226972288478302	7.96893465903523	92.13021080935548	2.441707653828376	0.982795672564191	30.26922922053939	567.3584431673361	-1.0824441313504856
3.060005016722408	8.799331103678929	1.856922818068974	0.05585752097492434	1.8569228180689745	0.055857520974924274	1.8969231547967358	0.15133276133174237	7.9693563394399325	92.3890303281694	2.4442532915765574	0.9827939512324135	30.300001634814222	573.2863092958576	-1.0824441313504856
3.060005016722408	8.836120401337793	1.8588525911561447	0.055598563934238655	1.858852591156145	0.0555985639342386	1.900199264321356	0.15041320312731898	7.969764655117883	92.64414308958564	2.446767696534012	0.9827923079327939	30.330386188046955	579.2403782411096	-1.0824441313504856
3.060005016722408	8.872909698996656	1.8607486294500544	0.05534614179300098	1.8607486294500546	0.05534614179300095	1.9034273669941129	0.14951047194994646	7.970160321824665	92.89565958301039	2.449251722228184	0.9827907451531102	30.36039280588611	585.220804218285	-1.0824441313504856
3.060005016722408	8.909698996655518	1.8626121914818923	0.05509995355587651	1.8626121914818927	0.055099953555876435	1.9066088820462999	0.14862401880755763	7.970544013993289	93.14368544036856	2.451706187618226	0.9827892651711301	30.390031030240294	591.2277361062658	-1.0824441313504856
3.060005016722408	8.946488294314381	1.8644444689704511	0.054859716510301505	1.864444468970451	0.054859716510301575	1.9097451671461219	0.14775332037250505	7.970916367424341	93.38832171144168	2.454131878860279	0.9827878700656314	30.419310038558848	597.2613177017248	-1.0824441313504856
3.060005016722408	8.983277591973245	1.8662465912992963	0.054625164869986725	1.8662465912992965	0.054625164869986705	1.9128375218356817	0.1468978774391172	7.971277981778106	93.6296651203607	2.456529550967366	0.9827865617269489	30.44823866195813	603.3216879593526	-1.0824441313504856
3.060005016722408	9.020066889632107	1.8680196296331635	0.05439604853726517	1.8680196296331637	0.05439604853726516	1.9158871907365111	0.1460572134933877	7.971629422884748	93.86780830474578	2.4588999293707943	0.982785341867054	30.476825402270194	609.4089812189679	-1.0824441313504856
3.060005016722408	9.05685618729097	1.8697646007075504	0.05417213197227708	1.8697646007075495	0.0541721319722772	1.9188953665417148	0.14523087338531285	7.97197122488747	94.10284003885725	2.4612437113895598	0.9827842120291775	30.505078448086188	615.5233274202453	-1.0824441313504856
3.060005016722408	9.093645484949834	1.871482470321762	0.05395319315836589	1.8714824703217618	0.05395319315836591	1.921863192811205	0.14441842209529723	7.972303892232162	94.33484544199972	2.4635615676137923	0.9827831735969851	30.533005689861017	621.6648523057656	-1.0824441313504856
3.060005016722408	9.130434782608695	1.8731741565624942	0.053739022654250214	1.8731741565624942	0.05373902265425023	1.9247917665850518	0.14361944358686451	7.972627901515739	94.56390617331084	2.465854143207857	0.9827822278033197	30.560614734141616	627.8336776130583	-1.0824441313504856
3.060005016722408	9.167224080267559	1.8748405327821867	0.05352942272458538	1.8748405327821855	0.053529422724585614	1.927682140828671	0.14283353973863847	7.972943703204493	94.79010061396993	2.46812205913831	0.9827813757385248	30.587912916976162	634.0299212562504	-1.0824441313504856
3.060005016722408	9.20401337792642	1.876482430353936	0.05332420654144128	1.8764824303539358	0.05332420654144132	1.9305353267224525	0.14206032934920262	7.973251723232593	95.01350403777177	2.470365913331622	0.982780618358363	30.614907316558245	640.253697497944	-1.0824441313504856
3.060005016722408	9.240802675585284	1.8781006412225234	0.05312319745002974	1.878100641222524	0.053123197450029594	1.9333522958073435	0.1412994472090357	7.973552364490206	95.23418877093312	2.4725862817661928	0.9827799564915461	30.641604765155837	646.5051171118896	-1.0824441313504856
3.060005016722408	9.277591973244148	1.8796959202691232	0.052926228292729284	1.8796959202691235	0.05292622829272923	1.9361339819968626	0.1405505432342542	7.973846008209591	95.45222434191876	2.47478371950283	0.9827793908468916	30.668011860370726	652.7842875369599	-1.0824441313504856
3.060005016722408	9.31438127090301	1.8812689875056339	0.052733140786065946	1.881268987505634	0.05273314078606588	1.9388812834653542	0.1398132816573377	7.974133015257251	95.66767762202254	2.476958761657708	0.982778922020122	30.69413497577271	659.0913130229884	-1.0824441313504856
3.060005016722408	9.351170568561873	1.882820530112882	0.05254378494587736	1.8828205301128815	0.0525437849458775	1.9415950644212165	0.1390873402704757	7.974413727339014	95.88061295736024	2.479111924321366	0.9827785505003226	30.71998027094723	665.426294768895	-1.0824441313504856
3.060005016722408	9.387959866220736	1.8843512043357284	0.052358018556358396	1.8843512043357282	0.05235801855635848	1.9442761567734066	0.1383724097175185	7.974688468124866	96.09109229289552	2.481243705427245	0.9827782766760728	30.74555370099483	671.7893310535885	-1.0824441313504856
3.060005016722408	9.424749163879598	1.885861637246704	0.05217570667914156	1.8858616372467045	0.0521757066791415	1.9469253616985698	0.13766819283090193	7.974957544299292	96.29917528905126	2.483354585572815	0.9827781008412652	30.770861025515853	678.1805173600292	-1.0824441313504856
3.060005016722408	9.461538461538462	1.8873524283888912	0.05199672119892211	1.8873524283888907	0.05199672119892222	1.9495434511158312	0.1369744040101838	7.975221246542771	96.504919431432	2.4854450287963306	0.9827780232006285	30.795907817113516	684.5999464928748	-1.0824441313504856
3.060005016722408	9.498327759197325	1.8888241513077093	0.051820940402494804	1.8888241513077095	0.051820940402494776	1.9521311690756125	0.13629076863914022	7.975479850449634	96.7083801341348	2.4875154833120052	0.9827780438749684	30.820699469445405	691.0477086901151	-1.0824441313504856
3.060005016722408	9.535117056856187	1.890277354980218	0.05164824858839066	1.8902773549802183	0.051648248588390636	1.9546892330681456	0.13561702253864205	7.975733617386484	96.90961083707364	2.4895663822059646	0.9827781629061382	30.84524120484986	697.5238917289391	-1.0824441313504856
3.060005016722408	9.57190635451505	1.8917125651501445	0.05147853570452428	1.8917125651501445	0.05147853570452424	1.9572183352573789	0.13495291145270308	7.975982795295996	97.10866309774221	2.491598144095621	0.9827783802617552	30.86953808157517	704.0285810263019	-1.0824441313504856
3.060005016722408	9.608695652173912	1.8931302855757117	0.051311697011559396	1.893130285575712	0.051311697011559375	1.9597191436450323	0.1342981905653745	7.976227619449605	97.30558667777139	2.4936111737544926	0.9827786958396725	30.89359500063419	710.5618597343818	-1.0824441313504856
3.060005016722408	9.645484949832776	1.8945309991970063	0.05114763276988052	1.894530999197006	0.05114763276988053	1.962192303169546	0.13365262404630002	7.976468313152948	97.50042962463674	2.4956058627046604	0.9827791094722212	30.91741671230783	717.123808831298	-1.0824441313504856
3.060005016722408	9.68227424749164	1.8959151692288825	0.05098624794826904	1.895915169228883	0.05098624794826893	1.9646384367441245	0.13301598462294512	7.976705088407242	97.6932383488294	2.4975825897787343	0.9827796209302321	30.941007822318046	723.7145072073123	-1.0824441313504856
3.060005016722408	9.719063545150501	1.8972832401849664	0.05082745195254925	1.8972832401849664	0.0508274519525493	1.9670581462378631	0.13238805317766042	7.976938146529774	97.88405769678766	2.4995417216531486	0.9827802299268495	30.964372797689766	730.3340317467793	-1.0824441313504856
3.060005016722408	9.755852842809364	1.898635638837838	0.050671158372627215	1.8986356388378376	0.050671158372627326	1.9694520134036182	0.13176861836788772	7.977167678736329	98.07293101986455	2.5014836133545404	0.9827809361211486	30.98751597232098	736.9824574061339	-1.0824441313504856
3.060005016722408	9.792642140468228	1.8999727751199578	0.05051728474649537	1.8999727751199578	0.050517284746495375	1.9718206007559438	0.13115747626795624	7.9773938666880575	98.25990023957714	2.503408608740637	0.9827817391215621	31.010441552276472	743.6598572880329	-1.0824441313504856
3.060005016722408	9.82943143812709	1.9012950429697064	0.050365752339881525	1.9012950429697066	0.05036575233988148	1.974164452402346	0.13055443003101685	7.9776168830054	98.44500590938209	2.505317040957322	0.9827826384891326	31.03315362082307	750.3663027120023	-1.0824441313504856
3.060005016722408	9.866220735785953	1.9026028211263142	0.05021648594036355	1.9026028211263146	0.050216485940363396	1.9764840948306497	0.1299592895697977	7.977836891751068	98.6282872731853	2.5072092328730493	0.9827836337405926	31.05565614321932	757.1018632816417	-1.0824441313504856
3.060005016722408	9.903010033444817	1.9038964738773991	0.05006941366484175	1.9038964738773985	0.0500694136648419	1.9787800376553142	0.12937187125493826	7.9780540488844025	98.80978232079684	2.5090854974920918	0.9827847243512866	31.077952971275515	763.8666069487083	-1.0824441313504856
3.060005016722408	9.939799331103679	1.9051763517622973	0.04992446677938703	1.9051763517622968	0.049924466779387125	1.9810527743251	0.12879199762977595	7.97826850268878	98.98952784051107	2.5109461383476654	0.9827859097579398	31.100047847695382	770.6606000741455	-1.0824441313504856
3.060005016722408	9.976588628762542	1.9064427922342997	0.049781579530540264	1.9064427922343006	0.04978157953054014	1.9833027827944991	0.12821949714052536	7.978480394174006	99.16755946899136	2.5127914498761506	0.9827871893612826	31.121944410212716	777.4839074862815	-1.0824441313504856
3.060005016722408	10.013377926421406	1.9076961202845832	0.04964068898722733	1.9076961202845828	0.04964068898722744	1.9855305261611027	0.12765420388087206	7.978689857455282	99.34391173862143	2.5146217177734593	0.982788562528539	31.143646195534124	784.3365925363431	-1.0824441313504856
3.060005016722408	10.050167224080267	1.9089366490303834	0.04950173489252745	1.9089366490303834	0.04950173489252746	1.9877364532709103	0.12709595735008072	7.978897020110263	99.51861812247289	2.516437219334506	0.9827900285957843	31.16515664309841	791.2187171514182	-1.0824441313504856
3.060005016722408	10.08695652173913	1.9101646802698427	0.04936465952458048	1.9101646802698429	0.049364659524580405	1.9899209992934916	0.12654460222377328	7.979102003515631	99.6917110770313	2.5182382237767302	0.9827915868701803	31.186479098662826	798.1303418850031	-1.0824441313504856
3.060005016722408	10.123745819397993	1.9113805050056754	0.04922940756599578	1.9113805050056756	0.04922940756599572	1.9920845862687382	0.1259999881366004	7.979304923164431	99.86322208281018	2.520024992548522	0.9827932366320925	31.20761681772522	805.0715259652579	-1.0824441313504856
3.060005016722408	10.160535117056856	1.9125844039397735	0.04909592598115329	1.9125844039397732	0.0490959259811533	1.994227623626925	0.12546196947607216	7.979505888965588	100.03318168298064	2.521797779623442	0.9827949771370978	31.22857296879188	812.0423273411429	-1.0824441313504856
3.060005016722408	10.19732441471572	1.9137766479405316	0.048964163900861585	1.9137766479405312	0.04896416390086164	1.9963505086835025	0.12493040518688629	7.97970500552643	100.20161952012322	2.5235568317808723	0.9827968076178862	31.249350636497915	819.0428027264473	-1.0824441313504856
3.060005016722408	10.234113712374581	1.9149574984847317	0.048834072513855444	1.9149574984847313	0.048834072513855555	1.9984536271101683	0.12440515858511211	7.979902372419565	100.36856437121673	2.525302388873936	0.9827987272860622	31.26995282458918	826.0730076419171	-1.0824441313504856
3.060005016722408	10.270903010033445	1.9161272080755336	0.048705604964676255	1.9161272080755334	0.04870560496467633	2.0005373533834763	0.12388609718165687	7.980098084434876	100.53404418095771	2.527034684085316	0.9828007353338528	31.290382458772555	833.1329964555346	-1.0824441313504856
3.060005016722408	10.307692307692308	1.9172860206381352	0.0485787162574947	1.9172860206381352	0.04857871625749463	2.002602051212316	0.12337309251445772	7.980292231817731	100.69808609350976	2.5287539441716014	0.9828028309357243	31.310642389441377	840.2228224210432	-1.0824441313504856
3.060005016722408	10.34448160535117	1.9184341718944222	0.04845336316548893	1.9184341718944224	0.04845336316548892	2.004648073945337	0.12286601998890431	7.980484900494047	100.86071648276312	2.530460389696759	0.9828050132499138	31.330735394282527	847.3425377148102	-1.0824441313504856
3.060005016722408	10.381270903010034	1.919571889717976	0.04832950414540137	1.9195718897179763	0.04832950414540132	2.006675764959532	0.12236475872600339	7.9806761722832125	101.02196098119407	2.5321542352553297	0.9828072814198809	31.350664180771528	854.4921934711373	-1.0824441313504856
3.060005016722408	10.418060200668897	1.9206993944705972	0.04820709925693777	1.9206993944705968	0.04820709925693787	2.0086854580309303	0.1218691914178518	7.980866125099473	101.1818445073954	2.533835689685843	0.9828096345756814	31.370431388561034	861.6718398160601	-1.0824441313504856
3.060005016722408	10.454849498327759	1.9218168993214724	0.04808611008669514	1.9218168993214721	0.048086110086695215	2.010677477688399	0.12137920418999971	7.981054833142531	101.34039129235241	2.535504956274954	0.9828120718352678	31.390039591768254	868.8815258997372	-1.0824441313504856
3.060005016722408	10.491638795986622	1.9229246105500226	0.04796649967632487	1.9229246105500217	0.04796649967632501	2.0126521395514345	0.12089468647032003	7.981242367077918	101.49762490452925	2.5371622329527757	0.9828145923057212	31.409491301166238	876.1212999274801	-1.0824441313504856
3.060005016722408	10.528428093645484	1.924022727833411	0.04784823245466108	1.9240227278334114	0.047848232454661015	2.014609750652829	0.12041553086401809	7.98142879420786	101.65356827383205	2.5388077124798456	0.9828171950844174	31.428788966283932	883.3912091894994	-1.0824441313504856
3.060005016722408	10.565217391304348	1.925111444519647	0.04773127417355905	1.9251114445196464	0.047731274173559164	2.0165506097470205	0.11994163303444065	7.981614178633172	101.80824371450889	2.5404415826261992	0.9828198792601297	31.44793497741984	890.6913000894684	-1.0824441313504856
3.060005016722408	10.602006688963211	1.9261909478870358	0.04761559184722135	1.9261909478870358	0.04761559184722135	2.018475007604794	0.11947289158937661	7.981798581406582	101.96167294703598	2.54206402634282	0.9828226439140728	31.466931667572673	898.0216181718704	-1.0824441313504856
3.060005016722408	10.638795986622073	1.9272614193908746	0.04750115369478251	1.9272614193908755	0.04750115369478232	2.0203832272951523	0.11900920797253986	7.981982060678157	102.1138771190509	2.543675221925972	0.9828254881208909	31.485781314293913	905.382208148287	-1.0824441313504856
3.060005016722408	10.675585284280936	1.9283230348980298	0.047387929085961636	1.9283230348980303	0.04738792908596153	2.0222755444549034	0.11855048635996493	7.982164671833097	102.26487682537426	2.5452753431746467	0.98282841094959	31.504486141465172	912.7731139225897	-1.0824441313504856
3.060005016722408	10.7123745819398	1.929375964910207	0.04727588848958299	1.9293759649102067	0.047275888489583	2.0241522275467534	0.11809663356104064	7.982346467622636	102.41469212717712	2.546864559541623	0.9828314114644232	31.523048321005533	920.1943786152115	-1.0824441313504856
3.060005016722408	10.749163879598662	1.9304203747763813	0.04716500342480803	1.9304203747763815	0.047165003424808005	2.026013538106268	0.11764755892395551	7.982527498287997	102.56334257032186	2.548443036278206	0.9828344887257233	31.541469974509734	927.6460445863596	-1.0824441313504856
3.060005016722408	10.785953177257525	1.9314564248951798	0.047055246414897285	1.931456424895179	0.04705524641489743	2.027859730978472	0.11720317424530326	7.982707811678244	102.71084720293484	2.5500109345732036	0.982837641790693	31.55975317482308	935.1281534584174	-1.0824441313504856
3.060005016722408	10.822742474916389	1.9324842709076082	0.046946590943367124	1.9324842709076082	0.04694659094336714	2.029691054544451	0.11676339368364785	7.982887453362022	102.85722459223513	2.551568411686191	0.9828408697141485	31.577899947553746	942.6407461373916	-1.0824441313504856
3.060005016722408	10.85953177257525	1.933504063880808	0.04683901141238499	1.933504063880808	0.04683901141238497	2.0315077509385713	0.11632813367683088	7.983066466733814	103.00249284066786	2.5531156210755417	0.9828441715492247	31.595912272527567	950.1838628336225	-1.0824441313504856
3.060005016722408	10.896321070234114	1.9345159504831921	0.046732483103285816	1.9345159504831921	0.04673248310328585	2.033310056256668	0.11589731286284097	7.983244893114747	103.14666960136633	2.5546527125212695	0.9828475463480374	31.61379208518588	957.7575430816283	-1.0824441313504856
3.060005016722408	10.933110367892976	1.9355200731515276	0.04662698213907629	1.9355200731515274	0.046626982139076324	2.0350982007557237	0.11547085200405603	7.9834227718484785	103.28977209298309	2.5561798322430875	0.982850993162312	31.631541277930655	965.3618257592543	-1.0824441313504856
3.060005016722408	10.96989966555184	1.93651657025036	0.04652248544881457	1.9365165702503608	0.04652248544881443	2.036872409045426	0.11504867391469112	7.983600140392314	103.43181711391723	2.557697123013806	0.9828545110439729	31.649161701418443	972.9967491060767	-1.0824441313504856
3.060005016722408	11.006688963210703	1.9375055762241502	0.046418970733763824	1.9375055762241504	0.04641897073376377	2.0386329002719283	0.11463070339129763	7.983777034403728	103.57282105596376	2.5592047242682776	0.9828580990457014	31.66665516580526	980.6623507410972	-1.0824441313504856
3.060005016722408	11.043478260869565	1.9384872217426234	0.046316416435205926	1.9384872217426237	0.04631641643520589	2.0403798882943556	0.11421686714614657	7.983953487822864	103.71279991742354	2.5607027722082294	0.9828617562214607	31.684023441946017	988.3586676798593	-1.0824441313504856
3.060005016722408	11.080267558528428	1.9394616338395363	0.04621480170383706	1.9394616338395358	0.046214801703837134	2.0421135818541676	0.1138070937433755	7.9841295329508	103.8517693156839	2.562191399902961	0.98286548162699	31.701268262548503	996.0857363508604	-1.0824441313504856
3.060005016722408	11.117056856187292	1.9404289360453357	0.04611410637064333	1.9404289360453357	0.04611410637064332	2.0438341847379347	0.1134013135377436	7.984305200524144	103.98974449930908	2.5636707373862704	0.9828692743202698	31.718391323285605	1003.8435926114121	-1.0824441313504856
3.060005016722408	11.153846153846153	1.9413892485139135	0.04601431091918634	1.9413892485139137	0.04601431091918629	2.0455418959336344	0.11299945861588781	7.984480519785915	104.12674035965131	2.5651409117496446	0.9828731333619598	31.735394283866306	1011.6322717628875	-1.0824441313504856
3.060005016722408	11.190635451505017	1.9423426881438934	0.045915396459205726	1.9423426881438934	0.045915396459205664	2.047236909780984	0.11260146273993855	7.984655518553187	104.26277144201744	2.566602047232029	0.9828770578158103	31.752278769068752	1019.4518085654889	-1.0824441313504856
3.060005016722408	11.22742474916388	1.9432893686945827	0.045817344701483145	1.943289368694583	0.04581734470148313	2.0489194161158717	0.11220726129340317	7.9848302232813415	104.39785195639858	2.5680542653061615	0.9828810467490479	31.76904636973542	1027.3022372524235	-1.0824441313504856
3.060005016722408	11.264214046822742	1.9442294008969545	0.04572013793388861	1.9442294008969545	0.04572013793388861	2.0505896004092836	0.1118167912291968	7.9850046591253045	104.53199578779117	2.56949768476173	0.9828850992327387	31.785698643732974	1035.1835915436102	-1.0824441313504856
3.060005016722408	11.301003344481606	1.9451628925598905	0.04562375899854693	1.9451628925598905	0.045623758998546926	2.052247643900964	0.11142999101972274	7.985178849997952	104.66521650612637	2.570932421785485	0.9828892143421286	31.80223711687834	1043.0959046589223	-1.0824441313504856
3.060005016722408	11.33779264214047	1.946089948671902	0.045528191270066805	1.946089948671902	0.045528191270066805	2.053893723727999	0.11104680060890788	7.98535281862567	104.79752737582332	2.572358590038376	0.9828933911569605	31.81866328383184	1051.0392093309358	-1.0824441313504856
3.060005016722408	11.37458193979933	1.9470106714985624	0.04543341863477494	1.9470106714985638	0.04543341863477476	2.05552801304858	0.11066716136610294	7.985526586601349	104.92894136498425	2.573776300729907	0.982897628761774	31.83497860895932	1059.0135378172617	-1.0824441313504856
3.060005016722408	11.411371237458194	1.9479251606758519	0.045339425470902944	1.9479251606758516	0.045339425470903	2.057150681161147	0.11029101604176192	7.985700174434867	105.05947115424695	2.5751856626897767	0.9829019262461824	31.851184527164154	1067.018921912443	-1.0824441313504856
3.060005016722408	11.448160535117056	1.9488335132996637	0.04524619662967208	1.9488335132996635	0.045246196629672074	2.0587618936191774	0.10991830872481306	7.985873601601314	105.18912914531317	2.5765867824369972	0.9829062827051348	31.867282444690986	1075.055392959475	-1.0824441313504856
3.060005016722408	11.48494983277592	1.9497358240115734	0.04515371741723751	1.9497358240115732	0.045153717417237525	2.0603618123416876	0.10954898480165759	7.986046886586879	105.31792746916021	2.5779797642464906	0.9829106972391567	31.88327373990166	1083.1229818609168	-1.0824441313504856
3.060005016722408	11.521739130434783	1.950632185081113	0.04506197357744157	1.950632185081113	0.045061973577441516	2.0619505957197446	0.10918299091671099	7.986220046932646	105.44587799395497	2.5793647102133357	0.9829151689545776	31.899159764024688	1091.2217190896154	-1.0824441313504856
3.060005016722408	11.558528428093645	1.9515226864847142	0.04497095127533457	1.9515226864847146	0.04497095127533452	2.063528398719133	0.1088202749344224	7.986393099276449	105.57299233268299	2.5807417203147898	0.9829196969637403	31.9149418418799	1099.3516346991285	-1.0824441313504856
3.060005016722408	11.595317725752508	1.9524074159814153	0.044880637081430655	1.9524074159814155	0.044880637081430676	2.0650953729792594	0.10846078590271224	7.986566059392659	105.699281850499	2.582110892470054	0.9829242803851956	31.93062127257798	1107.512758333724	-1.0824441313504856
3.060005016722408	11.632107023411372	1.9532864591856018	0.04479101795664879	1.953286459185602	0.04479101795664881	2.0666516669086263	0.10810447401775153	7.986738942230338	105.82475767182153	2.5834723225980705	0.9829289183438842	31.94619933019786	1115.7051192381514	-1.0824441313504856
3.060005016722408	11.668896321070234	1.9541598996367935	0.044702081237918544	1.9541598996367935	0.04470208123791854	2.0681974257768383	0.1077512905900395	7.986911761949556	105.94943068717107	2.584826104673238	0.9829336099713026	31.96167726444077	1123.9287462670188	-1.0824441313504856
3.060005016722408	11.705685618729097	1.9550278188666903	0.044613814624408006	1.9550278188666907	0.04461381462440797	2.0697327918033896	0.10740118801171482	7.987084531956055	106.07331155976877	2.586172330779227	0.9829383544056576	31.97705630126314	1132.1836678938928	-1.0824441313504856
3.060005016722408	11.74247491638796	1.9558902964635825	0.04452620616434692	1.9558902964635825	0.04452620616434694	2.071257904243349	0.10705411972504743	7.987257264934386	106.19641073190509	2.587511091160981	0.9829431507920081	31.992337643488877	1140.469912220114	-1.0824441313504856
3.060005016722408	11.779264214046822	1.9567474101342586	0.04443924424241317	1.9567474101342586	0.04443924424241317	2.072772899470069	0.1067100401920634	7.987429972879586	106.31873843108735	2.5888424742749474	0.9829479982823955	32.00752247140199	1148.787506983346	-1.0824441313504856
3.060005016722408	11.816053511705686	1.9575992357634868	0.04435291756765922	1.9575992357634868	0.04435291756765926	2.0742779110550136	0.10636890486525356	7.987602667127366	106.44030467597369	2.5901665668375915	0.9829528960359628	32.022611943319646	1157.1364795658194	-1.0824441313504856
3.060005016722408	11.852842809364548	1.9584458474712412	0.0442672151619456	1.9584458474712416	0.04426721516194553	2.0757730698448844	0.10603067015931661	7.987775358383018	106.5611192821059	2.5914834538723084	0.982957843219062	32.03760719614746	1165.5168570023495	-1.0824441313504856
3.060005016722408	11.889632107023411	1.9592873176677104	0.044182126348864426	1.9592873176677106	0.044182126348864405	2.0772585040360814	0.10569529342390034	7.987948056749009	106.68119186744521	2.5927932187547693	0.9829628390053542	32.052509345916796	1173.9286659881036	-1.0824441313504856
3.060005016722408	11.926421404682275	1.9601237171062236	0.04409764074312435	1.9601237171062231	0.04409764074312444	2.0787343392466564	0.10536273291729366	7.988120771751333	106.80053185772073	2.5940959432567365	0.9829678825758971	32.06731948830507	1182.3719328860957	-1.0824441313504856
3.060005016722408	11.963210702341136	1.9609551149341926	0.044013748240375634	1.9609551149341922	0.044013748240375655	2.080200698585858	0.10503294778103052	7.988293512364778	106.91914849160061	2.595391707588495	0.9829729731192263	32.08203869914017	1190.8466837345154	-1.0824441313504856
3.060005016722408	12.	1.961781578742131	0.043930439007455246	1.9617815787421313	0.04393043900745519	2.081657702721333	0.10470589801537107	7.98846628703699	107.03705082568774	2.5966805904398393	0.9829781098314256	32.096668034888715	1199.35294425378	-1.0824441313504856