3.123228260869565	1.	4.856591265785616	9.219486286631466e-10	4.774500941772376	0.9999999987368322	6.195167126400715	0.000026036903593502647	12.769522082242673	434.9914486949081	13.784719738998035	0.9999889714622331	97.04972239344173	241.95895304880528	2.900665409390801
3.123228260869565	1.0367892976588629	4.7683648981532185	1.5714568229190182e-9	4.605066594899254	0.9999999969837624	6.072318442771233	0.00003343324433510951	12.635978744836077	424.03609105939665	13.295352875079983	0.9999852848908644	94.82125095828407	241.9557065859837	2.788681888260583
3.123228260869565	1.0735785953177257	4.6849153425480035	2.6012905878463726e-9	4.447241060630621	0.9999999932411431	5.955905531254538	0.000042407616913790325	12.507647524586206	413.6987954897194	12.839476966275257	0.9999807636207769	92.71319361103077	241.95139188283153	2.6821124675576478
3.123228260869565	1.1103678929765886	4.605831302954089	4.192420258802091e-9	4.299870093155703	0.9999999856949465	5.845396665337118	0.00005318925774062664	12.384225391077099	403.9270822295021	12.413758529408657	0.9999753120735363	90.71526970101344	241.9458280598674	2.5804115107057077
3.123228260869565	1.1471571906354514	4.5307486973235855	6.593297773207624e-9	4.16194753066871	0.9999999712422335	5.740318530491187	0.00006602500429478215	12.265431412134902	394.6742676591303	12.015292067464728	0.999968838299628	88.81837639639346	241.9388345603488	2.4831141964922634
3.123228260869565	1.1839464882943145	4.459343986406209	1.013832916469067e-8	4.032592291150877	0.9999999448171817	5.64024825644617	0.00008117927425304061	12.15100521328055	385.8986820961584	11.641533643627541	0.9999612554195249	87.01442224277864	241.9302350671487	2.3898210574904764
3.123228260869565	1.2207357859531773	4.3913286116746875	1.5269547421803556e-8	3.911029526446696	0.9999998984900337	5.5448067351327035	0.00009893401530472005	12.04070547259521	377.5630111302622	11.290246450453669	0.9999524828123171	85.2961885489543	241.91986106398232	2.3001861119747864
3.123228260869565	1.2575250836120402	4.3264443315269725	2.2561666344344092e-8	3.796575083216936	0.9999998203114104	5.453652986005228	0.00011958863831283414	11.93430847920574	369.63373826075536	10.959455918515143	0.9999424470458537	83.6572132458135	241.90755496200387	2.2139076206686443
3.123228260869565	1.294314381270903	4.264459289843799	3.275065461951221e-8	3.688622613041317	0.9999996928857203	5.366479380087242	0.00014345994578729844	11.831606771573462	362.0806710765746	10.647412467784118	0.9999310825546933	82.09169302274677	241.89317275031854	2.1307207935172356
3.123228260869565	1.3311036789297659	4.205164685329417	4.676592543044642e-8	3.5866328194308927	0.9999994916717804	5.283007572291813	0.00017088206685532192	11.732407863693913	354.8765366996586	10.352560424717137	0.9999183320812395	80.5944004279555	241.87658615915208	2.050391967377457
3.123228260869565	1.3678929765886287	4.1483719365621345	6.576619194859368e-8	3.490124439755576	0.999999183025139	5.202985021215748	0.00020220640908837827	11.636533061949367	347.9966349415112	10.073511945921084	0.9999041469015963	79.16061329657862	241.85768434700427	1.9727139085862684
3.123228260869565	1.4046822742474916	4.093910258285364	9.117899438318746e-8	3.398666644325987	0.9999987220134381	5.126181998783075	0.00023780163670827177	11.543816371854652	341.4185397764927	9.80902503214163	0.9998884868613654	77.78605439475966	241.83637513893405	1.8975019865682228
3.123228260869565	1.4414715719063544	4.041624580607958	1.247438610433213e-7	3.3118725997305933	0.9999980500521743	5.052389010361519	0.00027805368387556	11.45410349171529	335.1218414458779	9.557984903296363	0.9998713202482908	76.46683957642837	241.81258585285494	1.8245910296245467
3.123228260869565	1.4782608695652173	3.9913737555122735	1.685590251161472e-7	3.2293939938437397	0.9999970924219116	4.981414560442024	0.0003233658109851785	11.36725088887439	329.08792287358733	9.319388150324524	0.9998526235288054	75.19943307042982	241.78626375591625	1.7538327205653843
3.123228260869565	1.5150501672240804	3.9430290051752834	2.2513158140795645e-7	3.1509163592241913	0.9999957557385036	4.913083210512686	0.0003741587111755362	11.283124953482318	323.299765172988	9.092329192943971	0.999832380974547	73.98060876925052	241.75737619452832	1.6850934236268438
3.123228260869565	1.5518394648829432	3.8964725746833695	2.974309337922992e-7	3.0761550625323455	0.999993925454322	4.8472338850235	0.0004308706736134616	11.201601224386543	317.7417779118683	8.875988661540347	0.9998105842031434	72.80741659241673	241.72591044068358	1.6182523589698181
3.123228260869565	1.588628762541806	3.8515965582120653	3.88945355062667e-7	3.004851852056958	0.9999914634706915	4.783718388819602	0.000493957809558637	11.122563681675464	312.3996505238731	8.669623391975444	0.9997872316553108	71.67715315926098	241.69187329469366	1.553200059568902
3.123228260869565	1.625418060200669	3.8083018729885194	5.037414566589789e-7	2.9367718749221714	0.9999882059396095	4.722400105495269	0.0005638943467455689	11.045904100523716	307.260221843461	8.47255777830523	0.9997623280277848	70.58733613598397	241.6552904810942	1.4898370592434438
3.123228260869565	1.6622073578595318	3.7664973596179814	6.465263465695089e-7	2.871701091149826	0.999983961326828	4.663152851079387	0.0006411729972523014	10.971521461213534	302.3113652244502	8.284176273425086	0.9997358836789977	69.53568172748928	241.61620587075188	1.4280727711958445
3.123228260869565	1.6989966555183946	3.7260989908382824	8.227122397437033e-7	2.8094440243227154	0.9999785087990444	4.605859861531174	0.000726305403755258	10.899321410501503	297.54188710023834	8.103916863934145	0.9997079140218392	68.52008487050666	241.57468055858604	1.3678245245802538
3.123228260869565	1.7357859531772575	3.687029173624293	1.0384832766456913e-6	2.7498217987763374	0.9999715969860486	4.55041289587753	0.0008198226688976113	10.829215769830084	292.94143717312375	7.931265374885362	0.9996784389153998	67.53860175501198	241.53079182290585	1.3090167329527866
3.123228260869565	1.7725752508361203	3.6492161319207748	1.30086430212322e-6	2.692670421536955	0.9999629431550583	4.496711439599351	0.0009222759724223573	10.76112208622829	288.50042869380644	7.765750483995476	0.9996474820653352	66.58943435901473	241.48463198940922	1.251580173405092
3.123228260869565	1.8093645484949832	3.61259335923292	1.6177913584990784e-6	2.637839274007043	0.9999522328199504	4.444661995181597	0.0010342372807367955	10.694963222090278	284.2099675203464	7.6069393444380315	0.9996150704404568	65.67091672982303	241.43630722036133	1.1954513590872817
3.123228260869565	1.8461538461538463	3.5770991319252863	1.9981836536045923e-6	2.585189783975337	0.9999391197934703	4.394177448667396	0.001156300153677829	10.630666980354407	280.0617888368101	7.454433731397921	0.9995812337113468	64.78150278481868	241.38593624732607	1.1405719909278547
3.123228260869565	1.882943143812709	3.542676075432813	2.452016776222052e-6	2.534594253132807	0.9999232266764354	4.345176502669265	0.0012890806534320012	10.568165761923536	276.04820057218956	7.307866640809424	0.999546003715232	63.919755438092054	241.3336490640999	1.0868884768397187
3.123228260869565	1.919732441471572	3.509270776720035	2.990396947912243e-6	2.4859348190927064	0.9999041457650264	4.297583167645476	0.0014332183608251209	10.507396252464531	272.162032695196	7.166899279665811	0.9995094139500119	63.084336887192954	241.27958559504566	1.0343515086993105
3.123228260869565	1.9565217391304348	3.4768334372758325	3.6256361212730526e-6	2.439102534089099	0.9998814403458499	4.25132630439171	0.0015893775045281227	10.44829913600056	268.3965916745767	7.031218396403834	0.9994714990992083	62.27399991770764	241.22389435277324	0.9829156890038966
3.123228260869565	1.9933110367892977	3.4453175617325713	4.3713277600821265e-6	2.393996545180867	0.9998546463388908	4.206339211663821	0.0017582482091232626	10.390818832962614	264.74561949120863	6.900533907471669	0.9994322945886731	61.48758010316176	241.1667310981102	0.9325392004305348
3.123228260869565	2.0301003344481607	3.414679677875324	5.242423166282866e-6	2.3505233630101823	0.999823274240853	4.162559253665596	0.0019405478684332072	10.334903260596358	261.20325667021314	6.77457678255345	0.9993918361751353	60.723988794474224	241.10825751426157	0.8831835125986317
3.123228260869565	2.0668896321070234	3.384879084380736	6.2553082521172115e-6	2.308596208031723	0.9997868113157634	4.119927522831168	0.002137022651029811	10.280503613829016	257.7640088711701	6.6530971562705945	0.9993501595660637	59.98220680739136	241.04863990620433	0.8348131212256901
3.123228260869565	2.1036789297658864	3.3558776231122174	7.4278806926278245e-6	2.268134424702017	0.999744723976037	4.078388533924129	0.0023484491454059983	10.227574164888047	254.42271663406865	6.535862638683685	0.99930730006985	59.26127872840234	240.98804793541166	0.7873953155986424
3.123228260869565	2.140468227424749	3.3276394732132646	8.779627433967302e-6	2.229062955447155	0.9996964602953037	4.0378899459815285	0.002575636152907566	10.176072080131506	251.17452792958704	6.422656800725545	0.9992632922749647	58.56030776994054	240.9266533991236	0.7408999708909408
3.123228260869565	2.177257525083612	3.3001309645949184	0.000010331702576193204	2.1913118673521765	0.9996414525940365	3.998382309064138	0.002819426637180261	10.12595725269989	248.0148732059676	6.313277813921831	0.9992181697564708	57.87845111447999	240.86462906241167	0.6952993623610781
3.123228260869565	2.2140468227424748	3.273320408716768	0.000012107005695212664	2.1548159254702703	0.9995791200401413	3.9598188331463136	0.0030806998395821517	10.077192149732733	244.93944266229087	6.207537226498508	0.9991719648081061	57.21491569469067	240.80214755037068	0.6505679988906107
3.123228260869565	2.250836120401338	3.247177944820993	0.00001413026071702182	2.1195142074617976	0.999508871208967	3.9221551767985185	0.003360373570741638	10.029741673011339	241.94416551026623	6.105258860312575	0.9991247081980235	56.56895436330088	240.7393803067611	0.606682473672687
3.123228260869565	2.2876254180602005	3.221675400002858	0.00001642809550810208	2.0853497549652005	0.9994301065504173	3.88534925359159	0.003659406689196532	9.983573031993611	239.02519101456517	6.006277815040877	0.9990764289462212	55.939862411907185	240.6764966244553	0.5636213301586556
3.123228260869565	2.3244147157190636	3.1967861616941082	0.00001902912239857405	2.0522692576928265	0.9993422207147857	3.849361054390449	0.003978801778822765	9.938655628298633	236.17887112587067	5.91043956777452	0.9990271541216721	55.326974402800744	240.6136627520815	0.5213649416193566
3.123228260869565	2.3612040133779266	3.172485061302524	0.00002196401990927747	2.0202227667504378	0.999244604693351	3.814152483911768	0.0043196080375404585	9.894960950778678	233.40174454175204	5.8175991576376065	0.9989769086571739	54.729661282056576	240.5510410802462	0.4798954028869475
3.123228260869565	2.3979933110367893	3.148748267895735	0.000025265616010156777	1.989163434113061	0.9991366477345157	3.7796872101003998	0.004682924390554216	9.852462480385878	230.69052204870627	5.727620446317733	0.9989257151799873	54.14732774576503	240.48878940984926	0.43919643301978056
3.123228260869565	2.4347826086956523	3.12555319094299	0.00002896897329509933	1.9590472755626216	0.9990177390011475	3.7459305250362624	0.005069902842126167	9.811135604099848	228.04207301457978	5.640375446490284	0.9988735938563817	53.57940983443833	240.42706030404807	0.39925328778048585
3.123228260869565	2.471571906354515	3.1028783912384323	0.00003311147651754936	1.929832954714182	0.9988872689396494	3.7128492162214104	0.00548175208056333	9.770957537232269	225.45341291449594	5.555743711067858	0.9988205622482915	53.02537273338586	240.36600052465144	0.3600526809421764
3.123228260869565	2.508361204013378	3.0807034992251645	0.00003773292299179995	1.9014815860349763	0.9987446303360485	3.6804114472181464	0.005919741351696952	9.731907253464867	222.92169178560965	5.473611777029169	0.9987666351803648	52.48470875926018	240.30575055292223	0.3215827135407978
3.123228260869565	2.5451505016722407	3.059009140023638	0.000042875616426778476	1.8739565550007242	0.99858921903895	3.648586646716569	0.006385204616590036	9.69396542200825	220.44418351676723	5.3938726582989664	0.998711824615791	51.956935515094166	240.24644419409853	0.28383281027780477
3.123228260869565	2.5819397993311037	3.0377768645418355	0.000048584464822413376	1.8472233537421245	0.9984204343334446	3.6173454052055374	0.006879545009476737	9.657114351290632	218.01827588866675	5.316425382775421	0.9986561395393906	51.44159419801034	240.1882082643197	0.24679366234709715
3.123228260869565	2.6187290969899664	3.0169890861102275	0.000054907083123276946	1.8212494307159794	0.9982376789540097	3.5866593785071896	0.007404239611938875	9.621337938597742	215.6414612886062	5.241174569148564	0.9985995858465662	50.93824804542709	240.1311623581332	0.21045717601599945
3.123228260869565	2.6555183946488294	2.9966290221423906	0.00006189390139016281	1.7960040530936903	0.9980403587279871	3.556501197513088	0.007960844558963604	9.586621625086034	213.3113280315032	5.168030039632379	0.9985421662368252	50.44648090704037	240.07541869432012	0.17481642633333713
3.123228260869565	2.6923076923076925	2.9766806403739223	0.00006959827931751806	1.7714581806985141	0.9978278818443959	3.5268443835318917	0.008551000491688554	9.552952355581748	211.0255522257739	5.096906465154289	0.998483880110716	49.96589593114995	240.0210820374354	0.13986561536836076
3.123228260869565	2.729096989966555	2.957128609278446	0.0000780766279931133	1.7475843504445656	0.9975996577456239	3.497663268725329	0.009176438370167805	9.520318542555147	208.78189012896217	5.027723039916357	0.9984247234691445	49.49611435504805	239.96824969221151	0.10560003440405556
3.123228260869565	2.765886287625418	2.93795825230116	0.00008738853986578729	1.7243565703376655	0.9973550956419367	3.468932921172932	0.009838985657203307	9.48871003362215	206.57817094389213	4.960403182569524	0.9983646888141886	49.03677439021394	239.91701156780982	0.07201602951657586
3.123228260869565	2.802675585284281	2.9191555055879386	0.00009759692795717566	1.7017502221925829	0.9970936026507917	3.440629074167579	0.010540572880934226	9.458118081871397	204.41229001166292	4.894874261531155	0.9983037650506826	48.58753019397685	239.86745030881764	0.039110969969584894
3.123228260869565	2.839464882943144	2.9007068789224397	0.00010876817542335687	1.6797419723049665	0.9968145815646898	3.412728059405448	0.011283240579175638	9.428535318242272	202.2822023632102	4.831067342232547	0.9982419373880193	48.14805092013708	239.81964148993075	0.006883218837652359
3.123228260869565	2.8762541806020065	2.8825994196149964	0.00012097229664150688	1.6583096893904063	0.9965174282527508	3.3852067437962803	0.012069146622070252	9.399955725083535	200.18591659648035	4.768916954309677	0.9981791872418196	47.718019841776425	239.77365387128708	-0.024667894754011006
3.123228260869565	2.9130434782608696	2.86482067911648	0.0001342831110633934	1.6374323691692394	0.9962015287024946	3.358042469685563	0.012900573901019502	9.372374609902058	198.12148905174533	4.708360876953142	0.9981154921353453	47.29713354016853	239.72954971164512	-0.05554210242618552
3.123228260869565	2.9498327759197323	2.8473586821575205	0.00014877843114006792	1.6170900650345612	0.9958662557094712	3.3312129983502516	0.013779938360526114	9.345788578159443	196.08701826330375	4.649339940812643	0.9980508256007934	46.885101154308536	239.68738513678048	-0.08573822308543844
3.123228260869565	2.9866220735785953	2.830201898239426	0.00016454026567764858	1.5972638242935446	0.9955109652235488	3.3046964567068424	0.014709797334838334	9.320195503788995	194.08063967202148	4.591797845012016	0.9979851570809233	46.48164368614367	239.64721056078824	-0.11525418998357399
3.123228260869565	3.0234113712374584	2.813339215327919	0.00018165504002893223	1.5779356295192486	0.9951349923619612	3.2784712872567945	0.015692858132307013	9.295594495879104	192.10052059002481	4.535680987973956	0.9979184518318275	46.086493357097936	239.60907115831375	-0.14408707915993246
3.123228260869565	3.060200668896321	2.7967599156249183	0.00020021383455490527	1.559088344592182	0.9947376471007738	3.2525162013924063	0.01673198678616174	9.271985859696743	190.14485541663996	4.480938310881828	0.9978506708280896	45.69939301195901	239.57300738614282	-0.1722331402347902
3.123228260869565	3.096989966555184	2.7804536533172217	0.00022031264279761121	1.5407056650485598	0.9943182096584412	3.2268101362990658	0.017830216859805674	9.249371049899894	188.21186111363468	4.427521152720378	0.9977817706720788	45.32009556663231	239.5390555530005	-0.19968783064770573
3.123228260869565	3.1337792642140467	2.7644104342244615	0.00024205265078301662	1.5227720723857239	0.9938759255878209	3.2013322158204858	0.01899075815633779	9.227752613403197	186.29977295825805	4.375383115939718	0.9977117035097378	44.948363496675356	239.50724843685887	-0.22644585458166966
3.123228260869565	3.17056856187291	2.7486205972924105	0.00026554053880879796	1.5052727920050766	0.9934100005966112	3.1760617158059534	0.020217005134234012	9.20713411891196	184.40684060488428	4.324479941878868	0.9976404169559299	44.58396836391007	239.47761594954875	-0.2525012079836695
3.123228260869565	3.2073578595317724	2.7330747979015837	0.0002908888069543555	1.4881937544991217	0.9929195951210081	3.1509780346359384	0.02151254477215607	9.187520069619966	182.53132450057538	4.274769395166802	0.9975678540332547	44.22669037876674	239.45018584888422	-0.27784723128547645
3.123228260869565	3.2441471571906355	2.7177639929853714	0.0003182161253622232	1.471521560012123	0.9924038186837585	3.126060669828603	0.022881163553726113	9.168915794973609	180.6714927170278	4.226211156391969	0.9974939531292244	43.87631799635378	239.42498449894663	-0.3024766716436711
3.123228260869565	3.280936454849498	2.702679427976729	0.0003476477100612452	1.455243445423577	0.9918617240761133	3.101289201868267	0.02432685315570416	9.151327316740524	178.8256182815898	4.178766722396196	0.997418647977835	43.53264754456811	239.40203767953784	-0.3263817567528017
3.123228260869565	3.317725752508361	2.6878126256270987	0.00037931572470900843	1.4393472541199854	0.9912923014138602	3.0766432866697166	0.02585381431829991	9.134761183891488	176.9919771136741	4.13239931360553	0.997341867672881	43.195482882859764	239.38137144603618	-0.3495542825350327
3.123228260869565	3.3545150501672243	2.6731553767656866	0.00041335970809599316	1.4238214081334586	0.9906944721311135	3.052102658400652	0.02746645825251486	9.11922427002673	175.16884670029856	4.087073787859867	0.9972635367218521	42.86463509054169	239.36301304093243	-0.3719857172637116
3.123228260869565	3.391304347826087	2.6586997330905797	0.00044992702654512914	1.4086548824354104	0.990067082992272	3.0276471447270468	0.029169404795246955	9.104723526282877	173.35450567582657	4.042756560245938	0.9971835751509004	42.539922183794644	239.3469918582348	-0.3936673249223565
3.123228260869565	3.42809364548495	2.644438002103797	0.0004891733494249526	1.3938371811796892	0.9894089002229475	3.0032566969159205	0.030967476358347918	9.091265681892361	171.5472345060627	3.9994155284725386	0.9971018986731713	42.22116886073386	239.33334046137318	-0.41459031081269077
3.123228260869565	3.4648829431438126	2.6303627443187185	0.0005312631448372824	1.3793583156920688	0.9887186038850059	2.9789114376157837	0.0328656865346665	9.078856883909546	169.74531751518575	3.9570200033545935	0.9970184189346668	41.90820627408488	239.32209565435366	-0.43474599257352486
3.123228260869565	3.5016722408026757	2.6164667728775557	0.0005763701911109492	1.3652087840019855	0.9879947826491984	2.9545917295154216	0.03486922202708253	9.067502267175826	167.94704653428875	3.915540643992712	0.9969330438536966	41.6008718311396	239.31329960446502	-0.45412599981234847
3.123228260869565	3.5384615384615383	2.602743155714804	0.0006246780980096481	1.3513795517076925	0.9872359291509664	2.930278268423444	0.036983416364549326	9.0572054455202	166.1507264903108	3.874949397246644	0.9968456780717021	41.299009020706194	239.30700101266206	-0.4727225054253693
3.123228260869565	3.5752508361204014	2.589185220385383	0.0006763808295402871	1.3378620339580127	0.9864404361500256	2.9059522045659736	0.03921371367705432	9.047967915686185	164.3546832904024	3.835219441104885	0.9967562235346071	41.00246726670904	239.30325632474475	-0.4905284913145
3.123228260869565	3.612040133779264	2.575786561637555	0.0007316832179529406	1.3246480783231969	0.9856065937507166	2.881595295999387	0.041565620641825424	9.03978836679836	162.557274383975	3.7963251315483744	0.996664580224573	40.71110180790495	239.30213097246516	-0.5075380505085149
3.123228260869565	3.648829431438127	2.5625410517435436	0.0007908014560251319	1.3117299483149016	0.9847325879751946	2.857190097888194	0.04404464461845542	9.032661890648994	160.75690239548007	3.758241952493363	0.9965706470617033	40.42477360281922	239.30370062851657	-0.523746726553936
3.123228260869565	3.68561872909699	2.549442853497881	0.0008539635521535518	1.299100307302989	0.9838165010113776	2.8327201908906736	0.046656216004683594	9.026579092059006	158.95203220559677	3.7209464683789233	0.9964743229933827	40.14334925843948	239.3080524530195	-0.5391518893412612
3.123228260869565	3.722408026755853	2.536486435647121	0.0009214097303526159	1.2867522025668714	0.9828563134765724	2.808170450889855	0.04940559302315236	9.021525104426864	157.1412118047017	3.684416278939065	0.9963755082849632	39.8667009803956	239.31528630156367	-0.5537531441618236
3.123228260869565	3.759197324414716	2.5236665903191295	0.0009933927552977654	1.2746790492151976	0.9818499090386447	2.7835273606566857	0.052297747558897524	9.017478523667554	155.32309713604678	3.64862997567162	0.9962741060187856	39.594706541279095	239.3255158563182	-0.5675527676609886
3.123228260869565	3.7959866220735785	2.5109784517733003	0.001070178161481882	1.2628746137140092	0.9807950817106352	2.7587793615923673	0.0553372313796845	9.014410284278995	153.49648097189993	3.613567099490682	0.9961700237984633	39.32724926241314	239.33886963265164	-0.5805561604336373
3.123228260869565	3.8327759197324416	2.4984175154990282	0.0011520443659085245	1.2513329967853346	0.9796895460721592	2.7339172403616057	0.05852802315458584	9.012282514225193	151.66032561049056	3.5792080990328454	0.9960631756414933	39.064218002806655	239.35549180480913	-0.5927723013680357
3.123228260869565	3.869565217391304	2.48597965636274	0.001239282646128292	1.2400486154811	0.9785309505623038	2.708934540973353	0.0618733581882875	9.011047420254174	149.8137988366104	3.5455342890891663	0.9959534840254857	38.80550714730485	239.37554278668637	-0.604214183704088
3.123228260869565	3.9063545150501673	2.473661144170837	0.0013321969704290547	1.2290161843061966	0.9773168938270618	2.6838279878044253	0.0653755447146579	9.010646271155226	147.95631215607278	3.5125278086648946	0.9958408820320765	38.55101658424177	239.39919949916654	-0.6148992075558685
3.123228260869565	3.94314381270903	2.4614586547196518	0.0014311036750797618	1.2182306953627358	0.9760449438877299	2.6585978995087594	0.06903577287796303	9.01100856156128	146.0875598120673	3.4801715782383322	0.9957253155091639	38.30065166144332	239.42665525565175	-0.624849499014887
3.123228260869565	3.979933110367893	2.4493692742019246	0.0015363309948580536	1.207687397614665	0.9747126596318246	2.63324856827602	0.0728539250109076	9.012051450705778	144.20755655988063	3.4484492559089155	0.9956067451487549	38.054323108542484	239.45811920442742	-0.634092122789343
3.123228260869565	4.016722408026756	2.437390494800421	0.0016482184673254868	1.1973817755223386	0.9733176138331641	2.6077885743255296	0.07682839821679961	9.013679575904954	142.31667168079107	3.4173451922971116	0.9954851483577423	37.81194691360159	239.49381528195397	-0.6426591546945757
3.123228260869565	4.053511705685619	2.425520199491914	0.0017671162474413925	1.1873095274580958	0.9718574166142877	2.582231002883535	0.08095595218754306	9.015785336080839	140.4156563450515	3.386844384283509	0.9953605207864723	37.573444143349434	239.5339806561869	-0.6505875832379936
3.123228260869565	4.090301003344481	2.413756634561121	0.0018933843853801038	1.1774665444671206	0.9703297380158883	2.5565935312962713	0.0852315961747188	9.01824972346187	138.50566129035676	3.3569324279372688	0.9952328773794084	37.33874069917031	239.5788636730306	-0.6579190168373259
3.123228260869565	4.127090301003345	2.402098369100795	0.002027392134452316	1.167848890058365	0.9687323281848236	2.5308983583069864	0.08964852861826633	9.020943750190519	136.58824196372058	3.327595471260235	0.9951022528272091	37.107767005386584	239.6287213599274	-0.66469918512009
3.123228260869565	4.1638795986622075	2.390544241813111	0.0021695173651455303	1.1584527817720933	0.9670630336822683	2.5051719563246873	0.09419814078865392	9.023730471776496	134.66534884758264	3.2988201676251645	0.9949687013319503	36.880457632102484	239.68381658396675	-0.670977238689401
3.123228260869565	4.20066889632107	2.379093296626223	0.002320146163068001	1.1492745752520506	0.9653198085791008	2.479444640428034	0.09887009182670992	9.026467555003423	132.73930166218133	3.2705936309722645	0.9948322956458916	36.656750861348	239.74441500180836	-0.676804870141909
3.123228260869565	4.237458193979933	2.3677447098382154	0.002479672681504485	1.140310751440694	0.9635007193516172	2.453749963654559	0.10365245703249922	9.029010280829855	130.81274743311135	3.2429033939075484	0.9946931254044671	36.436588211607614	239.81078196841324	-0.6822352975421713
3.123228260869565	4.274247491638796	2.3564977125059317	0.002648499303379796	1.1315579073206512	0.9616039430868899	2.4281239647540316	0.10853194479555846	9.03121482183553	128.88860388093562	3.2157373697922567	0.9945512948381917	36.21991394102365	239.88317958502068	-0.6873221670598506
3.123228260869565	4.311036789297659	2.345351512425056	0.0028270371444521253	1.1230127503674499	0.9596277590893968	2.4026043094693432	0.11349417109731927	9.032941597866072	126.96999101416264	3.189083819719751	0.9944069200061867	36.006674552688594	239.96186406028198	-0.6921184412742406
3.123228260869565	4.3478260869565215	2.334305220173799	0.0030157069028443674	1.114672096594768	0.9575705345622428	2.3772293770498334	0.11852397507893926	9.034058499723805	125.06015495759596	3.162931324966494	0.9942601257365801	35.79681832586764	240.04708353181098	-0.6966753418119435
3.123228260869565	4.384615384615385	2.3233577832807986	0.003214940033746991	1.1065328718073804	0.9554307055274521	2.3520373482845254	0.12360575564176743	9.034443782103223	123.16238873389085	3.1372687651213798	0.9941110424792649	35.59029489459277	240.13907645223816	-0.7010414089741641
3.123228260869565	4.421404682274248	2.312507931698242	0.003425180206344801	1.0985921154683764	0.9532067544784788	2.327065349199654	0.12872380796316477	9.033988461684318	121.2799548329049	3.1120853017015	0.9939598032718224	35.387054890259996	240.23807059096137	-0.7052617278736584
3.123228260869565	4.45819397993311	2.301754136569789	0.0036468849857289407	1.0908469864630366	0.9508971863865676	2.302348696325098	0.13386264021828068	9.03259810816761	119.41601395771407	3.087370366710899	0.9938065409920943	35.1870496584917	240.3442826484127	-0.7093773526901661
3.123228260869565	4.494983277591973	2.29109458298175	0.003880527677089094	1.0832947700110238	0.9485005046134781	2.2779202768095295	0.13900725428479555	9.030193976086656	117.57356343827668	3.0631136553377685	0.9936513860271308	34.99023105366505	240.45791843163454	-0.7134249410163693
3.123228260869565	4.531772575250836	2.280527156173312	0.004126599272424875	1.075932885032564	0.9460151880538588	2.253810081960181	0.14414337903246566	9.026713483986597	115.75538763292678	3.039305121839131	0.9934944644364349	34.79655130817948	240.57917350403196	-0.7174365918991327
3.123228260869565	4.568561872909699	2.270049439710047	0.004385610449571187	1.0687588913912633	0.9434396705002264	2.230044898325125	0.14925765010012995	9.022110097127674	113.96402139467989	3.015934977631311	0.9933358966359989	34.60596296851461	240.70823420107163	-0.7214398663964461
3.123228260869565	4.605351170568562	2.259658723478572	0.00465809358696578	1.0617704965883723	0.9407723228561683	2.2066481480855438	0.15433773505449946	9.016352705319845	112.20172654037084	2.9929936906719004	0.993175796585324	34.418418886828576	240.84527889734426	-0.7254579595480583
3.123228260869565	4.642140468227424	2.249352019052037	0.004944604772707532	1.0549655616434888	0.9380114384743445	2.1836398614102865	0.1593724069389097	9.009424607182066	110.47048034872952	2.9704719853542296	0.9930142714264949	34.23387225530226	240.99047941618124	-0.7295099878166011
3.123228260869565	4.678929765886288	2.239126079964484	0.005245725800918069	1.048342106043817	0.9351552216034784	2.1610367579069765	0.16435157215855464	9.001322217226864	108.77197448755211	2.9483608423074523	0.992851421503798	34.05227667042501	241.14400248745724	-0.7336113556787259
3.123228260869565	4.7157190635451505	2.2289774246418306	0.005562066160807798	1.0418983117645566	0.9322017787118989	2.1388524121187458	0.16926626036558878	8.99205360571652	107.1076224315239	2.9266514976740607	0.9926873406834099	33.87358621553219	241.30601117817014	-0.7377741680227955
3.123228260869565	4.752508361204013	2.2189023600841145	0.005894265033482803	1.0356325264514619	0.9291491123169855	2.1170974785073633	0.17410858464158674	8.981636967019114	105.47857334178016	2.9053354416018946	0.9925221168930923	33.69775555171794	241.47666624068898	-0.742007660080066
3.123228260869565	4.789297658862877	2.208897004800635	0.0062429933183458	1.0295432659135513	0.9259951168810611	2.0957799537157147	0.17887168006802748	8.970099093907308	103.88573047528672	2.8844044158258524	0.9923558328087557	33.52474000935456	241.65612734256305	-0.7463186226265811
3.123228260869565	4.826086956521739	2.198957309906482	0.006608955715299634	1.0236292161038698	0.9227375763199671	2.0749054573213064	0.1835496280000648	8.957473915939861	102.32977241123756	2.863850410320544	0.9921885666254746	33.35449567455256	241.84455415804274	-0.7507118062438036
3.123228260869565	4.862876254180602	2.1890790776561864	0.006992892891408579	1.017889234775457	0.9193741626940446	2.054477516118848	0.18813737226557453	8.943801141911937	100.81117566437493	2.8436656590795115	0.9920203928627684	33.18697946678974	242.0421073143034	-0.7551902939152513
3.123228260869565	4.8996655518394645	2.1792579769960643	0.007395583761837695	1.0123223529947125	0.9159024356974496	2.034497840723424	0.1926306323019876	8.929125030652616	99.33023755549532	2.823842635122939	0.9918513831660639	33.02214920551906	242.2489491947118	-0.7597558358399568
3.123228260869565	4.936454849498328	2.1694895559545833	0.007817847915329646	1.0069277766810438	0.9123198426183524	2.014966586664188	0.19702581706073516	8.913493301758061	97.88709849570924	2.8043740448599954	0.9916816070771854	32.8599636648012	242.46524460778784	-0.7644091439491121
3.123228260869565	4.973244147157191	2.1597692508620363	0.008260548214677805	1.0017048883244453	0.9086237185008624	1.9958825949869945	0.2013199424422392	8.89695618823079	96.48176309432354	2.7852528219392427	0.9915111327559611	32.70038261590982	242.69116133420104	-0.7691501462571094
3.123228260869565	5.010033444816053	2.1500923925056235	0.008724593602956765	0.9966532490149762	0.9048112862937446	1.9772436096588322	0.20551055411768926	8.879565626175571	95.11411971182729	2.7664721207168483	0.9913400276424114	32.543366858475096	242.92687056594644	-0.7739782029800525
3.123228260869565	5.046822742474917	2.140454209393915	0.009210942146949239	0.9917726009019658	0.9008796568180159	1.9590464707924782	0.20959565686062118	8.861374572245667	93.78395824772846	2.7480253094614464	0.9911683590546019	32.38887824111198	243.1725472522123	-0.7788922874701099
3.123228260869565	5.083612040133779	2.1308498283365975	0.009720604350428794	0.9870628701875231	0.8968258284239977	1.9412872839533304	0.21357365094364686	8.842436436951253	92.49098608087178	2.72990596340003	0.9909961947212996	32.23687967268287	243.42837036590745	-0.7838911356017909
3.123228260869565	5.120401337792642	2.1212742725509908	0.01025464677185243	0.9825241707492216	0.8926466862381939	1.9239615666534382	0.21744327573497663	8.82280462076954	91.23484217255113	2.712107857693527	0.9908236032513342	32.08733512541888	243.69452310373856	-0.7889733674505226
3.123228260869565	5.157190635451505	2.1117224574941713	0.010814195983667872	0.978156808480748	0.8883390009221587	1.907064373665309	0.22120356033149532	8.802532139827795	90.01510940643291	2.694624960415104	0.9906506545433219	31.940209631108722	243.97119303133425	-0.7941375850471921
3.123228260869565	5.193979933110368	2.1021891845949647	0.011400442913927541	0.9739612864369587	0.8838994268800614	1.8905904030764602	0.22485378086590824	8.781671328433022	88.83132528005427	2.6774514255899087	0.9904774201403971	31.795469271494458	244.25857218345521	-0.7993824497687054
3.123228260869565	5.230769230769231	2.0926691330281493	0.012014647615305843	0.9699383108709154	0.8793244998601691	1.8745340851206176	0.2283934240024028	8.760273606640107	87.68299108595184	2.660581586342235	0.9903039735350289	31.65308116391199	244.5568571279007	-0.8047067426070587
3.123228260869565	5.2675585284280935	2.0831568496373425	0.012658144512016549	0.9660887982549777	0.8746106338987437	1.8588896558166226	0.2318221560686999	8.73838930219145	86.56957973101369	2.644009948185235	0.990130390429053	31.513013443097677	244.86624900039135	-0.8101094101985453
3.123228260869565	5.304347826086956	2.0736467370750638	0.01333234818165802	0.962413883385783	0.8697541175538154	1.8436512173621349	0.23513979724671563	8.716067517392228	85.49054234414545	2.627731182479278	0.9899567489538532	31.375235239964518	245.18695351654424	-0.8155895991252765
3.123228260869565	5.34113712374582	2.0641330401897333	0.014038759736805132	0.958914928683861	0.8647511093715535	1.828812787097501	0.238346300246505	8.693356032714405	84.44531381779022	2.6117401200775956	0.9897831298552711	31.239716658036258	245.51918096601813	-0.8211466806458347
3.123228260869565	5.377926421404682	2.054609830650366	0.01477897388041775	0.9555935348128572	0.8595976325200029	1.8143683366982957	0.24144173290908344	8.670301240093321	83.4333174204858	2.5960317451721653	0.9896096166474069	31.10642874812422	245.86314619308504	-0.8267802676834719
3.123228260869565	5.414715719063545	2.0450709897602803	0.015554686720085637	0.9524515527609708	0.8542895685140047	1.8003118230880228	0.24442626421616065	8.646948099958164	82.45396860706573	2.5806011893480134	0.9894362957390035	30.975343481736697	246.2190685671442	-0.8324902256053232
3.123228260869565	5.451505016722408	2.035510189371092	0.016367704439077764	0.9494910975486497	0.848822649941388	1.7866372123963405	0.24730015322349536	8.623340117007585	81.50667814152493	2.5654437258508285	0.9892632565356632	30.846433723630035	246.58717194615954	-0.8382766780672537
3.123228260869565	5.488294314381271	2.0259208707667296	0.01721995293748866	0.9467145637522697	0.8431924520837627	1.773338498129422	0.25006374047584395	8.599519330597136	80.59085463576729	2.5505547640699504	0.9890905915207103	30.71967320383924	246.967684635511	-0.8441400089755912
3.123228260869565	5.525083612040134	2.016296221343338	0.01811348857495534	0.9441246430641265	0.8373943833054728	1.760409714570997	0.25271744150330544	8.575526316350837	79.70590659590496	2.5359298442371405	0.9889183963171297	30.595036489468274	247.36083934444397	-0.8500808614266924
3.123228260869565	5.561872909698996	2.006629148863412	0.01905051016804001	0.9417243441454889	0.8314236740607087	1.7478449462977574	0.25526174203930907	8.551400196249357	78.85124405687324	2.521564632339919	0.9887467697326545	30.47249895646901	247.76687314197594	-0.8561001343253856
3.123228260869565	5.59866220735786	1.9969122530100847	0.02003337242117551	0.9395170150728119	0.8252753643412383	1.735638334571439	0.25769719463896723	8.527178654993447	78.02627987600403	2.507454915247584	0.9885758137897805	30.35203676159895	248.18602741397117	-0.8621989772502852
3.123228260869565	5.635451505016722	1.9871377939081136	0.02106460100099034	0.937506368728926	0.8189442893544763	1.7237840812616314	0.26002441641245483	8.50289796090142	77.23043074694684	2.493596596047193	0.9884056337422266	30.233626814712387	248.6185478228903	-0.8683787840243313
3.123228260869565	5.672240802675585	1.9772976572099703	0.02214690950102641	0.9356965115530324	0.8124250631828293	1.7122764508576769	0.26224408762137896	8.478592989985005	76.46311798696536	2.479985689586583	0.9882363380791408	30.11724675151473	249.06468427166052	-0.8746411853591689
3.123228260869565	5.709030100334449	1.967383315265611	0.023283218588829514	0.9340919761379001	0.8057120601288333	1.7011097710436303	0.26435695091676675	8.454297252167637	75.72376814312936	2.4666183182210992	0.9880680385181789	30.00287490688532	249.52469087298027	-0.8809880408695204
3.123228260869565	5.745819397993311	1.9573857838000475	0.024476677682007005	0.9326977582528618	0.798799393394834	1.690278432236385	0.2663638110254062	8.430042918872408	75.01181345624352	2.4534907077606682	0.9879008499884375	29.89049028885777	249.99882592534343	-0.8874214306955919
3.123228260869565	5.782608695652174	1.94729557340951	0.025730689566532784	0.9315193589809239	0.791680890678238	1.6797768864220899	0.26826553471716336	8.405860851421048	74.3266922154035	2.4405991836137706	0.9877348906041117	29.780072553332218	250.4873518970168	-0.893943646924976
3.123228260869565	5.8193979933110365	1.937102635049663	0.027048938452454537	0.9305628327924029	0.7843500661808671	1.6695996455692252	0.2700630509095957	8.381780629857998	73.6678490308166	2.4279401671246164	0.9875702816296607	29.671601979580338	250.9905354191212	-0.9005571849696724
3.123228260869565	5.8561872909699	1.92679629852156	0.02843542206325963	0.9298348425426283	0.7768000884293096	1.6597412798468643	0.27175735078807184	8.357830581950287	73.03473504787117	2.4155101720999665	0.9874071474371992	29.56505944659595	251.50864728897477	-0.9072647350247962
3.123228260869565	5.892976588628763	1.9163652027540614	0.02989448848077574	0.9293427225856082	0.769023743177429	1.6501964158332567	0.2733494878395977	8.334037812220862	72.4268081213656	2.4033058015216713	0.9872456154567848	29.46042641033351	252.0419624847512	-0.9140691737145685
3.123228260869565	5.929765886287625	1.9057972164242336	0.031430878624595406	0.929094551450489	0.7610133905050388	1.6409597348614593	0.274840577717199	8.310428230953901	71.84353296518965	2.39132374444102	0.9870858161202372	29.35768488187058	252.59076019249224	-0.9209735560139012
3.123228260869565	5.966555183946488	1.8950793471349672	0.03304977544285541	0.9290992358476188	0.7527609150292386	1.632025971615656	0.2762317978685932	8.287026583170523	71.2843812896283	2.37956077305058	0.9869278827991006	29.25681740652186	253.1553238463992	-0.927981107522143
3.123228260869565	6.003344481605351	1.8841976369618905	0.03475686114221582	0.929366608175946	0.7442576678943729	1.623389913062425	0.27752438687866327	8.263856477614869	70.74883193568955	2.368013739929103	0.9867719517373478	29.157807043927114	253.73594118328856	-0.935095217156046
3.123228260869565	6.040133779264214	1.873137041663053	0.03655838410581583	0.9299075402198451	0.7354943988862654	1.6150463977759613	0.27871964348949346	8.240940415817542	70.23637101348278	2.3566795754545984	0.9866181619794028	29.060637349127695	254.3329043119652	-0.9423194303224539
3.123228260869565	6.076923076923077	1.8618812901783917	0.038461237561806666	0.9307340763874868	0.7264611766034814	1.6069903156943686	0.27981892527471885	8.218299821318185	69.74649204962401	2.34555528538035	0.9864666552940601	28.96529235464003	254.94650979817044	-0.949657442626801
3.123228260869565	6.11371237458194	1.8504127201816758	0.040473052603451694	0.93185959070481	0.7171472940808429	1.5992166083250055	0.2808236469568033	8.195955069133872	69.27869614686554	2.3346379485682673	0.9863175760948568	28.871756553528297	255.57705876564697	-0.9571130941695555
3.123228260869565	6.150501672240803	1.838712084315598	0.04260230886901813	0.9332989729084975	0.7075411565543769	1.5917202694011165	0.28173527836619894	8.173925515557555	68.83249215768805	2.3239247148735056	0.9861710713574464	28.780014883471583	256.22485701371954	-0.96469036448088
3.123228260869565	6.187290969899665	1.826758320242339	0.044858467128397334	0.9350688504769361	0.6976301471192201	1.584496345978199	0.2825553420506955	8.152229528362163	68.40739687233162	2.31341280317379	0.9860272905345018	28.690052711813472	256.89021515164256	-0.9723933681417828
3.123228260869565	6.224080267558528	1.814528275636227	0.04725212928339815	0.9371878554408651	0.6874004647732364	1.5775399399476202	0.28328541055117523	8.130884517473278	68.00293522074642	2.3030994995364895	0.9858863854686571	28.60185582157569	257.57344874981766	-0.9802263511387097
3.123228260869565	6.260869565217392	1.8019963765271532	0.04979523300053526	0.9396769475301135	0.6768369276284971	1.570846209935922	0.2839271033668116	8.109906966157817	67.61864048712673	2.29298215551594	0.9857485103039665	28.515410398409568	258.2748785078126	-0.9881936879976602
3.123228260869565	6.297658862876254	1.7891342236712338	0.05250129055181065	0.9425598089418237	0.6659227317171031	1.5644103735515291	0.28448208363821353	8.089312462758851	67.2540545350887	2.2830581865732866	0.9856138213963259	28.430703018453965	258.9948304389818	-0.9962998797427174
3.123228260869565	6.334448160535117	1.775910096424966	0.05538568473046777	0.9458633312115928	0.6546391525278391	1.558227709935106	0.284952054581546	8.069115732988735	66.90872804107401	2.2733250706102885	0.985482477223262	28.347720637057087	259.733636071232	-1.0045495527234798
3.123228260869565	6.37123745819398	1.7622883362392316	0.05846603937856439	0.94961822202558	0.6429651717409847	1.5522935625668222	0.2853387557097621	8.049330672775351	66.58222073329273	2.2637803466086885	0.9853546382934498	28.2664505783182	260.4916326634218	-1.0129474583546973
3.123228260869565	6.408026755852843	1.7482285712877021	0.061762688805102633	0.953859770408484	0.6308770048881305	1.5466033422814456	0.28564395887941885	8.029970381639119	66.27410163332016	2.2544216133659063	0.9852304670562636	28.18688052539334	261.2691634365948	-1.021498473811186
3.123228260869565	6.444816053511706	1.7336847281778947	0.0652992802949571	0.9586288242844205	0.6183474957429915	1.5411525304417393	0.28586946420272763	8.011047196563329	65.9839492974193	2.245246528317832	0.9851101278116101	28.108998511505657	262.0665778191477	-1.0302076037202388
3.123228260869565	6.481605351170568	1.7186037533410625	0.06910355882505015	0.9639730577546044	0.6053453283339495	1.5359366822211187	0.2860170958648071	7.99257272630681	65.71135205470058	2.236252806439079	0.9849937866202306	28.032792911593337	262.8842317048208	-1.039079982893615
3.123228260869565	6.518394648829432	1.7029239308165185	0.0732084060719875	0.9699486413108525	0.5918339845020762	1.5309514299480123	0.2860886978856379	7.9745578860964885	65.45590823935038	2.2274382192108564	0.9848816112145915	27.958252434522084	263.72248772223173	-1.0481208801411737
3.123228260869565	6.555183946488294	1.6865726265059746	0.0776532421270882	0.9766224848381767	0.5777703385970822	1.5261924864666296	0.28608612986505416	7.957012932628295	65.21722641434505	2.2188005936464834	0.9847737709104099	27.885366115783686	264.581715514509	-1.057335703208259
3.123228260869565	6.591973244147157	1.6694631967774562	0.08248595759426668	0.9840753154491151	0.5631027216448102	1.5216556484718602	0.28601126274728783	7.93994749929814	64.99492558430839	2.210337811364349	0.9846704365187937	27.814123310596347	265.46229202739573	-1.0667300048799544
3.123228260869565	6.62876254180602	1.6514906438509818	0.08776564386033582	0.9924060076328431	0.5477681872060355	1.5173367997794656	0.2858659746392935	7.923370631580321	64.78863539544648	2.202047807697982	0.9845717802588946	27.744513687316815	266.3646018040047	-1.0763094902966714
3.123228260869565	6.665551839464883	1.6325253273884142	0.09356656550042428	1.0017378562041221	0.531688534973528	1.513231914496492	0.28565214671444894	7.907290822468361	64.59799632078658	2.193928570832894	0.9844779756709009	27.67652722107045	267.28903728425956	-1.0860800255271255
3.123228260869565	6.702341137123746	1.6124035386768512	0.09998414401310848	1.01222798556155	0.5147643229226171	1.5093370600609735	0.28537165923017493	7.89171604789354	64.42265982927138	2.185978140959618	0.9843891975291205	27.610154187499333	268.2359991068371	-1.0960476474480843
3.123228260869565	6.739130434782608	1.5909127623378905	0.10714435783643789	1.0240820702120386	0.49686546307407614	1.5056484001239359	0.28502638768494937	7.876653802037842	64.2622885375591	2.1781946094322913	0.9843056217548267	27.54538515652361	269.2058964112225	-1.1062185749833617
3.123228260869565	6.775919732441472	1.5677673974235458	0.11521929600257924	1.0375785945796283	0.4778156635216746	1.5021621972511479	0.2846181991367829	7.862111132462204	64.11655634371627	2.1705761179221126	0.9842274253284687	27.48221098600829	270.19914713732896	-1.1165992217595606
3.123228260869565	6.812709030100335	1.5425660247876765	0.12445464890171655	1.0531115650771068	0.45736493326354244	1.4988748154257965	0.28414894870202595	7.8480946749754965	63.98514854226543	2.1631208575547056	0.9841547862007697	27.42062281522042	271.21617831984213	-1.1271962102413484
3.123228260869565	6.849498327759197	1.5147093467153723	0.13522271088010868	1.0712725483117604	0.4351365751227191	1.4957827223373081	0.2836204762500331	7.834610688176416	63.86776192034675	2.155827068020326	0.9840878832021693	27.360612057958097	272.2574263742531	-1.1380163874164104
3.123228260869565	6.88628762541806	1.4832223760270227	0.14813766884733975	1.0930284580480005	0.4105118925918461	1.4928824914450718	0.2830346033060608	7.821665087607615	63.764104835005284	2.1486930366454935	0.9840268959499934	27.302170395226284	273.32333737122354	-1.1490668421080534
3.123228260869565	6.923076923076923	1.4462925779263296	0.16435617801165295	1.1201833874810945	0.3823296094928222	1.4901708038092174	0.2823931301717299	7.8092634794697435	63.67389727185439	2.1417170974145088	0.9839720047526649	27.24528976732984	274.4143672956797	-1.1603549240032565
3.123228260869565	6.959866220735786	1.39962615528879	0.18665110144652636	1.1570222959307652	0.34781212575791354	1.4876444496835068	0.28169783326956316	7.797411193851578	63.596870885564655	2.1348976299286835	0.9839233905102095	27.189962365245936	275.5309822866297	-1.1718882644951243
3.123228260869565	6.996655518394649	1.3226454223572213	0.22846852151398664	1.2241136047696517	0.29350850131859907	1.4853003298679546	0.28095046271551294	7.786113317441672	63.5327690227997	2.128233058290615	0.9838812346102357	27.13618062113053	276.67365885331355	-1.1836747994519845
3.123228260869565	7.033444816053512	1.2710011809474413	0.25934452090160365	1.271001180946752	0.2593445209021294	1.4830780492080187	0.28017289519210997	7.775219132291644	63.47698615145931	2.1216870188104595	0.9838435929731687	27.083536046236834	277.833046971809	-1.195622585921307
3.123228260869565	7.070234113712375	1.207062597509962	0.3017856377875974	1.2070625975099745	0.30178563778758827	1.478459953716594	0.28027201663848195	7.76321312910874	63.255871668434416	2.1132039018814135	0.9838307807864713	27.011479031118963	278.4766919747969	-1.2110669413288384
3.123228260869565	7.107023411371237	1.3703544298313644	0.19806675940551147	1.3703544298313755	0.19806675940550536	1.4860894719562454	0.27601133806582784	7.759349939030488	63.879280819390274	2.1147743318275762	0.9837333724706254	27.04007437872388	281.73154718208946	-1.2110669413288384
3.123228260869565	7.1438127090301	1.4338451502813951	0.1659573541717933	1.4338451502813976	0.16595735417179205	1.496398330023514	0.27094359553846403	7.7600372300257385	64.69115742312277	2.118573941528355	0.9836743198715036	27.091964759390383	285.62172490701136	-1.2110669413288384
3.123228260869565	7.1806020066889635	1.4733371923721128	0.1480969606498696	1.4733371923721055	0.14809696064987288	1.5075495943091042	0.26574270770056996	7.762513366844095	65.55925823620139	2.1233047812308876	0.9836339608318045	27.15341959238844	289.80896110131727	-1.2110669413288384
3.123228260869565	7.217391304347826	1.5029213141001798	0.13576029075939755	1.5029213141001798	0.13576029075939755	1.5189716169941336	0.2606095434041907	7.765906646508372	66.4427229248549	2.1285487950436486	0.983605892716793	27.22001287567402	294.18564748511534	-1.2110669413288384
3.123228260869565	7.254180602006689	1.5268539165797426	0.12642536953305478	1.5268539165797401	0.12642536953305583	1.5303853953931925	0.25563237123844823	7.769778793583879	67.32184471156098	2.1340855431182657	0.9835865880694498	27.289414887859003	298.6948010666908	-1.2110669413288384
3.123228260869565	7.290969899665551	1.5470404163638936	0.11899416543720098	1.547040416363895	0.11899416543720037	1.5416351982087386	0.2508522759126595	7.773873383211549	68.18580354552995	2.139777887849971	0.9835737143569546	27.360181709181077	303.3003824739091	-1.2110669413288384
3.123228260869565	7.327759197324415	1.5645205612894837	0.11288193305049361	1.564520561289485	0.11288193305049314	1.5526315713183707	0.2462859884283377	7.778032093827551	69.02853010426644	2.145534990151093	0.9835656136395883	27.431362078058783	307.9779094099433	-1.2110669413288384
3.123228260869565	7.364548494983278	1.5799347907264771	0.10773718237484706	1.5799347907264771	0.10773718237484708	1.5633244987055694	0.24193673447956496	7.782155585346955	69.84675994712399	2.151295121629887	0.983561067086478	27.502314240689657	312.710182586412	-1.2110669413288384
3.123228260869565	7.40133779264214	1.593711111286602	0.10333090163187385	1.593711111286601	0.10333090163187428	1.5736885286035631	0.23780014298701588	7.786181906889975	70.63895879698336	2.157016015040977	0.9835591628213299	27.572602946856936	317.4849152980761	-1.2110669413288384
3.123228260869565	7.438127090301004	1.6061526759283098	0.09950510188262968	1.6061526759283102	0.09950510188262944	1.58371379872362	0.23386767662469155	7.790073467148622	71.40467733312178	2.16266884569107	0.9835592118049501	27.64193517629569	322.29326125489854	-1.2110669413288384
3.123228260869565	7.474916387959866	1.6174836540064361	0.09614606334636203	1.6174836540064335	0.09614606334636287	1.5934003647444253	0.2301286814063089	7.793808766044109	72.14414598744172	2.1682342464936077	0.9835606902819792	27.71011761013687	327.128837929845	-1.2110669413288384
3.123228260869565	7.511705685618729	1.6278753563353827	0.09316920880928009	1.6278753563353845	0.09316920880927948	1.6027545226866535	0.22657162157830338	7.79737698852483	72.85801408054884	2.1736995751844597	0.9835631987344288	27.777027508162767	331.98705247188695	-1.2110669413288384
3.123228260869565	7.548494983277592	1.6374621238424214	0.09050997980001443	1.637462123842423	0.09050997980001392	1.6117863900943696	0.22318481876520294	7.8007744031715935	73.54717966030582	2.179056998969965	0.9835664318765813	27.842592339380296	336.86462468451623	-1.2110669413288384
3.123228260869565	7.585284280936455	1.6463515132667756	0.0881180444095961	1.6463515132667754	0.08811804440959607	1.6205083042653223	0.21995688451935624	7.804001934138271	74.21267789784443	2.1843021326581082	0.9835701563754456	27.90677533578344	341.7592437350506	-1.2110669413288384
3.123228260869565	7.622073578595318	1.6546311137278114	0.08595346493529751	1.6546311137278122	0.08595346493529721	1.6289337602903826	0.2168769619576362	7.80706351168094	74.85560794302202	2.189433060530602	0.9835741941282893	27.969565147740592	346.6693180869955	-1.2110669413288384
3.123228260869565	7.65886287625418	1.6623732736309071	0.08398407458898731	1.6623732736309078	0.08398407458898709	1.637076709926192	0.21393484857026354	7.809964946872725	75.47708532139988	2.1944496286262236	0.9835784096088677	28.030968384831052	351.59379163150743	-1.2110669413288384
3.123228260869565	7.695652173913044	1.6696384773245703	0.08218363020104265	1.6696384773245714	0.08218363020104223	1.6449511035225928	0.21112104563136383	7.812713163023067	76.07821141249337	2.1993529298530636	0.9835827002290297	28.09100421010575	356.53200746990757	-1.2110669413288384
3.123228260869565	7.7324414715719065	1.6764778184241174	0.08053047981986211	1.676477818424117	0.08053047981986224	1.6525705964310842	0.2084267630233833	7.815315671802065	76.66005439405339	2.20414492788093	0.9835869889553926	28.149700408775054	361.4836063609883	-1.2110669413288384
3.123228260869565	7.769230769230769	1.6829348505515311	0.07900658176627022	1.6829348505515302	0.07900658176627047	1.659948366942008	0.20584389778996945	7.8177802182621	77.22363788878997	2.2088281816692823	0.9835912186248386	28.20709052329352	366.4484506070074	-1.2110669413288384
3.123228260869565	7.806020066889632	1.68904699785256	0.07759676948748649	1.6890469978525595	0.0775967694874866	1.667097009787852	0.2033649980404641	7.820114542942216	77.76993477242844	2.2134056434334237	0.9835953475478533	28.263211764415303	371.4265667481151	-1.2110669413288384
3.123228260869565	7.842809364548495	1.6948466472479422	0.07628819198273307	1.694846647247942	0.0762881919827331	1.6740284806453272	0.20098321953726128	7.822326225354193	78.29986441818781	2.217880510492423	0.9835993460936747	28.31810348978951	376.41810225537034	-1.2110669413288384
3.123228260869565	7.879598662207358	1.7003620060895432	0.07506988197478781	1.7003620060895452	0.07506988197478726	1.6807540747817256	0.19869227953436694	7.82442258408594	78.81429220257732	2.2222561168332784	0.9836031940278568	28.371806099443123	381.4232927046814	-1.2110669413288384
3.123228260869565	7.916387959866221	1.7056177839296889	0.07393241855715237	1.705617783929689	0.07393241855715225	1.687284428250209	0.1964864106546832	7.8264106162468075	79.31403047043192	2.2265358540635125	0.9836068784292777	28.424360238566482	386.4424368402062	-1.2110669413288384
3.123228260869565	7.953177257525083	1.7106357404247436	0.07286766073202987	1.7106357404247425	0.07286766073203016	1.6936295336487868	0.19436031644695148	7.828296964150163	79.7998404118086	2.230723114178896	0.983610392055456	28.47580622744328	391.4758776056685	-1.2110669413288384
3.123228260869565	7.989966555183947	1.7154351299844266	0.07186853483800315	1.7154351299844284	0.07186853483800273	1.6997987649473558	0.19230912952874157	7.830087900720805	80.27243447801524	2.2348212485627084	0.9836137320562317	28.52618365958455	396.5239877099108	-1.2110669413288384
3.123228260869565	8.02675585284281	1.720033065821609	0.07092886342657999	1.7200330658216088	0.07092886342658006	1.7058009076127385	0.19032837275515613	7.831789327628032	80.73247908434743	2.238833539080546	0.9836168989592784	28.575531124533025	401.58715865107234	-1.2110669413288384
3.123228260869565	8.063545150501673	1.724444820406557	0.07004322635999059	1.7244448204065572	0.0700432263599905	1.7116441914607254	0.1884139235609994	7.833406781911521	81.18059743013372	2.2427631781935524	0.9836198958685477	28.623886023049973	406.66579238813256	-1.2110669413288384
3.123228260869565	8.100334448160535	1.728684075251627	0.0692068472014363	1.7286840752516275	0.06920684720143612	1.7173363244991817	0.1865619814459937	7.834945448114251	81.61737232406777	2.2466132557916407	0.9836227278301191	28.671284450648873	411.7602950448048	-1.2110669413288384
3.123228260869565	8.137123745819398	1.7327631299665063	0.0684154996366013	1.732763129966506	0.0684154996366014	1.7228845266090675	0.1847690384681716	7.836410173822113	82.04334894250032	2.250386751024706	0.983625401330113	28.71776113153474	416.8710721776264	-1.2110669413288384
3.123228260869565	8.173913043478262	1.736693078307713	0.06766542989050646	1.7366930783077121	0.06766542989050672	1.728295562315584	0.18303185255390417	7.837805487138117	82.45903747568872	2.254086527837391	0.9836279238971071	28.763349389516833	421.998525250101	-1.2110669413288384
3.123228260869565	8.210702341137123	1.740483957281978	0.06695329201431795	1.7404839572819777	0.066953292014318	1.733575772184072	0.18134742340655666	7.839135615068017	82.8649156358105	2.257715333232613	0.9836303037874838	28.808081145825113	427.1430490380322	-1.2110669413288384
3.123228260869565	8.247491638795987	1.7441448740991459	0.0662760936007537	1.7441448740991468	0.06627609360075351	1.7387311025704892	0.17971297078840096	7.840404502114159	83.26143101335119	2.261275797528445	0.9836325497367631	28.851986936271253	432.3050297542639	-1.2110669413288384
3.123228260869565	8.284280936454849	1.7476841148005244	0.06563115000562525	1.747684114800524	0.06563115000562542	1.743767133590223	0.17812591495463834	7.841615828602374	83.64900327709505	2.264770436052802	0.9836346707635474	28.895095942076093	437.4848437290728	-1.2110669413288384
3.123228260869565	8.321070234113712	1.7511092376381816	0.06501604555019078	1.7511092376381827	0.06501604555019053	1.7486891052602846	0.17658385902926638	7.842773028430155	84.0280262186809	2.268201651856582	0.983636676015505	28.93743603010481	442.68285651935065	-1.2110669413288384
3.123228260869565	8.357859531772576	1.754427153694123	0.06442860048568502	1.7544271536941227	0.06442860048568508	1.7535019418303301	0.17508457312708117	7.843879306039464	84.39886964634239	2.2715717391285377	0.9836385746489906	28.979033799317087	447.8994223479004	-1.2110669413288384
3.123228260869565	8.394648829431437	1.7576441967671208	0.06386684273990378	1.7576441967671212	0.06386684273990365	1.758210274357642	0.17362598004211724	7.844937652500031	84.76188113474102	2.2748828870735163	0.9836403757356169	29.019914631050238	453.13488379608333	-1.2110669413288384
3.123228260869565	8.431438127090301	1.7607661841886446	0.06332898365279516	1.7607661841886437	0.06332898365279542	1.7628184616053093	0.17220614233927653	7.845950860645729	85.11738763906769	2.2781371840748226	0.9836420881904344	29.060102741362307	458.38957168982836	-1.2110669413288384
3.123228260869565	8.468227424749164	1.7637984699373945	0.06281339705555349	1.7637984699373948	0.06281339705555342	1.767330609357142	0.170823250701786	7.846921539247164	85.46569698222902	2.2813366220070477	0.9836437207174467	29.099621234129607	463.66380513224874	-1.2110669413288384
3.123228260869565	8.505016722408026	1.7667459911869643	0.062318601164975625	1.7667459911869645	0.06231860116497562	1.7717505882496065	0.16947561340217757	7.8478521262303005	85.8070992240986	2.2844831005999833	0.9836452817690243	29.138492153942913	468.95789164624	-1.2110669413288384
3.123228260869565	8.54180602006689	1.7696133092312285	0.06184324285857374	1.7696133092312285	0.0618432428585738	1.7760820502230095	0.16816164677843398	7.848744900969275	86.14186792168564	2.2875784317807772	0.983646779516463	29.176736538115552	474.27212739847175	-1.2110669413288384
3.123228260869565	8.578595317725753	1.7724046455777787	0.06138608397123315	1.7724046455777778	0.0613860839712334	1.7803284436929605	0.16687986660964158	7.849601995692996	86.4702612887649	2.2906243439415466	0.9836482218294555	29.214374467318763	479.6067974824182	-1.2110669413288384
3.123228260869565	8.615384615384615	1.7751239138732988	0.06094598931514663	1.7751239138732984	0.06094598931514667	1.7844930275395765	0.1656288802970374	7.850425406051958	86.79252326306633	2.2936224860949372	0.9836496162626873	29.2514251145125	484.96217624294786	-1.2110669413288384
3.123228260869565	8.652173913043478	1.7777747482212847	0.060521916174182594	1.7777747482212847	0.060521916174182615	1.78857888400733	0.16440737976665595	7.851217000895349	87.1088844886394	2.296574431891962	0.9836509700480995	29.28790679195699	490.3385276289184	-1.2110669413288384
3.123228260869565	8.688963210702342	1.7803605283667105	0.060112905064278015	1.7803605283667103	0.06011290506427803	1.7925889306029053	0.16321413501903959	7.851978531309847	87.419563220476	2.2994816834851655	0.9836522900916487	29.323836996176237	495.7361055631887	-1.2110669413288384
3.123228260869565	8.725752508361204	1.7828844021513712	0.05971807158455851	1.7828844021513712	0.05971807158455854	1.7965259310726736	0.16204798825971337	7.85271163897114	87.72476615795014	2.3023456752270186	0.9836535829736105	29.35923245081063	501.1551543219353	-1.2110669413288384
3.123228260869565	8.762541806020067	1.785349305584305	0.05933659921122478	1.785349305584306	0.05933659921122456	1.8003925055353682	0.16090784855146426	7.85341786385764	88.02468921310586	2.3051677771982444	0.9836548549516549	29.394109147341936	506.5959089169309	-1.2110669413288384
3.123228260869565	8.799331103678929	1.787757980822473	0.05896773290880162	1.7877579808224726	0.05896773290880173	1.8041911398400168	0.1597926869359223	7.854098651374305	88.31951821934487	2.307949298564841	0.9836561119660716	29.428482383711764	512.0585954760832	-1.2110669413288384
3.123228260869565	8.836120401337793	1.790112992315152	0.05861077345215192	1.7901129923151513	0.05861077345215203	1.8079241942133983	0.15870153197772022	7.854755358931449	88.60942958558398	2.310691490765097	0.9836573596466364	29.46236680087794	517.5434316185994	-1.2110669413288384
3.123228260869565	8.872909698996656	1.7924167413305667	0.05826507236830147	1.7924167413305667	0.05826507236830148	1.8115939112560804	0.15763346568960032	7.855389262021021	88.8945909005163	2.3133955505299224	0.9836586033207099	29.495776417370735	523.0506268220842	-1.2110669413288384
3.123228260869565	8.909698996655518	1.794671479053733	0.057930027420235904	1.794671479053733	0.05793002742023595	1.8152024233412176	0.15658761980132793	7.856001559830096	89.17516149121239	2.31606262274143	0.983659848022238	29.52872466192506	528.5803827796987	-1.2110669413288384
3.123228260869565	8.946488294314381	1.7968793184192948	0.05760507856584014	1.7968793184192942	0.05760507856584031	1.8187517594655487	0.155563172339277	7.856593380428247	89.45129293991093	2.318693803135376	0.9836610985013853	29.561224404269183	534.1328937459402	-1.2110669413288384
3.123228260869565	8.983277591973245	1.7990422448217684	0.05728970433445398	1.7990422448217682	0.05728970433445398	1.822243851597832	0.1545593444870844	7.857165785562991	89.72312956251322	2.3212901408539506	0.9836623592345859	29.593287984157403	539.7083468701801	-1.2110669413288384
3.123228260869565	9.020066889632107	1.8011621258274315	0.05698341857134509	1.8011621258274313	0.056983418571345146	1.8256805405660816	0.15357539770088027	7.857719775094871	89.99080885198184	2.3238526408556868	0.9836636344348414	29.624927238734994	545.3069225173958	-1.2110669413288384
3.123228260869565	9.05685618729097	1.8032407199963312	0.0566857675070938	1.8032407199963312	0.05668576750709382	1.8290635815212555	0.15261063105539555	7.858256291101097	90.25446188955222	2.3263822661894076	0.9836649280621237	29.65615352832367	550.928794575802	-1.2110669413288384
3.123228260869565	9.093645484949834	1.8052796849094965	0.056396327114543766	1.805279684909496	0.05639632711454392	1.8323946490117966	0.15166437879970093	7.858776221674471	90.51421372640678	2.328879940139185	0.9836662438337787	29.686977760714335	556.5741307513008	-1.2110669413288384
3.123228260869565	9.130434782608695	1.807280584484909	0.056114700720813024	1.8072805844849082	0.05611470072081321	1.8356753417004643	0.15073600810349885	7.859280404442117	90.77018373822872	2.331346548247234	0.9836675852348378	29.717410414052658	562.2430928488568	-1.2110669413288384
3.123228260869565	9.167224080267559	1.8092448956556804	0.05584051684601757	1.8092448956556806	0.05584051684601755	1.838907186752031	0.14982491697685607	7.859769629826458	91.02248595482791	2.3337829402214547	0.983668955528176	29.747461558398644	567.9358370409839	-1.2110669413288384
3.123228260869565	9.20401337792642	1.811174014475388	0.055573427243895746	1.8111740144753885	0.05557342724389558	1.8420916439181065	0.1489305323479499	7.86024464406916	91.27122936684998	2.3361899317342156	0.9836703577644609	29.77714087603979	573.6525141236756	-1.2110669413288384
3.123228260869565	9.240802675585284	1.813069261707788	0.05531310512261611	1.813069261707788	0.05531310512261614	1.8452301093428325	0.14805230828498356	7.8607061520367765	91.51651821138478	2.338568306118584	0.9836717947918545	29.806457680631897	579.3932697601078	-1.2110669413288384
3.123228260869565	9.277591973244148	1.8149318879518017	0.05505924352665918	1.8149318879518008	0.05505924352665934	1.8483239191113787	0.1471897243497416	7.861154819825581	91.75845223814787	2.340918815968097	0.9836732692654395	29.835420935239465	585.1582447125579	-1.2110669413288384
3.123228260869565	9.31438127090301	1.8167630783468134	0.054811553862973345	1.8167630783468138	0.05481155386297327	1.8513743525610933	0.14634228407151778	7.861591277181299	91.99712695774957	2.343242184645757	0.9836747836563475	29.864039269343063	590.9475750629664	-1.2110669413288384
3.123228260869565	9.351170568561873	1.8185639568983483	0.05456976455658214	1.8185639568983476	0.054569764556582245	1.854382635373527	0.1455095135312158	7.862016119748252	92.23263387343826	2.345539107707649	0.9836763402605773	29.89232099487661	596.7613924225811	-1.2110669413288384
3.123228260869565	9.387959866220736	1.8203355904599687	0.05433361982252246	1.8203355904599687	0.05433361982252248	1.8573499424641011	0.14469096004638843	7.862429911161416	92.46506069759339	2.3478102542464714	0.9836779412074935	29.920274121356247	602.5998241312199	-1.2110669413288384
3.123228260869565	9.424749163879598	1.8220789924031622	0.05410287854252431	1.8220789924031626	0.054102878542524185	1.860277400684541	0.1438861909488796	7.862833184993275	92.69449155411733	2.350056268159649	0.9836795884680034	29.947906370155327	608.4629934465354	-1.2110669413288384
3.123228260869565	9.461538461538462	1.823795126003794	0.05387731323612807	1.8237951260037932	0.053877313236128224	1.8631660913521537	0.14309479244748508	7.8632264465668635	92.92100716779423	2.3522777693467365	0.9836812838624075	29.975225187979678	614.3510197238136	-1.2110669413288384
3.123228260869565	9.498327759197325	1.825484907570735	0.053656709117075034	1.8254849075707356	0.05365670911707493	1.8660170526187834	0.1423163685687548	7.86361017464522	93.14468504158853	2.3544753548404165	0.9836830290679319	30.002237759593022	620.2640185867577	-1.2110669413288384
3.123228260869565	9.535117056856187	1.8271492093394062	0.05344086322684834	1.8271492093394062	0.05344086322684829	1.8688312816910442	0.14155054016971513	7.86398482300641	93.3655996227626	2.356649599875002	0.9836848256259403	30.028951019837415	626.2021020896417	-1.2110669413288384
3.123228260869565	9.57190635451505	1.8287888621510446	0.05322958363806278	1.828788862151044	0.05322958363806286	1.8716097369128424	0.140796944016798	7.864350821913084	93.58382245864576	2.3588010588964536	0.983686674948839	30.055371664994688	632.1653788713741	-1.2110669413288384
3.123228260869565	9.608695652173912	1.830404657936081	0.05302268872123034	1.8304046579360809	0.05302268872123047	1.8743533397199277	0.14005523192582905	7.864708579484194	93.79942234279216	2.3609302665173013	0.9836885783266757	30.08150616352774	638.1539543017984	-1.2110669413288384
3.123228260869565	9.645484949832776	1.831997352018356	0.05282000646908647	1.831997352018356	0.05282000646908645	1.8770629764756217	0.1393250699583562	7.865058482976178	94.01246545221807	2.363037738419842	0.9836905369334443	30.10736076624017	644.167930620651	-1.2110669413288384
3.123228260869565	9.68227424749164	1.833567665255345	0.0526213738732529	1.8335676652553463	0.05262137387325263	1.8797395001961994	0.13860613767000085	7.86540089998046	94.22301547635861	2.3651239722108603	0.9836925518331056	30.132941515891027	650.2074070696275	-1.2110669413288384
3.123228260869565	9.719063545150501	1.835116286027852	0.05242663634858947	1.8351162860278523	0.05242663634858941	1.8823837321734442	0.13789812740693327	7.86573617954307	94.43113373831216	2.367189448230569	0.9836946239853286	30.158254256295887	656.2724800177929	-1.2110669413288384
3.123228260869565	9.755852842809364	1.836643872091741	0.05223564720099376	1.8366438720917415	0.05223564720099366	1.884996463501751	0.13720074364683776	7.866064653212442	94.6368793089269	2.3692346303188025	0.9836967542509693	30.183304640947856	662.3632430808586	-1.2110669413288384
3.123228260869565	9.792642140468228	1.8381510523026117	0.05204826713490778	1.838151052302611	0.0520482671349079	1.8875784565160123	0.13651370238112812	7.866386636020061	94.8403091142013	2.371259966540721	0.9836989433972898	30.208098141184976	668.4797872344702	-1.2110669413288384
3.123228260869565	9.82943143812709	1.8396384282238456	0.0518643637970784	1.8396384282238456	0.05186436379707843	1.8901304461466437	0.13583673053535644	7.866702427399301	95.04147803647548	2.3732658898747028	0.9837011921029349	30.23264005393359	674.6222009219938	-1.2110669413288384
3.123228260869565	9.866220735785953	1.8411065756270275	0.0516838113535235	1.8411065756270277	0.051683811353523436	1.892653141197086	0.13516956542508574	7.867012312046358	95.24043900981657	2.375252818864468	0.9837035009626692	30.256935509051242	680.7905701569788	-1.2110669413288384
3.123228260869565	9.903010033444817	1.8425560458932493	0.05150649009690354	1.8425560458932495	0.05150649009690351	1.8951472255490776	0.13451195424467555	7.867316560727653	95.43724310999542	2.3772211582376346	0.9837058704918904	30.280989476293744	686.9849786206347	-1.2110669413288384
3.123228260869565	9.939799331103679	1.8439873673229077	0.05133228608178452	1.843987367322908	0.051332286081784466	1.8976133593004152	0.1338636535866572	7.867615431037325	95.63193963940996	2.3791712994926772	0.9837083011309254	30.30480677192858	693.2055077545946	-1.2110669413288384
3.123228260869565	9.976588628762542	1.8454010463609813	0.05116109078550356	1.8454010463609805	0.05116109078550372	1.9000521798396401	0.1332244289895526	7.867909168108286	95.82457620728823	2.381103621456096	0.9837107932491198	30.328392065015095	699.4522368492039	-1.2110669413288384
3.123228260869565	10.013377926421406	1.8467975687441034	0.05099280079257686	1.8467975687441034	0.050992800792576856	1.90246430286168	0.1325940545121768	7.868198005280014	96.01519880547464	2.383018490811513	0.9837133471487286	30.351749883370832	705.7252431275597	-1.2110669413288384
3.123228260869565	10.050167224080267	1.8481774005753049	0.050827317500755406	1.8481774005753047	0.05082731750075541	1.9048503233282839	0.1319723123325992	7.868482164726036	96.20385188008667	2.384916262602358	0.9837159630686203	30.37488461924248	712.0246018255651	-1.2110669413288384
3.123228260869565	10.08695652173913	1.849540989331728	0.05066454684702208	1.8495409893317278	0.05066454684702211	1.9072108163767518	0.13135899237009224	7.8687618580438805	96.39057839930567	2.3867972807096214	0.983718641187799	30.39780053469819	718.3503862681888	-1.2110669413288384
3.123228260869565	10.123745819397993	1.850888764810172	0.050504399051973944	1.850888764810172	0.050504399051973896	1.9095463381801787	0.13075389192852915	7.869037286809924	96.57541991754277	2.3886618783060896	0.9837213816287554	30.42050176675718	724.7026679421283	-1.2110669413288384
3.123228260869565	10.160535117056856	1.8522211400149835	0.05034678838116109	1.8522211400149835	0.0503467883811611	1.9118574267622936	0.1301568153597959	7.869308643101576	96.75841663621131	2.3905103782884374	0.9837241844606557	30.442992332271743	731.0815165651014	-1.2110669413288384
3.123228260869565	10.19732441471572	1.8535385119922985	0.050191632922101076	1.8535385119922987	0.050191632922101076	1.9141446027695919	0.12956757374591638	7.869576109988782	96.93960746130814	2.3923430936882966	0.9837270497023709	30.46527613257462	737.487000151861	-1.2110669413288384
3.123228260869565	10.234113712374581	1.854841262614587	0.05003885437575801	1.8548412626145867	0.05003885437575806	1.9164083702035615	0.12898598459864447	7.869839861997166	97.11903005801332	2.3941603280636943	0.9837299773253624	30.48735695790693	743.9191850772556	-1.2110669413288384
3.123228260869565	10.270903010033445	1.8561297593187345	0.04988837786143711	1.856129759318734	0.04988837786143719	1.918649217115196	0.12841187157543016	7.870100065544275	97.29672090247314	2.3959623758716813	0.9837329672564212	30.509238491636047	750.3781361363103	-1.2110669413288384
3.123228260869565	10.307692307692308	1.8574043558010627	0.0497401317340726	1.8574043558010624	0.04974013173407266	1.9208676162642644	0.1278450642106826	7.870356879350999	97.47271533095063	2.3977495228234065	0.9837360193802772	30.530924314277474	756.863916601634	-1.2110669413288384
3.123228260869565	10.34448160535117	1.8586653926720862	0.0495940474130216	1.8586653926720866	0.04959404741302157	1.9230640257452887	0.12728539766138555	7.870610454829519	97.64704758649113	2.3995220462224576	0.9837391335420756	30.55241790732968	763.3765882781993	-1.2110669413288384
3.123228260869565	10.381270903010034	1.8599131980738084	0.04945005922151832	1.8599131980738084	0.049450059221518294	1.9252388895823072	0.12673271246614973	7.870860936449435	97.81975086325627	2.4012802152874637	0.9837423095497355	30.57372265693334	769.916211555691	-1.2110669413288384
3.123228260869565	10.418060200668897	1.8611480882619849	0.04930810423603338	1.8611480882619846	0.049308104236033434	1.9273926382941577	0.1261868543168808	7.871108462083328	97.99085734865861	2.403024291459726	0.9837455471761892	30.594841857363146	776.4828454584872	-1.2110669413288384
3.123228260869565	10.454849498327759	1.8623703681557613	0.04916812214482371	1.8623703681557608	0.04916812214482376	1.9295256894320925	0.1256476738422751	7.871353163333201	98.16039826343055	2.4047545286967966	0.9837488461615137	30.61577871436269	783.076547693487	-1.2110669413288384
3.123228260869565	10.491638795986622	1.8635803318566833	0.04903005511504455	1.863580331856683	0.0490300551150446	1.9316384480911728	0.12511502640243966	7.87159516583875	98.3284038997372	2.406471173752561	0.9837522062149537	30.636536348328743	789.6973746957532	-1.2110669413288384
3.123228260869565	10.528428093645484	1.8647782631392247	0.04889384766780706	1.8647782631392251	0.04889384766780697	1.9337313073971125	0.12458877189394559	7.87183458956885	98.4949036574568	2.4081744664447777	0.9837556270168485	30.657117797355024	796.3453816722513	-1.2110669413288384
3.123228260869565	10.565217391304348	1.8659644359145422	0.0487594465606495	1.8659644359145424	0.048759446560649435	1.9358046489698357	0.12406877456470494	7.872071549097146	98.65992607872475	2.4098646399105395	0.9837591082204608	30.677526020141347	803.0206226436488	-1.2110669413288384
3.123228260869565	10.602006688963211	1.86713911466918	0.048626800676913086	1.86713911466918	0.048626800676913086	1.9378588433650592	0.12355490283809027	7.872306153862652	98.82349888083766	2.4115419208503472	0.9837626494537156	30.69776389877519	809.7231504843112	-1.2110669413288384
3.123228260869565	10.638795986622073	1.8683025548803471	0.048495860921550775	1.8683025548803471	0.04849586092155074	1.939894250495206	0.12304702914574146	7.872538508416445	98.98564898761657	2.413206529761431	0.9837662503208541	30.717834241393238	816.4530169606244	-1.2110669413288384
3.123228260869565	10.675585284280936	1.8694550034091835	0.04836658012294286	1.8694550034091832	0.048366580122942905	1.9419112200307056	0.12254502976856899	7.872768712655166	99.14640255930694	2.4148586811608164	0.9837699104040044	30.73773978472811	823.2102727676804	-1.2110669413288384
3.123228260869565	10.7123745819398	1.8705966988733644	0.04823891294032383	1.8705966988733649	0.048238912940323765	1.943910091782774	0.12204878468547478	7.872996862042085	99.30578502109789	2.41649858379865	0.9837736292646746	30.757483196546207	829.9949675644042	-1.2110669413288384
3.123228260869565	10.749163879598662	1.8717278720003534	0.04811281577644432	1.8717278720003532	0.048112815776444336	1.9458911960686955	0.1215581774293494	7.873223047816577	99.46382109033689	2.418126440862324	0.9837774064451713	30.777067077982522	836.8071500072338	-1.2110669413288384
3.123228260869565	10.785953177257525	1.8728487459624377	0.04798824669513401	1.8728487459624374	0.04798824669513407	1.9478548540605458	0.12107309494993428	7.873447357192619	99.62053480250962	2.41974245017184	0.9837812414699484	30.796493965777497	843.6468677824091	-1.2110669413288384
3.123228260869565	10.822742474916389	1.8739595366946578	0.047865165343446515	1.8739595366946578	0.0478651653434465	1.9498013781182193	0.12059342748316433	7.873669873546962	99.7759495360501	2.421346804366846	0.9837851338468885	30.815766334420502	850.5141676369242	-1.2110669413288384
3.123228260869565	10.85953177257525	1.8750604531966226	0.04774353287809657	1.875060453196623	0.047743532878096503	1.9517310721075876	0.12011906842663367	7.873890676597558	99.93008803604242	2.4229396910857384	0.9837890830685186	30.83488659820455	857.4090954082075	-1.2110669413288384
3.123228260869565	10.896321070234114	1.8761516978192265	0.047623311895909806	1.8761516978192265	0.04762331189590981	1.9536442317046299	0.11964991422083535	7.874109842572878	100.08297243687664	2.4245212931372935	0.9837930886131684	30.853857113197243	864.3316960526325	-1.2110669413288384
3.123228260869565	10.933110367892976	1.8772334665370418	0.047504466368047095	1.8772334665370416	0.04750446636804713	1.9555411446861517	0.11918586423587739	7.874327444372495	100.23462428390562	2.426091788665086	0.9837971499460668	30.872680179130853	871.2820136728408	-1.2110669413288384
3.123228260869565	10.96989966555184	1.8783059492073266	0.047386961577754086	1.8783059492073262	0.04738696157775416	1.9574220912078983	0.1187268206633613	7.874543551719607	100.38506455416237	2.427651351305137	0.9838012665203864	30.89135804121652	878.2600915440024	-1.2110669413288384
3.123228260869565	11.006688963210703	1.879369329816352	0.047270764061427724	1.879369329816352	0.047270764061427724	1.959287344070648	0.11827268841315428	7.8747582313058215	100.53431367618127	2.4292001503370786	0.9838054377782336	30.909892891885665	885.2659721390327	-1.2110669413288384
3.123228260869565	11.043478260869565	1.8804237867138054	0.047155841552791025	1.8804237867138054	0.04715584155279103	1.961137168974921	0.11782337501479018	7.874971546928719	100.68239154897161	2.430738350829154	0.9838096631515896	30.928286872462188	892.2996971528156	-1.2110669413288384
3.123228260869565	11.080267558528428	1.8814694928358908	0.04704216292999612	1.8814694928358904	0.047042162929996204	1.9629718247648325	0.11737879052326188	7.875183559622504	100.82931756018188	2.432266113777329	0.983813942063204	30.94654207476855	899.3613075254809	-1.2110669413288384
3.123228260869565	11.117056856187292	1.8825066159178154	0.04692969816547094	1.8825066159178152	0.046929698165470976	1.9647915636616868	0.11693884742896538	7.875394327782208	100.97511060350011	2.4337835962387984	0.9838182739274425	30.964660542668966	906.4508434647622	-1.2110669413288384
3.123228260869565	11.153846153846153	1.883535318696258	0.04681841827834584	1.8835353186962582	0.046818418278345784	1.966596631487834	0.11650346057158154	7.875603907281859	101.11978909532846	2.435290951460223	0.9838226581510915	30.982644273553127	913.5683444675551	-1.2110669413288384
3.123228260869565	11.190635451505017	1.8845557591022724	0.04670829528931921	1.8845557591022726	0.04670829528931916	1.9683872678811538	0.11607254705770244	7.875812351586672	101.26337099075965	2.436788329000768	0.9838270941341224	31.000495219761742	920.713849340559	-1.2110669413288384
3.123228260869565	11.22742474916388	1.885568090445297	0.046599302177802324	1.8855680904452967	0.046599302177802386	1.9701637065008029	0.11564602618199371	7.876019711859989	101.40587379890295	2.438275874850424	0.9838315812704165	31.018215289958672	927.887396220243	-1.2110669413288384
3.123228260869565	11.264214046822742	1.8865724615886141	0.04649141284122497	1.8865724615886141	0.04649141284122501	1.9719261752244757	0.1152238193517293	7.876226037064872	101.54731459757743	2.439753731543576	0.9838361189484517	31.03580635044986	935.0890225919618	-1.2110669413288384
3.123228260869565	11.301003344481606	1.8875690171168165	0.04638460205636847	1.887569017116817	0.04638460205636843	1.9736748963377189	0.11480585001451765	7.8764313740609255	101.68771004741406	2.44122203826826	0.9838407065519555	31.053270226453396	942.3187653084409	-1.2110669413288384
3.123228260869565	11.33779264214047	1.888557897495643	0.046278845442614534	1.888557897495643	0.04627884544261455	1.9754100867155884	0.11439204358906731	7.87663576769638	101.82707640538665	2.442680930971129	0.9838453434605227	31.070608703321398	949.5766606075144	-1.2110669413288384
3.123228260869565	11.37458193979933	1.889539239224627	0.0461741194269997	1.8895392392246273	0.04617411942699969	1.977131957997076	0.1139823273988358	7.876839260895857	101.96542953780529	2.4441305424584483	0.983850029050202	31.08782352771696	956.8627441292579	-1.2110669413288384
3.123228260869565	11.411371237458194	1.8905131749829271	0.046070401210970974	1.8905131749829278	0.04607040121097087	1.9788407167526127	0.11357663060842224	7.877041894743967	102.10278493279311	2.4455710024932173	0.983854762694051	31.104916408747453	964.1770509324654	-1.2110669413288384
3.123228260869565	11.448160535117056	1.891479833768661	0.04596766873875449	1.8914798337686605	0.045967668738754575	1.9805365646449662	0.11317488416257224	7.877243708564917	102.23915771227189	2.4470024378886217	0.9838595437626629	31.121889019056336	971.5196155105435	-1.2110669413288384
3.123228260869565	11.48494983277592	1.8924393410321427	0.04586590066723863	1.892439341032143	0.04586590066723859	1.9822196985838834	0.11277702072766134	7.877444739998462	102.37456264348161	2.4484249725979934	0.9838643716246651	31.138742995875493	978.8904718068354	-1.2110669413288384
3.123228260869565	11.521739130434783	1.8933918188032444	0.04576507633729872	1.8933918188032446	0.04576507633729874	1.9838903108746766	0.11238297463555058	7.8776450250722	102.50901415004881	2.4498387278013647	0.9838692456471904	31.155479942039033	986.2896532293697	-1.2110669413288384
3.123228260869565	11.558528428093645	1.8943373858133201	0.045665175746469534	1.8943373858133201	0.04566517574646953	1.9855485893611864	0.11199268182968086	7.87784459827068	102.64252632263657	2.4512438219889106	0.9838741651963251	31.17210142696184	993.7171926651573	-1.2110669413288384
3.123228260869565	11.595317725752508	1.895276157611782	0.04556617952291232	1.8952761576117818	0.045566179522912365	1.9871947175631692	0.11160607981332467	7.8780434926011225	102.77511292917883	2.452640371041192	0.9838791296375305	31.188608987581905	1001.1731224938878	-1.2110669413288384
3.123228260869565	11.632107023411372	1.896208246677777	0.045468068900587376	1.8962082466777768	0.04546806890058739	1.9888288748085574	0.11122310759987246	7.878241739656284	102.90678742473352	2.4540284883065713	0.9838841383360432	31.205004129270637	1008.6574746012294	-1.2110669413288384
3.123228260869565	11.668896321070234	1.8971337625270772	0.04537082569558156	1.8971337625270772	0.0453708256955816	1.9904512363606799	0.11084370566507308	7.878439369674325	103.03756296095999	2.4554082846757543	0.9838891906572532	31.22128832671043	1016.1702803916282	-1.2110669413288384
3.123228260869565	11.705685618729097	1.8980528118145117	0.045274432283519225	1.898052811814512	0.0452744322835192	1.992061973540776	0.11046781590112609	7.878636411596069	103.1674523952462	2.45677986865367	0.9838942859670607	31.237463024742162	1023.7115708006826	-1.2110669413288384
3.123228260869565	11.74247491638796	1.8989654984320685	0.045178871578010656	1.898965498432069	0.045178871578010565	1.9936612538458944	0.11009538157255475	7.878832893119533	103.29646829949193	2.458143346428743	0.9838994236322138	31.253529639182954	1031.2813763070753	-1.2110669413288384
3.123228260869565	11.779264214046822	1.8998719236029677	0.04508412701007167	1.8998719236029677	0.04508412701007169	1.9952492410624934	0.10972634727376415	7.879028840752111	103.42462296857266	2.459498821939719	0.9839046030206263	31.26948955761612	1038.8797269441184	-1.2110669413288384
3.123228260869565	11.816053511705686	1.900772185971853	0.044990182508471616	1.9007721859718534	0.04499018250847153	1.9968260953758772	0.10936065888821586	7.8792242798604075	103.5519284284926	2.460846396940143	0.9839098235016792	31.2853441401544	1046.5066523109315	-1.2110669413288384
3.123228260869565	11.852842809364548	1.9016663816912576	0.0448970224809627	1.9016663816912576	0.04489702248096273	1.998391973475599	0.10899826354914915	7.87941923471772	103.67839644423795	2.4621861710604893	0.9839150844465023	31.301094720176483	1054.1621815831686	-1.2110669413288384
3.123228260869565	11.889632107023411	1.9025546045046096	0.04480463179633847	1.9025546045046098	0.04480463179633841	1.999947028657129	0.1086391096017691	7.879613728549603	103.80403852735175	2.463518241868218	0.9839203852282427	31.316742605039806	1061.8463435234855	-1.2110669413288384
3.123228260869565	11.926421404682275	1.9034369458258524	0.044712995767286136	1.9034369458258529	0.044712995767286066	2.001491410919814	0.10828314656684865	7.879807783577247	103.92886594323305	2.464842704925675	0.9839257252223149	31.332289076768767	1069.5591664915964	-1.2110669413288384
3.123228260869565	11.963210702341136	1.9043134948158944	0.0446221001339893	1.9043134948158944	0.04462210013398933	2.00302526706138	0.1079303251056728	7.880001421059039	104.05288971817824	2.4661596538460246	0.983931103806638	31.34773539272051	1077.3006784540298	-1.2110669413288384
3.123228260869565	12.	1.9051843384560114	0.04453193104844447	1.9051843384560114	0.04453193104844442	2.004548740769083	0.10758059698627179	7.8801946613302984	104.17612064617288	2.4674691803472504	0.9839365203618575	31.363082786228553	1085.0709069935647	-1.2110669413288384