3.152732441471572	1.	4.856598055714016	6.922030802293236e-10	4.774507092638297	0.9999999990470012	6.195196123323704	0.000022007095908103566	12.76945110024911	439.16269359032333	13.784806085088341	0.9999902796326546	97.63734662299092	241.95988363375935	2.900655861499708
3.152732441471572	1.0367892976588629	4.768373536798673	1.186005528815207e-9	4.605074260958489	0.9999999977015446	6.072354864101786	0.00002832538540512369	12.635890973621343	428.1038599894293	13.295460225632484	0.9999869837502433	95.3970669872822	241.95705077720132	2.788669950525716
3.152732441471572	1.0735785953177257	4.6849261365296195	1.972911513169457e-9	4.447250442609111	0.9999999948014167	5.955950663657159	0.000036009042436425874	12.507540099832283	417.6690620308264	12.839607988957786	0.9999829274129196	93.27784288186746	241.9532596199056	2.6820976028422545
3.152732441471572	1.1103678929765886	4.605844574221526	3.194519618467749e-9	4.299881390177898	0.9999999889012497	5.845451908870308	0.000045259788428604374	12.384095136102733	407.8053318429787	12.413915824398858	0.9999780203853968	91.26934143577515	241.948341653595	2.5803930770661783
3.152732441471572	1.1471571906354514	4.530764780398094	5.046174802134317e-9	4.161960937765188	0.999999977505827	5.740385397693407	0.000056295271868084417	12.265274823833355	398.46555239007375	12.015478123305728	0.99997217530049	89.36241313314125	241.94212744429305	2.483091433512116
3.152732441471572	1.1839464882943145	4.459363225796006	7.792018071537864e-9	4.032607997322035	0.9999999565060351	5.640328371415734	0.00006934907409013187	12.150818449074134	389.60766788216984	11.64175079935504	0.9999653090547941	87.54892457497418	241.9344503039525	2.389793072350712
3.152732441471572	1.2207357859531773	4.391351359528143	1.1782736894808124e-8	3.9110477132910386	0.9999999194169135	5.544901832729492	0.00008467068189866367	12.040484338398436	381.1940188976659	11.290496864340566	0.9999573439813143	85.82161921253088	241.92514967438407	2.3001518653455655
3.152732441471572	1.2575250836120402	4.326470945561449	1.7476188831684443e-8	3.796595924085415	0.9999998563905128	5.453764911267281	0.00010252543806436827	11.934048418335417	373.1907797729391	10.959741543394099	0.9999482087889392	84.17400066910119	241.9140741399084	2.2138659124777966
3.152732441471572	1.294314381270903	4.26449013156721	2.546103764802826e-8	3.688646272639274	0.9999997529852522	5.366610087926487	0.00012319448024757814	11.83130285450013	365.567480328735	10.647735032622691	0.9999378392706457	82.60023443130942	241.90108402029574	2.1306702486245728
3.152732441471572	1.3311036789297659	4.20520011855627	3.648350519669151e-8	3.586659453759443	0.9999995886855879	5.283159127511402	0.00014697467829446475	11.732054778495153	358.2965975174474	10.352921421927851	0.9999261787913916	81.09506457808881	241.8860535246122	2.0503310211625143
3.152732441471572	1.3678929765886287	4.148412326216168	5.147730481750009e-8	3.490154196265713	0.9999993351799733	5.203159598877371	0.00017417857919674936	11.636125105303952	351.3532053308054	10.073912623778204	0.9999131785730456	79.65374289676265	241.86887246903248	1.9726407924409863
3.152732441471572	1.4046822742474916	4.093955969475196	7.159678407208113e-8	3.3986996621510506	0.9999989544201674	5.126381884943941	0.0002051343683174026	11.543347440403895	344.714673482047	9.809466391626895	0.9998987977977835	78.2719682629221	241.84944757775563	1.8974147132745969
3.152732441471572	1.4414715719063544	4.041675977960761	9.825326731590803e-8	3.311909009866219	0.9999983964996957	5.052616603197921	0.00024018585479383472	11.453567073614634	338.3604071038467	9.558467698698664	0.9998830035535397	76.94583457186972	241.82770339684538	1.8244873785910471
3.152732441471572	1.4782608695652173	3.991431202751279	1.3315455282205735e-7	3.229433919156957	0.9999975974024158	4.981672371776838	0.00027969248835792106	11.366640055361659	332.2716210833103	9.319912892952	0.9998657706457691	75.67178583213271	241.80358285682763	1.7537102228926011
3.152732441471572	1.5150501672240804	3.9430928649298935	1.7834748567160053e-7	3.1509599141936078	0.9999964766827061	4.9133738677675876	0.00032402941417693546	11.282432350297078	326.43114376445664	9.092896157365649	0.9998470812992948	74.44657728668405	241.77704752255448	1.6849493469731802
3.152732441471572	1.5518394648829432	3.896543208524114	2.3626349703904343e-7	3.076202352646599	0.9999949351460131	4.847560133621125	0.0003735875717355952	11.200819062886415	320.8232456447868	8.876597893841888	0.9998269247727336	73.26724163048323	241.74807756875964	1.6180836921892428
3.152732441471572	1.588628762541806	3.8516743269065694	3.0976697332027616e-7	3.004902972826899	0.9999928526020185	4.784083095065866	0.0004287738432580774	11.121683729507154	315.4334894205438	8.670274719586796	0.9998052969061767	72.13105955549543	241.71667151815797	1.553003497095898
3.152732441471572	1.625418060200669	3.8083871369780824	4.0220629514822516e-7	2.9368269104910283	0.9999900857623235	4.722806259976659	0.0004900112567183377	11.044917671719132	310.2485983295824	8.473250821028543	0.9997821996206582	71.03553398527873	241.68284577624343	1.4896089852027663
3.152732441471572	1.6622073578595318	3.7665904797170793	5.174673669851657e-7	2.871760112512987	0.9999864663506053	4.663603572613825	0.0005577392481125807	10.970419405592262	305.2563402282355	8.28491045535619	0.9997576403856715	69.97836746732743	241.6466339937781	1.4278092432171616
3.152732441471572	1.6989966555183946	3.7262003291610926	6.600294428459899e-7	2.809507087193123	0.9999817994860509	4.606358401713498	0.0006324139873725238	10.898094102269782	300.44542524023984	8.104691426028051	0.9997316316686917	68.95744227782005	241.60808628476855	1.367521257299206
3.152732441471572	1.7357859531772575	3.6871390947431655	8.350230428944613e-7	2.74988894115173	0.999975862391169	4.550962644262223	0.0007145087720825564	10.827853095273387	295.8054151481509	7.93207938796486	0.9997041903784448	67.97080286424428	241.56726832463676	1.3086690811802828
3.152732441471572	1.7725752508361203	3.6493350042613497	1.0482897492007847e-6	2.692741661040387	0.999968403463487	4.497315929563214	0.0008045144930279725	10.759613430398664	291.3266429737996	7.766602862041169	0.999675337311582	67.01664030968327	241.52426035050425	1.25118311494561
3.152732441471572	1.8093645484949832	3.6127215567095092	1.3064436668388842e-6	2.6379146050821958	0.9999591417379473	4.445324910508342	0.0009029401755419592	10.69329745439108	287.00014142462453	7.607828858029222	0.9996450966105166	66.09327855079114	241.4791560831416	1.194999477184743
3.152732441471572	1.8461538461538463	3.577237035818443	1.6169343386781672e-6	2.585269175023098	0.9999477667536892	4.394902630894661	0.0010103136006335148	10.628832438924865	282.8175790754385	7.455359021197746	0.999613495238476	65.19916212156643	241.43206158807837	1.1400594563140938
3.152732441471572	1.882943143812709	3.5428240765086465	1.988110908594455e-6	2.5346776436756766	0.9999339388260067	4.345967959236463	0.001127182009962686	10.56615023672252	278.77120331699064	7.3088262310048115	0.9995805624763238	64.33284522847688	241.38309409168372	1.0863090293561732
3.152732441471572	1.919732441471572	3.5094292775883402	2.4292873382657225e-6	2.486022117049691	0.9999172897121601	4.298445080878841	0.0012541128988792208	10.50518696694921	274.85378923901845	7.167891591285774	0.9995463294444149	63.492981990504795	241.33238076666373	1.0336984384573724
3.152732441471572	1.9565217391304348	3.4770028549813343	2.950808497083544e-6	2.4391936132362564	0.9998974236487755	4.252263041360748	0.001391694901951584	10.44588272729015	271.0585937305986	7.0322417604481275	0.9995108286516416	62.67831770122317	241.28005750018573	0.9821818170437489
3.152732441471572	1.9933110367892977	3.4454983305708704	3.564116962830251e-6	2.3940912428625936	0.9998739187291523	4.207355334941538	0.0015405387756811844	10.388181330371424	267.3793141781718	6.901586577787746	0.9994740935729133	61.88768098987819	241.22626765690052	0.9317168588323278
3.152732441471572	2.0301003344481607	3.414872252422754	4.28182039245775e-6	2.3506214781544643	0.9998463285810438	4.16365953302377	0.0017012784834168119	10.332030062414338	263.8100512244532	6.775656948404189	0.999436158255545	61.11997677525023	241.17116084818477	0.8822645239942423
3.152732441471572	2.0668896321070234	3.385083942724995	5.117759347353052e-6	2.3086974995095098	0.9998141842994936	4.121116947901158	0.0018745723878540327	10.277379462221525	260.34527512197866	6.654202954537968	0.9993970569544268	60.374179920322355	241.11489171810373	0.8337887776537565
3.152732441471572	2.1036789297658864	3.356095270268914	6.087075485668835e-6	2.2682386100575065	0.9997769965850948	4.079672327853989	0.0020611045569189756	10.224183118781097	256.9797952752583	6.536992165656528	0.9993568237953477	59.64932950791523	241.0576187557855	0.7862563566409131
3.152732441471572	2.140468227424749	3.327870444711993	7.2062800654128734e-6	2.229169710012503	0.9997342580354565	4.03927358012105	0.0022615861892928907	10.172397485943636	253.7087326170093	6.423808123421673	0.9993154924654793	58.94452366779162	240.99950314306196	0.7396365610237831
3.152732441471572	2.177257525083612	3.3003758302175745	8.493322735790195e-6	2.1914208237475936	0.9996854455366567	3.99987151871136	0.0024767571663301385	10.121981712778126	250.52749450812857	6.314448980897997	0.9992730959297351	58.258914894586496	240.94070764543284	0.6939010674533495
3.152732441471572	2.2140468227424748	3.2735797763701675	9.967660630550208e-6	2.1549266734788235	0.9996300227017682	3.9614196343914654	0.0027073877376539227	10.072897488347513	247.43175188901589	6.20872627810429	0.9992296661715172	57.591705803503224	240.88139555353186	0.649023761777207
3.152732441471572	2.250836120401338	3.2474524645257463	0.000011650327815574843	2.119626294257939	0.9995674423050345	3.923873884504777	0.0029542803482790815	10.025108899764662	244.41741844257567	6.106463838348129	0.9991852339562243	56.94214527723932	240.82172968141901	0.6049805887331402
3.152732441471572	2.2876254180602005	3.221965767980629	0.000013564005183430839	2.0854626856671037	0.9994971486627106	3.8871925005558934	0.003218271615703621	9.978582302496056	241.48063155745524	6.007496771782295	0.9991398286158027	56.309524963222394	240.76187142712655	0.5617494168315084
3.152732441471572	2.3244147157190636	3.1970931245359155	0.000015733090929897868	2.0523824962012025	0.9994185799147617	3.8513358117320715	0.00350023446602841	9.933286201974749	238.6177349045208	5.91167057433498	0.9990934778525841	55.69317608509349	240.70197990003075	0.5193099167866709
3.152732441471572	2.3612040133779266	3.1728094202014567	0.00001818377179138829	2.020335736830528	0.9993311701653637	3.8162660827410844	0.0038010804387980774	9.889191145667109	235.825262460752	5.818840311636949	0.999046207560641	55.092466536570136	240.64221111867133	0.4776434520688885
3.152732441471572	2.3979933110367893	3.1490908829283932	0.000020944095267512844	1.9892755206720294	0.9992343514442571	3.781947364525156	0.004121762170900396	9.846269624811052	233.09992383318658	5.728869878837939	0.9989980416629112	54.50679822947593	240.58271728186065	0.4367329803273072
3.152732441471572	2.4347826086956523	3.125914985385028	0.000024044043099711018	1.9591578260714342	0.9991275554553575	3.7483453565675804	0.004463276070504183	9.804495985106888	230.43859075159273	5.641631328299324	0.9989490019623786	53.935604670891884	240.52364611502847	0.39656296458543133
3.152732441471572	2.471571906354515	3.103260355900524	0.000027515606324719	1.9299412807210894	0.9990102150834275	3.7154272796460885	0.004826665192642698	9.763846345696784	227.8382846125923	5.557004258098799	0.9988991080056573	53.3783487471544	240.46514029298146	0.35711929323796676
3.152732441471572	2.508361204013378	3.081106696796785	0.00003139286227062575	1.9015869647169221	0.9988817656340118	3.683161758007755	0.00521302232864353	9.724298525815806	225.29616497026797	5.474875255106356	0.9988483769573888	52.834520694848074	240.40733693953158	0.31838920798545356
3.152732441471572	2.5451505016722407	3.0594347094127774	0.000035712053913337193	1.8740582306990343	0.9987416457860722	3.6515187100464925	0.005623493322141195	9.68583197853619	222.8095188790992	5.395137387107033	0.9987968234839418	52.30363624106263	240.350367203747	0.28036123893320364
3.152732441471572	2.5819397993311037	3.0382260251993793	0.00004051167206237716	1.8473205394297156	0.9985892982408037	3.620469246658421	0.006059280624856946	9.6484277310579	220.37575100462	5.317689739070873	0.9987444596449846	51.78523489705108	240.29435591198282	0.24302514615617873
3.152732441471572	2.6187290969899664	3.0174631423279323	0.0000458325408971363	1.8213413093447868	0.9984241700538751	3.5899855765344286	0.006521647105645686	9.612068331022101	217.99237442565516	5.242436989217106	0.9986912947915914	51.27887839107442	240.2394212943286	0.20637186709357522
3.152732441471572	2.6555183946488294	2.9971293673131894	0.00005171790742793987	1.796089778772973	0.9982457126417936	3.560040917724488	0.00701192012644981	9.57673779833994	215.65700205951777	5.169289020997936	0.9986373354696358	50.784149227670795	240.18567478362993	0.17039346918700046
3.152732441471572	2.6923076923076925	2.9772087612024336	0.00005821353551067423	1.7715368796569408	0.9980533814562056	3.530609414876489	0.007531495898690353	9.542421582036466	213.3673386482988	5.098160567547746	0.9985825853273224	50.30064936187738	240.13322088485975	0.13508310721551464
3.152732441471572	2.729096989966555	2.957686089928193	0.00006536780509915091	1.747655121731563	0.997846635322708	3.501666061614827	0.008081844133188769	9.509106521608171	211.12117325048155	5.028970885513964	0.9985270450258081	49.82799897808373	240.0821571123547	0.10043498481091484
3.152732441471572	2.765886287625418	2.9385467784625945	0.00007323181747596725	1.7244184862220433	0.9976249354431473	3.473186627581625	0.008664512995846143	9.476780812381469	208.91637218765518	4.961643455511456	0.9984707121519797	49.36583536421154	240.03257399215255	0.06644431965626918
3.152732441471572	2.802675585284281	2.9197768684482157	0.0000818595072600872	1.7018023282192016	0.9973877440624318	3.44514758971804	0.009281134379872094	9.445433974337332	206.75087240124182	4.89610570673136	0.9984135811325591	48.91381187283628	239.98455512657455	0.03310731188256488
3.152732441471572	2.839464882943144	2.9013629790133133	0.0000913077620477137	1.6797832869727125	0.9971345228026257	3.417526067415116	0.009933429503201158	9.415056823833034	204.62267517894446	4.832288763490058	0.998355643148844	48.471596961679474	239.93817731808224	0.00042111517978905746
3.152732441471572	2.8762541806020065	2.8832922705095685	0.0001016365506016949	1.6583392034173663	0.9968647306685079	3.3902997612148575	0.010623214836645757	9.38564144760333	202.5298402152178	4.770127211730965	0.9982968860515197	48.03887330664241	239.8935107494707	-0.031616189867690776
3.152732441471572	2.9130434782608696	2.865552410938065	0.00011290906056331973	1.6374490443133198	0.9965778217299603	3.3634468947933325	0.011352408364070792	9.357181178358974	200.47047997453834	4.709558883693025	0.9982372942751385	47.615336981214696	239.85061921752003	-0.06300562072872162
3.152732441471572	2.9498327759197323	2.848131544854673	0.00012519184671797568	1.617092832440092	0.9962732424875185	3.336946160010148	0.012123036170119398	9.32967057121664	198.4427543307214	4.650524659138841	0.9981768487520295	47.20069669669194	239.80956041733356	-0.09374731668981542
3.152732441471572	2.9866220735785953	2.831018264569839	0.00013855499090150377	1.5972515823366398	0.9959504289282411	3.310776664864161	0.012937239343391407	9.303105380089548	196.44486546014812	4.592968281695607	0.9981155268256056	46.79467309818612	239.7703862748143	-0.1238405620082578
3.152732441471572	3.0234113712374584	2.814201583480014	0.00015307227468564635	1.5779072411268291	0.9956088032798242	3.284917884254758	0.013797281173020941	9.277482533037288	194.47505297161226	4.536836189004471	0.9980533021632616	46.39699811190868	239.73314332494436	-0.15328380907528355
3.152732441471572	3.060200668896321	2.7976709113892357	0.0001688213660261557	1.5590426340118007	0.9952477704716733	3.2593496135137947	0.014705554603741133	9.252800105413975	192.53158926077072	4.482077355501739	0.9979901446693258	46.00741433966337	239.6978731338292	-0.18207470227337905
3.152732441471572	3.096989966555184	2.781416031699803	0.00018588402109295408	1.5406414140485476	0.9948667143125948	3.2340519247468618	0.015664589898090484	9.229057289460949	190.61277508303857	4.428643146769721	0.997926020398843	45.62567449690665	239.6646127628048	-0.2102101032889135
3.152732441471572	3.1337792642140467	2.7654270803707917	0.00020434630252398687	1.5226880158679486	0.9944649933959603	3.209005126105961	0.016677062433600884	9.206254358758525	188.71693534537533	4.376487184497232	0.9978608914733398	45.25154089111914	239.63339527324447	-0.2376861187334905
3.152732441471572	3.17056856187291	2.749694526562778	0.0002242988153476298	1.5051676130158624	0.9940419367448591	3.184189724211715	0.017745800536640183	9.184392625676805	186.84241512503726	4.325565221181637	0.9977947160001591	44.884784937592315	239.60425027109227	-0.26449813103711844
3.152732441471572	3.2073578595317724	2.7342091549067415	0.00024583696179570887	1.4880660786281676	0.9935968392119878	3.1595863900542827	0.01887379322195154	9.163474389642612	184.98757593224158	4.275835023787025	0.9977274479974759	44.52518671007317	239.5772044905841	-0.2906408337032341
3.152732441471572	3.2441471571906355	2.718962049354498	0.00026906121617190196	1.471369949174596	0.9931289566521252	3.1351759288305585	0.020064197666552624	9.143502873662609	183.15079224405187	4.227256265646004	0.9976590373277082	44.17253452401794	239.55228241692836	-0.31610827216237486
3.152732441471572	3.280936454849498	2.7039445785882155	0.00029407742083681837	1.4550663910277164	0.992637500889185	3.110939254325083	0.02132034619707078	9.12448214611008	181.33044834904564	4.179790425959653	0.997589429642766	43.82662455050971	239.52950694820407	-0.3408938916258353
3.152732441471572	3.317725752508361	2.6891483829864384	0.00032099710420884793	1.4391431696317936	0.9921216345053748	3.0868573686147727	0.02264575250922237	9.106417024289915	179.5249355566744	4.133400696307954	0.9975185663454085	43.487260459167146	239.50890009697514	-0.36499059352505353
3.152732441471572	3.3545150501672243	2.6745653631647697	0.0003499378214415714	1.423588621062253	0.9915804654871745	3.062911348077004	0.02404411676533255	9.089312955746381	177.73264984210797	4.088051893635961	0.9974463845719583	43.154253088639145	239.49048373245975	-0.38839080232129547
3.152732441471572	3.391304347826087	2.6601876701297624	0.0003810235181054279	1.4083916257795797	0.991013041772079	3.0390823369078204	0.025519329128891117	9.073175872675765	175.9519900170045	4.043710379226447	0.9973728172027271	42.827420143525565	239.47428036423167	-0.4110865446818179
3.152732441471572	3.42809364548495	2.6460076971049524	0.00041438491675055455	1.393541584391981	0.9904183457516741	3.0153515496131824	0.027075471192726772	9.058012014165099	174.1813565393521	4.000343983209855	0.9972977929077664	42.50658591679383	239.46031396846482	-0.4330695432335049
3.152732441471572	3.4648829431438126	2.632018073107264	0.00045015992563388415	1.3790283952488098	0.989795288800983	2.991700284219667	0.028716814638464466	9.043827710321636	172.41915110138797	3.957921934196387	0.9972212362369551	42.19158103697049	239.4486108575531	-0.45433132731181014
3.152732441471572	3.5016722408026757	2.6182116583694195	0.0004884940681294231	1.3648424336915168	0.9891427059214971	2.9681099482572306	0.030447816329406692	9.030629121724798	170.6637771635308	3.916414793643292	0.9971430677649454	41.882242239569464	239.43920059349975	-0.47486336330390916
3.152732441471572	3.5384615384615383	2.6045815417178093	0.0005295409303784358	1.350974532790734	0.9884593506060941	2.9445620998862516	0.03227310888812104	9.018421927079828	168.91364163383025	3.8757943945924787	0.9970632043030895	41.5784121623656	239.43211694463238	-0.4946572073148102
3.152732441471572	3.5752508361204014	2.591121040023727	0.0005734626235500557	1.337415965396972	0.9877438900582525	2.921038506858048	0.034197485647311544	9.00721095156513	167.16715792570216	3.836033784430272	0.9969815591920613	41.279939164228466	239.42739888402116	-0.5137046829288059
3.152732441471572	3.612040133779264	2.577823699845542	0.0006204302556549354	1.3241584273281741	0.9869949009253698	2.897521226286711	0.03622587869463288	8.99699972825773	165.42275065998388	3.7971071713302336	0.9968980426903916	40.9866771672673	239.42509162605302	-0.5319980867508677
3.152732441471572	3.648829431438127	2.5646833013673906	0.0006706244061774359	1.3111940215106292	0.9862108657359901	2.873992708434256	0.03836332856998464	8.987789985349504	163.6788623080144	3.7589898740442536	0.9968125624753533	40.698485522005754	239.42524769523388	-0.5495304241330344
3.152732441471572	3.68561872909699	2.551693864710929	0.0007242355948833738	1.2985152428804752	0.9853901702620969	2.850435927817675	0.04061494403441673	8.979581052827118	161.93396209648196	3.7216582747033775	0.9967250242733758	40.41522889515671	239.42792801790108	-0.5662956769480957
3.152732441471572	3.722408026755853	2.538849658645839	0.000781464734068024	1.2861149638424092	0.9845311020583226	2.826834544867364	0.04298585023722837	8.972369184124291	160.18655750671886	3.685089774280633	0.9966353326370945	40.13677717929522	239.43320302337196	-0.5822891043810143
3.152732441471572	3.759197324414716	2.5261452116459027	0.0008425235513302424	1.2739864200714226	0.9836318504568677	2.80317310101332	0.045481123595050056	8.9661467912459	158.43520869354523	3.6492627503530994	0.9965433918849061	39.86300542329227	239.44115373589793	-0.5975075763738985
3.152732441471572	3.7959866220735785	2.513575325124463	0.000907634967852389	1.2621231964342525	0.9826905083157814	2.77943724934325	0.04810571180582558	8.960901596308636	156.67854611235782	3.6141565167806564	0.9964491072160218	39.593793781745106	239.45187283265926	-0.6119499374900935
3.152732441471572	3.8327759197324416	2.5011350885311376	0.000977033415368152	1.2505192128026075	0.9817050758233395	2.7556140217488387	0.050864337702488834	8.956615708626453	154.9152915669838	3.579751284897418	0.9963523860089938	39.329027480806324	239.4654656361566	-0.6256173964782454
3.152732441471572	3.869565217391304	2.4888198957978105	0.0010509650738365652	1.2391687095333708	0.9806734666455342	2.7316921316354215	0.053761386162443296	8.953264644596583	153.14428276291977	3.546028125791571	0.9962531393040405	39.068596796761234	239.48205100195446	-0.6385139336782394
3.152732441471572	3.9063545150501673	2.476625462387903	0.001129688011720431	1.2280662324060792	0.9795935166592525	2.7076623087211233	0.05680077408571695	8.950816317758026	151.36450125968284	3.5129689332354936	0.9961512834587757	38.81239704245199	239.5017620554189	-0.6506467146476356
3.152732441471572	3.94314381270903	2.4645478419372977	0.0012134722121683165	1.217206616839515	0.9784629954325285	2.683517659150133	0.05998580458183877	8.949230038264506	149.5751034538559	3.4805563868272924	0.9960467419529818	38.56032855525697	239.52474672472206	-0.6620264941363403
3.152732441471572	3.979933110367893	2.452583441195877	0.0013025994718162664	1.206584971261488	0.977279620488644	2.6592540401413296	0.06331900798096564	8.94845557399816	147.77545388941516	3.4487739149247947	0.9959394473010351	38.31229667890719	239.55116801306468	-0.6726679900848979
3.152732441471572	4.016722408026756	2.4407290317151715	0.0013973631647856866	1.196196659582052	0.9760410742195862	2.6348704338782305	0.06680197407968066	8.94843233848083	145.96515979350409	3.4176056570024724	0.9958293430112576	38.068211730131374	239.5812039522881	-0.6825902031347525
3.152732441471572	4.053511705685619	2.428981756521751	0.001498067872998728	1.1860372828212136	0.9747450230990945	2.610369300692269	0.07043518204887687	8.949088781853368	144.1441052988789	3.3870364251481258	0.9957163855113595	37.82798894019119	239.6150471843078	-0.6918166538719221
3.152732441471572	4.090301003344481	2.4173391299197555	0.001605028895063948	1.1761026600647226	0.973389138597537	2.5857568873788384	0.07421783648691668	8.950342068175402	142.3124833827921	3.357051664544832	0.9956005459405944	37.5915483610736	239.65290412757938	-0.7003755084914182
3.152732441471572	4.127090301003345	2.4057990286353275	0.0017185716591272889	1.1663888090577608	0.9719711189417924	2.561043463481795	0.0781477199213272	8.952098122499915	140.47082318943976	3.327637412954684	0.9954818116953883	37.35881472673528	239.69499370411845	-0.708299564638184
3.152732441471572	4.1638795986622075	2.3943596728000247	0.0018390310790780925	1.1568919268825757	0.9704887106254366	2.536243457463499	0.0822210732974917	8.95425212205287	138.6200101874893	3.2987802594266	0.9953601876095723	37.12971726157765	239.74154562845885	-0.7156260736177376
3.152732441471572	4.20066889632107	2.3830195957980806	0.0019667509066285975	1.1476083712837246	0.9689397283979827	2.511375466675527	0.08643251626575928	8.956689485595087	136.76129662733456	3.270467302674455	0.995235696656309	36.90418943139195	239.79279829216412	-0.7223963834129401
3.152732441471572	4.237458193979933	2.3717776027661386	0.0021020831419325554	1.1385346432822407	0.967322072388647	2.486462120534359	0.09077501806013154	8.959287383343494	134.89630007218346	3.2426861097885284	0.9951083800786894	36.68216863626955	239.84899631329824	-0.7286553988672363
3.152732441471572	4.274247491638796	2.360632718478003	0.002245387570433747	1.1296673717375159	0.9656337410847001	2.4615297853677633	0.09523992726848068	8.961916748485795	133.02698841460074	3.215424676119875	0.9949782968902029	36.46359585008864	239.91038785525225	-0.7344508701323431
3.152732441471572	4.311036789297659	2.3495841263662918	0.0023970314918461675	1.1210033004593516	0.9638728391039103	2.4366081114438107	0.09981706487824787	8.964444724532118	131.1556507325387	3.1886713872814347	0.9948455227325987	36.248415216587496	239.97722184835916	-0.7398325363964955
3.152732441471572	4.3478260869565215	2.3386311013841694	0.0025573896978508537	1.1125392783398338	0.9620375790657554	2.4117294364186885	0.10449487998485124	8.966737436753641	129.284854497788	3.1624149842144416	0.9947101481320513	36.03657361695359	240.04974526555534	-0.7448511667864345
3.152732441471572	4.384615384615385	2.327772940138207	0.002726844738864182	1.1042722527767832	0.9601262773386096	2.3869280729722115	0.10926066208686315	8.968662938016273	127.41739087827484	3.1366445321610845	0.9945722762477922	35.82802022749155	240.12820060590602	-0.7495575517698954
3.152732441471572	4.421404682274248	2.317008892095581	0.0029057874990888826	1.0961992664225975	0.9581373439569242	2.362239519653261	0.11410079875068764	8.970094156133447	125.5562109927774	3.1113493941717945	0.9944320202524406	35.62270608763161	240.2128237255905	-0.7540015043259746
3.152732441471572	4.45819397993311	2.306338095609627	0.0030946180760602305	1.08831745704825	0.9560692674879674	2.337699641092757	0.1190010634050063	8.970911665928803	123.70435680609314	3.086519209484279	0.9942895005130551	35.42058369795822	240.30384212624853	-0.7582309294293968
3.152732441471572	4.494983277591973	2.2957595220198037	0.0032937469395085722	1.080624060097921	0.9539205960105497	2.3133438656147853	0.12394691574300709	8.971006125576562	121.86489076403348	3.062143876782902	0.9941448417520055	35.22160666513988	240.4014737695713	-0.7622910130475339
3.152732441471572	4.531772575250836	2.2852719302476663	0.0035035963276592533	1.0731164133548172	0.9516899155973035	2.2892064447161506	0.12892379696770873	8.970280250764374	120.04082820750554	3.038213542029748	0.9939981703563656	35.02572940610597	240.50592644099098	-0.7662235691312588
3.152732441471572	4.568561872909699	2.2748738332699983	0.003724601829126596	1.0657919630603763	0.9493758277472356	2.2653198107067047	0.13391740383113002	8.96865024600156	118.2350761072074	3.014718590295346	0.993849611976618	34.83290691829503	240.61739764086826	-0.7700665671514932
3.152732441471572	4.605351170568562	2.2645634767686116	0.003957214095983646	1.058648270829308	0.9469769271086033	2.241714057567239	0.13891392867289326	8.966046662550903	116.4503808331894	2.9916496408378213	0.9936992895157813	34.64309461715492	240.7360749445589	-0.7738538461207153
3.152732441471572	4.642140468227424	2.254338829284819	0.0042019006377082835	1.051683020770433	0.9444917806017399	2.2184165576822714	0.14390025682727017	8.962414699683867	114.68928666826426	2.9689975445961343	0.9935473215656028	34.45624823707533	240.8621367469135	-0.7776150060667254
3.152732441471572	4.678929765886288	2.244197582454209	0.0044591476548550835	1.0448940263375395	0.9419189087490789	2.1954517153344737	0.1488641171568076	8.95771400452621	112.95410574878356	2.9467533832707704	0.993393821303816	34.27232378811907	240.99575329350884	-0.781375456275928
3.152732441471572	4.7157190635451505	2.2341371594177466	0.004729461883352763	1.03827923657192	0.939256769698081	2.172840848066393	0.15379418549350252	8.951918052372116	111.24689920275253	2.9249084692453633	0.9932388958306548	34.09127755853562	241.13708789936524	-0.7851565921248731
3.152732441471572	4.752508361204013	2.224154729298171	0.005013372433225073	1.03183674153714	0.9365037461255269	2.1506021799874486	0.15868014401639755	8.945013203227854	109.56946854054605	2.9034543457300384	0.9930826458966708	33.91306615206482	241.286298263619	-0.7889760689848724
3.152732441471572	4.789297658862877	2.214247225656279	0.005311432617630807	1.0255647768706877	0.9336581349674647	2.128750927009414	0.16351270186982436	8.936997532776301	107.92335587494131	2.882382786656378	0.9929251659581392	33.737646549247074	241.44353780250452	-0.7928481419144592
3.152732441471572	4.826086956521739	2.204411367037579	0.00562422177836607	1.0194617274768143	0.9307181397411738	2.1072994525510453	0.1682835836205981	8.927879529485311	106.30985129918169	2.8616857960029853	0.9927665444899778	33.56497618301966	241.60895693988877	-0.7967840427060797
3.152732441471572	4.862876254180602	2.194643678018731	0.005952347121898689	1.0135261304566268	0.9276818651141122	2.0862574729069228	0.17298549259015117	8.917676737248657	104.73000569956659	2.8413556063644503	0.9926068644872212	33.39501302044896	241.7827043118956	-0.8007923703055873
3.152732441471572	4.8996655518394645	2.184940509504834	0.006296445585610032	1.0077566774166637	0.9245473133214437	2.065632293569161	0.17761205587612564	8.906414407631216	103.18464737314775	2.8213846766862782	0.9924462040923623	33.227715644219565	241.96492785800567	-0.8048794757586929
3.152732441471572	4.936454849498328	2.1752980573667298	0.006657185757517315	1.0021522163199057	0.9213123820254409	2.0454290606972414	0.18215775721298932	8.894124209837942	101.67440100969164	2.801765689171212	0.9922846372951022	33.06304332924215	242.15577578435068	-0.80904982795168
3.152732441471572	4.973244147157191	2.1657123788114885	0.0070352698747990884	0.9967117530488885	0.9179748632329519	2.0256510151354745	0.18661786290923402	8.880843031597065	100.19970783425356	2.782491545419252	0.9921222346614397	32.90095611130042	242.35539739531413	-0.8133063510355768
3.152732441471572	5.010033444816053	2.1561794061326527	0.007431435927457944	0.9914344528447667	0.9145324429286193	2.0062997395051494	0.19098834509725995	8.866611891231537	98.76084595664037	2.763555361898385	0.9919590640592598	32.741414845956704	242.5639437970705	-0.8176507283010026
3.152732441471572	5.046822742474917	2.146694957684525	0.00784645989388167	0.9863196417736022	0.9109827011315397	1.9873753917133439	0.1952658055532666	8.851474970723856	97.35795021191652	2.7449504648599037	0.9917951913568392	32.584381256950934	242.7815684816468	-0.8220836703208538
3.152732441471572	5.083612040133779	2.1372547460688236	0.008281158135295489	0.9813668083555608	0.9073231121342883	1.9688769206013068	0.19944740245867262	8.835478771595941	95.99103098703547	2.726670384816084	0.9916306810785346	32.42981797407258	243.0084278029659	-0.8266051474299563
3.152732441471572	5.120401337792642	2.1278543836191175	0.008736389976426166	0.9765756054768643	0.9035510447309401	1.9508022613666858	0.2035307817176903	8.818671389713353	94.65999170571006	2.7087088506932835	0.9914655970082378	32.27768856099782	243.24468135765517	-0.8312145881613102
3.152732441471572	5.157190635451505	2.1184893853268836	0.009213060500337118	0.9719458526899872	0.8996637622822137	1.9331485098554275	0.2075140138288652	8.801101901338686	93.36464478536752	2.6910597837632513	0.9913000027360254	32.12795753390299	243.4904922835547	-0.8359110462332657
3.152732441471572	5.193979933110368	2.1091551693813964	0.009712123586495949	0.9674775389957431	0.8956584225000879	1.9159120758826422	0.2113955368265345	8.78281985051768	92.10472598865506	2.6737172914425424	0.9911339621469644	31.980590371837735	243.7460274883005	-0.8406933392108143
3.152732441471572	5.230769230769231	2.0998470555019897	0.010234585222801709	0.9631708261922063	0.8915320768608967	1.8990888164730486	0.21517410544675247	8.763874826812067	90.87990717159231	2.6566756610363114	0.9909675398534908	31.83555351990852	244.01145781936194	-0.8455601621649893
3.152732441471572	5.2675585284280935	2.090560261231754	0.010781507124614608	0.9590260528698109	0.8872816695756657	1.8826741503776392	0.21884874641281782	8.74431612216869	89.68980748593238	2.639929353489094	0.990800801574357	31.692814386312033	244.28695818565254	-0.8505101796288251
3.152732441471572	5.304347826086956	2.081289896342073	0.0113540106968533	0.9550437391297023	0.882904036059872	1.8666631554870299	0.22241871955866946	8.724192456065575	88.53400312951256	2.6234729971931157	0.9906338144640702	31.552341334204637	244.57270763957624	-0.8555420989747469
3.152732441471572	5.34113712374582	2.072030955471008	0.011953281379030194	0.9512245921030758	0.8783959008529173	1.8510506508768187	0.22588348439599373	8.703551758790063	87.41203575976874	2.607301381893481	0.9904666473971795	31.41410366930797	244.86888942707162	-0.8606547280793208
3.152732441471572	5.377926421404682	2.0627783090885394	0.012580573417754646	0.9475695123529647	0.8737538749410696	1.8358312652305273	0.22924267166720852	8.682441003623984	86.32341969598104	2.5914094527205593	0.9902993712118716	31.278071624056746	245.17569101209915	-0.8658470198390118
3.152732441471572	5.414715719063545	2.0535266928495086	0.013237215116850047	0.9440796012463357	0.8689744524373214	1.8209994933258946	0.23249605939824564	8.660906079721045	85.26764803835557	2.5757923043718427	0.9901320589172014	31.144216338992337	245.49330408093974	-0.8711181057876561
3.152732441471572	5.451505016722408	2.044270695362134	0.01392461462192132	0.940756169393631	0.8640540065679603	1.8065497421668104	0.2356435529618591	8.638991698484311	84.24419782918872	2.560445175459374	0.9899647858680187	31.01250984201035	245.82192453080097	-0.8764673207606406
3.152732441471572	5.488294314381271	2.0350047443665034	0.014644266304137437	0.9376007462649439	0.8589887849091467	1.7924763682152365	0.2386851686758307	8.616741327236081	83.25253437501645	2.5453634430338177	0.9897976299113006	30.882925025980818	246.16175244648576	-0.881894220265768
3.152732441471572	5.525083612040134	2.025723091283525	0.015397757817352002	0.9346150911069807	0.8537749038077188	1.7787737070387373	0.24162102048480752	8.59419714488737	82.29211484021397	2.530542617292146	0.9896306715072147	30.755435625177338	246.51299206821702	-0.8873985919627613
3.152732441471572	5.561872909698996	2.0164197940603006	0.01618677791372675	0.9318012053032069	0.848408341908815	1.7654360965491502	0.24445130930510947	8.571400015144173	81.36239121301693	2.515978336472986	0.9894639938278557	30.630016190881452	246.8758517532352	-0.8929804624243228
3.152732441471572	5.59866220735786	2.0070886982021547	0.017013125116052553	0.9291613463413642	0.8428849326988388	1.752457894872584	0.24717631464546047	8.548389473526386	80.46281273509261	2.5016663619414357	0.9892976828362229	30.50664206646755	247.25054393337874	-0.8986401001529915
3.152732441471572	5.635451505016722	1.9977234158437476	0.01787871736037421	0.9266980435784702	0.8372003559554366	1.7398334937635558	0.24979638815119184	8.525203725122582	79.59282787604424	2.4876025734633282	0.9891318273476655	30.38528936221973	247.63728507051212	-0.9043780156571063
3.152732441471572	5.672240802675585	1.9883173026711205	0.0187856027407944	0.9244141160242096	0.8313501279763492	1.7275573283591839	0.2523119487534787	8.501879650564902	78.75188592493267	2.4737829646679224	0.9889665190757131	30.265934930089987	248.0362956114606	-0.9101949592445114
3.152732441471572	5.709030100334449	1.9788634324617307	0.019735971510056082	0.9223126924001207	0.8253295904356748	1.715623883963417	0.2547234791377574	8.478452818189433	77.93943826219974	2.460203638697047	0.9888018526639377	30.148556338569456	248.44779994389046	-0.9160919170714403
3.152732441471572	5.745819397993311	1.9693545689592085	0.020732169515444116	0.9203972337754392	0.8191338976885661	1.7040277004560682	0.2570315232762995	8.45495750075591	77.15493936735086	2.446860804038218	0.9886379257052601	30.03313184781445	248.87202635444956	-0.922070105882988
3.152732441471572	5.782608695652174	1.9597831347421473	0.021776713280618892	0.918671559132313	0.8127580023128503	1.6927633748371842	0.25923668479846834	8.431426695445358	76.39784761048821	2.4337507705389703	0.9884748387499154	29.919640385145268	249.30920699038626	-0.9281309667986571
3.152732441471572	5.8193979933110365	1.9501411766792596	0.02287230698141935	0.9171398742752088	0.8061966386373637	1.6818255623423337	0.2613396259987753	8.407892146142212	75.66762586919877	2.4208699455993195	0.9883126953031267	29.808061521014082	249.75957782576745	-0.9342761584287451
3.152732441471572	5.8561872909699	1.9404203274845562	0.02402186160890967	0.9158068045741735	0.799444303960385	1.6712089764985254	0.26334106730730666	8.384384367246156	74.96374200641056	2.408214830539239	0.9881516018134016	29.69837544552293	250.22337863337418	-0.9405075495521255
3.152732441471572	5.892976588628763	1.930611762792272	0.025228516667937236	0.9146774321221381	0.7924952371056723	1.6609083884326217	0.2652417870695651	8.360932668455451	74.28566923958817	2.3957820171379764	0.9879916676522585	29.5905629455594	250.70085296330976	-0.946827211542281
3.152732441471572	5.929765886287625	1.9207061530582248	0.026495664826638538	0.9137573379966442	0.7853433938956967	1.6509186256930921	0.267042621503545	8.33756518012274	73.63288642695699	2.3835681843419008	0.9878330050861039	29.48460538260557	251.19224812929886	-0.9532374106931039
3.152732441471572	5.966555183946488	1.9106936094568412	0.027826980014865263	0.9130526504512431	0.7779824190386609	1.6412345708012537	0.26874446472096225	8.314308878912643	73.00487829230862	2.3715700951375744	0.9876757292409148	29.38048467126741	251.69781520362827	-0.9597406005685325
3.152732441471572	6.003344481605351	1.900563622774807	0.02922644957145609	0.9125701000279286	0.7704056138236172	1.6318511597090057	0.27034826871713685	8.291189613591785	72.40113560628936	2.3597845935866393	0.9875199580603343	29.27818325856347	252.2178090216337	-0.9663394144785503
3.152732441471572	6.040133779264214	1.890304994094221	0.03069841116708069	0.9123170827878163	0.7626058988911772	1.622763380305495	0.27185504325034443	8.26823213086039	71.8211553388325	2.348208602019035	0.9873658122577491	29.17768410400532	252.75248819660072	-0.9730366581675247
3.152732441471572	6.076923076923077	1.8799057557992676	0.032247595388040416	0.9123017331141826	0.7545757711887306	1.6139662710849545	0.27326585554641813	8.245460101193707	71.26444079456263	2.3368391183807584	0.9872134152628912	29.078970660494655	253.30211514585707	-0.9798353027882897
3.152732441471572	6.11371237458194	1.8693530811156482	0.03387917506637247	0.912533007864842	0.7463072540194522	1.6054549200616446	0.27458182977816	8.222896144704732	70.73050174051897	2.3256732137324008	0.9870628931634902	28.982026856057903	253.86695612881778	-0.9867384782259127
3.152732441471572	6.150501672240803	1.8586331799811346	0.03559882269548738	0.9130207840596185	0.7377918388410084	1.5972244639944815	0.2758041462818807	8.20056185706913	70.21885453335791	2.3147080298942537	0.986914374642484	28.886837076432208	254.44728129762345	-0.9937494668282274
3.152732441471572	6.187290969899665	1.8477311785217825	0.03741277759544639	0.9137759728105085	0.7290204171455716	1.5892700879639456	0.2769340404849216	8.17847783557136	69.72902225131966	2.303940777233539	0.9867679909112886	28.793386148511093	255.04336476093684	-1.0008716975949516
3.152732441471572	6.224080267558528	1.8366309787345594	0.03932792491123633	0.9148106528738645	0.7199832003342959	1.5815870253264586	0.2779728015285505	8.156663705340529	69.26053483461976	2.293368732589122	0.9866238756396141	28.701659324654038	255.65548466138898	-1.00810874087371
3.152732441471572	6.260869565217392	1.8253150941021363	0.04135188907338995	0.916138228076571	0.7106696249542794	1.5741705580564345	0.27892177058009154	8.135138145846092	68.8129292365384	2.282989237328529	0.9864821648823036	28.611642267856702	256.28392326701123	-1.0154643036086088
3.152732441471572	6.297658862876254	1.8137644557185415	0.04349314506819261	0.9177736140129485	0.7010682399490531	1.5670160174734655	0.2797823388366005	8.113918917719715	68.38574958630488	2.27279969553183	0.9863429970036586	28.52332103777362	256.9289670768976	-1.0229422251851374
3.152732441471572	6.334448160535117	1.8019581819843131	0.04576115181862859	0.9197334609266878	0.6911665716207459	1.5601187853416887	0.28055594522971555	8.09302288996171	67.97854736392064	2.262797572296646	0.9862065125996977	28.43668207758037	257.59090694122966	-1.0305464739138037
3.152732441471572	6.37123745819398	1.7898733028923612	0.04816651325908565	0.9220364217267083	0.6809509607212236	1.5534742953194145	0.28124407384775424	8.07246606757882	67.5908815862529	2.2529803921579523	0.9860728544187716	28.351712201653996	258.27003819560645	-1.038281144193946
3.152732441471572	6.408026755852843	1.7774844271613819	0.05072117443060509	0.9247034768474807	0.6704063643467295	1.5470780347303998	0.281848251096394	8.052263619687286	67.22231900312502	2.243345737616221	0.9859421672809356	28.268398584046974	258.9666608095461	-1.0461504543982871
3.152732441471572	6.444816053511706	1.764763336671912	0.053438662327349465	0.9277583314628107	0.659516112907745	1.5409255466226608	0.28237004262367676	8.032429908100555	66.87243430164142	2.2338912477668753	0.9858145979964491	28.186728747722057	259.6810795488183	-1.0541587455182801
3.152732441471572	6.481605351170568	1.7516784873553977	0.05633438458729848	0.9312279058636165	0.6482616090843457	1.5350124320769591	0.28281105003845314	8.012978516406424	66.54081031664927	2.224614617023922	0.985690295283733	28.106690554511356	260.4136041511857	-1.0623104806095072
3.152732441471572	6.518394648829432	1.7381943881650608	0.059426003898557435	0.9351429473280645	0.6366219508999194	1.5293343527244434	0.2831729074538965	7.993922279523902	66.22703824500753	2.215513593930011	0.9855694096870777	28.028272195754496	261.1645495148889	-1.0706102450762198
3.152732441471572	6.555183946488294	1.7242708189036766	0.06273391290350595	0.9395388026623254	0.6245734541361361	1.52388703343176	0.28345727788930924	7.975273313716989	65.93071786122717	2.2065859800452747	0.9854520934943515	27.951462183568417	261.9342358991687	-1.0790627478335075
3.152732441471572	6.591973244147157	1.7098618317133807	0.06628184457370477	0.9444564065559131	0.6120890391220707	1.5186662651114327	0.28366584956433216	7.9570430470296065	65.6514577320014	2.197829628906684	0.9853385006549005	27.876249342692518	262.72298913586604	-1.0876728233854902
3.152732441471572	6.62876254180602	1.69491445702085	0.07009766838360199	0.9499435649027733	0.5991374315760586	1.513667907616131	0.2838003321197201	7.939242250095928	65.38887542720984	2.189242445049646	0.9852287866977888	27.802622802849353	263.5311408510342	-1.0964454348580064
3.152732441471572	6.665551839464883	1.679366997742334	0.0742144463141413	0.9560566492233286	0.5856821034762502	1.508887892676651	0.28386245279838707	7.921881067270838	65.14259772507502	2.180822383083395	0.9851231086504617	27.73057199155606	264.3590286953603	-1.105385678024271
3.152732441471572	6.702341137123746	1.6631467369947182	0.07867186031895951	0.9628628768753862	0.5716798423348869	1.5043222268456231	0.2838539526192374	7.90496904801841	64.91226080933019	2.1725674468114238	0.9850216249578586	27.66008662731558	265.2069965819871	-1.114498786362909
3.152732441471572	6.739130434782608	1.6461667889271117	0.08351818441581352	0.9704434473677155	0.5570787757216841	1.4999669944113414	0.28377658257480126	7.888515178491032	64.69751045644381	2.1644756883881784	0.984924495401942	27.591156713112742	266.0753949302092	-1.123790137188611
3.152732441471572	6.775919732441472	1.6283216604370265	0.08881307890520544	0.9788979669340833	0.5418155735427364	1.495818360249154	0.2836320998816617	7.872527913228419	64.4980022111894	2.1565452075030964	0.9848318810215422	27.523772530136	266.9645809133461	-1.1332652588971874
3.152732441471572	6.812709030100335	1.6094808060263286	0.09463166862963562	0.9883508790271938	0.5258113661701493	1.4918725725809583	0.28342226431041023	7.857015206904419	64.31340154909228	2.1487741505829194	0.984743944032356	27.457924631640353	267.87491870892273	-1.1429298393690992
3.152732441471572	6.849498327759197	1.5894789292465352	0.10107070939105377	0.9989611471899159	0.5089655743135579	1.4881259656167873	0.2831488346193191	7.841984546049563	64.14338402454942	2.1411607100031746	0.9846608477468735	27.393603836863814	268.80677974913397	-1.1527897355781307
3.152732441471572	6.88628762541806	1.5681007459657805	0.10825831975503919	1.010937474969495	0.4911461734140278	1.4845749620558328	0.28281356511327316	7.827442980679263	63.98763540367846	2.133703123299459	0.9845827564939416	27.33080122490385	269.76054296935274	-1.1628509844558819
3.152732441471572	6.923076923076923	1.5450557360998722	0.11637017702329595	1.0245635361211851	0.4721734937875236	1.4812160754277603	0.28241820234672005	7.813397155760503	63.845851781211955	2.126399672369262	0.9845098355376112	27.269508128458252	270.736595052304	-1.1731198150666655
3.152732441471572	6.959866220735786	1.5199333672960142	0.12565835782811852	1.0402427314904035	0.45179137607341646	1.4780459122583842	0.28196448198665647	7.799853342454448	63.71773968099606	2.119248682654611	0.9844422509948512	27.20971612732767	271.73533066524936	-1.1836026621534599
3.152732441471572	6.996655518394649	1.4921162321617498	0.13650750591519464	1.0585850308469635	0.4296109994306264	1.4750611740471047	0.28145412584886786	7.786817469077583	63.603016139892546	2.112248522295861	0.9843801697516527	27.15141704157466	272.75715268735314	-1.1943061811216604
3.152732441471572	7.033444816053512	1.4605890767317686	0.14955878393597968	1.080597921831585	0.40498692566908034	1.4722586590463607	0.2808888391180375	7.774295151730348	63.50140877508978	2.1053976012465694	0.9843237593769868	27.09460292422778	273.8024724241126	-1.2052372645352176
3.152732441471572	7.070234113712375	1.4234311963556838	0.1660405465660552	1.1081939896694128	0.3766864220091241	1.4696352638361252	0.2802703077597748	7.762291724548896	63.41265583502274	2.098694370339108	0.9842731880340183	27.039266053413957	274.87170980546244	-1.2164030602087064
3.152732441471572	7.107023411371237	1.3759266022888248	0.1890040273635952	1.146080724190555	0.3416537700632608	1.467187984689011	0.27960019613020193	7.750812269543078	63.336506234277316	2.092137320290267	0.9842286243879261	26.985398923796396	275.96529356384605	-1.2278109909892547
3.152732441471572	7.1438127090301	1.2904034163472318	0.23656863041802342	1.2219210965900822	0.28176497000525147	1.4649139187234237	0.2788801447866496	7.739861645991103	63.27271957297828	2.085724980635541	0.9841902375096189	26.93299423718732	277.08366138815495	-1.2394687763342604
3.152732441471572	7.1806020066889635	1.2548774386418409	0.2576386238327779	1.2548774386418389	0.25763862383277936	1.4627541880668795	0.2781314575829631	7.729265247694398	63.21669934314308	2.079425200408238	0.9841555521075868	26.881670782752167	278.2181298047426	-1.2512445878529612
3.152732441471572	7.217391304347826	1.4073775787814298	0.17080015129066584	1.4073775787814349	0.17080015129066337	1.4724193304657032	0.2731797657530424	7.728584786925423	63.987056605192834	2.0825454768965717	0.9840884714114106	26.926747517474773	281.8621731265439	-1.2512445878529612
3.152732441471572	7.254180602006689	1.4568245222553478	0.1479798338792157	1.456824522255347	0.1479798338792159	1.4838852461345426	0.2677530411807096	7.731106351762644	64.88313932355418	2.087277004924123	0.9840504877805346	26.988758005091942	285.9886780752487	-1.2512445878529612
3.152732441471572	7.290969899665551	1.4904620907966097	0.13388782881668035	1.4904620907966109	0.1338878288166799	1.495834776286863	0.2623321771971971	7.7348731935684105	65.80979543030375	2.092692988945851	0.9840274937510279	27.05778698420388	290.3529663697098	-1.2512445878529612
3.152732441471572	7.327759197324415	1.5166178820111376	0.1237214680834132	1.5166178820111391	0.12372146808341267	1.5078406950381924	0.2570612357716876	7.739236846144421	66.73648249441977	2.098473727258777	0.9840144893268864	27.130415003001794	294.8713341698326	-1.2512445878529612
3.152732441471572	7.364548494983278	1.5382050918985113	0.11584513740696241	1.538205091898511	0.1158451374069626	1.5196866902727522	0.2520023412008073	7.743855205006596	67.64797212395737	2.1044392458055596	0.9840084890552357	27.204723604740927	299.49602707403886	-1.2512445878529612
3.152732441471572	7.40133779264214	1.5566373332655954	0.10948267733479485	1.5566373332655943	0.1094826773347953	1.531254760678455	0.2471805270947529	7.7485288552721565	68.53614013338301	2.1104761926729463	0.9840074728802766	27.279511058488673	304.1962180125495	-1.2512445878529612
3.152732441471572	7.438127090301004	1.5727280648731874	0.10419764477988432	1.5727280648731885	0.10419764477988394	1.5424815759109107	0.24260152259684065	7.753138328498192	69.39678345223412	2.1165102897678083	0.9840100050712671	27.35399576239656	308.9510069050168	-1.2512445878529612
3.152732441471572	7.474916387959866	1.58699776970512	0.09971768311737074	1.5869977697051194	0.09971768311737099	1.5533363954052777	0.23826065860051557	7.757612563121494	70.22801395156348	2.1224923169858605	0.9840150418238273	27.427665000102877	313.745913322323	-1.2512445878529612
3.152732441471572	7.511705685618729	1.5998042922148508	0.09586047769864606	1.5998042922148488	0.09586047769864672	1.563808431330506	0.2341477807237516	7.761910886333622	71.02934371743575	2.1283898329035797	0.984021815569557	27.50018554139675	318.570816713291	-1.2512445878529612
3.152732441471572	7.548494983277592	1.611406623693149	0.09249769807786283	1.6114066236931504	0.0924976980778623	1.5738991581396151	0.2302500717517901	7.766012017061516	71.80113187304937	2.134181885162542	0.9840297585767678	27.57134656443174	323.418638230623	-1.2512445878529612
3.152732441471572	7.585284280936455	1.6219994993382392	0.08953554452828034	1.6219994993382376	0.08953554452828091	1.5836174810105137	0.2265536926710115	7.76990710471218	72.5442396094084	2.1398554822815106	0.9840384498860039	27.64102164745677	328.2844554661724	-1.2512445878529612
3.152732441471572	7.622073578595318	1.6317336887257943	0.08690341743084934	1.6317336887257932	0.0869034174308497	1.592976650583849	0.22304472956380883	7.773595227833263	73.25981178968047	2.1454031804201255	0.984047577394404	27.709142832780802	333.16489059765104	-1.2512445878529612
3.152732441471572	7.65886287625418	1.6407286480364764	0.08454691539843685	1.6407286480364767	0.08454691539843674	1.6019922793250745	0.21970972481280734	7.777080446192553	73.94913795771627	2.1508214064804516	0.9840569102954535	27.775682656923426	338.05767961704044	-1.2512445878529612
3.152732441471572	7.695652173913044	1.6490808065058538	0.08242330064276089	1.6490808065058533	0.08242330064276099	1.6106810665712317	0.2165359575961866	7.780369856312549	74.61356411241474	2.1561092804354636	0.98406627881447	27.84064157362004	342.9613651060068	-1.2512445878529612
3.152732441471572	7.7324414715719065	1.656869214703479	0.08049844870991656	1.6568692147034776	0.08049844870991689	1.6190599850932452	0.21351157348371255	7.783472305256167	75.25443731611097	2.1612677820613517	0.9840755591809216	27.9040390898107	347.87507498593027	-1.2512445878529612
3.152732441471572	7.769230769230769	1.6641595233190014	0.07874473165234269	1.6641595233190016	0.07874473165234265	1.6271457704624996	0.21062562423466025	7.78639754095889	75.87307168047228	2.1662991582365407	0.9840846624071854	27.965907489006167	352.7983619507748	-1.2512445878529612
3.152732441471572	7.806020066889632	1.6710068637959725	0.07713951014820715	1.6710068637959745	0.07713951014820657	1.6349546098516328	0.2078680554208582	7.789155654360233	76.4707283083782	2.1712064998857246	0.9840935258599737	28.026287374324045	357.7310862034272	-1.2512445878529612
3.152732441471572	7.842809364548495	1.6774579826182259	0.07566403534457926	1.6774579826182263	0.07566403534457912	1.642501962248162	0.20522966506279913	7.791756717645186	77.04860433637988	2.1759934394785287	0.9841021068962478	28.08522450074836	362.6733293730231	-1.2512445878529612
3.152732441471572	7.879598662207358	1.6835528540202551	0.07430263372278313	1.6835528540202545	0.07430263372278328	1.649802464981358	0.20270204751092644	7.794210554710948	77.60782787868274	2.180663934746865	0.9841103780354045	28.142767526354252	367.6253310586281	-1.2512445878529612
3.152732441471572	7.916387959866221	1.6893259193796848	0.07304209193859455	1.689325919379686	0.07304209193859425	1.6568698964974808	0.20027753121688663	7.79652660086585	78.14945675478715	2.1852221143949957	0.9841183232815157	28.198966421852155	372.5874419037818	-1.2512445878529612
3.152732441471572	7.953177257525083	1.6948070538244828	0.07187118576567562	1.694807053824483	0.07187118576567561	1.6637171752707884	0.1979491155445108	7.79871382263978	78.67447959500417	2.1896721685803535	0.9841259353112876	28.253871353621815	377.5600888221073	-1.2512445878529612
3.152732441471572	7.989966555183947	1.7000223298908195	0.0707803146896763	1.7000223298908195	0.07078031468967633	1.6703563813754632	0.19571040958485877	7.80078067788167	79.18381839044424	2.1940182718404557	0.9841332133170938	28.307531908319888	382.5437492033527	-1.2512445878529612
3.152732441471572	8.02675585284281	1.704994627780942	0.06976121515521157	1.7049946277809416	0.0697612151552117	1.6767987916970424	0.19355557457885153	7.802735102597913	79.67833186918853	2.1982645295925423	0.9841401613481202	28.359996564361765	387.53893178860517	-1.2512445878529612
3.152732441471572	8.063545150501673	1.7097441280399235	0.06880673317213185	1.709744128039924	0.06880673317213175	1.6830549227655476	0.19147927071092455	7.80458451525579	80.15881929154119	2.202414941783485	0.984146787031997	28.41131234195056	392.546162519363	-1.2512445878529612
3.152732441471572	8.100334448160535	1.7142887129758768	0.06791064227419914	1.7142887129758768	0.06791064227419907	1.6891345772244144	0.18947660852698847	7.806335832196479	80.62602439913573	2.2064733790187123	0.984153100588317	28.461524582126568	397.5659741094733	-1.2512445878529612
3.152732441471572	8.137123745819398	1.7186442964587467	0.06706749651614018	1.7186442964587458	0.06706749651614037	1.695046891328137	0.18754310492818127	7.807995489810335	81.08063934817667	2.2104435677587437	0.9841591140669469	28.51067681880357	402.59889841191426	-1.2512445878529612
3.152732441471572	8.173913043478262	1.7228250969378942	0.06627251081652755	1.7228250969378947	0.06627251081652741	1.700800381796958	0.18567464352168123	7.80956947051283	81.52330852130738	2.214329082082784	0.9841648407600841	28.55881071748763	407.6454608884165	-1.2512445878529612
3.152732441471572	8.210702341137123	1.7268438650294236	0.0655214628419244	1.726843865029423	0.06552146284192452	1.7064029909913385	0.18386743902178343	7.811063330518739	81.95463215566522	2.218133340181375	0.9841702947490365	28.605966061432397	412.70617666361414	-1.2512445878529612
3.152732441471572	8.247491638795987	1.7307120744499782	0.06481061200543706	1.7307120744499782	0.06481061200543711	1.711862129797737	0.18211800535708583	7.812482228077688	82.37516975341859	2.2218596042242544	0.9841754905557618	28.65218077112713	417.78154777387704	-1.2512445878529612
3.152732441471572	8.284280936454849	1.734440083149901	0.06413663217049212	1.7344400831499014	0.06413663217049202	1.717184717904481	0.1804231271330881	7.813830951295002	82.78544326000724	2.225510982604595	0.9841804428760673	28.697490946772245	422.8720613164205	-1.2512445878529612
3.152732441471572	8.321070234113712	1.738037270045804	0.0634965554104288	1.7380372700458027	0.06349655541042909	1.722377221338065	0.1787798341105869	7.815113944982172	83.18594000766025	2.229090433822951	0.9841851663765843	28.741930926163615	427.9781882757924	-1.2512445878529612
3.152732441471572	8.357859531772576	1.7415121516423429	0.06288772474784951	1.7415121516423415	0.06288772474784984	1.7274456872543897	0.17718537838134588	7.816335336201319	83.57711542953103	2.2326007714675478	0.9841896755416273	28.785533352438556	433.1003828583321	-1.2512445878529612
3.152732441471572	8.394648829431437	1.744872481977881	0.06230775423411916	1.7448724819778818	0.062307754234118995	1.7323957760590551	0.17563721394809664	7.817498958319967	83.95939555455564	2.2360446698913536	0.9841939845591078	28.828329247642113	438.23908220568245	-1.2512445878529612
3.152732441471572	8.431438127090301	1.74812533866327	0.061754495064764124	1.748125338663269	0.0617544950647644	1.7372327909788412	0.17413297844321315	7.818608373495164	84.33317929580723	2.2394246702930842	0.9841981072370312	28.87034808918414	443.394706389016	-1.2512445878529612
3.152732441471572	8.468227424749164	1.7512771972613843	0.06122600668620287	1.7512771972613839	0.06122600668620295	1.741961705233706	0.17267047674735098	7.819666893575121	84.69884054642786	2.24274318698892	0.9842020569439397	28.911617887083565	448.5676586089215	-1.2512445878529612
3.152732441471572	8.505016722408026	1.7543339958429571	0.06072053205187594	1.7543339958429571	0.06072053205187595	1.7465871869715306	0.1712476662949693	7.820677599451477	85.05673009761203	2.2460025137209656	0.9842058465680769	28.95216526050693	453.7583255435869	-1.2512445878529612
3.152732441471572	8.54180602006689	1.7573011912264125	0.06023647634510738	1.7573011912264116	0.060236476345107585	1.751113622131461	0.16986264387738279	7.821643358924043	85.40717739293488	2.2492048298929013	0.9842094884911621	28.992015512563537	458.9670778015462	-1.2512445878529612
3.152732441471572	8.578595317725753	1.7601838081467993	0.05977238861202593	1.7601838081467993	0.05977238861202586	1.7555451353991272	0.16851363377559875	7.822566843156607	85.75049213276696	2.2523522066561856	0.9842129945735268	29.031192702653918	464.19427044558324	-1.2512445878529612
3.152732441471572	8.615384615384615	1.7629864823873804	0.059326945848194396	1.7629864823873802	0.05932694584819444	1.7598856094107171	0.1671989770746454	7.823450541811562	86.08696574175943	2.2554466127948913	0.9842163761480464	29.069719715917973	469.4402435624519	-1.2512445878529612
3.152732441471572	8.652173913043478	1.7657134987359298	0.058898939162942296	1.7657134987359293	0.058898939162942386	1.7641387023543253	0.1659171220284372	7.8242967769545695	86.41687271151453	2.2584899203754842	0.9842196440208357	29.107618329510522	474.705322859183	-1.2512445878529612
3.152732441471572	8.688963210702342	1.7683688244879867	0.05848726171011774	1.768368824487986	0.058487261710117866	1.7683078641071746	0.1646666153596388	7.8251077158203115	86.74047182963756	2.26148391014133	0.9842228084770995	29.144909275565265	479.98982027148	-1.2512445878529612
3.152732441471572	8.725752508361204	1.7709561391049897	0.05809089812635533	1.7709561391049906	0.058090898126355074	1.7723963510372545	0.16344609439256047	7.825885382528181	87.05800730546497	2.2644302766418174	0.9842258792908634	29.181612300806034	485.29403457344216	-1.2512445878529612
3.152732441471572	8.762541806020067	1.7734788605406753	0.05770891526065165	1.773478860540675	0.05770891526065171	1.7764072395874047	0.16225427992915875	7.826631668832346	87.36970980185883	2.2673306330929393	0.9842288657375762	29.217746222830208	490.6182519805534	-1.2512445878529612
3.152732441471572	8.799331103678929	1.775940168671603	0.057340454013847006	1.7759401686716032	0.05734045401384696	1.7803434387503871	0.16108996978867576	7.827348343986419	87.67579738164788	2.27018651597175	0.9842317766087861	29.25332898314155	495.96274674020276	-1.2512445878529612
3.152732441471572	8.836120401337793	1.778343026202501	0.056984722135337236	1.7783430262025	0.05698472213533751	1.7842077015335902	0.15995203294079696	7.828037063797007	87.97647637647798	2.2729993893503933	0.9842346202282598	29.288377697038236	501.32778170553956	-1.2512445878529612
3.152732441471572	8.872909698996656	1.7806901973635156	0.0566409878479186	1.780690197363515	0.05664098784791877	1.7880026355036185	0.15883940417025313	7.82869937893574	88.27194218514066	2.27577064897831	0.9842374044690484	29.322908700487442	506.7136088898904	-1.2512445878529612
3.152732441471572	8.909698996655518	1.7829842646708707	0.05630857419130993	1.7829842646708705	0.05630857419131	1.791730712492404	0.15775107921799073	7.829336742573236	88.56238000775159	2.2785016261224995	0.9842401367711099	29.356937594126915	512.1204699998177	-1.2512445878529612
3.152732441471572	8.946488294314381	1.7852276439847288	0.055986853991153544	1.7852276439847292	0.05598685399115345	1.795394277539265	0.15668611035024516	7.82995051739397	88.84796552156716	2.281193591177094	0.9842428241591857	29.390479284544167	517.5485969457822	-1.2512445878529612
3.152732441471572	8.983277591973245	1.7874225980658296	0.05567524537391744	1.7874225980658291	0.05567524537391759	1.7989955571362581	0.15564360231236704	7.830541982045732	89.12886550366157	2.2838477570538367	0.984245473260693	29.423548022984164	522.9982123298761	-1.2512445878529612
3.152732441471572	9.020066889632107	1.7895712488052933	0.05537320775954207	1.7895712488052926	0.055373207759542235	1.802536666837864	0.1546227086290838	7.831112337072748	89.40523840518584	2.286465282365305	0.9842480903234535	29.456157441635877	528.4695299105348	-1.2512445878529612
3.152732441471572	9.05685618729097	1.7916755882789561	0.055080238273253375	1.7916755882789563	0.05508023827325327	1.806019618290297	0.15362262821712963	7.8316627103771825	89.6772348814755	2.289047274412621	0.9842506812331183	29.48832058764389	533.9627550444322	-1.2512445878529612
3.152732441471572	9.093645484949834	1.793737488758033	0.054795868526051734	1.7937374887580322	0.05479586852605196	1.809446325730722	0.15264260227987758	7.832194162250077	89.94499828187698	2.2915947919893243	0.9842532515301889	29.52004995498886	539.4780851060908	-1.2512445878529612
3.152732441471572	9.130434782608695	1.795758711790928	0.054519661720267044	1.7957587117909273	0.05451966172026716	1.8128186120016978	0.15168191145694754	7.8327076900087	90.20866510277656	2.29410884801249	0.9842558064265562	29.551357514371304	545.0157098857825	-1.2512445878529612
3.152732441471572	9.167224080267559	1.7977409164567262	0.05425121004237042	1.7977409164567264	0.054251210042370344	1.816138214122097	0.1507398732046321	7.833204232274172	90.46836540699591	2.2965904119919056	0.984258350821506	29.582254741229193	550.575811966504	-1.2512445878529612
3.152732441471572	9.20401337792642	1.799685666878458	0.05399013231020769	1.7996856668784584	0.05399013231020757	1.819406788451834	0.14981583938556292	7.833684672920058	90.72422321241216	2.2990404123475114	0.984260889317154	29.61275264201138	556.1585670808283	-1.2512445878529612
3.152732441471572	9.240802675585284	1.8015944390736263	0.053736071846038624	1.801594439073626	0.053736071846038645	1.822625915484362	0.14890919404828523	7.834149844720021	90.97635685240073	2.3014597385849167	0.9842634262332897	29.64286177882326	561.7641444485471	-1.2512445878529612
3.152732441471572	9.277591973244148	1.803468627210151	0.05348869455041633	1.803468627210151	0.05348869455041636	1.8257971042976777	0.14801935137943278	7.834600532719826	91.2248793104471	2.3038492433381372	0.9842659656216173	29.672592292552697	567.3927070959713	-1.2512445878529612
3.152732441471572	9.31438127090301	1.8053095493279023	0.05324768715505647	1.805309549327902	0.05324768715505649	1.8289217966917282	0.14714575381297365	7.835037477356741	91.46989853105582	2.3062097442881515	0.9842685112793916	29.70195392457751	573.0444121577691	-1.2512445878529612
3.152732441471572	9.351170568561873	1.807118452579205	0.053012755635506004	1.8071184525792048	0.053012755635506066	1.8320013710378105	0.1462878702825353	7.8354613773476425	91.71151770890499	2.3085420259655853	0.9842710667624529	29.73095603715137	578.7194111623176	-1.2512445878529612
3.152732441471572	9.387959866220736	1.8088965180353576	0.05278362376678629	1.8088965180353578	0.052783623766786227	1.835037145862894	0.1454451946042749	7.835872892364614	91.94983555799251	2.3108468414449215	0.9842736353976695	29.75960763255478	584.417850301332	-1.2512445878529612
3.152732441471572	9.424749163879598	1.8106448651012068	0.05256003180714851	1.8106448651012073	0.052560031807148425	1.8380303831900586	0.14461724397895434	7.836272645515674	92.18494656238323	2.313124913937554	0.984276220294802	29.787917371095734	590.1398706847223	-1.2512445878529612
3.152732441471572	9.461538461538462	1.8123645555750532	0.052341735296843786	1.8123645555750534	0.052341735296843724	1.8409822916541876	0.14380355760301475	7.836661225646459	92.41694121001193	2.315376938290238	0.9842788243578043	29.815893588036367	595.8856085814435	-1.2512445878529612
3.152732441471572	9.498327759197325	1.8140565973870826	0.05212850396032875	1.814056597387083	0.052128503960328684	1.8438940294103752	0.1430036953794352	7.837039189477205	92.64590621086622	2.3176035823951606	0.9842814502955796	29.84354430951713	601.6551956471271	-1.2512445878529612
3.152732441471572	9.535117056856187	1.8157219480461309	0.05192012070162338	1.8157219480461297	0.05192012070162359	1.8467667068511004	0.1422172367200216	7.837407063588366	92.87192470076587	2.3198054885174932	0.9842841006322097	29.870877267546245	607.448759139291	-1.2512445878529612
3.152732441471572	9.57190635451505	1.8173615178212368	0.051716380683719934	1.8173615178212357	0.051716380683720184	1.84960138914666	0.14144377943159073	7.837765346266743	93.0950764318372	2.321983274545722	0.9842867777166797	29.897899914115264	613.2664221207843	-1.2512445878529612
3.152732441471572	9.608695652173912	1.8189761726818583	0.05151709048392783	1.8189761726818585	0.051517090483927754	1.8523990986222507	0.14068293867919593	7.838114509223183	93.3154379506958	2.324137535169863	0.9842894837321159	29.924619434499256	619.1083036521892	-1.2512445878529612
3.152732441471572	9.645484949832776	1.8205667370181058	0.05132206731793101	1.8205667370181056	0.05132206731793103	1.8551608169838967	0.1399343460201826	7.838454999191825	93.53308276525928	2.3262688429922034	0.9842922207045596	29.951042759794884	624.9745189738104	-1.2512445878529612
3.152732441471572	9.68227424749164	1.8221339961602139	0.05113113832611372	1.8221339961602143	0.05113113832611361	1.8578874874044107	0.13919764850343255	7.838787239420165	93.74808150103703	2.328377749574983	0.984294990511298	29.97717657874651	630.8651796778803	-1.2512445878529612
3.152732441471572	9.719063545150501	1.823678698714464	0.050944139916400344	1.8236786987144633	0.05094413991640046	1.8605800164795303	0.13847250782867335	7.8391116310580715	93.9605020476628	2.330464786428936	0.9842977948887697	30.003027348905572	636.780393871498	-1.2512445878529612
3.152732441471572	9.755852842809364	1.8252015587312955	0.05076091715843329	1.825201558731295	0.05076091715843345	1.8632392760637957	0.13775859956115816	7.839428554453749	94.17040969639143	2.3325304659466477	0.9843006354400676	30.028601307167754	642.7202663309271	-1.2512445878529612
3.152732441471572	9.792642140468228	1.8267032577195694	0.05058132322447766	1.8267032577195685	0.05058132322447783	1.8658661049946492	0.1370556123974728	7.839738370363432	94.37786726920086	2.334575282284111	0.9843035136420585	30.05390447972664	648.6848986477006	-1.2512445878529612
3.152732441471572	9.82943143812709	1.828184446519734	0.05040521887289606	1.828184446519734	0.050405218872896146	1.8684613107127153	0.13636324747858047	7.840041421081302	94.58293524009929	2.3365997121937525	0.984306430852134	30.0789426914813	654.6743893670123	-1.2512445878529612
3.152732441471572	9.866220735785953	1.8296457470474887	0.050232471970449506	1.8296457470474896	0.05023247197044926	1.8710256707856152	0.13568121774653977	7.840338031495636	94.78567184919126	2.338604215812083	0.9843093883146188	30.103721574932905	660.6888341189074	-1.2512445878529612
3.152732441471572	9.903010033444817	1.8310877539183195	0.050062957050066414	1.8310877539183201	0.050062957050066276	1.8735599343419342	0.13500924734166422	7.840628510076507	94.98613321000234	2.3405892374046546	0.9843123871668454	30.128246578601605	666.728325742607	-1.2512445878529612
3.152732441471572	9.939799331103679	1.832511035962444	0.049896554901043264	1.8325110359624444	0.049896554901043215	1.8760648234215809	0.13434707103713867	7.840913149800024	95.18437341053126	2.3425552060710992	0.9843154284449177	30.152522974994305	672.7929544044472	-1.2512445878529612
3.152732441471572	9.976588628762542	1.8339161376387858	0.04973315218893092	1.8339161376387851	0.049733152188931075	1.8785410342482196	0.13369443370837225	7.84119222901378	95.38044460845832	2.344502536412617	0.9843185130891775	30.176555868150693	678.8828077097523	-1.2512445878529612
3.152732441471572	10.013377926421406	1.8353035803558158	0.0495726411026335	1.8353035803558158	0.04957264110263358	1.880989238429014	0.13305108983459288	7.841466012247606	95.57439712090287	2.346431629164249	0.9843216419493889	30.200350200793547	684.997970809009	-1.2512445878529612
3.152732441471572	10.050167224080267	1.8366738637064002	0.04941491902647605	1.8366738637063997	0.04941491902647621	1.88341008408653	0.13241680303038847	7.841734750973546	95.76627950909617	2.3483428717940367	0.9843248157896551	30.223910761107234	691.138526498663	-1.2512445878529612
3.152732441471572	10.08695652173913	1.8380274666232632	0.049259888235193186	1.8380274666232632	0.04925988823519321	1.8858041969273605	0.13179134560507655	7.841998684318733	95.9561386583111	2.3502366390711376	0.9843280352930847	30.247242189167658	697.3045553168848	-1.2512445878529612
3.152732441471572	10.123745819397993	1.8393648484609137	0.04910745561000876	1.8393648484609135	0.04910745561000876	1.8881721812514976	0.13117449814798254	7.842258039734275	96.14401985335252	2.3521132936046514	0.9843313010662141	30.27034898304337	703.4961356345293	-1.2512445878529612
3.152732441471572	10.160535117056856	1.8406864500095481	0.048957532374118595	1.8406864500095483	0.048957532374118554	1.890514620906369	0.1305660491378296	7.842513033623324	96.32996684990223	2.3539731863549633	0.9843346136432066	30.293235504588367	709.7133437416104	-1.2512445878529612
3.152732441471572	10.19732441471572	1.841992694445938	0.048810033846044154	1.841992694445938	0.04881003384604412	1.8928320801890877	0.12996579457459667	7.842763871931082	96.51402194198451	2.3558166571192025	0.9843379734898325	30.315905984944383	715.9562539295241	-1.2512445878529612
3.152732441471572	10.234113712374581	1.843283988225812	0.04866487920947734	1.8432839882258119	0.048664879209477395	1.8951251047001862	0.1293735376323326	7.84301075069936	96.69622602579933	2.357644034992348	0.9843413810072482	30.3383645297699	722.2249385692788	-1.2512445878529612
3.152732441471572	10.270903010033445	1.844560721921993	0.048521991298335315	1.8445607219219924	0.048521991298335454	1.8973942221519107	0.12878908833152433	7.843253856588076	96.87661866015252	2.359455638805371	0.9843448365355797	30.36061512421167	728.5194681859339	-1.2512445878529612
3.152732441471572	10.307692307692308	1.8458232710120352	0.048381296395882366	1.8458232710120344	0.048381296395882484	1.8996399431338482	0.12821226322973345	7.843493367365789	97.05523812369225	2.361251777541694	0.9843483403573232	30.38266163763297	734.8399115294361	-1.2512445878529612
3.152732441471572	10.34448160535117	1.8470719966190685	0.04824272404683812	1.8470719966190687	0.04824272404683814	1.9018627618386725	0.12764288512928854	7.843729452371638	97.23212146915998	2.3630327507333693	0.9843518927005739	30.404507828114237	741.1863356421519	-1.2512445878529612
3.152732441471572	10.381270903010034	1.8483072462089007	0.04810620688152925	1.8483072462089007	0.04810620688152923	1.9040631567502462	0.1270807828009522	7.8439622729501375	97.40730457482483	2.364798848837885	0.9843554937420869	30.426157346736638	747.5588059231272	-1.2512445878529612
3.152732441471572	10.418060200668897	1.8495293542465563	0.04797168045117601	1.8495293542465563	0.04797168045117599	1.9062415912965582	0.12652579072251643	7.844191982861032	97.58082219328595	2.3665503535969306	0.9843591436101856	30.447613741663055	753.9573861894037	-1.2512445878529612
3.152732441471572	10.454849498327759	1.8507386428148853	0.04783908307351546	1.850738642814885	0.047839083073515476	1.9083985144694704	0.12597774883139268	7.84441872866548	97.75270799779165	2.3682875383779467	0.9843628423875203	30.46888046202608	760.3821387344337	-1.2512445878529612
3.152732441471572	10.491638795986622	1.8519354221978621	0.04770835568800818	1.851935422197862	0.04770835568800826	1.9105343614133294	0.12543650229030948	7.844642650090347	97.92299462622985	2.3700106684995292	0.9843665901136871	30.489960861634852	766.8331243838352	-1.2512445878529612
3.152732441471572	10.528428093645484	1.853119991430879	0.04757944171994874	1.8531199914308791	0.047579441719948726	1.912649553984231	0.12490190126530573	7.844863880371796	98.09171372292283	2.3717200015414988	0.9843703867877143	30.5108582025098	773.3104025485554	-1.2512445878529612
3.152732441471572	10.565217391304348	1.854292638820262	0.047452286952843065	1.8542926388202619	0.047452286952843134	1.9147445012817088	0.124373800715255	7.845082546579691	98.25889597835972	2.3734157876405475	0.9843742323704228	30.53157565825563	779.8140312756578	-1.2512445878529612
3.152732441471572	10.602006688963211	1.8554536424339527	0.047326839408484596	1.8554536424339523	0.047326839408484686	1.9168196001543902	0.1238520601922242	7.845298769923851	98.42457116698186	2.375098269772181	0.9843781267866668	30.552116317280397	786.3440672967923	-1.2512445878529612
3.152732441471572	10.638795986622073	1.8566032705652662	0.04720304923418554	1.8566032705652664	0.04720304923418546	1.9188752356811452	0.12333654365200478	7.845512666043361	98.5887681831363	2.3767676840197134	0.9843820699274624	30.572483185869384	792.9005660745003	-1.2512445878529612
3.152732441471572	10.675585284280936	1.8577417821714384	0.04708086859667698	1.8577417821714384	0.047080868596676984	1.9209117816291272	0.12282711927420893	7.845724345280012	98.75151507530074	2.378424259831038	0.9843860616520069	30.59267919112161	799.4835818464793	-1.2512445878529612
3.152732441471572	10.7123745819398	1.8588694272885313	0.04696025158222663	1.8588694272885304	0.04696025158222677	1.9229296008899945	0.12232365929136342	7.8459339129367835	98.91283907867755	2.380068220263776	0.984390101789599	30.612707183755983	806.0931676678865	-1.2512445878529612
3.152732441471572	10.749163879598662	1.8599864474242356	0.046841154102547425	1.8599864474242356	0.046841154102547425	1.9249290458955637	0.12182603982646667	7.846141469522371	99.07276664625023	2.381699782219452	0.9843941901414592	30.63256994079394	812.7293754517991	-1.2512445878529612
3.152732441471572	10.785953177257525	1.8610930759298576	0.04672353380612396	1.8610930759298578	0.04672353380612391	1.9269104590139638	0.1213341407385268	7.846347110982441	99.23132347838236	2.383319156667217	0.9843983264824614	30.652270168125007	819.3922560079094	-1.2512445878529612
3.152732441471572	10.822742474916389	1.8621895383528662	0.04660734999458523	1.862189538352867	0.04660734999458507	1.9288741729274705	0.12084784547560483	7.846550928918638	99.38853455104696	2.384926548857738	0.9844025105627752	30.671810502961595	826.0818590795728	-1.2512445878529612
3.152732441471572	10.85953177257525	1.8632760527711338	0.04649256354380079	1.8632760527711343	0.04649256354380072	1.9308205109929433	0.12036704093494266	7.846753010795896	99.54442414275579	2.386522158527703	0.9844067421094279	30.691193516188303	832.7982333792694	-1.2512445878529612
3.152732441471572	10.896321070234114	1.8643528301099617	0.04637913682939558	1.8643528301099614	0.04637913682939561	1.9327497875858124	0.11989161732977281	7.846953440138793	99.6990158602594	2.388106180095418	0.9844110208277858	30.710421714611197	839.5414266225523	-1.2512445878529612
3.152732441471572	10.933110367892976	1.8654200744429816	0.046267033656392224	1.8654200744429814	0.046267033656392245	1.9346623084285486	0.11942146806242959	7.847152296717661	99.85233266308725	2.3896788028480054	0.9844153464029625	30.729497543112444	846.3114855605935	-1.2512445878529612
3.152732441471572	10.96989966555184	1.866477983277816	0.046156219192726736	1.8664779832778162	0.04615621919272671	1.9365583709043659	0.1189564896034166	7.847349656724947	100.00439688698481	2.391240211120542	0.9844197185011566	30.748423386714396	853.1084560113476	-1.2512445878529612
3.152732441471572	11.006688963210703	1.8675267478274515	0.046046659906386615	1.8675267478274515	0.046046659906386615	1.938438264357005	0.11849658137609566	7.847545592942466	100.15523026631017	2.392790584467613	0.9844241367709211	30.767201572558147	859.9323828894393	-1.2512445878529612
3.152732441471572	11.043478260869565	1.8685665532681495	0.04593832350594472	1.8685665532681497	0.04593832350594468	1.9403022703773023	0.11804164564668952	7.847740174900067	100.30485395544378	2.3943300978276385	0.9844286008443703	30.785834371800718	866.7833102348357	-1.2512445878529612
3.152732441471572	11.080267558528428	1.8695975789846158	0.04583117888428677	1.8695975789846153	0.045831178884286845	1.9421506630771914	0.1175915874193164	7.847933469026118	100.45328854925877	2.3958589216802753	0.984433110338325	30.80432400143439	873.6612812403172	-1.2512445878529612
3.152732441471572	11.117056856187292	1.8706199988032681	0.04572519606532123	1.8706199988032683	0.045725196065321196	1.9439837093518795	0.11714631433577277	7.848125538790465	100.60055410270816	2.3973772221973517	0.9844376648554016	30.822672626032798	880.5663382778938	-1.2512445878529612
3.152732441471572	11.153846153846153	1.87163398121414	0.04562034615350733	1.8716339812141405	0.045620346153507275	1.9458016691306659	0.1167057365798264	7.848316444840002	100.7466701495637	2.3988851613874824	0.9844422639850442	30.840882359426107	887.4985229240888	-1.2512445878529612
3.152732441471572	11.190635451505017	1.8726396895821948	0.045516601286015125	1.8726396895821953	0.04551660128601503	1.947604795617127	0.11626976678576532	7.848506245127587	100.89165572035976	2.4003828972348527	0.9844469073045072	30.85895526631015	894.4578759842939	-1.2512445878529612
3.152732441471572	11.22742474916388	1.8736372823485492	0.04541393458736887	1.8736372823485485	0.04541393458736896	1.9493933355190896	0.11583831995098885	7.848694995034427	101.03552935957515	2.4018705838322907	0.984451594379787	30.876893363791204	901.4444375161007	-1.2512445878529612
3.152732441471572	11.264214046822742	1.8746269132221993	0.045312320126425276	1.8746269132221995	0.045312320126425235	1.9511675292689576	0.11541131335242728	7.848882747486427	101.17830914209388	2.403348371509007	0.9844563247665065	30.89469862287047	908.4582468517556	-1.2512445878529612
3.152732441471572	11.301003344481606	1.875608731362782	0.04521173287554412	1.875608731362782	0.04521173287554411	1.9529276112348548	0.11498866646659171	7.84906955306479	101.32001268898011	2.4048164069532043	0.9844610980107557	30.912372969870617	915.4993426197309	-1.2512445878529612
3.152732441471572	11.33779264214047	1.8765828815548176	0.04511214867183096	1.8765828815548173	0.04511214867183101	1.954673809923022	0.11457030089307031	7.849255460111165	101.46065718259997	2.406274833329799	0.9844659136498896	30.929918287807002	922.5677627654555	-1.2512445878529612
3.152732441471572	11.37458193979933	1.8775495043739567	0.04501354418032226	1.8775495043739567	0.04501354418032223	1.9564063481719383	0.11415614028128986	7.849440514827708	101.60025938112503	2.407723790393504	0.9844707712132851	30.947336417706495	929.6635445712623	-1.2512445878529612
3.152732441471572	11.411371237458194	1.8785087363456066	0.04491589685900829	1.878508736345607	0.04491589685900825	1.9581254433385125	0.113746110260385	7.849624761372259	101.7388356324436	2.4091634145974714	0.98447567022306	30.964629159875926	936.786724675578	-1.2512445878529612
3.152732441471572	11.448160535117056	1.8794607100963552	0.04481918492558799	1.8794607100963552	0.044819184925588014	1.9598313074767515	0.11334013837201742	7.849808241948915	101.87640188751037	2.410593839197698	0.9844806101947554	30.981798275122625	943.937339091383	-1.2512445878529612
3.152732441471572	11.48494983277592	1.8804055544985983	0.0447233873258532	1.880405554498598	0.04472338732585325	1.961524147509283	0.1129381540059932	7.849990996894286	102.01297371316211	2.4120151943533963	0.9844855906379826	30.998845485929145	951.1154232239835	-1.2512445878529612
3.152732441471572	11.521739130434783	1.881343394808692	0.04462848370361552	1.8813433948086924	0.04462848370361547	1.9632041653920291	0.11254008833854943	7.850173064759608	102.14856630442195	2.413427607223504	0.9844906110570374	31.015772477584285	958.3210118881228	-1.2512445878529612
3.152732441471572	11.558528428093645	1.882274352798989	0.04453445437208756	1.882274352798989	0.04453445437208756	1.9648715582723875	0.11214587427317202	7.850354482388965	102.28319449631876	2.4148312020595237	0.9844956709514832	31.032580899272347	965.554139324471	-1.2512445878529612
3.152732441471572	11.595317725752508	1.8831985468840529	0.044441280286639025	1.8831985468840529	0.044441280286639	1.9665265186411935	0.11175544638382688	7.850535284993785	102.41687277524224	2.4162261002948062	0.9845007698167024	31.049272365122093	972.8148392154804	-1.2512445878529612
3.152732441471572	11.632107023411372	1.8841160922414004	0.044348943018847946	1.8841160922414006	0.04434894301884791	1.9681692344788122	0.11136874086048203	7.850715506223933	102.54961528985942	2.4176124206305536	0.9845059071444223	31.065848455218354	980.1031447007305	-1.2512445878529612
3.152732441471572	11.668896321070234	1.885027100926943	0.044257424731787086	1.8850271009269435	0.044257424731787016	1.9697998893955004	0.1109856954568239	7.850895178235305	102.68143586160359	2.418990279118483	0.9845110824232097	31.082310716575726	987.4190883916198	-1.2512445878529612
3.152732441471572	11.705685618729097	1.885931681985545	0.044166708156462224	1.885931681985546	0.044166708156462044	1.9714186627664911	0.1106062494400436	7.851074331754477	102.81234799476861	2.420359789240561	0.9845162951389437	31.09866066407882	994.76270238565	-1.2512445878529612
3.152732441471572	11.74247491638796	1.8868299415567888	0.04407677656935772	1.8868299415567886	0.044076776569357795	1.973025729861835	0.11023034354261879	7.851252996140179	102.94236488621209	2.4217210619856733	0.9845215447752597	31.114899781387717	1002.1340182800951	-1.2512445878529612
3.152732441471572	11.779264214046822	1.887721982976302	0.0439876137710178	1.8877219829763021	0.043987613771017765	1.974621261971402	0.10985791991597808	7.851431199442068	103.07149943469705	2.423074205923568	0.9845268308139742	31.131029521812234	1009.5330671852628	-1.2512445878529612
3.152732441471572	11.816053511705686	1.888607906872809	0.043899204065612804	1.8886079068728092	0.04389920406561276	1.9762054265251607	0.1094889220859731	7.851608968456742	103.19976424988081	2.424419327276071	0.9845321527354836	31.147051309155177	1016.9598797372616	-1.2512445878529612
3.152732441471572	11.852842809364548	1.889487811261113	0.043811532241442526	1.8894878112611129	0.043811532241442575	1.9777783872089645	0.10912329491007179	7.851786328781192	103.32717166096857	2.4257565299857218	0.9845375100191435	31.16296653852606	1024.4144861103211	-1.2512445878529612
3.152732441471572	11.889632107023411	1.8903617916312423	0.043724583552319805	1.8903617916312423	0.043724583552319826	1.9793403040760815	0.10876098453618917	7.851963304863857	103.45373372504905	2.4270859157819604	0.9845429021436269	31.178776577126847	1031.8969160286988	-1.2512445878529612
3.152732441471572	11.926421404682275	1.8912299410339126	0.04363834369979537	1.8912299410339133	0.04363834369979531	1.9808913336546015	0.10840193836309103	7.852139920053357	103.57946223512198	2.4284075842449453	0.9845483285872644	31.194482765010655	1039.4071987781783	-1.2512445878529612
3.152732441471572	11.963210702341136	1.8920923501624962	0.04355279881617749	1.892092350162496	0.043552798816177525	1.982431629050931	0.10804610500228981	7.8523161966450195	103.70436872783398	2.4297216328671034	0.9845537888283634	31.21008641581447	1046.9453632171728	-1.2512445878529612
3.152732441471572	12.	1.8929491074316611	0.04346793544830695	1.8929491074316611	0.043467935448306974	1.9839613400495397	0.107693434241373	7.852492155925348	103.82846449093415	2.431028157112516	0.9845592823455128	31.225588817467003	1054.5114377874581	-1.2512445878529612