3.2496747491638796	1.	4.85661501009208	2.699347591432859e-10	4.774522601011749	0.9999999996223994	6.195266766476729	0.000012670813468530421	12.769283845154067	452.86625024665807	13.785024047177243	0.9999935697388878	99.55123015691696	241.9620783507911	2.900634628992816
3.2496747491638796	1.0367892976588629	4.768395253521223	4.704693626242704e-10	4.605093733061323	0.9999999990589028	6.072444086252583	0.000016435881494853244	12.635683298231394	441.4669589919162	13.295733264069371	0.9999912874447142	97.27245251208501	241.96027780961452	2.7886433705157074
3.2496747491638796	1.0735785953177257	4.684953440777701	7.953673706984089e-10	4.447274437468861	0.9999999978053591	5.956061795235711	0.000021048925136490082	12.507284909674713	430.71126189155103	12.839943594711311	0.9999884460054043	95.11680940226688	241.95780947102423	2.682064439791539
3.2496747491638796	1.1103678929765886	4.605878337779245	1.3077116124218297e-9	4.299910467902237	0.9999999951788456	5.845588589251167	0.00002664225783510961	12.383784526713987	420.54458285078573	12.414321392749569	0.9999849714240293	93.07379879337803	241.95454116652886	2.58035183941365
3.2496747491638796	1.1471571906354514	4.530805913990662	2.0959276154403075e-9	4.1619956520264445	0.9999999899642777	5.7405515732839305	0.000033359630429585506	12.264900039657856	410.9183764435147	12.015960825996201	0.9999807906262718	91.13412015276872	241.9503369390701	2.483040337218256
3.2496747491638796	1.1839464882943145	4.459412671711873	3.281406243438037e-9	4.032648889191427	0.9999999801030458	5.640528293407229	0.000041356308309738046	12.150369845040602	401.7893140097064	11.642317471615078	0.999975832673762	89.28950458433155	241.94505993333635	2.389730003469883
3.2496747491638796	1.2207357859531773	4.391410084739667	5.027649845993418e-9	3.911095306532718	0.9999999622581677	5.5451400548959375	0.000050799112229617675	12.039951344312597	393.11859833393396	11.291153908515943	0.9999700298370495	87.53257340664626	241.93857517735023	2.3000743419124436
3.2496747491638796	1.2575250836120402	4.3265399354866405	7.551075247595286e-9	3.796650721891169	0.999999931232416	5.454046288101236	0.00006186642951997515	11.93341950607554	384.8713837607203	10.960494849768944	0.9999633185092055	85.8567196970952	241.9307521663818	2.213771045916519
3.2496747491638796	1.294314381270903	4.264570384554358	1.1133592138252467e-8	3.6887087556711906	0.9999998792197027	5.366939773319552	0.00007474820237452971	11.830565507867838	377.0162832572895	10.6485899171379	0.999955639951358	84.25600850861696	241.9214671872289	2.1305547048170057
3.2496747491638796	1.3311036789297659	4.205292641125464	1.6137058012709835e-8	3.5867300792749344	0.999999794876214	5.283542574120879	0.00008964589971646863	11.731195465465548	369.52494755860965	10.353882579852076	0.9999469408698813	82.7250923681047	241.910605345042	2.0501909812490324
3.2496747491638796	1.3678929765886287	4.148518129057195	2.3019691355754904e-8	3.4902333980320193	0.999999662206139	5.203602558272328	0.00010677247890455567	11.635129252337151	362.3717043713894	10.074984097960119	0.9999371738314737	81.25913935885029	241.89806227507339	1.9724719133763533
3.2496747491638796	1.4046822742474916	4.094076064179472	3.2354503913503525e-8	3.398787850816895	0.9999994592666196	5.126890408592545	0.00012635234323353267	11.542199408425875	355.5332478567456	9.810651553715495	0.999926297527099	79.85377162633486	241.88374553767252	1.8972120881235937
3.2496747491638796	1.4414715719063544	4.041811374453768	4.4849791239271195e-8	3.312006573446654	0.9999991567070907	5.0531970443412355	0.00014862130083995666	11.452250135245734	348.98837039290476	9.559769241623908	0.999914276898941	78.50501256541133	241.86757570672162	1.8242454965227082
3.2496747491638796	1.4782608695652173	3.9915829073893025	6.137169883123333e-8	3.229541223301622	0.9999987161685656	4.982331388229153	0.00017382653025840384	11.365136372961988	342.7177300428126	9.321332832974983	0.9999010831463792	77.20924127575537	241.84948716975927	1.753422928817084
3.2496747491638796	1.5150501672240804	3.9432618792282366	8.296885961108129e-8	3.151077301945124	0.9999980885779179	4.914118425687014	0.00020222655749824417	11.280722954405837	336.7036482955066	9.094435844101714	0.9998866936277926	75.96315313242741	241.82942866312914	1.684609800758778
3.2496747491638796	1.5518394648829432	3.8967305284913665	1.1089907769046427e-7	3.0763301434498387	0.9999972123800696	4.848397512303203	0.00023409124913993933	11.198883830650944	330.92993357427514	8.878258026804481	0.9998710916749696	74.76372552518929	241.80736356795603	1.6176843273977068
3.2496747491638796	1.588628762541806	3.851880942968529	1.4665801373231764e-7	3.00504146061543	0.999996011756709	4.785020892824698	0.00026970182559213736	11.119501362723854	325.3817267552267	8.672055369968861	0.9998542663362665	73.6081879857668	241.78326999345842	1.5525359791780924
3.2496747491638796	1.625418060200669	3.8086140344843558	1.920098090691829e-7	2.936976360749003	0.9999943948834176	4.723852401190375	0.00030935089831489687	11.042465674137464	320.0453655524852	8.475151457616086	0.9998362120636026	72.49399605555013	241.75714067351188	1.489064169103498
3.2496747491638796	1.6622073578595318	3.7668386400316543	2.490195693601733e-7	2.871920758283193	0.9999922522777315	4.664766316022143	0.0003533425345069423	10.967674059162075	314.90826512853977	8.286929973640833	0.9998169283570407	71.41880835416589	241.7289827008995	1.4271771303443288
3.2496747491638796	1.6989966555183946	3.726470731344557	3.200876141638368e-7	2.809679124070369	0.9999894552888046	4.607646350063801	0.0004019923524806376	10.895030442038388	309.9588127020733	8.10682817974361	0.9997964193792287	70.38046639725805	241.698817121819	1.3667909518177765
3.2496747491638796	1.7357859531772575	3.6874327178383304	4.0798538653607263e-7	2.7500725213613695	0.9999858547751985	4.552384755406238	0.00045562765071096217	10.82444488266074	305.18627426791846	7.934331222412487	0.9997746935504349	69.3769767837668	241.6666784111527	1.3078287455945297
3.2496747491638796	1.7725752508361203	3.6496528301955786	5.158929067446206e-7	2.6929368867518235	0.999981280011264	4.49888152910886	0.0005145875733465072	10.755833124595073	300.58071182810926	7.768967148685818	0.9997517631333875	68.40649543218946	241.63261384694525	1.2502199249332142
3.2496747491638796	1.8093645484949832	3.6130645738262364	6.474376464990648e-7	2.6381215211450213	0.9999755378550256	4.447043706130926	0.0005792233148119862	10.6891161816326	296.13290977013634	7.6103025299471945	0.9997276438156711	67.46731359424443	241.5966828006692	1.1938995756430304
3.2496747491638796	1.8461538461538463	3.5776062430473075	8.067346947695557e-7	2.5854877613383462	0.9999684122019461	4.39678472840848	0.0006498983660138537	10.62421995940581	291.8343092269217	7.457938609031592	0.9997023542960736	66.5578454149898	241.55895595811913	1.1388079065723526
3.2496747491638796	1.882943143812709	3.543220488179091	9.984280833192333e-7	2.534907807426993	0.9999596637398607	4.348023880523124	0.0007269888045814936	10.56107490890421	287.67694941971314	7.311507899141556	0.9996759158800307	65.67661684234041	241.5195144843667	1.0848897674987252
3.2496747491638796	1.919732441471572	3.5098539288854087	1.2277331394942153e-6	2.4862636850195243	0.9999490300112268	4.3006857837622	0.000810883631536258	10.499615709018386	283.6534151254877	7.170671174017907	0.9996483520882115	64.82225571729687	241.47844914493754	1.0320942246901335
3.2496747491638796	1.9565217391304348	3.4774568080357935	1.5004797355653536e-6	2.4394463244224056	0.9999362257799888	4.254699941511842	0.0009019851567762109	10.439780975511935	279.75678952914143	7.035114797909367	0.9996196882813009	63.993482900047226	241.43585939434558	0.980374186023412
3.2496747491638796	1.9933110367892977	3.4459826811686347	1.8231563079469182e-6	2.394354741591873	0.9999209436921552	4.210000329890098	0.0010007094357951131	10.381512994069645	275.9806118213104	6.904548351477963	0.9995899513031913	63.18910430721421	241.39185244225936	0.9296860688622243
3.2496747491638796	2.0301003344481607	3.4153881373116035	2.202954525860602e-6	2.350895307865131	0.9999028552118723	4.166525028346981	0.0011074867601169945	10.32475747529872	272.3188389881618	6.77870251613387	0.9995591691440677	62.408003752536395	241.34654230680886	0.8799895049752887
3.2496747491638796	2.0668896321070234	3.385632547490075	2.6478144973853295e-6	2.308981097344232	0.9998816118085224	4.124215885655554	0.0012227622040210785	10.269463329766877	268.7658113123334	6.657327184633975	0.9995273706242584	61.64913649771568	241.30004886388775	0.8312470776633285
3.2496747491638796	2.1036789297658864	3.356677837742647	3.1664704112395918e-6	2.268531302375906	0.9998568463652804	4.083018217313165	0.0013469962302534368	10.215582461349193	265.31622116642797	6.540189770279597	0.9994945850992182	60.91152343245891	241.2524969007133	0.7834240869975021
3.2496747491638796	2.140468227424749	3.3284882838790986	3.7684965249778535e-6	2.2294707088983365	0.9998281747756705	4.0428805308804145	0.0014806653575704302	10.163069577324897	261.9650847337436	6.427073690853224	0.9994608421855946	60.19424581323167	241.20401518129157	0.7364883396815339
3.2496747491638796	2.177257525083612	3.301030325572061	4.464353424427079e-6	2.191729224551961	0.9997951976919532	4.003754276221801	0.001624262893131521	10.111882013818011	258.70771633666806	6.317777006661021	0.9994261715079992	59.49644049922652	241.1547355309118	0.6904099605586282
3.2496747491638796	2.2140468227424748	3.2742723976783408	5.265434495025554e-6	2.1552414534084794	0.9997575023875693	3.965593617986393	0.0017782997329564845	10.061979575312279	255.53970509247938	6.21211119479032	0.9993906024658411	58.81729563174733	241.10479194616732	0.6451612232095014
3.2496747491638796	2.250836120401338	3.2481847769476535	6.184112563119753e-6	2.11994631198788	0.9997146646953149	3.928355227989676	0.0019433052338798703	10.013324387093636	252.45689365022187	6.109900044030757	0.9993541640193848	58.156046709838606	241.05431973644036	0.6007163974455146
3.2496747491638796	2.2876254180602005	3.2227394425018083	7.2337866840957415e-6	2.08578668192973	0.9996662509832481	3.891998095436152	0.0021198281606755387	9.965880759583102	249.455358791623	6.010978656907203	0.9993168844940441	57.51197302069967	241.0034547021721	0.5570516118018571
3.2496747491638796	2.3244147157190636	3.197909948661582	8.428929074341286e-6	2.0527090952808287	0.9996118201314609	3.856483353162977	0.0023084377122831604	9.91961506362068	246.53139370436895	5.915192546986408	0.9992787914018233	56.88439438835364	240.9523323545894	0.5141447293901462
3.2496747491638796	2.3612040133779266	3.1736713088667123	9.785132205311037e-6	2.020663448872403	0.9995509254746144	3.821774118293906	0.0025097246313462757	9.874495615848529	243.68149175808452	5.8223968210928065	0.9992399112787455	56.27266820831889	240.90108718097008	0.4719752356855143
3.2496747491638796	2.3979933110367893	3.1499998895798678	0.00001131915610028977	1.9896027446988982	0.9994831166774174	3.787835345874003	0.0027243024015670574	9.830492573419376	240.90233163248382	5.7324554373372605	0.9992002695370739	55.676186739733886	240.84985195883843	0.4305241370060681
3.2496747491638796	2.4347826086956523	3.126873313192025	0.000013048975897678275	1.959482853588419	0.9994079415129037	3.7546336942137035	0.0029528085376935714	9.787577837325832	238.19076366385042	5.64524053095901	0.9991598903311141	55.09437462961627	240.7987571218871	0.389773868598516
3.2496747491638796	2.471571906354515	3.104270369056691	0.000014993829768676556	1.93026229978076	0.9993249475162962	3.722137400808507	0.003195905973281456	9.745724963707756	235.5437972905521	5.560631800929425	0.9991187964353917	54.52668664674696	240.7479301797648	0.34970821137660996
3.2496747491638796	2.508361204013378	3.082170931876556	0.000017174267301985642	1.901902064310751	0.9992336834903531	3.6903161678214143	0.003454284551708363	9.704909082550161	232.95858949106	5.478515951089892	0.9990770091340195	53.97260560513189	240.6974951932997	0.31031221647243673
3.2496747491638796	2.5451505016722407	3.0605558867500555	0.000019612198493542872	1.874365405338568	0.9991337008412582	3.659141056220799	0.003728662626266362	9.665106823232549	230.4324341191034	5.398786180311681	0.9990345481200967	53.43164045914288	240.6475723060943	0.2715721368574744
3.2496747491638796	2.5819397993311037	3.0394070602591516	0.00002233094350523632	1.847617693780499	0.999024554727283	3.6285843877597013	0.004019788775507846	9.626296246434	227.9627520504373	5.321341716790621	0.9989914314040242	52.903324554336095	240.59827733295583	0.23347536537350064
3.2496747491638796	2.6187290969899664	3.0187071570442816	0.000025355283383010553	1.8216262627777915	0.9989058050055324	3.598619654064462	0.004328443640371362	9.588456781936197	225.547082064351	5.24608739213438	0.9989476752296634	52.38721401960692	240.54972140506501	0.19601037858412973
3.2496747491638796	2.6555183946488294	2.9984397013695303	0.00002871151195170279	1.7963602697018082	0.9987770169650314	3.569221432173311	0.004655441889956701	9.55156917189978	223.18307239070134	5.17293325137797	0.9989032939973168	51.88288628781053	240.50201067135015	0.15916668591851715
3.2496747491638796	2.6923076923076925	2.97858898323148	0.000032427489131355475	1.77179056953399	0.9986377618371964	3.5403653059299733	0.005001634323145657	9.515615419218355	220.86847286003157	5.101794195482254	0.9988583001925606	51.38993873327546	240.4552460551174	0.12293478363010718
3.2496747491638796	2.729096989966555	2.959140008609881	0.00003653269594761455	1.7478895985820553	0.998487617077293	3.512027792694818	0.005367910113564408	9.480578740578641	218.601127600352	5.032589653238961	0.9988127043200142	50.90798741579078	240.40952306463728	0.08730611313750879
3.2496747491638796	2.765886287625418	2.9400784534978786	0.00004105829153718709	1.7246312676016975	0.9983261664128215	3.48418627488751	0.0057551992056403024	9.446443523876123	216.37896822952715	4.965243279830355	0.9987665148411872	50.436665921667945	240.36493165605307	0.05227302335083703
3.2496747491638796	2.802675585284281	2.9213906213849796	0.00004603717247819336	1.701990863488084	0.9981529996568632	3.4568189359214245	0.006164474869701887	9.413195289651421	214.2000074970075	4.899682679578884	0.9987197381156017	49.97562429339345	240.32155614675906	0.01782873661800567
3.2496747491638796	2.839464882943144	2.9030634038973435	0.00005150403480469934	1.679944958785168	0.9979677122862451	3.4299047001318193	0.006596756424185161	9.380820656224794	212.06233333294122	4.835839150675467	0.9986723783444451	49.52452804019777	240.27947517713875	-0.01603268204987041
3.2496747491638796	2.8762541806020065	2.885084244328399	0.00005749543909471801	1.658471328335039	0.9977699047859663	3.4034231763380847	0.007053112133006046	9.349307308214174	209.96410326659776	4.773647449900434	0.9986244375160669	49.08305722259783	240.2387617184401	-0.04931635279480561
3.2496747491638796	2.9130434782608696	2.867441103818227	0.0000640498790516299	1.6375488724553	0.9975591817626435	3.377354604715472	0.0075346622860111845	9.318643968125317	207.9035391795632	4.713045575550935	0.9985759153526919	48.65090560462406	240.1994831244616	-0.08202660607565047
3.2496747491638796	2.9498327759197323	2.850122429962893	0.00007120785403031313	1.6171575460908352	0.9973351508308216	3.3516798066840976	0.008042582470073672	9.288820370700801	205.87892236237545	4.653974566965694	0.9985268092577859	48.22777986802412	240.161701224593	-0.1141670054749418
3.2496747491638796	2.9866220735785953	2.8331171276560303	0.0000790119459911609	1.5972782934386411	0.9970974212768362	3.3263801375541036	0.008578107037805092	9.259827239708125	203.88858884628098	4.596378319197523	0.9984771142635731	47.81339888327502	240.12547245586032	-0.145740368438075
3.2496747491638796	3.0234113712374584	2.8164145319834972	0.00008750690139781342	1.577892987590783	0.996845602505564	3.3014374416946333	0.009142532779943155	9.231656266833557	201.93092498453973	4.540203411523964	0.9984268229782707	47.40749303270112	240.09084803150117	-0.1767487852334632
3.2496747491638796	3.060200668896321	2.8000043830096204	0.00009673971860735114	1.5589843747825187	0.9965793022758361	3.2768340100233058	0.009737222806153982	9.204300092329538	200.00436326038883	4.485398948614359	0.9983759255326836	47.00980358144168	240.05787414382243	-0.2071936364247369
3.2496747491638796	3.096989966555184	2.7838768023089595	0.00010675974133518016	1.5405360228698415	0.9962981247305893	3.252552539640375	0.010363610637167014	9.177752287035416	198.10737830126715	4.431916413283071	0.9983244095258779	46.6200820923896	240.02659219901219	-0.23707560915512937
3.2496747491638796	3.1337792642140467	2.768022271112675	0.00011761875881003131	1.52253227369471	0.9960016682279746	3.228576095460792	0.011023204508701805	9.15200733535642	196.23848308145443	4.379709529861801	0.9982722599697433	46.238089881595414	239.99703908188528	-0.26639471255625413
3.2496747491638796	3.17056856187291	2.7524316099518273	0.00012937111326748432	1.5049581990263772	0.99568952297972	3.204888073726154	0.011717591884403739	9.127060618739367	194.39622529774218	4.328734137313461	0.9982194592323536	45.86359751094355	239.9692474485489	-0.2951502926129959
3.2496747491638796	3.2073578595317724	2.7370959596930406	0.00014207381546213192	1.4877995597948712	0.9953612685030436	3.181472167309746	0.0124484441707951	9.10290839912745	192.5791839053632	4.2789480712930175	0.9981659869801468	45.49638431521492	239.94324604525804	-0.3233410468399772
3.2496747491638796	3.2441471571906355	2.72200676387391	0.00015578666890832897	1.471042768357373	0.9950164708924274	3.1583123327607505	0.013217521621839909	9.079547801806243	190.78596580409825	4.23031105443373	0.9981118201190806	45.136237960918635	239.91906005187752	-0.35096503915618216
3.2496747491638796	3.280936454849498	2.7071557522571887	0.0001705724035860695	1.4546748535607654	0.9946546799176168	3.135392759070085	0.014026678413859007	9.056976796969128	189.01520266740891	4.182784594203913	0.9980569327350638	44.78295403452962	239.89671144861762	-0.3780197153819517
3.2496747491638796	3.317725752508361	2.692534925533889	0.00018649681987046123	1.4386834283838603	0.9942754259543799	3.112697838180349	0.014877867862890344	9.035194179228952	187.2655479106352	4.136331887738852	0.9980012960341484	44.43633565799975	239.8762194049212	-0.40450191982796224
3.2496747491638796	3.3545150501672243	2.67813654111633	0.00020362894345831204	1.423056659961232	0.9938782167549244	3.0902121373076525	0.01577314774579779	9.01419954418285	185.53567379788475	4.090917733106667	0.9979448782831662	44.096193129627046	239.8576006896418	-0.4304079134992606
3.2496747491638796	3.391304347826087	2.6639530999728627	0.00022204119207113707	1.4077832418071108	0.9934625340654971	3.067920373194306	0.016714685673052135	8.993993260996083	183.82426869129523	4.046508446515332	0.9978876447517376	43.762343588566495	239.8408701018836	-0.4557333945001531
3.2496747491638796	3.42809364548495	2.6499773344666306	0.000241809554706886	1.3928523680727045	0.9930278300996865	3.0458073884698686	0.017704764444628637	8.97457643980571	182.13003445099994	4.003071785012063	0.9978295576568624	43.43461070145441	239.82604092212551	-0.4804735212976132
3.2496747491638796	3.4648829431438126	2.6362021971714036	0.00026301378418893247	1.3782537096836567	0.9925735238774338	3.023858130365237	0.01874578730030304	8.955950892554466	180.45168399950475	3.960576874265673	0.9977705761116319	43.112824369792705	239.8131253834848	-0.5046229395831123
3.2496747491638796	3.5016722408026757	2.622620850648276	0.00028573760371520434	1.363977392216167	0.9920989974418347	3.0020576321014634	0.019840282951133773	8.938119085646406	178.78793907040776	3.9189941410579947	0.9977106560799837	42.79682045690436	239.80213516318116	-0.5281758135650074
3.2496747491638796	3.5384615384615383	2.6092266581780046	0.00031006892803644423	1.3500139753807376	0.9916035919686578	2.9803909973634783	0.020990910249357085	8.921084082568507	177.1375281686459	3.8782952501424455	0.9976497503398709	42.48644053342762	239.79308189446763	-0.5511258626260244
3.2496747491638796	3.5752508361204014	2.596013175454803	0.00033610009978313513	1.3363544339914544	0.9910866037872428	2.958843388369924	0.022200462318527524	8.904849474344807	175.49918477785482	3.8384530451561276	0.9975878084577261	42.181531640461955	239.7859776994263	-0.5734664043921931
3.2496747491638796	3.612040133779264	2.5829741432587143	0.00036392814130655843	1.3229901403063224	0.9905472803362864	2.9374000181651154	0.02347186992371474	8.889419295384432	173.87164586015646	3.799441493297222	0.9975247767776929	41.881946069618074	239.78083574313112	-0.5951904053789817
3.2496747491638796	3.648829431438127	2.5701034811348085	0.00039365502219052613	1.3099128476302462	0.9899848160841281	2.916046147888344	0.02480820381214684	8.874797921954524	172.25365070485856	3.7612356335013883	0.9974605984297641	41.587541159350785	239.77767080966532	-0.6162905405050535
3.2496747491638796	3.68561872909699	2.557395282118632	0.0004253879423144425	1.2971146750770142	0.9893983484507405	2.8947670899197395	0.02621267569721654	8.860989950162143	170.6439401952997	3.7238115278704558	0.9973952133617103	41.298179107076635	239.7764999004401	-0.6367592628887841
3.2496747491638796	3.722408026755853	2.5448438085576823	0.0004592396299929007	1.2845880933897316	0.9887869537778691	2.8735482179590695	0.027688637492818205	8.848000049976195	169.04125657738015	3.687146216122513	0.9973285584005086	41.01372679668068	239.77734285497772	-0.6565888854618653
3.2496747491638796	3.759197324414716	2.532443489088244	0.0004953286542672282	1.272325911720842	0.9881496434048535	2.852374985262519	0.02923957833052785	8.83583279148205	167.44434382919172	3.6512176728464216	0.9972605673498645	40.7340556411153	239.78022299401388	-0.6757716760373061
3.2496747491638796	3.7959866220735785	2.520188916834525	0.0005337797498668811	1.260321265272889	0.9874853599206794	2.8312329524373623	0.03086911880975915	8.82449243926313	165.85194874832405	3.6160047673538966	0.9971911711313579	40.4590414398658	239.78516778413254	-0.6942999675440754
3.2496747491638796	3.8327759197324416	2.5080748489018245	0.0005747241526797146	1.2485676036995834	0.9867929736778249	2.810107826367947	0.03258100184231711	8.813982710585371	164.26282289144854	3.5814872259298296	0.9971202979776839	40.18856425110887	239.79220952232217	-0.7121662851689451
3.2496747491638796	3.869565217391304	2.4960962072363455	0.000618299942759971	1.2370586801636694	0.9860712796703419	2.7889855120073865	0.034379079360550666	8.804306492974069	162.67572551894438	3.547645596286225	0.9970478736873546	39.922508278414185	239.80138603772866	-0.7293634921054206
3.2496747491638796	3.9063545150501673	2.484248080919139	0.0006646523909564977	1.22578854094346	0.9853189948970653	2.767852178900283	0.036267294067371315	8.795465516886358	161.0894277143902	3.514461214026316	0.9969738219510165	39.66076177181785	239.81274140636586	-0.7458849554712045
3.2496747491638796	3.94314381270903	2.4725257299487162	0.0007139343041665544	1.2147515154740973	0.9845347563502678	2.7466943443802028	0.03824965532385042	8.787459979584458	159.50271786304143	3.4819161709238378	0.9968980647600826	39.40321694303014	239.8263266726577	-0.7617247336840863
3.2496747491638796	3.979933110367893	2.460924590543717	0.0007663063630298599	1.203942206703014	0.9837171197894928	2.725498975380968	0.04033020820612582	8.780288117111134	157.91440868254327	3.449993284818183	0.9968205229085749	39.149769894410525	239.84220056938767	-0.7768777861397863
3.2496747491638796	4.016722408026756	2.449440281960481	0.0008219374446135248	1.1933554816321654	0.9828645594782563	2.7042536106741544	0.04251299473175324	8.773945722583742	156.32334599991546	3.4186760709188433	0.9967411165987157	38.900320561136716	239.86043022480348	-0.7913402053687173
3.2496747491638796	4.053511705685619	2.4380686147679853	0.0008810049213645206	1.1829864619134873	0.9819754690757067	2.6829465050503503	0.04480200627424467	8.768425610994749	154.7284194573252	3.387948714303844	0.9966597661597034	38.65477266570138	239.88109184242086	-0.8051094709126909
3.2496747491638796	4.090301003344481	2.4268056004513796	0.0009436949264215459	1.172830514359819	0.981048163883497	2.6615667964451455	0.047201126275305955	8.763717033473197	153.12857530050894	3.35779604338704	0.9965763928869985	38.41303368347916	239.90427133546402	-0.8181847229137725
3.2496747491638796	4.127090301003345	2.4156474621231037	0.0010102025744202529	1.1628832412328227	0.9800808846465645	2.6401046962156536	0.04971406255267945	8.759805047645532	151.5228313524698	3.32820350411984	0.996490920006078	38.17501481760594	239.93006489402083	-0.8305670518114642
3.2496747491638796	4.1638795986622075	2.4045906460067616	0.0010807321263741042	1.153140470174231	0.9790718030912545	2.6185517016465485	0.052344268814749344	8.7566698554122	149.91029419565274	3.299157134686312	0.9964032737597383	37.94063098081081	239.95857945914548	-0.8422597985921969
3.2496747491638796	4.20066889632107	2.3936318332249007	0.00115549708728787	1.1435982436592687	0.9780190293508614	2.596900828265419	0.05509485545729093	8.75428612512076	148.29017847308666	3.2706435404493206	0.9963133846114478	37.70980078114826	239.98993307463803	-0.8532688577538613
3.2496747491638796	4.237458193979933	2.382767951272509	0.0012347202261089655	1.1342528078736764	0.976920621372929	2.575146857662886	0.05796849035287164	8.752622321626985	146.6618280695967	3.2426498689125904	0.996221188548889	37.482446507829614	240.0242550845611	-0.8636029726220422
3.2496747491638796	4.274247491638796	2.3719961844025272	0.0013186335096962818	1.1251006009504314	0.9757745963211688	2.5532865942750704	0.06096729115656601	8.751640074765794	145.02473874793745	3.2151637844827277	0.9961266284618087	37.25849411260013	240.06168614328033	-0.8732740100403622
3.2496747491638796	4.311036789297659	2.361313982002682	0.0014074779459026666	1.1161382405506166	0.9745789438760781	2.531319122091373	0.0640927116287066	8.75129362374504	143.37858159647155	3.1881734428505584	0.9960296555570151	37.03787318144018	240.10237800572543	-0.8822971989974403
3.2496747491638796	4.3478260869565215	2.3507190639242297	0.001501503335754447	1.1073625108348717	0.9733316412038646	2.5092460496775355	0.06734542557208326	8.751529381106971	141.72322640660366	3.161667464864725	0.9959302307615562	36.820516890883155	240.1464930692596	-0.890691315781807
3.2496747491638796	4.384615384615385	2.3402094216576717	0.0016009679410412207	1.0987703489459482	0.9720306692089772	2.4870717295233495	0.07072521311548077	8.752285664110333	140.05876385971678	3.135634909844778	0.9958283260539512	36.60636194307455	240.1942036457335	-0.8984787971803851
3.2496747491638796	4.421404682274248	2.3297833142650886	0.00170613808115356	1.0903588312047436	0.9706740295226072	2.464803435892965	0.07423085512520328	8.753492642443456	138.3855251936907	3.110065248374892	0.9957239256543311	36.3953484739747	240.24569095335647	-0.905685763501372
3.2496747491638796	4.45819397993311	2.3194392580985332	0.0018172876812079916	1.0821251593048373	0.9692597615245292	2.4424514844877496	0.07786004233277528	8.755072547853077	136.70409787417546	3.084948334728403	0.9956170269992569	36.187419929942706	240.30114383279624	-0.9123419352188883
3.2496747491638796	4.494983277591973	2.309176009576936	0.001934697801579629	1.0740666468645872	0.9677859585697958	2.4200292777423424	0.08160930615176717	8.756940182579118	135.01533575482674	3.060274379190667	0.9955076414276033	35.98252290941094	240.36075720993588	-0.9184804310905966
3.2496747491638796	4.531772575250836	2.2989925406635807	0.0020586561859011815	1.0661807067499687	0.9662507825182003	2.3975532617962823	0.08547397794857885	8.759003748970125	133.3203623093716	3.036033920660519	0.9953957945116834	35.780606968447515	240.42473034748693	-0.9241374417429897
3.2496747491638796	4.568561872909699	2.288888007166563	0.00218945686926184	1.0584648396044574	0.9646524756644229	2.3750427852692053	0.08944818260522558	8.761166002697198	131.62056578036425	3.0122178000050703	0.9952815259834561	35.581624391604755	240.49326494725045	-0.9293517806805776
3.2496747491638796	4.605351170568562	2.278861710536969	0.002327399889728512	1.0509166240055088	0.9629893692549287	2.3525198558005758	0.09352487052652433	8.76332570798496	129.917585517736	2.9888171347032126	0.9951648892288114	35.38552993233734	240.56656318174902	-0.9341643238116696
3.2496747491638796	4.642140468227424	2.2689130544040177	0.002472791143725495	1.0435337086062229	0.9612598879571184	2.33000879745756	0.09769588987741219	8.765379347652319	128.21328935030957	2.96582329532664	0.9950459503518467	35.19228053012316	240.64482574557584	-0.9386173579114264
3.2496747491638796	4.678929765886288	2.259041497590092	0.0026259424190992822	1.0363138065179514	0.9594625499055472	2.307535819823356	0.10195209799629168	8.76722301668311	126.5097424921445	2.9432278843658244	0.994924786842759	35.00183501385904	240.72825002101	-0.9427538667632521
3.2496747491638796	4.7157190635451505	2.2492465057173234	0.0027871716293799346	1.0292546920542107	0.9575959622630611	2.2851285168979705	0.10628350793692713	8.76875440894788	124.80916915628673	2.921022717811427	0.9948014859135915	34.81415380276832	240.81702844783035	-0.9466167898249547
3.2496747491638796	4.752508361204013	2.2395275036917934	0.002956803259990342	1.0223541998040644	0.9556588125639698	2.26281531987321	0.11067946332711213	8.769874795572651	123.11390864346525	2.899199809758505	0.9946761425915486	34.62919861667977	240.91134717394579	-0.9502482911850195
3.2496747491638796	4.789297658862877	2.2298838312995453	0.003135169023571779	1.015610225853205	0.9536498564097396	2.2406249315369124	0.1151288325704508	8.770490892203586	121.42636811042375	2.8777513601273617	0.9945488576764042	34.44693220699169	241.0113850427009	-0.9536890757963609
3.2496747491638796	4.826086956521739	2.2203147038749567	0.0033226087089676566	1.0090207308424826	0.9515679023263889	2.218585771005566	0.119620212147018	8.770516521410268	119.74897444235701	2.8566697454133854	0.9944197356745663	34.267318117989106	241.11731294721218	-0.9569777855724547
3.2496747491638796	4.862876254180602	2.210819179546484	0.003519471198320862	1.0025837444619512	0.9494117947392885	2.1967254556101006	0.12414212853417252	8.76987399441031	118.08412763176084	2.8359475122111433	0.9942888828171738	34.090320485674695	241.22929355507722	-0.9601505005578538
3.2496747491638796	4.8996655518394645	2.201396133994246	0.0037261156202875313	0.9962973709322482	0.9471803960638409	2.1750703424428597	0.12868322904677382	8.7684951605219	116.43415781624682	2.815577373124706	0.9941564052546121	33.91590387826428	241.34748138164443	-0.9632403611302318
3.2496747491638796	4.936454849498328	2.1920442430477194	0.003942912604985912	0.9901597950253641	0.9448725688548911	2.1536451460385666	0.13323245350895807	8.766322099812426	114.80128769884392	2.79555220458922	0.9940224074977625	33.744033179394314	241.47202316949657	-0.9662773173437564
3.2496747491638796	4.973244147157191	2.1827619728859893	0.004170245607756934	0.9841692882174988	0.9424871588231715	2.1324726418122877	0.13777918083395085	8.763307460793877	113.18760153612301	2.7758650460924867	0.9938869911506671	33.57467351226702	241.6030585176532	-0.969288002316318
3.2496747491638796	5.010033444816053	2.1735475771367616	0.00440851227336644	0.9783242146368739	0.9400229793414608	2.1115734581105756	0.14231334697973552	8.759414467774493	111.5950213085787	2.756509100296334	0.9937502539535683	33.4077902006978	241.74072069686608	-0.9722957189572603
3.2496747491638796	5.046822742474917	2.164399099838988	0.004658125818886004	0.9726230365559618	0.9374787978564727	2.09096595378528	0.14682553306419394	8.754616639655277	110.02529015263674	2.7374777336064056	0.9936122891323573	33.24334876148291	241.8851375867549	-0.9753205239002355
3.2496747491638796	5.083612040133779	2.1553143830472643	0.004919516421054267	0.9670643192680516	0.9348533244214207	2.0706661735571283	0.15130702442956454	8.748897272732515	108.47996268506704	2.718764476812959	0.9934731850322579	33.081314921695935	242.03643267515253	-0.9783793894104251
3.2496747491638796	5.120401337792642	2.146291077803141	0.005193132601475469	0.9616467352722903	0.9321452023884917	2.050687870308089	0.15574984299939765	8.742248744621085	106.96040151708424	2.7003630255119777	0.9933330250009427	32.921654654379964	242.19472606835467	-0.9814864230982766
3.2496747491638796	5.157190635451505	2.1373266572534306	0.005479442609853539	0.9563690677624525	0.9293530011616624	2.031042581796752	0.16014675631948722	8.734671695675294	105.46777904437101	2.6822672401034247	0.9931918874791792	32.76433422648126	242.3601354711969	-0.9846531260859828
3.2496747491638796	5.193979933110368	2.1284184308266783	0.005778935811164893	0.9512302134694147	0.9264752108122968	2.011739748927929	0.16449126723959015	8.726174139586481	104.00308350144398	2.664471145243785	0.9930498462548083	32.60932025360534	242.53277710662258	-0.9878886723244219
3.2496747491638796	5.230769230769231	2.1195635585542534	0.006092124087081526	0.9462291849451598	0.9235102383008057	1.992786863331894	0.168777588346851	8.71677054761085	102.56712826443999	2.646968928697971	0.9929069708373071	32.456579757109836	242.71276655456674	-0.9912001945343837
3.2496747491638796	5.2675585284280935	2.1107590648140055	0.0064195432651274024	0.941365112398677	0.9204564050214573	1.9741896332989353	0.17300060510212392	8.706480942432556	101.16056345090391	2.6297549395884348	0.9927633269141947	32.306080220036385	242.90021949874753	-0.9945930653000192
3.2496747491638796	5.304347826086956	2.102001850961622	0.006761754591148509	0.9366372452041976	0.9173119453866978	1.9559521587782984	0.17715583125746542	8.695330029042527	99.78388897415792	2.612823686077753	0.9926189768560242	32.15778963933753	243.09525237715994	-0.998071164837958
3.2496747491638796	5.34113712374582	2.093288706483102	0.0071193462619630245	0.9320449532028587	0.9140750061842582	1.938077107944642	0.1812393596387789	8.683346381954653	98.43746834176216	2.596169832545422	0.9924739802427678	32.01167657269587	243.29798293741567	-1.0016371296753452
3.2496747491638796	5.377926421404682	2.0846163184440036	0.007492935035776902	0.9275877279133186	0.9107436464679122	1.920565889584178	0.18524781083565087	8.670561701040358	97.12154262566811	2.579788196333421	0.9923283943903939	31.86771017894212	243.50853070190942	-1.0052925787704143
3.2496747491638796	5.414715719063545	2.075981279124341	0.007883167938349018	0.9232651837575828	0.9073158377754689	1.9034188171422641	0.18917828180483892	8.657010142449758	95.83624416400656	2.5636737441400648	0.992182274861929	31.725860251636554	243.72701735017515	-1.0090383154562852
3.2496747491638796	5.451505016722408	2.0673800918130163	0.0082907240831724	0.9190770593975155	0.9037894645011513	1.8866352616415945	0.19302829590040566	8.642727726535291	94.58160967352762	2.5478215881405966	0.9920356759520478	31.586097245798122	243.95356702710367	-1.0128745049921348
3.2496747491638796	5.488294314381271	2.0588091747954493	0.008716316624261285	0.9150232192666394	0.9001623242812118	1.8702137918039272	0.19679575541165267	8.627751821315552	93.35759255376925	2.5322269819076837	0.9918886511381609	31.448392298059417	244.1883065861378	-1.0168008285127683
3.2496747491638796	5.525083612040134	2.050264863606546	0.009160694860622978	0.9111036553719819	0.8964321282798009	1.854152300593285	0.2004788973280506	8.612120697663329	92.16407424790187	2.5168853161976075	0.9917412534940825	31.312717240720684	244.43136577646447	-1.0208166148391442
3.2496747491638796	5.561872909698996	2.0417434116423077	0.009624646512242136	0.9073184894324346	0.892596501285829	1.8384481180663221	0.2040762527581259	8.59587315089253	91.00087459149962	2.501792114659096	0.991593536064715	31.179044610285185	244.68287738266835	-1.02492095201497
3.2496747491638796	5.59866220735786	2.0332409892314804	0.010109000188472876	0.903667975413726	0.8886529815507619	1.8230981108970976	0.20758661020134042	8.579048182576448	89.86776113100446	2.4869430295129185	0.9914455522019149	31.047347651109718	244.94297732458196	-1.0291127806326128
3.2496747491638796	5.635451505016722	2.0247536812669114	0.010614628071178436	0.9001525025158035	0.884599020311995	1.8080987692711095	0.2110089827005827	8.561684736089816	88.76445743055316	2.4723338372419748	0.9912973558628855	30.917600314811157	245.21180472422668	-1.0333909710590603
3.2496747491638796	5.672240802675585	2.016277483487596	0.011142448836821571	0.8967725986660967	0.8804319809571594	1.7934462820491488	0.21434257877889049	8.543821479389239	87.6906504115224	2.457960434323719	0.9911490018732133	30.789777256045443	245.4895019458394	-1.0377543866176924
3.2496747491638796	5.709030100334449	2.0078082974890914	0.011693430844027818	0.8935289345718235	0.8761491377917808	1.7791366012138674	0.21758677697854886	8.525496628814954	86.64599678587037	2.4438188330300235	0.9910005461571046	30.663853825234796	245.77621461414742	-1.0422019346587426
3.2496747491638796	5.745819397993311	1.9993419245235253	0.01226859561597651	0.8904223283860236	0.8717476743767353	1.7651654966552692	0.2207411037655793	8.506747808122327	85.63012865415337	2.4299051573136885	0.9908520459375839	30.539806058766192	246.0720916152715	-1.0467326072903156
3.2496747491638796	5.782608695652174	1.990874058132185	0.01286902165036015	0.8874537510453485	0.86722468140327	1.7515286023454553	0.22380521453074123	8.487611937464015	84.64265834368541	2.4162156387959155	0.9907035599094494	30.41761066712794	246.37728508394048	-1.0513455133616625
3.2496747491638796	5.8193979933110365	1.9824002756342125	0.013495848593675575	0.8846243323427124	0.8625771540724186	1.738221454913673	0.2267788774036111	8.468125147595096	83.68318256311952	2.402746612864993	0.9905551483876954	30.297245021394062	246.691950380087	-1.056039903106041
3.2496747491638796	5.8561872909699	1.973916028474863	0.014150281821337882	0.8819353678047285	0.8578019889427259	1.72523952557252	0.22966195959407773	8.44832271512751	82.75128594792852	2.3894945148932187	0.9904068734339574	30.178687138412194	247.0162460573805	-1.0608151866716575
3.2496747491638796	5.892976588628763	1.9654166314161423	0.014833597470659916	0.879388326452481	0.8528959802054981	1.712578246273465	0.23245441598218797	8.42823901519477	81.84654406767928	2.3764558765765478	0.9902587989633297	30.06191566500071	247.35033382582756	-1.0656709476011101
3.2496747491638796	5.929765886287625	1.9568972505314024	0.015547147980236648	0.8769848595346661	0.8478558153404536	1.7002330308916653	0.23515627968954503	8.407907488387677	80.96852596134191	2.3636273223993296	0.9901109908336905	29.946909861414266	247.69437851018407	-1.0706069521666388
3.2496747491638796	5.966555183946488	1.9483528899436848	0.016292368196868936	0.8747268103347503	0.8426780700967321	1.6881992921612476	0.237767654381181	8.387360619279542	80.11679626166246	2.3510055662251776	0.9899635169194397	29.83364958429864	248.04854800567466	-1.0756231553312643
3.2496747491638796	6.003344481605351	1.9397783772244679	0.017070782120076882	0.8726162251686708	0.8373592027346496	1.6764724550048082	0.2402887080647357	8.366629924271125	79.29091696413253	2.3385874080136952	0.9898164471713379	29.72211526931902	248.41301323224204	-1.080719703985021
3.2496747491638796	6.040133779264214	1.9311683473450942	0.017884010364693996	0.8706553657072065	0.8318955474522476	1.6650479668281202	0.2427196681722713	8.34574594685089	78.49044889065968	2.3263697306620803	0.9896698536639297	29.612287913616854	248.78794808839345	-1.0858969380002015
3.2496747491638796	6.076923076923077	1.9225172250465212	0.01873377843433383	0.8688467227777894	0.8262833069074613	1.6539213052831476	0.24506081772869595	8.324738258687184	77.71495289277308	2.3143494969700047	0.9895238106318465	29.504149058224346	249.17352940555335	-1.0911553895593715
3.2496747491638796	6.11371237458194	1.913819205463738	0.019621925913021785	0.8671930318249164	0.8205185437311506	1.6430879839401578	0.24731249242899353	8.303635465247725	76.96399083420407	2.3025237467258357	0.9893783944961163	29.397680770544373	249.56993690373784	-1.09649578113238
3.2496747491638796	6.150501672240803	1.9050682328082258	0.020550416699456227	0.8656972902369847	0.8145971709081165	1.6325435562534718	0.24947507846375927	8.282465214882427	76.23712638805418	2.2908895939119405	0.9892336838814612	29.292865626984902	249.97735314926464	-1.1019190224138622
3.2496747491638796	6.187290969899665	1.8962579768742966	0.021521350428764664	0.8643627767814118	0.8085149408818229	1.6222836181544824	0.25154901094907856	8.261254210511446	75.53392567947341	2.2794442240267685	0.9890897596254316	29.18968669582262	250.3959635151709	-1.1074262064776779
3.2496747491638796	6.224080267558528	1.887381807091779	0.022536975250945526	0.8631930734302022	0.8022674332134012	1.6123038095603484	0.2535347728320935	8.240028223235194	74.85395780089061	2.268184891521255	0.9889467047801217	29.088127520357308	250.82595614494915	-1.1130186053596685
3.2496747491638796	6.260869565217392	1.878432763796819	0.02359970216432974	0.8621920899063215	0.7958500405955354	1.6025998150461755	0.2554328941580737	8.21881210733066	74.1967952232883	2.257108917347172	0.9888046046071166	28.988172102408946	251.2675219201943	-1.1186976652420888
3.2496747491638796	6.297658862876254	1.8694035263325948	0.02471212113745611	0.8613640913388426	0.7892579529861745	1.5931673638925776	0.2572439515981485	8.19762981622166	73.56201412383227	2.246213686614871	0.9886635465662433	28.88980488619927	251.7208544326931	-1.124465001382679
3.2496747491638796	6.334448160535117	1.8602863775205218	0.025877019295112928	0.8607137294843573	0.7824861395840704	1.584002229688741	0.25896856814927344	8.176504419113309	72.94919464730913	2.235496646358122	0.9885236202986393	28.793010742654783	252.186149961514	-1.130322392905863
3.2496747491638796	6.37123745819398	1.8510731639565885	0.027097401495774144	0.8602460780561364	0.7755293283162826	1.5751002296427	0.2606074129295944	8.155458118064946	72.3579211162494	2.224955303403531	0.9883849176045995	28.697774954159648	252.66360745558248	-1.1362717775535638
3.2496747491638796	6.408026755852843	1.8417552514837514	0.02837651369048073	0.8599666728048473	0.7683819824446931	1.5664572237256411	0.26216120100307755	8.134512265344275	71.78778220233113	2.214587222342118	0.9882475324166232	28.60408319978308	253.15342852222676	-1.1423152464767117
3.2496747491638796	6.444816053511706	1.8323234750646644	0.02971786953035509	0.8598815571198427	0.7610382738212346	1.558069113754967	0.26363069317720417	8.113687380960194	71.23837106962283	2.2043900236006606	0.9881115607680526	28.51192154100171	253.6558174221639	-1.1484550391357227
3.2496747491638796	6.481605351170568	1.8227680821234913	0.03112528078518274	0.8599973340741267	0.7534920522263225	1.549931842501144	0.2650166957268455	8.09300317031468	70.70928549839938	2.194361381610217	0.9879771007576675	28.42127640793165	254.17098107132915	-1.1546935383680852
3.2496747491638796	6.518394648829432	1.8130786682332776	0.03260289225382364	0.8603212260271285	0.7457368101066579	1.5420413928861978	0.2663200600059656	8.072478541947252	70.20012799666809	2.1844990230692893	0.9878442525105862	28.332134586083054	254.69912904994737	-1.1610332656732527
3.2496747491638796	6.555183946488294	1.803244103785947	0.0341552219951678	0.8608611431375753	0.737765641880844	1.5343937873265572	0.26754168191671834	8.052131625370066	69.7105059051263	2.174800725298988	0.987713118135804	28.244483203645935	255.24047361919762	-1.1674768767591117
3.2496747491638796	6.591973244147157	1.7932524499813407	0.03578720789467381	0.8616257624378884	0.7295711967951949	1.5269850872592763	0.26868250121293347	8.031979789008814	69.24003150000587	2.1652643146873194	0.9875838016806934	28.15830971931182	255.79522974574977	-1.1740271573895125
3.2496747491638796	6.62876254180602	1.7830908620920356	0.03750426181780599	0.8626246195000564	0.7211456240762083	1.5198113928792945	0.2697435006215737	8.012039658276224	68.78832209719307	2.1558876652197103	0.9874564090827767	28.07360191063373	256.36361513442347	-1.1806870195691925
3.2496747491638796	6.665551839464883	1.7727454774764166	0.039312332903775705	0.8638682152056617	0.7124805088245076	1.5128688431049095	0.2707257047719942	7.992327133811183	68.35500016004522	2.146668697092682	0.9873310481190757	27.99034786292356	256.94585026915763	-1.1874594980995619
3.2496747491638796	6.702341137123746	1.7622012851902238	0.041217981942362314	0.8653681407535322	0.7035667967061829	1.5061536157798738	0.27163017892834906	7.97285740991877	67.93969341251233	2.1376053754073463	0.987207828353332	27.90853595868163	257.5421584623859	-1.1943477475371773
3.2496747491638796	6.739130434782608	1.751441973239504	0.04322846928306038	0.8671372248441187	0.6943947049915743	1.4996619281129653	0.2724580275254708	7.953644993245826	67.5420349584761	2.128695708939262	0.9870868610813842	27.82815486755088	258.1527659128598	-1.2013550395854697
3.2496747491638796	6.775919732441472	1.7404497484607735	0.04535185939083023	0.8691897080353279	0.6849536168269972	1.4933900373494609	0.2732103925129602	7.934703721723123	67.16166340762905	2.119937748981033	0.9869682592749749	27.749193536784837	258.7779017718922	-1.2084847609490676
3.2496747491638796	6.812709030100335	1.729205122614661	0.04759714604519852	0.8715414506620145	0.6752319547431356	1.4873342416635549	0.2738884515160814	7.916046783800121	66.79822300772666	2.111329588253701	0.9868521375242475	27.67164118221407	259.41779821787355	-1.2157404116797448
3.2496747491638796	6.849498327759197	1.7176866564065039	0.049974403363410566	0.8742101825824533	0.6652170282203894	1.481490881256477	0.27449341582531284	7.89768673799163	66.45136378265518	2.102869359882956	0.9867386119791812	27.595487279693835	260.0726905388736	-1.2231256040423695
3.2496747491638796	6.88628762541806	1.7058706506095065	0.05249496943630326	0.8772158055506893	0.6548948485241849	1.47585633964155	0.27502652822917667	7.879635532748597	66.12074167544071	2.094555236435818	0.9866278002901895	27.52072155701082	260.74281722300634	-1.2306440619290884
3.2496747491638796	6.923076923076923	1.6937307699821742	0.05517167157813351	0.880580762495503	0.644249901811181	1.470427045094857	0.2754890607071512	7.861904526657241	65.80601869509478	2.0863854290133914	0.9865198215480914	27.447333986224432	261.4284200561721	-1.2382996208497457
3.2496747491638796	6.959866220735786	1.6812375808190374	0.05801910528020495	0.8843304928369433	0.6332648684193248	1.4651994722483155	0.27588231200119223	7.844504508963308	65.50686306602107	2.0783581863950475	0.9864147962236415	27.375314776414196	262.1297442266844	-1.2460962285265695
3.2496747491638796	6.996655518394649	1.6683579761073342	0.06105398333787521	0.8884939998351612	0.6219202718754732	1.460170143800749	0.2762076050856048	7.827445720410454	65.22294937860134	2.0704717942292636	0.9863128461067768	27.304654366801877	262.8470384361968	-1.2540379461211857
3.2496747491638796	7.033444816053512	1.655054452376505	0.06429557793950616	0.8931045658491755	0.6101940348358648	1.4553356323219744	0.27646628455577565	7.81073787437493	64.95395873952396	2.0627245742660496	0.9862140942457156	27.235343420212086	263.5805550162126	-1.2621289501224477
3.2496747491638796	7.070234113712375	1.6412841878191797	0.06776628779877852	0.8982006658887258	0.5980609098821451	1.4506925621249545	0.27665971395662387	7.794390178272378	64.69957892041518	2.0551148836260733	0.9861186648860075	27.167372816835197	264.33055004943805	-1.2703735349234206
3.2496747491638796	7.107023411371237	1.6269978495103945	0.07149237637218421	0.9038271515904666	0.5854917391359186	1.4462376111813942	0.27678927307159057	7.778411355206971	64.45950450336017	2.0476411141010136	0.9860266834096094	27.100733648248756	265.09728349502774	-1.278776116117189
3.2496747491638796	7.1438127090301	1.6121380241541434	0.07550494868076314	0.9100368111443656	0.5724524751776368	1.441967513057046	0.2768563551926466	7.7628096658286445	64.23343702196713	2.040301691479984	0.9859382762740209	27.035417211654558	265.88101931677005	-1.2873412345411337
3.2496747491638796	7.1806020066889635	1.5966371141091529	0.07984126819567568	0.9168924633690599	0.5589028618156237	1.4378790588440746	0.27686236439111683	7.7475929303603674	64.02108509671618	2.0330950748964467	0.9858535709514845	26.97141500428276	266.6820256130796	-1.296073561100839
3.2496747491638796	7.217391304347826	1.5804144547860108	0.08454657054356504	0.9244698297908398	0.5447946179547126	1.433969099069318	0.2768087128081875	7.732768550754824	63.82216456345	2.0260197561901245	0.9857726958682159	26.90871871791308	267.5005747475972	-1.3049779024059098
3.2496747491638796	7.254180602006689	1.563372265250553	0.08967662408360526	0.9328615728330598	0.5300688745185015	1.4302345455588454	0.2766968179828403	7.71834353293829	63.63639859398925	2.0190742592781468	0.9856957803435934	26.847320233458476	268.3369434790476	-1.3140592072519202
3.2496747491638796	7.290969899665551	1.5453897908714427	0.0953014513292204	0.9421831412151455	0.5146524504579979	1.4266723732409303	0.27652810023369245	7.704324509098443	63.46351780798528	2.012257139529778	0.9856229545291997	26.78721161555632	269.1914130889313	-1.3233225739842636
3.2496747491638796	7.327759197324415	1.5263145314908746	0.10151092724448542	0.9525815290131676	0.4984522518228854	1.4232796218714485	0.27630398010973944	7.690717759973257	63.30326037527378	2.0055669831386895	0.9855543493475689	26.72838510710564	270.06426950543647	-1.332773258782975
3.2496747491638796	7.364548494983278	1.5059485425629384	0.10842355958394104	0.9642489608629409	0.4813464887325631	1.4200533976676162	0.27602587592351796	7.677529237099023	63.155372108135005	1.9990024064869454	0.9854900964304596	26.670833123689984	270.95580342190306	-1.3424166849099712
3.2496747491638796	7.40133779264214	1.4840259064159298	0.11620098774650825	0.9774454060670886	0.46317017378278275	1.4169908748377325	0.27569520137865045	7.66476458497703	63.01960654300058	1.9925620554943844	0.9854303280564257	26.61454824781844	271.8663104079357	-1.3522584529642865
3.2496747491638796	7.438127090301004	1.4601731719458246	0.1250735417092266	0.9925381232099191	0.44368956032816975	1.4140892969965924	0.2753133633021057	7.65242916312105	62.89572501129616	1.9862446049472224	0.9853751770874359	26.559523222916937	272.79609101118143	-1.3623043521949596
3.2496747491638796	7.474916387959866	1.4338336356373003	0.13538934413140924	1.0100773622857728	0.4225530375565241	1.4113459784578617	0.27488175948998256	7.640528067950485	62.783496699228735	1.98004875779934	0.9853247769042386	26.505750946997146	273.74545084757045	-1.3725603729262206
3.2496747491638796	7.511705685618729	1.404104072562141	0.1477205657595911	1.0309596155841492	0.3991848722307136	1.408758305396411	0.2744017766740586	7.629066154497384	62.68269869645172	1.9739732444395377	0.9852792613401444	26.453224465926457	274.71470067763835	-1.383032720155488
3.2496747491638796	7.548494983277592	1.3693140114115956	0.16313818936884364	1.0568483231574937	0.37251044186914817	1.406323736875161	0.2738747886148583	7.618048057899405	62.59311603365195	1.9680168219178242	0.9852387646128584	26.401936966218955	275.704156466349	-1.393727828391282
3.2496747491638796	7.585284280936455	1.3255516280744601	0.18417810018352562	1.0916479582312215	0.33999014142796685	1.40403980573232	0.27330215432561117	7.6074782146546625	62.51454170919631	1.962178273123412	0.9852034212539563	26.35188176726212	276.7141394235776	-1.4046523778057347
3.2496747491638796	7.622073578595318	1.2550983627674481	0.22245233117429694	1.1530693874086215	0.29000813509402895	1.4019041193260817	0.27268521643016996	7.5973608836186255	62.44677670505636	1.9564564059067955	0.9851733660355662	26.303052312889232	277.7449760221742	-1.4158133117848966
3.2496747491638796	7.65886287625418	1.2017679675585158	0.25455671962782467	1.2017679675434416	0.2545567196387887	1.3998712764311065	0.2720408717359164	7.58758366228838	62.386295890967965	1.9508258917462742	0.9851471660350368	26.255149027272658	278.7895415286084	-1.42713586278569
3.2496747491638796	7.695652173913044	1.2279272813008457	0.23646539116248083	1.2279272813008397	0.23646539116248455	1.3987464449690756	0.2710722707641071	7.578440818798268	62.389007586754815	1.9459332497054367	0.9851151905629615	26.21492622139268	280.03027644227416	-1.437244308784341
3.2496747491638796	7.7324414715719065	1.3403800732746185	0.1736046120256274	1.3403800732746218	0.1736046120256257	1.4074743663602556	0.26655436987374515	7.577517836391636	63.08860422007968	1.9486348855760864	0.9850587361916987	26.255700245771497	283.450003267553	-1.437244308784341
3.2496747491638796	7.769230769230769	1.3889870385913414	0.15070099630531042	1.3889870385913414	0.15070099630531042	1.4177972817985856	0.26160039239859006	7.579388183592526	63.901291808604356	1.9526979300059326	0.9850269983692279	26.311357378083553	287.3062932026774	-1.437244308784341
3.2496747491638796	7.806020066889632	1.4225946180951388	0.1363050134141559	1.4225946180951374	0.13630501341415635	1.4286806530366905	0.2565981361605066	7.582540153606637	64.75140157643658	1.9574282164608492	0.9850093711681442	26.374166948324447	291.4032828246815	-1.437244308784341
3.2496747491638796	7.842809364548495	1.4488884884088638	0.1258478634921564	1.4488884884088644	0.12584786349215618	1.43972462393474	0.2516887237661691	7.586379026972828	65.60991830882878	1.962544222507516	0.9850014532779946	26.440993607061664	295.6621780154503	-1.437244308784341
3.2496747491638796	7.879598662207358	1.4706715653778495	0.11771175825559728	1.4706715653778526	0.117711758255596	1.4507130102832049	0.24693986374792434	7.590572477478897	66.4613332824739	1.9678801736650522	0.9850005195017016	26.509996167991314	300.03612305513263	-1.437244308784341
3.2496747491638796	7.916387959866221	1.4893222893155638	0.11111899236929623	1.4893222893155613	0.1111189923692972	1.4615192884908	0.24238401338372786	7.594915980899988	67.2967081556834	1.9733274400327887	0.985004670885808	26.579973692366213	304.49379391536183	-1.437244308784341
3.2496747491638796	7.953177257525083	1.5056385372259473	0.10562942997735685	1.5056385372259489	0.10562942997735622	1.4720689598719912	0.23803415903104055	7.599279563201027	68.11089481102337	1.9788119436937255	0.9850125209221423	26.650112367387518	309.01322963329494	-1.437244308784341
3.2496747491638796	7.989966555183947	1.520132595961935	0.10096721065236196	1.5201325959619347	0.100967210652362	1.4823199631564312	0.23389204195338795	7.603580299532765	68.90109085936952	1.9842824833496133	0.9850230361636102	26.719854294810396	313.5787041821551	-1.437244308784341
3.2496747491638796	8.02675585284281	1.5331576758159422	0.09694700129756592	1.533157675815942	0.09694700129756612	1.492251082683571	0.2299529080276898	7.60776608767297	69.6659880261998	1.9897036800105268	0.985035438905582	26.788818102427516	318.1788540524202	-1.437244308784341
3.2496747491638796	8.063545150501673	1.5449701299745409	0.09343791055372269	1.5449701299745413	0.09343791055372255	1.501854626422319	0.22620837803403968	7.611805382795693	70.40523695327336	1.9950513414946554	0.9850491413578426	26.856746784927257	322.80544905637845	-1.437244308784341
3.2496747491638796	8.100334448160535	1.5557632678583397	0.09034396602974404	1.5557632678583413	0.09034396602974341	1.5111316427126134	0.22264821301153853	7.615680453355445	71.11909963082223	2.0003092754975444	0.9850636986316599	26.923471890622924	327.4525430686962	-1.437244308784341
3.2496747491638796	8.137123745819398	1.5656871974174638	0.08759272011162564	1.5656871974174624	0.08759272011162615	1.5200887406561558	0.21926140153131557	7.619382854334266	71.80821988396306	2.0054670429626	0.9850787741912971	26.988888327477763	332.11587002554035	-1.437244308784341
3.2496747491638796	8.173913043478262	1.574861200126161	0.08512819538740915	1.5748612001261606	0.08512819538740933	1.5287359587527591	0.21603682182174705	7.622910350084142	72.47347066617621	2.0105183509089004	0.9850941140670244	27.052936387985323	336.79240684230984	-1.437244308784341
3.2496747491638796	8.210702341137123	1.5833818385161604	0.08290630664789636	1.583381838516161	0.08290630664789614	1.5370853324768026	0.21296363475720823	7.626264806619973	73.11585230311081	2.0154598920467537	0.9851095274297039	27.115588811545717	341.4800535447041	-1.437244308784341
3.2496747491638796	8.247491638795987	1.591328486549172	0.0808917746601695	1.5913284865491717	0.08089177466016957	1.5451499334891512	0.21003150610005125	7.629450741810223	73.736424928245	2.0202905017325703	0.9851248718673622	27.176841418266157	346.17739730180244	-1.437244308784341
3.2496747491638796	8.284280936454849	1.5987672300590652	0.07905597932029655	1.598767230059064	0.07905597932029682	1.5529432294536252	0.2072307208182161	7.632474326543725	74.33626402430647	2.0250105427567773	0.9851400421732529	27.236706301114435	350.88353727614117	-1.437244308784341
3.2496747491638796	8.321070234113712	1.6057536953303237	0.07737542662671527	1.6057536953303235	0.0773754266267153	1.5604786627511857	0.20455222985810892	7.6353426972895875	74.91643163939408	2.029621454970233	0.9851549617739823	27.29520686433096	355.597953956483	-1.437244308784341
3.2496747491638796	8.357859531772576	1.612335149026702	0.0758306294309366	1.6123351490267015	0.07583062943093681	1.5677693789669256	0.20198765540100241	7.638063484835801	75.4779582515385	2.034125424892237	0.985169576152472	27.352374201897003	360.3204112568622	-1.437244308784341
3.2496747491638796	8.394648829431437	1.6185520885342042	0.07440527460393113	1.618552088534204	0.07440527460393122	1.574828057854831	0.19952927137577128	7.640644493700231	76.02183185995382	2.038525143088862	0.9851838477846258	27.40824445328692	365.0508828962917	-1.437244308784341
3.2496747491638796	8.431438127090301	1.6244394671260365	0.07308559302296892	1.6244394671260367	0.07308559302296887	1.5816668142579455	0.19716996999934328	7.643093486832412	76.54899196241803	2.0428236260359554	0.9851977522291057	27.462856874837524	369.78949686679766	-1.437244308784341
3.2496747491638796	8.468227424749164	1.6300276518616938	0.07185987604605379	1.6300276518616945	0.0718598760460536	1.5882971465366147	0.19490322121134385	7.645418043984098	77.06032681241264	2.047024085537928	0.9852112750988536	27.516252436957203	374.53649344232883	-1.437244308784341
3.2496747491638796	8.505016722408026	1.6353431822624296	0.07071809963208106	1.6353431822624287	0.07071809963208131	1.5947299169709594	0.19272302932477817	7.647625471605215	77.55667285122854	2.051129833331726	0.9852244097093507	27.5684728088522	379.29219336990496	-1.437244308784341
3.2496747491638796	8.54180602006689	1.640409378082461	0.0696516287806549	1.6404093780824602	0.0696516287806551	1.6009753533735074	0.19062388955658682	7.649722748696134	78.03881555472525	2.0551442117941066	0.9852371552481726	27.619559629497388	384.05697374946936	-1.437244308784341
3.2496747491638796	8.578595317725753	1.645246831149032	0.0686529827225491	1.6452468311490327	0.0686529827225489	1.6070430644523432	0.18860074602448693	7.651716497632403	78.50749117194287	2.0590705440549115	0.9852495153475282	27.66955399038565	388.8312497416889	-1.437244308784341
3.2496747491638796	8.615384615384615	1.6498738070159618	0.06771564662339272	1.6498738070159613	0.06771564662339291	1.6129420637642353	0.18664895209974514	7.653612972194902	78.9633889971916	2.0629120985578773	0.9852614969693977	27.718496075093643	393.6154607087892	-1.437244308784341
3.2496747491638796	8.652173913043478	1.6543065756683306	0.0668339192944035	1.6543065756683297	0.06683391929440374	1.6186807987008445	0.18476423355921665	7.65541805730457	79.40715393130546	2.06667206438367	0.9852731095339554	27.766424914948548	398.41005973779176	-1.437244308784341
3.2496747491638796	8.688963210702342	1.658559685847584	0.06600278905780854	1.6585596858475848	0.06600278905780825	1.6242671820724817	0.18294265469823903	7.657137276564918	79.83938916703575	2.0703535345866944	0.9852843642379244	27.813378230538707	403.2155057514318	-1.437244308784341
3.2496747491638796	8.725752508361204	1.6626461941647734	0.06521783182964266	1.6626461941647743	0.06521783182964241	1.6297086246392498	0.18118058739218887	7.658775804854886	80.2606588887214	2.07395949548972	0.9852952735216366	27.85939233652117	408.0322576031795	-1.437244308784341
3.2496747491638796	8.762541806020067	1.6665778576556678	0.06447512688300878	1.6665778576556676	0.06447512688300883	1.635012067489234	0.1794746829914641	7.660338484026397	80.67149091470195	2.0774928203942125	0.98530585065283	27.90450209288496	412.86076969611463	-1.437244308784341
3.2496747491638796	8.799331103678929	1.6703652965503408	0.06377118679115854	1.6703652965503408	0.0637711867911585	1.6401840135484467	0.17782184687740704	7.661829840341095	81.07237923754774	2.0809562665473544	0.9853161094023102	27.948740890070827	417.7014887735374	-1.437244308784341
3.2496747491638796	8.836120401337793	1.674018132604943	0.06310289882526718	1.674018132604944	0.06310289882526691	1.6452305577752913	0.17621921547911823	7.663254102695006	81.46378643550915	2.0843524744928494	0.9853260637920405	27.992140658506564	422.5548516108377	-1.437244308784341
3.2496747491638796	8.872909698996656	1.6775451072539753	0.06246747566776686	1.6775451072539764	0.06246747566776653	1.6501574157791425	0.17466413554199597	7.664615220977514	81.84614594120904	2.087683969147971	0.9853357279004512	28.03473189548682	427.42128340046867	-1.437244308784341
3.2496747491638796	8.909698996655518	1.6809541829991654	0.061862413749288095	1.680954182999164	0.06186241374928841	1.6549699507307085	0.17315414544138952	7.665916884123034	82.21986416210636	2.090953162110871	0.9853451157129971	28.076543704098068	432.3011966691643	-1.437244308784341
3.2496747491638796	8.946488294314381	1.6842526307952161	0.061285457861278356	1.6842526307952166	0.06128545786127817	1.659673198519551	0.17168695834393763	7.6671625375660675	82.58532245297337	2.094162354824668	0.9853542410085432	28.1176038402275	437.1949906029917	-1.437244308784341
3.2496747491638796	8.983277591973245	1.6874471056769307	0.06073457096332141	1.6874471056769305	0.06073457096332147	1.6642718911723136	0.170260447032174	7.6683553999181004	82.94287894430234	2.0973137423171875	0.9853631172741227	28.157938764699974	442.10305068366813	-1.437244308784341
3.2496747491638796	9.020066889632107	1.6905437124643807	0.06020790831274132	1.690543712464381	0.06020790831274131	1.6687704785835833	0.16887263022257482	7.66949847876175	83.29287023288879	2.1004094173056194	0.9853717576421686	28.197573698349384	447.02574856120106	-1.437244308784341
3.2496747491638796	9.05685618729097	1.6935480630572435	0.05970379520830174	1.6935480630572444	0.05970379520830149	1.673173148634741	0.16752166022241716	7.670594585511075	83.63561294215867	2.103451374508593	0.9853801748455255	28.236532678405144	451.9634421045277	-1.437244308784341
3.2496747491638796	9.093645484949834	1.696465326568457	0.0592207077698842	1.6964653265684566	0.059220707769884355	1.677483845790016	0.166205811785623	7.671646349324532	83.97140516049564	2.1064415150488505	0.9853883811865177	28.274838615010452	456.9164755847901	-1.437244308784341
3.2496747491638796	9.130434782608695	1.6993002733365663	0.05875725627974079	1.6993002733365654	0.05875725627974107	1.6817062882657077	0.16492347204184438	7.672656230082386	84.30052776604772	2.109381650860582	0.9853963885170939	28.312513347018665	461.88517995594975	-1.437244308784341
3.2496747491638796	9.167224080267559	1.7020573136850292	0.05831217069407168	1.7020573136850297	0.05831217069407157	1.6858439838705863	0.16367313138614856	7.6736265304574305	84.62324564642104	2.1122735090391114	0.9854042082276792	28.34957769646371	466.86987320531415	-1.437244308784341
3.2496747491638796	9.20401337792642	1.7047405321568865	0.057884288000773935	1.7047405321568865	0.05788428800077395	1.6899002446142826	0.1624533752286793	7.674559407118442	84.93980882138995	2.115118736088405	0.9854118512428367	28.386051521287914	471.8708607526425	-1.437244308784341
3.2496747491638796	9.240802675585284	1.7073537178386717	0.057472541153542785	1.7073537178386706	0.05747254115354307	1.6938782001773516	0.16126287651453733	7.675456881112265	85.25045347637268	2.1179189020355387	0.9854193280222168	28.42195376605252	476.8884358813102	-1.437244308784341
3.2496747491638796	9.277591973244148	1.7099003912930963	0.057075949356765555	1.7099003912930966	0.057075949356765465	1.6977808103324326	0.16010038893389658	7.676320847474044	85.55540291397574	2.120675504391825	0.9854266485655883	28.457302510465414	481.92288018890736	-1.437244308784341
3.2496747491638796	9.31438127090301	1.7123838285410866	0.05669360951201442	1.7123838285410866	0.056693609512014416	1.7016108764000615	0.15896474075127318	7.677153084115115	85.85486843037411	2.123389971947392	0.9854338224209692	28.492115015632255	486.974464047271	-1.437244308784341
3.2496747491638796	9.351170568561873	1.7148070824696544	0.056324688666575196	1.7148070824696537	0.056324688666575355	1.705371051818214	0.15785482919049756	7.677955260039411	86.14905012287214	2.1260636683928693	0.985440858695089	28.52640776800673	492.043447064755	-1.437244308784341
3.2496747491638796	9.387959866220736	1.7171730019866493	0.055968417329239156	1.717173001986649	0.0559684173292393	1.709063851897929	0.1567696153191129	7.678728942936033	86.43813763442174	2.1286978957651868	0.985447766065555	28.560196521047885	497.13007854489035	-1.437244308784341
3.2496747491638796	9.424749163879598	1.7194842491985751	0.055624083538868864	1.7194842491985747	0.05562408353886903	1.7126916628326136	0.15570811938196039	7.679475606194899	86.72231084045951	2.1312938977183706	0.9854545527942293	28.593496334630192	502.23459793734366	-1.437244308784341
3.2496747491638796	9.461538461538462	1.7217433148488492	0.05529102758831294	1.721743314848849	0.055291027588312995	1.716256750022884	0.1546694165392741	7.680196635389301	87.00174048294934	2.1338528626222626	0.9854612267414234	28.626321612270978	507.35723527806556	-1.437244308784341
3.2496747491638796	9.498327759197325	1.723952532221632	0.05496863732040672	1.7239525322216314	0.05496863732040687	1.719761265773852	0.15365263296944157	7.680893334266715	87.27658875610565	2.1363759264937716	0.9854677953805933	28.658686136254328	512.4982116164138	-1.437244308784341
3.2496747491638796	9.535117056856187	1.7261140896888327	0.05465634392471486	1.726114089688832	0.05465634392471501	1.7232072564170249	0.15265694230089166	7.681566930286593	87.54700984788691	2.138864175766507	0.9854742658132919	28.69060310074154	517.6577394277759	-1.437244308784341
3.2496747491638796	9.57190635451505	1.7282300420544876	0.05435361817369393	1.7282300420544883	0.05435361817369378	1.726596668904477	0.15168156234139052	7.682218579740929	87.81315044098275	2.141318649905244	0.9854806447841823	28.72208514296189	522.8360230106789	-1.437244308784341
3.2496747491638796	9.608695652173912	1.7303023208307964	0.054059967045412466	1.7303023208307964	0.05405996704541243	1.72993135691888	0.15072575207640343	7.6828493724909155	88.07515017669063	2.143740343872247	0.9854869386959613	28.753144372581115	528.0332588678449	-1.437244308784341
3.2496747491638796	9.645484949832776	1.732332743563099	0.05377493068712057	1.7323327435630995	0.05377493068712051	1.7332130865392643	0.14978880891115198	7.68346033635045	88.3331420847809	2.146130210452658	0.9854931536240757	28.783792399345472	533.2496360709619	-1.437244308784341
3.2496747491638796	9.68227424749164	1.734323022306268	0.05349807968008267	1.7343230223062682	0.05349807968008267	1.7364435414987223	0.1488700661336907	7.684052441144627	88.58725298215853	2.1484891624461597	0.985499295331144	28.814040359096598	538.4853366091331	-1.437244308784341
3.2496747491638796	9.719063545150501	1.7362747713426716	0.05322901257122589	1.7362747713426707	0.053229012571226086	1.7396243280673702	0.14796889057862128	7.684626602469475	88.83760384289903	2.1508180747322165	0.9855053692810146	28.84389893825227	543.7405357212557	-1.437244308784341
3.2496747491638796	9.755852842809364	1.7381895142207129	0.05296735364164447	1.7381895142207118	0.0529673536416447	1.7427569795907139	0.14708468047320658	7.685183685176698	89.08431014198788	2.15311778621587	0.9855113806524152	28.87337839684282	549.0154022126095	-1.437244308784341
3.2496747491638796	9.792642140468228	1.7400686901836706	0.05271275088577563	1.740068690183671	0.052712750885775574	1.745842960711012	0.14621686344947976	7.685724506605307	89.32748217489073	2.155389101660896	0.9855173343521554	28.90248859018992	554.3100987560659	-1.437244308784341
3.2496747491638796	9.82943143812709	1.7419136600505618	0.05246487417831018	1.741913660050562	0.0524648741783102	1.7488836712969893	0.14536489470757033	7.686249839580533	89.56722535490627	2.1576327934170716	0.9855232350278654	28.931238989312277	559.6247821785043	-1.437244308784341
3.2496747491638796	9.866220735785953	1.7437257116033575	0.05222341360875955	1.7437257116033575	0.052223413608759546	1.7518804501047465	0.14452825531698799	7.686760415198198	89.8036404900588	2.1598496030476477	0.985529087080253	28.95963870013507	564.9596037328744	-1.437244308784341
3.2496747491638796	9.903010033444817	1.745506064528955	0.05198807796599411	1.7455060645289555	0.05198807796599408	1.7548345781909693	0.14370645064387622	7.6872569254115675	90.03682404115015	2.1620402428631618	0.9855348946748753	28.98769648157889	570.3147093565512	-1.437244308784341
3.2496747491638796	9.939799331103679	1.7472558749588447	0.05175859335718317	1.7472558749588445	0.05175859335718324	1.7577472820976543	0.14289900889342227	7.687740025436209	90.26686836244492	2.1642053973672293	0.9855406617534251	29.01542076259808	575.6902399165492	-1.437244308784341
3.2496747491638796	9.976588628762542	1.7489762396446142	0.05153470194740349	1.748976239644615	0.051534701947403366	1.7606197368258363	0.14210547975767648	7.688210335986946	90.49386192632886	2.166345724619693	0.9855463920445363	29.042819658234553	581.086331442194	-1.437244308784341
3.2496747491638796	10.013377926421406	1.7506681998034912	0.05131616080774051	1.7506681998034916	0.05131616080774042	1.7634530686145178	0.1413254331599189	7.688668445360063	90.71788953317889	2.1684618575222587	0.9855520890741156	29.06990098474965	586.5031153458671	-1.437244308784341
3.2496747491638796	10.050167224080267	1.7523327446642134	0.051102740861134754	1.752332744664213	0.05110274086113485	1.7662483575393597	0.14055845808760437	7.689114911372537	90.93903250755919	2.1705544050313184	0.9855577561752124	29.096672273891752	591.9407186323715	-1.437244308784341
3.2496747491638796	10.08695652173913	1.753970814740575	0.05089422591639082	1.753970814740575	0.05089422591639078	1.7690066399446962	0.1398041615066148	7.689550263169284	91.15736888177788	2.1726239533025056	0.9855633964974373	29.123140786354345	597.3992640975209	-1.437244308784341
3.2496747491638796	10.123745819397993	1.7555833048570193	0.05069041178185233	1.7555833048570197	0.05069041178185221	1.7717289107211924	0.13906216735024665	7.6899750029084695	91.37297356774538	2.1746710667712104	0.9855690130159459	29.14931352447617	602.8788705164976	-1.437244308784341
3.2496747491638796	10.160535117056856	1.75717106694821	0.0504911054511603	1.7571710669482101	0.0504911054511602	1.7744161254404873	0.13833211557694675	7.690389607334062	91.58591851799852	2.176696289172979	0.9855746085400008	29.175197244230475	608.3796528225187	-1.437244308784341
3.2496747491638796	10.19732441471572	1.758734912652273	0.05029612435433529	1.758734912652273	0.050296124354335295	1.7770692023571864	0.13761366129136526	7.690794529244019	91.79627287668052	2.1787001445075154	0.9855801857211274	29.200798466548346	613.9017222763107	-1.437244308784341
3.2496747491638796	10.234113712374581	1.7602756157154764	0.050105295668135846	1.7602756157154764	0.050105295668135874	1.7796890242877774	0.1369064739237722	7.6911901988619675	92.00410312120539	2.1806831379497726	0.9855857470608808	29.226123488017965	619.4451866269061	-1.437244308784341
3.2496747491638796	10.270903010033445	1.7617939142243166	0.04991845568028283	1.7617939142243169	0.04991845568028274	1.7822764403752072	0.13621023646332403	7.691577025119303	92.20947319527205	2.1826457567113318	0.9855912949182386	29.25117839099798	625.0101502642027	-1.437244308784341
3.2496747491638796	10.307692307692308	1.7632905126795169	0.04973544920269233	1.7632905126795166	0.04973544920269238	1.7848322677472424	0.13552464474106207	7.6919553968544925	92.4124446338454	2.184588470855173	0.9855968315166358	29.275969053182298	630.5967143637662	-1.437244308784341
3.2496747491638796	10.34448160535117	1.7647660839249768	0.04955612902936099	1.7647660839249761	0.04955612902936113	1.787357293076015	0.13484940675888069	7.692325683935419	92.61307668066664	2.1865117340666265	0.9856023589506567	29.300501156649478	636.2049770242745	-1.437244308784341
3.2496747491638796	10.381270903010034	1.7662212709435323	0.04938035543498134	1.766221270943532	0.04938035543498135	1.7898522740455978	0.13418424206103105	7.692688238310392	92.81142639881315	2.188415984383214	0.9856078791924029	29.32478019642891	641.8350333980387	-1.437244308784341
3.2496747491638796	10.418060200668897	1.7676566885302276	0.04920799571076082	1.7676566885302274	0.04920799571076086	1.792317940733905	0.13352888114501366	7.693043394992863	93.0075487747856	2.190301644885777	0.9856133940975464	29.34881148861248	647.4869758149279	-1.437244308784341
3.2496747491638796	10.454849498327759	1.7690729248528676	0.04903892373425868	1.7690729248528676	0.04903892373425864	1.794754996914746	0.1328830649089786	7.693391472984548	93.20149681656441	2.1921691243532844	0.9856189054110882	29.37260017804008	653.1608939001055	-1.437244308784341
3.2496747491638796	10.491638795986622	1.7704705429087533	0.04887301957035724	1.7704705429087528	0.04887301957035733	1.79716412128545	0.13224654413298317	7.693732776141391	93.39332164604632	2.1940188178835047	0.9856244147728327	29.396151245584644	658.856874685929	-1.437244308784341
3.2496747491638796	10.528428093645484	1.771850081885602	0.04871016910077723	1.7718500818856007	0.04871016910077749	1.7995459686249544	0.13161907899169328	7.69406759398622	93.58307258623209	2.1958511074815026	0.9856299237225938	29.41946951506032	664.5750027182777	-1.437244308784341
3.2496747491638796	10.565217391304348	1.7732120584340219	0.04855026367978041	1.773212058434023	0.048550263679780166	1.8019011708869752	0.1310004385962978	7.694396202471836	93.77079724351545	2.1976663626179045	0.9856354337051455	29.44255965977636	670.3153601576714	-1.437244308784341
3.2496747491638796	10.602006688963211	1.774556967858285	0.04839319981391665	1.7745569678582855	0.048393199813916515	1.8042303382325202	0.1303904005635826	7.694718864697945	93.9565415853953	2.1994649407586997	0.9856409460749271	29.46542620875792	676.0780268754283	-1.437244308784341
3.2496747491638796	10.638795986622073	1.7758852852314684	0.04823887886388998	1.7758852852314675	0.048238878863890174	1.8065340600056543	0.1297887506102875	7.695035831585086	94.14035001390793	2.2012471878682365	0.9856464621005193	29.488073552653134	681.8630805451592	-1.437244308784341
3.2496747491638796	10.675585284280936	1.7771974664406156	0.04808720676677141	1.7771974664406147	0.04808720676677158	1.808812905656171	0.12919528217100587	7.695347342508432	94.32226543505529	2.203013438886971	0.9856519829688992	29.510505949344942	687.6705967298378	-1.437244308784341
3.2496747491638796	10.7123745819398	1.778493949167019	0.04793809377696165	1.7784939491670195	0.04793809377696157	1.8110674256125394	0.12860979603802772	7.695653625894162	94.50232932448436	2.204764018185413	0.9856575097894867	29.532727529284596	693.5006489646925	-1.437244308784341
3.2496747491638796	10.749163879598662	1.7797751538063031	0.0477914542244484	1.779775153806303	0.04779145422444839	1.813298152108239	0.1280321000216565	7.695954899780874	94.68058178965295	2.206499239995625	0.9856630435979931	29.554742300562864	699.3533088361356	-1.437244308784341
3.2496747491638796	10.785953177257525	1.7810414843326778	0.0476472062890163	1.781041484332678	0.04764720628901625	1.8155055999644474	0.12746200862962348	7.6962513723483985	94.857061628706	2.20821940882158	0.9856685853600794	29.576554153734236	705.2286460569678	-1.437244308784341
3.2496747491638796	10.822742474916389	1.7822933291112744	0.04750527178920411	1.7822933291112741	0.047505271789204155	1.8176902673317321	0.12689934276435455	7.696543242416121	95.03180638626293	2.2099248198295633	0.9856741359748391	29.59816686640801	711.1267285380495	-1.437244308784341
3.2496747491638796	10.85953177257525	1.783531061662201	0.04736557598489626	1.7835310616622015	0.04736557598489611	1.819852636393269	0.12634392943691578	7.6968306999127645	95.20485240630677	2.2116157592197085	0.985679696278108	29.619584107619154	717.0476224566131	-1.437244308784341
3.2496747491638796	10.896321070234114	1.7847550413796496	0.04722804739253695	1.7847550413796494	0.04722804739253694	1.821993174031888	0.1257956014965699	7.697113926319411	95.37623488234821	2.2132925045796967	0.9856852670456138	29.640809441990925	722.9913923213762	-1.437244308784341
3.2496747491638796	10.933110367892976	1.785965614209242	0.04709261761202287	1.7859656142092422	0.047092617612022825	1.8241123324632618	0.12525419737492488	7.697393095087759	95.54598790504002	2.214955325221759	0.9856908489959728	29.661846333702577	728.9581010347326	-1.437244308784341
3.2496747491638796	10.96989966555184	1.7871631132862595	0.046959221164446605	1.7871631132862598	0.04695922116444656	1.8262105498370222	0.1247195608437805	7.697668372034733	95.71414450737684	2.2166044825036493	0.9856964427935416	29.682698150270102	734.9478099520035	-1.437244308784341
3.2496747491638796	11.006688963210703	1.7883478595375912	0.04682779533988331	1.7883478595375912	0.04682779533988331	1.8282882508079545	0.12419154078578058	7.697939915715386	95.8807367076413	2.2182402301347137	0.9857020490511291	29.703368166152966	740.9605789380784	-1.437244308784341
3.2496747491638796	11.043478260869565	1.7895201622496533	0.046698280054520924	1.7895201622496528	0.04669828005452096	1.8303458470788225	0.12366999097710132	7.698207877775131	96.04579555021537	2.21986281446767	0.985707668332579	29.723859566194264	746.9964664214422	-1.437244308784341
3.2496747491638796	11.080267558528428	1.7906803196046055	0.04657061771646532	1.790680319604606	0.046570617716465264	1.832383737916589	0.12315476988141795	7.69847240328274	96.20935114438878	2.2214724747769874	0.985713301155227	29.744175448904475	753.0555294458196	-1.437244308784341
3.2496747491638796	11.117056856187292	1.791828619186876	0.04644475309961942	1.7918286191868762	0.046444753099619346	1.8344023106434837	0.12264574045447564	7.698733631045214	96.37143270127483	2.223069443524499	0.98571894799224	29.76431882959634	759.1378237194918	-1.437244308784341
3.2496747491638796	11.153846153846153	1.7929653384620063	0.04632063322506287	1.7929653384620066	0.04632063322506281	1.8364019411044796	0.12214276995860252	7.698991693905785	96.53206856895034	2.224653946613033	0.9857246092748425	29.78429264337999	765.2434036624834	-1.437244308784341
3.2496747491638796	11.190635451505017	1.794090745229416	0.046198207249443034	1.7940907452294153	0.04619820724944316	1.8383829941123118	0.12164572978660183	7.699246719025792	96.69128626590684	2.226226203628525	0.985730285394437	29.8040997480237	771.372322451618	-1.437244308784341
3.2496747491638796	11.22742474916388	1.7952050980509222	0.04607742635987362	1.7952050980509222	0.046077426359873636	1.840345823871515	0.12115449529443278	7.699498828151704	96.84911251292226	2.2277864280714037	0.9857359767046223	29.823742926689558	777.5246320636713	-1.437244308784341
3.2496747491638796	11.264214046822742	1.7963086466563998	0.045958243674922385	1.7963086466563998	0.045958243674922385	1.8422907743824815	0.12066894564218976	7.69974813786796	97.0055732634303	2.2293348275776457	0.9857416835231158	29.843224890548655	783.7003833166144	-1.437244308784341
3.2496747491638796	11.301003344481606	1.7974016323280797	0.045840614151272496	1.7974016323280797	0.04584061415127248	1.8442181798267623	0.12018896364287866	7.699994759836645	97.16069373247892	2.2308716041301686	0.9857474061335841	29.862548281283495	789.8996259091404	-1.437244308784341
3.2496747491638796	11.33779264214047	1.7984842882647234	0.04572449449569026	1.7984842882647236	0.04572449449569023	1.8461283649345088	0.11971443561855678	7.700238801024536	97.31449842434515	2.232396954260908	0.985753144787387	29.88171567348187	796.1224084584428	-1.437244308784341
3.2496747491638796	11.37458193979933	1.7995568399269963	0.04560984308194302	1.7995568399269957	0.04560984308194318	1.8480216453351757	0.11924525126339636	7.70048036391855	97.46701115889176	2.233911069244215	0.9857588997052377	29.900729576929287	802.3687785364593	-1.437244308784341
3.2496747491638796	11.411371237458194	1.800619505365068	0.04549661987235758	1.8006195053650675	0.045496619872357646	1.8498983278922376	0.1187813035132972	7.700719546730015	97.61825509672128	2.2354141352818626	0.9857646710787855	29.919592438803683	808.6387827045519	-1.437244308784341
3.2496747491638796	11.448160535117056	1.8016724955296057	0.045384786343709654	1.8016724955296055	0.04538478634370971	1.8517587110228984	0.11832248842166557	7.7009564435885975	97.76825276320186	2.236906333680208	0.9857704590721236	29.938306645778464	814.9324665467741	-1.437244308784341
3.2496747491638796	11.48494983277592	1.8027160145670447	0.04527430541718132	1.8027160145670444	0.04527430541718134	1.8536030850034813	0.11786870504102728	7.701191144726316	97.91702607141656	2.2383878410197933	0.9857762638232244	29.956874526037364	821.2498747017387	-1.437244308784341
3.2496747491638796	11.521739130434783	1.8037502601001276	0.045165141392120044	1.8037502601001283	0.04516514139212	1.8554317322613065	0.11741985531014729	7.7014237366522975	98.0645963440965	2.2398588293178134	0.9857820854453089	29.975298351206025	827.5910508931746	-1.437244308784341
3.2496747491638796	11.558528428093645	1.8047754234945748	0.04505725988336399	1.804775423494575	0.04505725988336391	1.8572449276537994	0.11697584394634827	7.701654302318859	98.21098433459447	2.2413194661838434	0.9857879240281504	29.993580338204822	833.9560379592763	-1.437244308784341
3.2496747491638796	11.595317725752508	1.8057916901126296	0.044950627761916245	1.8057916901126299	0.044950627761916204	1.8590429387353955	0.11653657834275823	7.7018829212792586	98.356210246941	2.2427699149690494	0.9857937796393181	30.011722651025714	840.3448778808275	-1.437244308784341
3.2496747491638796	11.632107023411372	1.8067992395542583	0.04484521309876254	1.806799239554258	0.04484521309876256	1.860826026012909	0.11610196847021646	7.702109669837633	98.50029375503317	2.244210334909276	0.9857996523253615	30.029727402437384	846.7576118082101	-1.437244308784341
3.2496747491638796	11.668896321070234	1.8077982458867299	0.04474098511163433	1.8077982458867303	0.044740985111634275	1.8625944431899917	0.11567192678358268	7.702334621191614	98.6432540210038	2.245640881262274	0.985805542112939	30.047596655622126	853.1942800873272	-1.437244308784341
3.2496747491638796	11.705685618729097	1.8087888778631929	0.04463791411454707	1.8087888778631929	0.04463791411454711	1.864348437401172	0.11524636813222623	7.7025578455679735	98.78510971280738	2.2470617054393753	0.9858114490098954	30.06533242574764	859.6549222845192	-1.437244308784341
3.2496747491638796	11.74247491638796	1.8097712991308772	0.04453597146994372	1.8097712991308774	0.04453597146994371	1.8660882494360334	0.11482520967446863	7.70277941035167	98.92587902106467	2.248472955131837	0.9858173730062868	30.08293668147667	866.1395772104823	-1.437244308784341
3.2496747491638796	11.779264214046822	1.8107456684294976	0.044435129543289646	1.8107456684294985	0.04443512954328952	1.8678141139540014	0.11440837079577801	7.702999380208688	99.06557967520214	2.2498747744321554	0.98582331407536	30.10041134641761	872.64828294327	-1.437244308784341
3.2496747491638796	11.816053511705686	1.8117121397803813	0.04433536165997612	1.8117121397803808	0.0443353616599762	1.869526259690211	0.11399577303051846	7.7032178172029555	99.2042289589204	2.251267303950513	0.9858292721744838	30.117758300518478	879.1810768503796	-1.437244308784341
3.2496747491638796	11.852842809364548	1.8126708626668513	0.044236642064394247	1.8126708626668517	0.04423664206439418	1.8712249096529028	0.11358733998707252	7.703434780907747	99.34184372502695	2.2526506809266897	0.9858352472460392	30.13497938140749	885.7379956100245	-1.437244308784341
3.2496747491638796	11.889632107023411	1.8136219822063002	0.044138945881058565	1.8136219822063007	0.044138945881058524	1.872910281312722	0.11318299727616929	7.703650328511738	99.4784404096597	2.254025039337528	0.9858412392182665	30.152076385681806	892.3190752315558	-1.437244308784341
3.2496747491638796	11.926421404682275	1.814565639314432	0.044042249077658274	1.814565639314432	0.04404224907765824	1.8745825867843549	0.11278267244224996	7.703864514920111	99.61403504593522	2.2553905100002565	0.9858472480060736	30.1690510701477	898.9243510751413	-1.437244308784341
3.2496747491638796	11.963210702341136	1.815501970862075	0.04394652842992704	1.8155019708620748	0.04394652842992705	1.8762420330008414	0.11238629489772267	7.704077392850904	99.74864327704692	2.256747220671797	0.9858532735118067	30.185905153013643	905.5538578706845	-1.437244308784341
3.2496747491638796	12.	1.816431109824953	0.04385176148823182	1.8164311098249528	0.04385176148823186	1.8778888218809284	0.11199379585996286	7.704289012926904	99.88228036883982	2.2580952961442766	0.9858593156259855	30.202640315038956	912.2076297360516	-1.437244308784341