3.2791789297658864	1.	4.856618881831933	2.0267042086740927e-10	4.774526179098215	0.999999999715116	6.195282443162212	0.000010712394137135552	12.769248128045529	457.03643696561915	13.785074395511893	0.9999943268501497	100.12870865546921	241.96254590548136	2.9006304169863264
3.2791789297658864	1.0367892976588629	4.768400250178914	3.550761246101572e-10	4.605098262378229	0.9999999992828488	6.072464009871483	0.000013928523101276646	12.635638743917188	445.5334154790511	13.29579686056424	0.9999922857076667	97.83830689683731	241.96098022390407	2.788638094899695
3.2791789297658864	1.0735785953177257	4.684959766566995	6.032448541619767e-10	4.447280061103621	0.9999999983119644	5.95608675564751	0.00001787801848138167	12.507229918480013	434.6799235163548	12.840022371107242	0.9999897355832592	95.67166410910224	241.95881705798638	2.6820578469692777
3.2791789297658864	1.1103678929765886	4.605886209925905	9.964631610351348e-10	4.299917330729509	0.9999999962593847	5.845619453731056	0.000022677192877485054	12.383717307032281	424.4208943697008	12.414417280826338	0.9999866069945994	93.6182274426471	241.955934004989	2.5803436192520204
3.2791789297658864	1.1471571906354514	4.530815560800107	1.6041535938851275e-9	4.162003898661946	0.9999999921499558	5.740589286242051	0.00002845268794873502	12.264818596913473	414.70734676229074	12.016075723863503	0.9999828309352339	91.66865105787721	241.95220431105733	2.48303011414377
3.2791789297658864	1.1839464882943145	4.4594243306542145	2.522059528647338e-9	4.032658662231967	0.99999998431727	5.640573875941306	0.000035341567198027416	12.150271971259112	405.4955635394898	11.642453213066261	0.9999783400267696	89.81462546014788	241.94749953763773	2.3897173272449317
3.2791789297658864	1.2207357859531773	4.391424000615954	3.879704629302643e-9	3.9111067451309567	0.9999999700380822	5.545194604282055	0.00004349137329472885	12.039834608374141	396.7464001180346	11.291312236080136	0.9999730695517429	88.04873541985123	241.9416921613055	2.300058678176102
3.2791789297658864	1.2575250836120402	4.32655635872252	5.849247415145926e-9	3.79666396068231	0.9999999450383926	5.454110977304819	0.00005306015564428178	11.93328124468808	388.42469933667695	10.960677391798221	0.9999669583465836	86.36434097274987	241.9346580188227	2.213751766556393
3.2791789297658864	1.294314381270903	4.264589569651278	8.655840263013522e-9	3.688723924039528	0.9999999028520186	5.367015850587493	0.00006421647393112202	11.83040281726153	380.49879404896086	10.648798169018587	0.9999599495437763	84.7554771850769	241.92627853367372	2.1305310782206806
3.2791789297658864	1.3311036789297659	4.205314845286262	1.258958855860738e-8	3.5867473009228803	0.9999998340174141	5.283631362697808	0.00007713938327952317	11.731005193778284	372.9400824563756	10.354117889238388	0.9999519911604157	83.21676927474817	241.91644268280314	2.0501621624674353
3.2791789297658864	1.3678929765886287	4.148543610992502	1.801919011770617e-8	3.4902527907938103	0.9999997251054277	5.203705456269942	0.00009201840651684566	11.63490799263621	365.72266404808556	10.075247653790331	0.999943036536745	81.74336037697458	241.9050486814843	1.9724369342171892
3.2791789297658864	1.4046822742474916	4.094105083094033	2.540731793611022e-8	3.398809526644981	0.9999995575791443	5.127008889030775	0.00010905349880386868	11.54194349229168	358.82302627725375	9.810944378680592	0.9999330446330612	80.33084978229	241.89200537979048	1.8971698471817837
3.2791789297658864	1.4414715719063544	4.041844189207187	3.5327791306186356e-8	3.312030638490718	0.9999993064962552	5.053332655373615	0.0001284550096340323	11.451955626831007	352.21977390214096	9.560092187708634	0.9999219801967083	78.97523989601383	241.87723337603094	1.8241947491464428
3.2791789297658864	1.4782608695652173	3.991619775823544	4.8484561846912076e-8	3.2295677779987537	0.9999989390739001	4.9824857535616625	0.0001504436469121069	11.36479906343258	345.89339435691295	9.32168657967303	0.9999098138129743	77.67289049880283	241.8606658608851	1.7533622770024355
3.2791789297658864	1.5150501672240804	3.94330305765377	6.573252248733367e-8	3.1511064410438037	0.9999984131448119	4.9142932451988806	0.00017525044751566884	11.280338356666968	339.82605367166065	9.094820898912477	0.9998965218547851	76.42047914935274	241.84224921151875	1.6845376829626484
3.2791789297658864	1.5518394648829432	3.8967762713248066	8.810012932978449e-8	3.076361955899627	0.9999976755412715	4.848594562879408	0.0002031167584309941	11.198447174264059	334.0014183938741	8.878674727641231	0.9998820863463459	75.21496677826053	241.82194335799397	1.6175990082574445
3.2791789297658864	1.588628762541806	3.851931502516458	1.1681380895816243e-7	3.0050760292673893	0.9999966604493032	4.785242029412246	0.00023429423224774747	11.119007588923104	328.40449972111776	8.672503889141726	0.9998664947555396	74.05356768852316	241.79972194558712	1.552435539126563
3.2791789297658864	1.625418060200669	3.8086696608700215	1.5332410745513565e-7	2.937013761827362	0.999995287779347	4.724099558093149	0.00026904484050220995	11.041909430860496	323.0215166728311	8.47563180709141	0.9998497397290969	72.93372331216612	241.77557231651028	1.4889464938690735
3.2791789297658864	1.6622073578595318	3.766899581263413	1.9933352240599538e-7	2.8719610606057158	0.9999934616011734	4.665041508451962	0.00030764090808311866	10.967049696015879	317.8397756360556	8.287442011318651	0.9998318187834754	71.85307918101228	241.74949533353373	1.4270399003268788
3.2791789297658864	1.6989966555183946	3.72653723352686	2.5682594570262295e-7	2.80972238801187	0.999991068690042	4.607951675967955	0.0003503651716623101	10.894332005127708	312.8475640374194	8.107371616534436	0.999812733963114	70.80946465795907	241.7215050665535	1.3666316313331157
3.2791789297658864	1.7357859531772575	3.6875050255274364	3.280976331811195e-7	2.7501187975707846	0.9999879772282206	4.552722397593543	0.00039751086488838433	10.82366610921194	308.0340562390513	7.934905629930314	0.9997924914763866	69.80087504743496	241.6916283613409	1.3076445719810716
3.2791789297658864	1.7725752508361203	3.6497311869030766	4.157896071528141e-7	2.6929862146474064	0.9999840357012255	4.499253757697526	0.00044938183288790453	10.754967437313466	303.3892300429688	7.769571967406002	0.9997711013182099	68.8254557631821	241.65990430790362	1.25000789751496
3.2791789297658864	1.8093645484949832	3.61314922267377	5.229213898072052e-7	2.638173927223956	0.999979072021903	4.447452881341944	0.0005062926784566911	10.68815668273496	298.9037924276785	7.610937077704977	0.9997485768869359	67.88148828067231	241.62638362418596	1.1936564445430875
3.2791789297658864	1.8461538461538463	3.577697427575703	6.529259593332935e-7	2.5855432573460218	0.9999728929081442	4.397233303728003	0.0005685689421946215	10.623159424272139	294.5691133409034	7.458602089759444	0.9997249346019013	66.96737764226869	241.59112796921198	1.1385301613704208
3.2791789297658864	1.882943143812709	3.5433184533142468	8.096858164519087e-7	2.534966388437074	0.9999652835320388	4.348514406256308	0.0006365473187405895	10.559905779294153	290.37716654047324	7.312199411761066	0.9997001935268494	66.08164131727659	241.55420919843635	1.0845736257241336
3.2791789297658864	1.919732441471572	3.509958922062289	9.975700468829217e-7	2.4863253274790447	0.9999560074500222	4.301220910999735	0.0007105759111993183	10.498330085797749	286.32047661706423	7.171389721416051	0.999674375003389	65.222899247515	241.51570857286922	1.0317356201400654
3.2791789297658864	1.9565217391304348	3.477569080480338	1.2214722650751824e-6	2.4395109842163767	0.9999448068154615	4.255282426528578	0.0007910145258177655	10.438370610833736	282.39207145220024	7.035859295939196	0.9996475022977215	64.38986493297634	241.47571593253522	0.9799687568928422
3.2791789297658864	1.9933110367892977	3.446102489335815	1.4868493262728131e-6	2.3944223521798076	0.9999314028674241	4.210633038993386	0.0008782350089640684	10.379969282952525	278.5854394664104	6.905317637931505	0.9996196002630489	63.58133743233478	241.43432884401452	0.9292291456688745
3.2791789297658864	2.0301003344481607	3.4155157444761435	1.7997606976347758e-6	2.3509657785377533	0.9999154966823813	4.167210943190407	0.0009726216284851358	10.32307144654296	274.8944910987079	6.779495359640464	0.9995906950193689	62.79619417014364	241.39165173106827	0.8794760982592232
3.2791789297658864	2.0668896321070234	3.385768225484624	2.1669083846064573e-6	2.3090543116429063	0.9998967701694629	4.124958109032058	0.0010745715015683106	10.267625636145684	271.31352403207626	6.658142293441262	0.9995608136517615	62.033384457063164	241.3477949967474	0.8306718654369707
3.2791789297658864	2.1036789297658864	3.3568218688366107	2.595677315991028e-6	2.2686071167104465	0.9998748872847582	4.0838199794399035	0.0011844950713062448	10.213583369009758	267.8371917424666	6.541025800877066	0.9995299839277675	61.29192364180339	241.3028741448172	0.782781401917854
3.2791789297658864	2.140468227424749	3.3286409627898887	3.094176100105782e-6	2.229548951391246	0.9998494954360673	4.043745196186689	0.001302816634261053	10.160898954330772	264.4604750026076	6.4279292564005885	0.999498234034042	60.57088782400195	241.2570089077843	0.7357721559127445
3.2791789297658864	2.177257525083612	3.3011919615992364	3.671278074940608e-6	2.1918096941291587	0.9998202270465139	4.004685350650432	0.0014299749214419875	10.109529317761243	261.17865601811843	6.318650685185293	0.9994655923321284	59.86940906627641	241.2103223883252	0.6896138802893278
3.2791789297658864	2.2140468227424748	3.2744433169501743	4.33666258726727e-6	2.155323919148634	0.9997867012434358	3.9665947568187128	0.0015664237352492828	10.059433839921207	257.98729491315004	6.213001537117415	0.9994320871329246	59.18667105142661	241.1629402203694	0.6442784627861091
3.2791789297658864	2.250836120401338	3.2483653247688853	5.1008564490730715e-6	2.120030512734734	0.9997485256379689	3.9294302442043563	0.0017126326450948432	10.01057420775971	254.88220831704038	6.110805581419125	0.999397746489207	58.52190513741805	241.11498975558365	0.5997397730798888
3.2791789297658864	2.2876254180602005	3.2229299857908527	5.975275534402173e-6	2.08587232616459	0.9997052981605861	3.893150968612708	0.0018690877445853816	9.962914277728197	251.85944983308465	6.011897908353005	0.9993625980054125	57.874386768515095	241.06659928044985	0.5559735248092548
3.2791789297658864	2.3244147157190636	3.198110878465292	6.972266495571071e-6	2.0527958612458597	0.9996566089184842	3.857718238941849	0.0020362924733472623	9.916419949824919	248.91529219614898	5.916124026172142	0.9993266686637656	57.24343220588897	241.01789726857183	0.5129571509118129
3.2791789297658864	2.3612040133779266	3.1738830429407914	8.105148594669456e-6	2.020750984929584	0.9996020420419731	3.823095358406506	0.002214768506780711	9.87105905165773	246.04621094812035	5.823339042953613	0.9992899846657541	56.628395545321	240.96901167228344	0.4706696908489725
3.2791789297658864	2.3979933110367893	3.150222875023314	9.388255664153135e-6	1.989690669904587	0.9995411774888305	3.789247478758011	0.002405056717256551	9.826801231751137	243.24886947952297	5.733406924222187	0.9992525712879057	56.028665993347275	240.9200692570486	0.42909168847585527
3.2791789297658864	2.4347826086956523	3.1271080291243867	0.000010836978229077218	1.9595707584593791	0.9994735927777914	3.7561414662310404	0.002607718210507443	9.78361786139356	240.52010530249785	5.646199818367117	0.9992144527507915	55.443665376432165	240.8711949815498	0.3882050994704125
3.2791789297658864	2.471571906354515	3.1045173293276114	0.00001246780584300032	1.9303497472243694	0.9993988646248642	3.7237457780860495	0.0028233354412192883	9.741481944383478	237.85691743507223	5.561597442804196	0.9991756521001733	54.872845860588264	240.82251142582058	0.34799320736959677
3.2791789297658864	2.508361204013378	3.0824306877977197	0.000014298369709730516	1.9019885906896732	0.9993165704588928	3.692030348737069	0.003052513412093821	9.70036803408889	235.2564547895233	5.479486524658123	0.9991361910992217	54.315687861327156	240.77413826917862	0.30844054737468524
3.2791789297658864	2.5451505016722407	3.0608290298406153	0.00001634748568378734	1.8744505216386478	0.9992262897956156	3.6609664845606007	0.0032958809609300635	9.660252157284544	232.71600546895363	5.399760290456796	0.9990960901307472	53.771698125991826	240.72619181920382	0.2695328371856532
3.2791789297658864	2.5819397993311037	3.039694224996499	0.000018635197763664735	1.847700886849681	0.9991276054523568	3.6305267665743743	0.003554092140557589	9.621111744275334	230.2329868861196	5.322317999953085	0.9990553681084214	53.24040797242025	240.67878459247373	0.23125691420883102
3.2791789297658864	2.6187290969899664	3.0190090236130467	0.00002118282221362542	1.8217069966036579	0.9990201045883255	3.600684960256963	0.0038278276967457655	9.582925564854182	227.80493662731897	5.2470645197352965	0.9990140423959967	52.721371669562174	240.6320249473049	0.19360067855390853
3.2791789297658864	2.6555183946488294	2.9987569984025155	0.00002401299247181596	1.7964379866955198	0.998903379558262	3.571415931851524	0.004117796649506812	9.545673669677058	225.4295039918475	5.173909932764603	0.9989721287335742	52.21416494714324	240.58601676827078	0.15655304129821468
3.2791789297658864	2.6923076923076925	2.9789224905372245	0.000027149705024904594	1.7718646917892302	0.9987770285697996	3.5426955705615035	0.0044247379835012915	9.50933733666918	223.10444214439966	5.102769180397302	0.9989296411700177	51.71838362277807	240.54085920191258	0.1201038775495825
3.2791789297658864	2.729096989966555	2.959490559882225	0.000030618366452240484	1.7479595290785703	0.9986406561373693	3.5145007161029556	0.004749422453537403	9.47389902210268	220.82760082382003	5.033561733817448	0.9988865920006497	51.23364233608347	240.49664644264016	0.08424398388420895
3.2791789297658864	2.765886287625418	2.940446939003681	0.00003444584186567728	1.7246963913244673	0.9984938733277499	3.486809091129297	0.005092654511420687	9.439342316009876	218.59691955703374	4.966211292130574	0.9988429917094237	50.75957338037324	240.45346756755404	0.04896503977484307
3.2791789297658864	2.802675585284281	2.9217779906265866	0.0000386605049947269	1.7020505484346862	0.9983362977944183	3.4595992380898433	0.005455274360649669	9.40565190161574	216.41042133177424	4.90064550465536	0.9987988489148064	50.29582562342619	240.41140641861352	0.014259572657511453
3.2791789297658864	2.839464882943144	2.9034706682468503	0.00004329229019064725	1.6799985568356588	0.9981675535996894	3.4328504601244925	0.005838160145652068	9.372813518489563	214.26620668603826	4.836795715203741	0.9987541703186568	49.84206350963397	240.37054153037042	-0.019879073687514577
3.2791789297658864	2.8762541806020065	2.885512479630868	0.00004837274664743758	1.6585181759604752	0.9979872708252366	3.4065427656341227	0.006242230282399245	9.340813929128961	212.16244817606253	4.774596726364631	0.9987089606574394	49.397966136565195	240.3309461013115	-0.05345676774176139
3.2791789297658864	2.9130434782608696	2.867891452960845	0.000053935095162567155	1.637588291242795	0.9977950849729567	3.380656816199906	0.006668445937303157	9.30964088869858	210.09738518809607	4.713986582005667	0.9986632226551542	48.9632263996326	240.29268800669962	-0.08647861612453225
3.2791789297658864	2.9498327759197323	2.8505961054067765	0.00006001428778564223	1.6171888430649164	0.9975906361592853	3.355173877555736	0.007117813661266315	9.279283117651964	208.06931906240206	4.65490636638489	0.9986169569774203	48.53755019913748	240.25582985072654	-0.118948987007166
3.2791789297658864	2.9866220735785953	2.833615413926511	0.00006664707072912832	1.5973007611603347	0.9973735681069971	3.330075773346583	0.007591388185587731	9.249730276966867	206.07660850080472	4.597300018422348	0.9985701621861991	48.120655704493515	240.22042905573798	-0.15087153132320685
3.2791789297658864	3.0234113712374584	2.816938788113749	0.00007387205094175281	1.5779059040175765	0.9971435269392411	3.3053448414323197	0.008090275386088959	9.22097294572249	204.11766523174592	4.541114159822618	0.9985228346946962	47.712272670908085	240.18653798627818	-0.1822492020253954
3.2791789297658864	3.060200668896321	2.8005560449306937	0.0000817297667722683	1.5589870028737458	0.9969001597810915	3.2809638925217457	0.008615635421269831	9.193002600740073	202.19094990926274	4.486297935865102	0.9984749687220347	47.312141804227046	240.1542041057049	-0.21308427163700552
3.2791789297658864	3.096989966555184	2.7844573851774825	0.0000902627631788152	1.5405276099235814	0.9966431131742433	3.2569161709460226	0.009168686049467027	9.165811597997022	200.29496822462005	4.432802867792208	0.9984265562473553	46.92001417004284	240.12347016321587	-0.24337834834554756
3.2791789297658864	3.1337792642140467	2.7686333715645337	0.00009951567196713562	1.5225120504033713	0.9963720313106912	3.2331853174041942	0.00975070612881043	9.139393155507046	198.42826721150945	4.380582715826227	0.9983775869630541	46.53565064351522	240.09437440917063	-0.27313239089118874
3.2791789297658864	3.17056856187291	2.7530749082670547	0.0001095352975690983	1.5049253782393972	0.9960865540913004	3.2097553335372804	0.010363039302156311	9.113741337335576	196.58943172787195	4.329593351937017	0.998328048226946	46.158821396680196	240.06695083675058	-0.30234672251042477
3.2791789297658864	3.2073578595317724	2.737773221852842	0.00012037070890123639	1.4877533349778094	0.9957863150151558	3.186610548211053	0.011007097867022045	9.08885103838826	194.7770810994773	4.279792641563633	0.9982779250132098	45.78930542031118	240.041229448074	-0.3310210442082875
3.2791789297658864	3.2441471571906355	2.7227198434859634	0.00013207333787076773	1.470982311737659	0.9954709389054938	3.1637355854126064	0.011684366827730644	9.064717969571822	192.98986591252924	4.231140333567205	0.998227199862065	45.426890077671004	240.0172365431119	-0.3591544476489715
3.2791789297658864	3.280936454849498	2.7079065923192824	0.00014469708512341982	1.4545993139510858	0.9951400394778991	3.1411153336916877	0.012396408123335303	9.041338642877665	191.22646494472536	4.183597957757906	0.9981758528282186	45.07137068773387	239.99499502985896	-0.3867454279772909
3.2791789297658864	3.317725752508361	2.6933255599989634	0.0001582984336524978	1.4385919286749775	0.9947932167563448	3.1187349171058787	0.013144865020259503	9.018710355879527	189.48558222650195	4.137128729398909	0.9981238614282425	44.722550135685985	239.97452475444663	-0.41379189691020773
3.2791789297658864	3.3545150501672243	2.67896909621362	0.00017293657091101383	1.4229482942768141	0.9944300543426171	3.096579667659423	0.013931466652733556	8.996831175065363	187.76594422666435	4.091697460143952	0.9980712005871615	44.380238508720616	239.95584285006274	-0.4402911964712143
3.2791789297658864	3.391304347826087	2.6648297952300615	0.0001886735200870803	1.407657072314036	0.9940501165447263	3.074635099259355	0.014758032686782406	8.975699917338256	186.06629715930416	4.047270474913752	0.9980178425846912	44.04425275533673	239.9389641037631	-0.46624011377964325
3.2791789297658864	3.42809364548495	2.6509004833666356	0.00020557428121538646	1.3927074214413975	0.9936529453701614	3.0528868832508196	0.01562647807440923	8.955316128920671	184.38540441193078	4.003815534260469	0.9979637570017358	43.71441636652867	239.92390134046636	-0.4916348973535493
3.2791789297658864	3.4648829431438126	2.637174207364095	0.00022370698280232068	1.3780889731944033	0.9932380573903331	3.031320825636623	0.01653881785338334	8.935680060778395	182.72204409816118	3.9613017618091435	0.9979089106679605	43.3905590774219	239.91066582364405	-0.5164712754386582
3.2791789297658864	3.5016722408026757	2.6236442236227338	0.00024314304463646287	1.3637918095091768	0.9928049404833741	3.009922846135149	0.01749717193425753	8.916792639542988	181.07500674221188	3.9196995764007183	0.9978532676114966	43.07251658806408	239.8992676724121	-0.5407444769378165
3.2791789297658864	3.5384615384615383	2.6103039882835057	0.00026395735243629125	1.3498064418501472	0.9923530504637041	2.988678959287055	0.018503769799454978	8.898655432753532	179.4430931069336	3.8789806285937662	0.9977967890121132	42.7601303022281	239.8897162949422	-0.564449255585468
3.2791789297658864	3.5752508361204014	2.5971471481397734	0.0002862284449489345	1.3361237918267073	0.99188180760854	2.9675752578855126	0.01956095501893735	8.881270607057205	177.82511218232705	3.8391177412110777	0.9977394331595141	42.45324708322041	239.88202083828827	-0.5875799180903888
3.2791789297658864	3.612040133779264	2.5841675323754503	0.0003100387140526796	1.3227351731885528	0.9913905930939331	2.9465978990782196	0.02067118946254328	8.864640877803655	176.21987935748433	3.8000848536433254	0.9976811554187967	42.15171902581683	239.8761906548584	-0.6101303570570457
3.2791789297658864	3.648829431438127	2.571359145134576	0.00033547461832532204	1.3096322750968736	0.9908787453561183	2.925733093573385	0.02183705705991435	8.848769448239324	174.6262148058695	3.7618569696455313	0.9976219082055384	41.85540324357095	239.87223578590326	-0.6320940895908029
3.2791789297658864	3.68561872909699	2.5587161589367433	0.0003626269104135543	1.2968071465748077	0.9903455563980571	2.9049670984768854	0.023061266924408755	8.833659936256195	173.0429421218741	3.7244101083828367	0.9975616409734744	41.56416167085514	239.8701674624507	-0.6534643025934609
3.2791789297658864	3.722408026755853	2.5462329089620717	0.0003915908783668732	1.284252182045588	0.9897902680662548	2.8842862143944594	0.024346655616885135	8.81931628637689	171.46888725577094	3.6877212585000603	0.9975003002182845	41.27786087909943	239.8699986240879	-0.6742339058615905
3.2791789297658864	3.759197324414716	2.533903888238851	0.00042246660087307507	1.271960107870767	0.989212068329358	2.8636767875517934	0.02569618827820263	8.80574266437153	169.90287780467273	3.6517683350059076	0.9974378295016396	40.996371906796824	239.8717444559666	-0.6943955942064974
3.2791789297658864	3.7959866220735785	2.52172374377565	0.0004553592160415595	1.2599239698034264	0.9886100875978633	2.843125217814982	0.027112958305345405	8.792943331608196	168.34374272883312	3.616530138775624	0.9973741695003419	40.71957010292946	239.87542294414303	-0.713941919917046
3.2791789297658864	3.8327759197324416	2.5096872736878844	0.0004903792030129208	1.2481371212727008	0.9879833951336301	2.8226179736334847	0.028600185185143966	8.780922495954632	166.79031257566666	3.581986318487519	0.9973092580861453	40.447334983551876	239.8810554491008	-0.7328653769771268
3.2791789297658864	3.869565217391304	2.4977894253754824	0.0005276426752180363	1.2365932124159178	0.987330995608904	2.8021416150729577	0.030161210032004997	8.769684135792147	165.24142030797853	3.5481173348172157	0.9972430304426294	40.1795501013297	239.88866729675954	-0.751158498518335
3.2791789297658864	3.9063545150501673	2.4860252948129915	0.0005672716835553056	1.2252861797733947	0.9866518258872427	2.7816828262512554	0.03179948830293049	8.759231793504398	163.695902847824	3.514904426720131	0.9971754192263046	39.9161029278798	239.89828838561237	-0.7688139690217703
3.2791789297658864	3.94314381270903	2.4743901270149578	0.0006093945270923911	1.2142102365583205	0.9859447521130538	2.761228458628444	0.03351857908642346	8.74956833470121	162.152603462579	3.482329579636469	0.9971063547799093	39.656884748778545	239.90995380766978	-0.7858247527631264
3.2791789297658864	3.979933110367893	2.4628793177365917	0.0006541460681232965	1.203359863410312	0.9852085672121881	2.7407655867186826	0.03532213028502996	8.74069566948347	160.61037513436287	3.4503754954546166	0.9970357654065612	39.40179057109774	239.92370447968136	-0.8021842399000684
3.2791789297658864	4.016722408026756	2.451488416460992	0.0007016680475241287	1.1927297995363801	0.9844419889227274	2.720281577871271	0.03721385893935793	8.732614432314202	159.0680850666585	3.4190255640679954	0.9969635777139655	39.150719043282166	239.93958777957707	-0.8178864114027493
3.2791789297658864	4.053511705685619	2.4402131307074493	0.0007521093953637188	1.1823150341373418	0.983643658492083	2.699764177786919	0.039197525881869553	8.725323617613775	157.5246204910507	3.388263836357043	0.9968897170381572	38.903572387086896	239.95765818115544	-0.8329260236949496
3.2791789297658864	4.090301003344481	2.429049331668754	0.0008056265306629066	1.172110798011775	0.9828121401926575	2.6792016133651457	0.041276903871576454	8.718820169139239	155.97889594016613	3.3580749984229055	0.9968141079561386	38.66025634114251	239.97797787781144	-0.8472988133679088
3.2791789297658864	4.127090301003345	2.4179930611463547	0.0008623836431051432	1.1621125552240046	0.9819459218220743	2.658582714283692	0.04345573835919516	8.713098522645241	154.42986214712835	3.328444346892521	0.996736674896078	38.42068011549607	240.00061738347654	-0.8610017216122426
3.2791789297658864	4.1638795986622075	2.407040539698508	0.000922552948450688	1.1523159947182582	0.9810434163632654	2.637897054350003	0.04573770008274144	8.708150103368759	152.87651671351992	3.2993577651069628	0.9966573428522987	38.18475635617694	240.0256560959995	-0.8740331370477362
3.2791789297658864	4.20066889632107	2.3961881758462806	0.0009863149084969036	1.1427170217593543	0.9801029649818802	2.617135113093654	0.04812632881532322	8.703962782636067	151.31791665280676	3.270801699997492	0.9965760382098771	37.95240111845603	240.05318280506347	-0.8863931543842362
3.2791789297658864	4.237458193979933	2.3854325760942157	0.001053858405791674	1.1333117490824332	0.979122841530367	2.5962884572419025	0.050624967801575486	8.700520301436821	149.75319285988675	3.2427631394477654	0.9964926896800828	37.723533846997455	240.08329612351355	-0.8980838448034631
3.2791789297658864	4.274247491638796	2.3747705554171437	0.0011253808631119112	1.1240964876422468	0.9781012587060981	2.5753499406011753	0.05323668874837689	8.69780167317248	148.18156647559275	3.2152295899386476	0.9964072293429511	37.498077360557474	240.11610481799724	-0.9091095321189452
3.2791789297658864	4.311036789297659	2.364199147744384	0.0012010882981595185	1.115067736868129	0.9770363759714443	2.5543139194333357	0.05596420769799813	8.695780582903895	146.60236700414052	3.1881890542756097	0.9963195937868602	37.27595783827821	240.15172801232993	-0.9194770666973359
3.2791789297658864	4.3478260869565215	2.353715615843479	0.0012811953052091066	1.1062221743559582	0.9759263092834807	2.5331764786750077	0.058809792718902174	8.694424806109332	145.01505190023838	3.161630009211763	0.9962297253271154	37.057104803999344	240.1902952356149	-0.9291960869079356
3.2791789297658864	4.384615384615385	2.3433174598767312	0.0013659249577636938	1.0975566449645178	0.974769142597933	2.5119356623514237	0.06177516509898255	8.693695675865472	143.419227172616	3.135541382803426	0.9961375732764153	36.84145110441237	240.2319462871662	-0.9382792556730868
3.2791789297658864	4.421404682274248	2.333002423789621	0.0014555086297811629	1.0890681493315122	0.9735629410059684	2.4905916993933466	0.06486139659578817	8.693547632932969	141.81466835867323	3.1099125313743037	0.996043095230152	36.628932876400754	240.27683089257116	-0.9467424577559608
3.2791789297658864	4.45819397993311	2.322768498607993	0.001550185737780266	1.0807538318832122	0.9723057652364518	2.469147213954092	0.06806880623936606	8.693927897712529	140.20134102328436	3.0847332160182983	0.9959462583195489	36.419489498619086	240.32510812997427	-0.9546049420498488
3.2791789297658864	4.494983277591973	2.312613921692607	0.001650203412018461	1.0726109684792555	0.970995687117244	2.4476074074956027	0.07139686111556294	8.694776305518829	138.57941974298268	3.059993578642657	0.9958470403767299	36.21306352239454	240.3769456136714	-0.961889392675294
3.2791789297658864	4.531772575250836	2.30253717104588	0.0017558161116645523	1.0646369539055425	0.9696308054483738	2.425980198677351	0.07484408636975615	8.696025346097235	136.94930438056767	3.0356841176377403	0.9957454309493058	36.00960057745897	240.4325184330774	-0.9686219135101143
3.2791789297658864	4.568561872909699	2.292536953905658	0.0018672852059445258	1.0568292894970346	0.9682092616131306	2.404276306780291	0.07840799022748811	8.697600443854848	135.31163236507456	3.01179566335478	0.9956414320994276	35.809049248941044	240.49200785915005	-0.9748319131744774
3.2791789297658864	4.605351170568562	2.2826121891045505	0.001984878549888417	1.0491855712297846	0.9667292541589186	2.382509265345172	0.08208500998556294	8.699420506243921	133.66728569897535	2.9883193536691515	0.995535058924887	35.611360923481634	240.55559984637677	-0.980551881637836
3.2791789297658864	4.642140468227424	2.2727619830186243	0.002108870088666824	1.0417034786584045	0.9651890515372988	2.3606953551225667	0.08587048455721706	8.701398753983959	132.0173915442926	2.965246609994288	0.9954263397487546	35.41648960425285	240.62348337525233	-0.9858170554574062
3.2791789297658864	4.678929765886288	2.262985599356648	0.0022395395276693817	1.0343807650825712	0.9635870022182486	2.3388534493735276	0.08975865817718476	8.703443828914946	130.36331550582076	2.9425691141776786	0.9953153159395272	35.22439169693168	240.6958486958538	-0.9906649758710786
3.2791789297658864	4.7157190635451505	2.2532824235139124	0.0023771721056717477	1.0272152492980418	0.9619215414966265	2.3170047698478355	0.09374271828268581	8.705461154630589	128.70664712834522	2.920278786744417	0.9952020413451647	35.03502577110264	240.7728855456888	-0.9951349519251288
3.2791789297658864	4.752508361204013	2.2436519226802805	0.0025220585052213116	1.0202048092221028	0.9601911944880317	2.2951725579680495	0.09781486847813599	8.707354503794662	127.04917762870753	2.8983677669458165	0.9950865813499881	34.8483523038571	240.8547814223402	-0.999267448644919
3.2791789297658864	4.789297658862877	2.234093603290719	0.002674494927767732	1.0133473775842503	0.958394575053416	2.273381672204709	0.10196643505845449	8.709027706835986	125.39287044403198	2.8768283950168505	0.9949690115905089	34.664333414221865	240.9417199920458	-1.0031034269517356
3.2791789297658864	4.826086956521739	2.2246069676802187	0.002834783351645375	1.006640939749774	0.9565303806719798	2.2516581285480997	0.10618800308194476	8.71038642224536	123.7398257293702	2.8556531969492664	0.9948494163916077	34.48293259821373	241.03387970860894	-1.0066836666331371
3.2791789297658864	4.862876254180602	2.215191471910438	0.0030032319798382443	1.0000835336107992	0.9545973835671628	2.2300286055765617	0.11046957575872998	8.71133988118369	122.0922404109245	2.8348348719561844	0.9947278870047923	34.30411447458699	241.13143270324022	-1.0100481054725183
3.2791789297658864	4.8996655518394645	2.2058464866530825	0.003180155872905326	0.9936732513525351	0.952594418645615	2.2085199382596437	0.11480074924399099	8.711802519825163	120.45236573203834	2.8143662826540217	0.994604519742901	34.12784455065996	241.23454398661332	-1.0132352263187119
3.2791789297658864	4.936454849498328	2.196571262754644	0.003365877751961892	0.9874082427974311	0.9505203690030892	2.18715862497411	0.11917089400835468	8.711695421819131	118.82246437575792	2.7942404478371072	0.9944794141090666	33.95408901606107	241.34337098197653	-1.0162815195908894
3.2791789297658864	4.973244147157191	2.1873649027051325	0.003560728948443383	0.9812867199582511	0.9483741498634559	2.1659703702648705	0.12356933389385655	8.710947509203118	117.20476919598278	2.7744505375866253	0.9943526710119645	33.78281457003561	241.45806338524113	-1.019221042080166
3.2791789297658864	5.010033444816053	2.1782263387463283	0.0037650504723354943	0.9753069623988092	0.9461546918403685	2.1449796820080174	0.12798551471365316	8.709496440776235	115.60144535554198	2.7549898703532856	0.9942243911456491	33.61398828540552	241.57876332732815	-1.022085084860351
3.2791789297658864	5.046822742474917	2.1691543178470694	0.003979194168920434	0.9694673230079516	0.9438609243519469	2.124209536441378	0.13240915566136985	8.70728919955348	114.01455729588668	2.735851911590921	0.9940946735930145	33.44757750970161	241.70560579775793	-1.0249019547173008
3.2791789297658864	5.083612040133779	2.1601473933041064	0.004203523935619189	0.9637662338324018	0.9414917598947937	2.1036811187538413	0.13683037862853908	8.704282372691232	112.44604150705302	2.7170302734976617	0.9939636146899679	33.28354980168049	241.83871927773237	-1.027696865742042
3.2791789297658864	5.120401337792642	2.151203922343242	0.00443841697456484	0.9582022116778925	0.9390460797184214	2.083413641281606	0.14123981252637408	8.700442145917055	110.89768558923271	2.698518715438719	0.9938313071656004	33.12187289961043	241.97822652609918	-1.0304919313637335
3.2791789297658864	5.157190635451505	2.1423220688236335	0.004684265062255439	0.9527738632645473	0.9365227212599567	2.063424236426378	0.14562867163179422	8.695744048520412	109.37111365281599	2.6803111446717884	0.9936978395542857	32.962514716473876	242.12424546208464	-1.0333062425684505
3.2791789297658864	5.193979933110368	2.1334998099950786	0.004941475824116174	0.9474798898013562	0.93392046752373	2.0437279175629106	0.14998880864336597	8.690172493752982	107.8677777317109	2.662401617061902	0.993563295860252	32.80544335659908	242.276890093363	-1.0361560154729184
3.2791789297658864	5.230769230769231	2.1247349462145175	0.005210474008261676	0.9423190909175941	0.9312380384373476	2.024337598601787	0.1543127444279608	8.683720163222384	106.38895460736539	2.644784337547304	0.9934277554444424	32.65062714813876	242.4362714456107	-1.03905479064425
3.2791789297658864	5.2675585284280935	2.116025112573194	0.005491702758615619	0.9372903679505459	0.9284740840946113	2.0052641614902407	0.15859367732193855	8.676387283286871	104.93574726389289	2.6274536601921907	0.993291293097355	32.49803468614159	242.60249845871274	-1.0420136672425822
3.2791789297658864	5.304347826086956	2.1073677914942315	0.00578562489246783	0.9323927266363231	0.9256271797093999	1.9865165606065962	0.16282547533843736	8.668180837632312	103.5090901106129	2.610404087729683	0.993153979259455	32.34763488158126	242.77567882410628	-1.0450415567918017
3.2791789297658864	5.34113712374582	2.098760325505981	0.006092724191397646	0.9276252792834593	0.9226958220517713	1.96810195349691	0.16700265478093512	8.659113754279206	102.10975710149248	2.593630270554884	0.9930158803518212	32.199397012486564	242.95591974643887	-1.0481454437340814
3.2791789297658864	5.377926421404682	2.090199929557027	0.006413506717292046	0.9229872465287944	0.9196784271132421	1.9500258484576594	0.17112034864956935	8.649204098276417	100.73837193177808	2.5771270051721284	0.9928770591829464	32.05329077414774	243.14332862029352	-1.0513306425274294
3.2791789297658864	5.414715719063545	2.08168370239654	0.006748502167090366	0.9184779587841065	0.9165733287461924	1.9322922608464483	0.17517426793171237	8.638474294141474	99.39541958079589	2.560889232131944	0.9927375754021937	31.90928632617347	243.3380136188043	-1.0546010436189912
3.2791789297658864	5.451505016722408	2.073208636687318	0.007098265281077625	0.9140968574827857	0.9133787780360191	1.9149038715062214	0.17916065846596524	8.626950395319426	98.08125857904301	2.54491203351377	0.9925974859755309	31.76735433489035	243.5400841956289	-1.057959342977316
3.2791789297658864	5.488294314381271	2.0647716276413832	0.007463377320251815	0.9098434962310976	0.9100929431881258	1.897862182168739	0.18307625562026245	8.614661411939473	96.79613349328238	2.529190630021506	0.9924568456643088	31.62746601018004	243.74965150496212	-1.0614072518836482
3.2791789297658864	5.525083612040134	2.0563694800669237	0.007844447628695964	0.9057175419605787	0.9067139097401637	1.8811676640627095	0.1869182385754067	8.601638703140837	95.54018723538299	2.5137203777630117	0.9923157074925988	31.48959313633382	243.9668287463574	-1.0649456853215242
3.2791789297658864	5.561872909698996	2.0479989137908268	0.00824211529717304	0.9017187761685524	0.903239680939549	1.8648198971348982	0.19068418558588984	8.58791543626269	94.31347290260602	2.4984967647833307	0.9921741231927881	31.35370809686977	244.1917314422105	-1.0685749285695891
3.2791789297658864	5.59866220735786	2.0396565674752156	0.008657050944465448	0.8978470963241142	0.8996681781545136	1.8488176982761222	0.1943720312182974	8.57352611219128	93.11596494540154	2.4835154074168035	0.9920321436226113	31.219783893521058	244.42447765615194	-1.0722947825263511
3.2791789297658864	5.635451505016722	2.0313390008822916	0.009089958633411435	0.8941025175079947	0.8959972412124078	1.8331592377292176	0.19798002625205743	8.558506154019486	91.9475695323048	2.4687720465165843	0.9918898191496086	31.08779415977921	244.66518816048554	-1.0761046889286605
3.2791789297658864	5.672240802675585	2.0230426956627086	0.009541577939225863	0.8904851743471248	0.8922246285806706	1.8178421434578425	0.20150670066901102	8.542891554758606	90.80813404043572	2.4542625436123586	0.9917472000011581	30.95771316948076	244.91398656032288	-1.0800038370204694
3.2791789297658864	5.709030100334449	2.014764054751969	0.010012686188598168	0.8869953232987567	0.8883480173237167	1.8028635936968807	0.20495082995392422	8.526718579007053	89.69745564565653	2.4399828770393266	0.9916043365798383	30.829515840977912	245.170999381418	-1.0839912534392362
3.2791789297658864	5.745819397993311	2.00649940045987	0.010504100889269887	0.8836333453347953	0.8843650027828891	1.7882203982136393	0.20831140477159515	8.5100235130897	88.61528902034941	2.4259291380740287	0.9914612797450141	30.70317773744666	245.436356127946	-1.088065877160869
3.2791789297658864	5.782608695652174	1.998244971332053	0.011016682371367036	0.8803997490745613	0.8802730979369399	1.7739090690094477	0.21158760397087872	8.492842458117726	87.56135317088825	2.4120975271057072	0.9913180810622931	30.578675063870772	245.7101893156792	-1.0922266213200258
3.2791789297658864	5.8193979933110365	1.9899969178524586	0.011551336663712873	0.8772951744134778	0.8760697324076516	1.7599258813084961	0.21477877078419502	8.475211160584093	86.5353374631288	2.39848434986584	0.9911747930229664	30.455984661208586	245.9926344852553	-1.0964724236346144
3.2791789297658864	5.8561872909699	1.9817512970421973	0.01210901863072952	0.8743203966961242	0.871752251079485	1.7462669257345285	0.21788439203649532	8.457164875424693	85.53690689424467	2.385086013733287	0.9910314692357847	30.335083998207296	246.28383019953557	-1.100802287034532
3.2791789297658864	5.892976588628763	1.973504065995144	0.01269073539839379	0.8714763314846011	0.8673179123040539	1.7329281525842446	0.2209040801440358	8.43873825688107	84.56570667452078	2.371899024128106	0.9908881645935043	30.215951161282646	246.58391802842118	-1.105215311945482
3.2791789297658864	5.929765886287625	1.9652510743741893	0.013297550101093214	0.8687640399771701	0.862763885660041	1.7199054090825863	0.22383755766557392	8.419965272950495	83.62136618449277	2.358919981003352	0.990744935416596	30.098564842832523	246.89304252391884	-1.109710721521772
3.2791789297658864	5.966555183946488	1.9569880558750201	0.013930585985207132	0.8661847351377161	0.8580872492371711	1.7071944704603503	0.2266846441626621	8.40087913967301	82.70350237209064	2.3461455754414926	0.9906018395764069	29.982904328308663	247.21135118782806	-1.1142878809661207
3.2791789297658864	6.003344481605351	1.9487106186465	0.014591030909899565	0.8637397886036133	0.8532849864092629	1.6947910656369618	0.22944524512807332	8.381512271958808	81.81172265199329	2.333572586359369	0.9904589365999018	29.868949482323117	247.53899443394266	-1.118946311926969
3.2791789297658864	6.040133779264214	1.9404142346386908	0.01528014229104941	0.8614307384483251	0.8483539820563373	1.682690898227128	0.23211934274948495	8.361896248090346	80.94562736585824	2.3211978773242326	0.9903162877579363	29.756680734030514	247.87612554642072	-1.123685702826654
3.2791789297658864	6.076923076923077	1.9320942278305833	0.015999252540602853	0.8592592978854628	0.8432910181892573	1.6708896635233388	0.23470698828736786	8.342061785431893	80.10481185787548	2.3090183934815682	0.9901739561388171	29.646079061987084	248.22290063561618	-1.1285059158502122
3.2791789297658864	6.11371237458194	1.923745761270065	0.016749775061052484	0.857227365013453	0.8380927689225366	1.6593830620403098	0.23720829586007788	8.322038725241963	79.2888682155805	2.2970311585947645	0.9900320067087186	29.537125978659933	248.5794785925339	-1.1334069912142388
3.2791789297658864	6.150501672240803	1.9153638228376226	0.01753321086344028	0.8553370337145019	0.8327557947315433	1.6481668101439688	0.23962343744433348	8.301856024808163	78.4973867212526	2.2852332721955784	0.9898905063603458	29.429803514729375	248.9460210428181	-1.1383891492385414
3.2791789297658864	6.187290969899665	1.90694320962289	0.018351155887456387	0.8535906058386893	0.8272765359193783	1.6372366482283047	0.24195263891474011	8.28154175541158	77.72995705472904	2.2736219068440837	0.9897495239510589	29.32409420330659	249.3226923011162	-1.143452790659557
3.2791789297658864	6.224080267558528	1.8984785107783195	0.019205309114187524	0.851990604824118	0.8216513052058109	1.6265883468479763	0.24419617696156837	8.261123104879319	76.98616928411212	2.2621943054962435	0.9896091303315309	29.21998106416698	249.709659326511	-1.148598495551931
3.2791789297658864	6.260869565217392	1.8899640886867792	0.020097481576178966	0.8505397909276726	0.8158762793356801	1.616217711164689	0.2463543767407393	8.240626383702741	76.26561467681648	2.2509477789771033	0.9894693983658667	29.117447588083895	250.10709167965578	-1.1538270211636426
3.2791789297658864	6.297658862876254	1.8813940582486508	0.021029606386181607	0.8492411782687941	0.809947489586602	1.6061205840194368	0.24842761012436118	8.22007703388742	75.5678863595986	2.2398797035574294	0.9893304029439977	29.016477721332844	250.51516148218286	-1.159139298917732
3.2791789297658864	6.334448160535117	1.8727622640582617	0.02200374992579041	0.8480980539216322	0.8038608110351761	1.596292847901985	0.2504162944334938	8.199499639862477	74.89257985276812	2.228987518631592	0.9891922209870586	28.917055850425093	250.934043378914	-1.164536430790183
3.2791789297658864	6.37123745819398	1.8640622551979056	0.023022124358834287	0.8471139993300344	0.7976119504165072	1.5867304260520876	0.25232089154750564	8.178917940914074	74.23929350060135	2.218268724494395	0.9890549314463696	28.819166787118686	251.3639145033563	-1.1700196852371298
3.2791789297658864	6.408026755852843	1.855287257329047	0.02408710166268645	0.8462929143664818	0.7911964323829235	1.5774292828943068	0.25414190729613595	8.158354844723867	73.60762881712165	2.2077208802146577	0.9889186152965702	28.722795753748297	251.80495444695933	-1.175590492814429
3.2791789297658864	6.444816053511706	1.8464301417025843	0.025201229404718372	0.8456390444119427	0.7846095839331806	1.5683854239791295	0.25587989105136705	8.137832441690152	72.99719076382056	2.197341601603285	0.9887833555233897	28.627928368906964	252.25734523257043	-1.1812504416079277
3.2791789297658864	6.481605351170568	1.8374833906412114	0.02636724853225332	0.8451570109008905	0.7778465167418529	1.5595948955770602	0.25753543544650276	8.117372019790057	72.40758797355825	2.1871285592736402	0.988649237106491	28.53455063350814	252.72127129251524	-1.1870012725724284
3.2791789297658864	6.518394648829432	1.8284390589641175	0.027588113494314778	0.8448518458570787	0.7709021070684169	1.551053784049589	0.2591091761592742	8.09699407980739	71.83843293281255	2.1770794767920134	0.9885163469977815	28.442648917251034	253.19691945170644	-1.1928448748612646
3.2791789297658864	6.555183946488294	1.819288730723934	0.02886701507441283	0.8447290310447099	0.7637709728642925	1.5427582151002923	0.2606017917047792	8.076718350804503	71.28934213255836	2.1671921289159912	0.9883847740955547	28.352209945508225	253.68447891616498	-1.1987832812149624
3.2791789297658864	6.591973244147157	1.8100234705034917	0.03020740638839084	0.8447945424807164	0.7564474476212846	1.5347043529913589	0.26201400319224694	8.056563805759655	70.75993619640673	2.1574643399184823	0.9882546092147967	28.263220786650393	254.18414126730508	-1.2048186634672167
3.2791789297658864	6.62876254180602	1.8006337683697462	0.03161303259364073	0.8450549012029592	0.7489255504125498	1.526888399794815	0.26334657400731243	8.036548677325092	70.24983999314723	2.1478939819951965	0.9881259450539787	28.175668839820784	254.69610046232745	-1.2109533282181009
3.2791789297658864	6.665551839464883	1.7911094773964231	0.03308796497058566	0.8455172313737331	0.741198951462684	1.5193065947334543	0.2646003093886323	8.01669047368702	69.75868273951762	2.1384789737531844	0.9879988761586318	28.089541823167288	255.22055284100065	-1.2171897127179883
3.2791789297658864	6.702341137123746	1.7814397424356998	0.03463664018053625	0.8461893270280486	0.7332609324405658	1.5119552136540044	0.26577605587427455	7.997005994527759	69.28609809786317	2.1292172787780568	0.9878734988819968	28.004827762538305	255.75769713909438	-1.2235303810007085
3.2791789297658864	6.739130434782608	1.7716129185292735	0.03626390568420238	0.8470797290650229	0.7251043404885863	1.5048305686640795	0.2668747005993904	7.977511347103884	68.83172427232724	2.120106904277411	0.9877499113430256	27.921514980645725	256.30773450868946	-1.229978020300703
3.2791789297658864	6.775919732441472	1.7616164769826521	0.03797507253354571	0.8481978144458792	0.7167215347738787	1.4979290079547272	0.2678971704322953	7.958221962462809	68.39520410631151	2.1111458997977617	0.9876282133820051	27.83959208669454	256.8708685455098	-1.236535437786135
3.2791789297658864	6.812709030100335	1.751436896659853	0.03977597704138875	0.8495539000275422	0.7081043240557594	1.491246915821966	0.26884443094121296	7.9391526118250555	67.97618518316453	2.102332356012268	0.987508506514065	27.759047966476963	257.44730532340225	-1.243205557637665
3.2791789297658864	6.849498327759197	1.7410595374561697	0.041673053208967414	0.8511593640588947	0.6992438933883343	1.4847807128934716	0.269717485188505	7.920317423161012	67.57431993138916	2.0936644035763017	0.9873908938808236	27.67987177292543	258.0372534360042	-1.249991418501337
3.2791789297658864	6.88628762541806	1.7304684921296691	0.04367341827993918	0.8530267891424104	0.690130717589244	1.4785268565602172	0.27051737235342566	7.901729897989968	67.18926573507416	2.085140212047793	0.9872754802004149	27.60205291711619	258.6409240455877	-1.2568961713426143
3.2791789297658864	6.923076923076923	1.7196464116552974	0.045784974430013316	0.8551701314791028	0.6807544584654943	1.472481841607697	0.2712451661880292	7.883402928426284	66.82068504978247	2.07675798886914	0.9871623717161336	27.525581059712728	259.2585309389965	-1.2639230777281305
3.2791789297658864	6.959866220735786	1.7085742979208394	0.0480165304506086	0.8576049225576937	0.6711038419384994	1.4666422010368454	0.2719019733141103	7.865348814493039	66.46824552371642	2.068515978407206	0.9870516761439183	27.450446102834302	259.89029059050745	-1.2710755085610836
3.2791789297658864	6.996655518394649	1.6972312557862808	0.05037794842312847	0.8603485112449841	0.6611665100728046	1.4610045070612236	0.2724889313717632	7.847579281718058	66.13162012365787	2.0604124610479437	0.986943502618884	27.376638182333686	260.5364222314078	-1.2783569432957533
3.2791789297658864	7.033444816053512	1.6855941940948889	0.052880321924423795	0.8634203566655897	0.6509288414695711	1.4555653722642006	0.2730072070324055	7.83010549902117	65.810487264926	2.052445752341783	0.9868379616410969	27.304147660462966	261.19714792593356	-1.2857709696568382
3.2791789297658864	7.070234113712375	1.6736374618880623	0.05553619442586127	0.8668423855936458	0.6403757313644173	1.4503214508977087	0.2734579938909579	7.812938096895062	65.50453094439955	2.0446142021959908	0.9867351650207681	27.232965118905764	261.872692653211	-1.2933212838887915
3.2791789297658864	7.107023411371237	1.6613324014352133	0.058359829506272866	0.8706394327175494	0.6294903198119606	1.445269440302517	0.2738425102533118	7.796087185875677	65.21344087550519	2.0369161941098946	0.986635225823021	27.163081352149245	262.5632843946939	-1.3010116915607548
3.2791789297658864	7.1438127090301	1.6486467931332387	0.06136754868700973	0.8748397886932816	0.6182536521518518	1.440406082429185	0.27416199683615583	7.779562375292049	64.93691262399932	2.0293501444488387	0.9865382583123713	27.094487361168163	263.2691542265475	-1.3088461089527528
3.2791789297658864	7.1806020066889635	1.6355441579055976	0.06457815872944739	0.8794758903238394	0.6066442499193434	1.4357281654381635	0.27441771439695284	7.763372792279392	64.67464774330861	2.021914501752494	0.9864443778970252	27.027174347388602	263.9905364163071	-1.3168285650490006
3.2791789297658864	7.217391304347826	1.6219828689247435	0.06801349908986498	0.8845852010057614	0.594637561509381	1.4312325253576683	0.27461094131207187	7.74752710103433	64.42635390820335	2.014607746073113	0.9863537010730858	26.961133706897648	264.7276685230764	-1.3249632041649375
3.2791789297658864	7.254180602006689	1.6079150038251335	0.07169915350082595	0.8902113502374573	0.5822052486291526	1.4269160477781806	0.27474297112111135	7.732033522286351	64.19174504559199	2.0074283883391604	0.9862663453687239	26.896357024861924	265.4807915004245	-1.3332542892348247
3.2791789297658864	7.290969899665551	1.5932848369302257	0.07566539002239957	0.8964056326244827	0.5693142442002892	1.4227756695631537	0.27481511005511156	7.716899852955824	63.970541461283446	2.000374969739679	0.9861824292883435	26.832836070115405	266.25014980106124	-1.341706205787817
3.2791789297658864	7.327759197324415	1.5780268212369126	0.07994842601889947	0.9032290165933934	0.5559254852597615	1.4188083805564806	0.27482867456578763	7.702133485965916	63.76246996163989	1.9934460611245464	0.9861020722567417	26.770562789873374	267.03599148223714	-1.3503234666415427
3.2791789297658864	7.364548494983278	1.562062829192922	0.08459216667749164	0.9107548937299601	0.5419921722480618	1.4150112252683995	0.2747849888721716	7.687741430173443	63.56726396913102	1.9866402624158475	0.9860253945632337	26.709529304528548	267.8385683107733	-1.3591107173432573
3.2791789297658864	7.40133779264214	1.5452982858528663	0.08965065338523091	0.9190729351031601	0.5274573183731947	1.4113813045228865	0.27468538254008157	7.673730330382258	63.38466363090896	1.9799562020253463	0.9859525173056785	26.649727902481146	268.65813586647255	-1.3680727423905314
3.2791789297658864	7.438127090301004	1.5276165914011122	0.09519161174803122	0.9282946575291428	0.5122501992723622	1.4079157770510153	0.2745311881087567	7.660106487402194	63.21441591963482	1.9733925362729838	0.9858835623343142	26.591151034952436	269.4949536425693	-1.3772144722654274
3.2791789297658864	7.474916387959866	1.5088707969048891	0.10130177047705262	0.9385617358492205	0.49628103175119637	1.404611861016295	0.2743237387778059	7.646875878116489	63.056274725905254	1.9669479488012618	0.9858186521952733	26.533791310729413	270.349285141774	-1.3865409913184081
3.2791789297658864	7.511705685618729	1.4888706587086045	0.10809516814558942	0.950058935742892	0.4794326646028693	1.4014668354596256	0.2740643661663135	7.6340441755216	62.91000094175393	1.9606211499802237	0.9857579100736233	26.477641490784602	271.2213979663294	-1.3960575465411837
3.2791789297658864	7.548494983277592	1.467361459893337	0.11572679744809328	0.9630352785774078	0.4615469318811996	1.3984780416529956	0.2737543981546524	7.621616768704476	62.77536253481408	1.9544108762975883	0.985701459735737	26.422694482712583	272.11156390036535	-1.405769557271181
3.2791789297658864	7.585284280936455	1.4439870721052808	0.1244164939108846	0.9778409649092811	0.44240076168360065	1.3956428843526218	0.2733951568182086	7.609598782724294	62.652134612847036	1.9483158897284907	0.9856494254707739	26.36894333492162	273.02005898269863	-1.4156826258740631
3.2791789297658864	7.622073578595318	1.4182198967957478	0.13449441071265264	0.9949974175062574	0.42166069879167034	1.3929588329437144	0.27298795646087454	7.597995098368215	62.540099478451374	1.9423349770790803	0.985601932031015	26.31638123051595	273.94716356806487	-1.4258025494555242
3.2791789297658864	7.65886287625418	1.3892117512071134	0.14649814993389487	1.0153463784590349	0.3987857708555893	1.3904234224704863	0.2725341017548391	7.586810371753261	62.43904667387273	1.9364669492980588	0.9855591045707635	26.265001480800716	274.89316237460827	-1.4361353326586734
3.2791789297658864	7.695652173913044	1.3554173623494776	0.16141885939732623	1.0404263970312204	0.3727813889663861	1.3880342545461586	0.2720348859920073	7.576049053749626	62.348773015914276	1.930710640749892	0.9855210685834962	26.214797518336994	275.8583445152241	-1.446687201609539
3.2791789297658864	7.7324414715719065	1.3133249043513466	0.18153386810788116	1.0737422727472388	0.3413667096136626	1.385788998139049	0.2714915894511006	7.565715409204109	62.269082621044674	1.9250649084432672	0.9854879498369127	26.16576288947119	276.84300351018493	-1.4574646190799334
3.2791789297658864	7.769230769230769	1.2488285784468376	0.21608775230343902	1.1293924543304596	0.29529356602165563	1.3836853902318584	0.2709054778833756	7.55581353594584	62.19978692086923	1.919528631208047	0.9854598743055042	26.11789124625894	277.8474372782323	-1.4684743009446128
3.2791789297658864	7.806020066889632	1.1864757045642982	0.2536087580617466	1.1864757045642327	0.2536087580616816	1.3816883108856652	0.270289794727782	7.546260796269903	62.138153479634546	1.9140823449866102	0.9854358234281592	26.070952214322325	278.8661922195359	-1.4796629749307115
3.2791789297658864	7.842809364548495	1.2225328317639526	0.22944816394396836	1.2225328317639408	0.2294481639439756	1.380880839818952	0.2692431547820175	7.53752985246826	62.15998785967986	1.9095777586172364	0.9854046927524155	26.0339869724302	280.1447757386466	-1.489292887429434
3.2791789297658864	7.879598662207358	1.329554686007502	0.17047307693189984	1.3295546860074983	0.17047307693190178	1.3896426218898459	0.2647318753576726	7.536891563380768	62.862028258667756	1.912350790164413	0.9853538527093987	26.075657137163905	283.5546690480187	-1.489292887429434
3.2791789297658864	7.916387959866221	1.3769117587212043	0.14836081075708246	1.3769117587212047	0.14836081075708227	1.3999267499911423	0.2598063158358324	7.53891283650362	63.67242206495347	1.9164157714565797	0.9853265625863785	26.131607581309353	287.38781405501703	-1.489292887429434
3.2791789297658864	7.953177257525083	1.4099399903191412	0.13432555734935264	1.4099399903191412	0.13432555734935256	1.4107539614336064	0.2548359438388639	7.5421736718839085	64.51926245309232	1.9211242560029804	0.9853129057519322	26.19453179732083	291.457855146859	-1.489292887429434
3.2791789297658864	7.989966555183947	1.435890793287679	0.124082053411963	1.4358907932876768	0.1240820534119639	1.421736428327299	0.2499583934910897	7.546101604778036	65.37429364388159	1.9262065310161056	0.9853086558799258	26.26139087153858	295.68785250704457	-1.489292887429434
3.2791789297658864	8.02675585284281	1.4574442227446163	0.11608987452453662	1.4574442227446174	0.1160898745245362	1.4326620394561134	0.24524045899507865	7.550373066760581	66.22223322870944	1.931501897519585	0.9853111643334876	26.330379373158934	300.031485945359	-1.489292887429434
3.2791789297658864	8.063545150501673	1.4759287721400807	0.10960201770088646	1.4759287721400816	0.10960201770088615	1.4434057713960184	0.24071442384599046	7.55478757194422	67.05420618775184	1.936904335872914	0.9853185736964768	26.40031184066477	304.4575676210009	-1.489292887429434
3.2791789297658864	8.100334448160535	1.4921177927602949	0.10419317293040611	1.4921177927602916	0.10419317293040727	1.4538936453499285	0.2363933279186281	7.559217168729691	67.86507146071094	1.9423412496122099	0.9853295232690996	26.470381743163063	308.9441366285746	-1.489292887429434
3.2791789297658864	8.137123745819398	1.5065100610358506	0.09959556882462799	1.5065100610358502	0.09959556882462826	1.4640837370153392	0.23227902021636979	7.563580016055179	68.65201583664604	1.947762342161529	0.9853429974563356	26.54003494521281	313.47542695037845	-1.489292887429434
3.2791789297658864	8.173913043478262	1.5194507509824366	0.09562867322570258	1.5194507509824373	0.09562867322570238	1.4739548285127777	0.2283668501987154	7.567824638674603	69.41371689235568	1.9531328235588457	0.9853582320328688	26.608892324640816	318.04003230988565	-1.489292887429434
3.2791789297658864	8.210702341137123	1.5311911655443398	0.09216462756371051	1.5311911655443378	0.09216462756371112	1.48349918634283	0.22464852198161545	7.571919889702415	70.14981295825503	1.9584289079534247	0.9853746500896712	26.676698498684498	322.629690350672	-1.489292887429434
3.2791789297658864	8.247491638795987	1.5419213050891152	0.08910947107842641	1.5419213050891158	0.08910947107842612	1.4927178165190058	0.22111385890626814	7.57584831710234	70.86055691090041	1.9636346978125117	0.9853918159402046	26.743286392771427	327.23843662021795	-1.489292887429434
3.2791789297658864	8.284280936454849	1.5517890357888555	0.08639214454289154	1.5517890357888553	0.0863921445428916	1.5016172970342758	0.21775189476868814	7.579601691333227	71.54658654964719	1.968739976862559	0.9854094010667978	26.808552198922616	331.8619996776143	-1.489292887429434
3.2791789297658864	8.321070234113712	1.5609120774756386	0.08395766123291182	1.5609120774756386	0.08395766123291186	1.5102076478806647	0.2145515406096842	7.583177955126038	72.20877130306424	1.973738625795366	0.9854271586128284	26.872437450424965	336.497361685477	-1.489292887429434
3.2791789297658864	8.357859531772576	1.56938587831042	0.08176266326913904	1.5693858783104204	0.0817626632691389	1.5185008962289808	0.21150198170472292	7.586579129209022	72.84810981683897	1.978627475687475	0.9854449041252022	26.93491609116639	341.1424359746826	-1.489292887429434
3.2791789297658864	8.394648829431437	1.5772889998547381	0.07977241874398115	1.5772889998547392	0.07977241874398078	1.5265101124092968	0.20859290283392204	7.58980986930784	73.46566181550129	1.983405473694642	0.9854625009406472	26.995985101214636	345.79582875731256	-1.489292887429434
3.2791789297658864	8.431438127090301	1.5846869240822328	0.0779587284087695	1.584686924082234	0.07795872840876907	1.5342487668033797	0.20581460473256552	7.5928764709031356	74.06250319172568	1.9880730736702008	0.9854798490524476	27.0556576777678	350.4566620603213	-1.489292887429434
3.2791789297658864	8.468227424749164	1.5916348203395687	0.07629842807207282	1.5916348203395685	0.0762984280720729	1.54173030628543	0.20315805228931158	7.59578618383819	74.63969688740704	1.992631789891257	0.9854968766000035	27.113958264206783	355.12444155628657	-1.489292887429434
3.2791789297658864	8.505016722408026	1.5981796037426999	0.07477229341550928	1.5981796037426996	0.07477229341550934	1.5489678810994574	0.20061488070971814	7.598546742377733	75.19827452065306	1.9970838696933533	0.9855135333429894	27.170918922482848	359.79895752728237	-1.489292887429434
3.2791789297658864	8.54180602006689	1.6043614969830169	0.0733642238956541	1.6043614969830167	0.07336422389565417	1.555974174773009	0.1981773765748487	7.601166045598871	75.73922531496669	2.001432053176961	0.9855297856424974	27.226576686037745	364.4802104114353	-1.489292887429434
3.2791789297658864	8.578595317725753	1.610215235544508	0.07206062461749548	1.6102152355445074	0.07206062461749567	1.5627613044143305	0.19583844468507614	7.603651942909779	76.2634899705302	2.0056793969199687	0.9855456125903603	27.28097163102237	369.1683546762864	-1.489292887429434
3.2791789297658864	8.615384615384615	1.6157710114394006	0.07084993141478936	1.615771011439402	0.07084993141478893	1.5693407688266197	0.19359156764082883	7.606012093150934	76.77195785549277	2.0098291449010977	0.985561003016216	27.334145475353115	373.86365641625156	-1.489292887429434
3.2791789297658864	8.652173913043478	1.621055221681175	0.06972224131092071	1.6210552216811767	0.06972224131092028	1.5757234288086936	0.19143076254137906	7.608253875165142	77.2654664004145	2.0138846343483947	0.9855759531678341	27.386140566654145	378.56646127023373	-1.489292887429434
3.2791789297658864	8.688963210702342	1.6260910686073273	0.06866902170596986	1.626091068607327	0.06866902170597	1.5819195088045968	0.18935053750548608	7.610384334276764	77.7448019266438	2.0178492274874977	0.9855904649096048	27.436999157299233	383.2771701300657	-1.489292887429434
3.2791789297658864	8.725752508361204	1.63089904621269	0.0676828791741752	1.63089904621269	0.06768287917417516	1.5879386123891073	0.1873458496266423	7.612410153698184	78.21070137938484	2.02172626253217	0.9856045443211416	27.48676289169601	387.99622075147096	-1.489292887429434
3.2791789297658864	8.762541806020067	1.635497337683134	0.06675737394565348	1.6354973376831337	0.0667573739456536	1.593789746391144	0.18541206526943202	7.614337643096296	78.66385460251357	2.0255190189879744	0.9856182006058514	27.53547245056592	392.72407385166565	-1.489292887429434
3.2791789297658864	8.799331103678929	1.6399021429826952	0.06588686978369256	1.6399021429826957	0.06588686978369246	1.5994813500723102	0.18354492316087578	7.616172738817687	79.10490690761645	2.0292306936060664	0.985631445240372	27.583167311303928	397.4612026271625	-1.489292887429434
3.2791789297658864	8.836120401337793	1.6441279507941187	0.06506641155941013	1.6441279507941184	0.06506641155941026	1.6050213269083484	0.1817405004445168	7.617921011876814	79.53446177004585	2.0328643842567122	0.98564429131174	27.629885594030995	402.2080848854429	-1.489292887429434
3.2791789297658864	8.872909698996656	1.6481877657890818	0.06429162469747562	1.6481877657890822	0.06429162469747554	1.6104170773124988	0.17999518168851264	7.619587680951241	79.95308354063836	2.0364230796810263	0.9856567530012664	27.675663970708765	406.9651971782578	-1.489292887429434
3.2791789297658864	8.909698996655518	1.6520932997447062	0.06355863203687101	1.6520932997447053	0.06355863203687127	1.6156755311940827	0.17830563073412956	7.621177628440817	80.36130010058515	2.0399096535908523	0.985668845183347	27.720537620428463	411.73301047001996	-1.489292887429434
3.2791789297658864	8.946488294314381	1.6558551331793236	0.06286398466584533	1.6558551331793236	0.06286398466584533	1.6208031796335267	0.17666876521269154	7.622695418228055	80.7596054139	2.0433268619678113	0.985680583114513	27.76454021825273	416.511986984593	-1.489292887429434
3.2791789297658864	8.983277591973245	1.6594828527823817	0.06220460405058499	1.6594828527823824	0.06220460405058487	1.6258061052250727	0.17508173353081566	7.6241453141916455	81.14846195050201	2.046677342697112	0.985691982193463	27.807703948164384	421.3025779567367	-1.489292887429434
3.2791789297658864	9.020066889632107	1.6629851688430524	0.061577733352193464	1.6629851688430515	0.061577733352193735	1.63069001082669	0.17354189411422988	7.625531298822837	81.52830296572829	2.0499636168858415	0.9857030577770134	27.850059533058346	426.1052220777671	-1.489292887429434
3.2791789297658864	9.05685618729097	1.6663700160533386	0.0609808962658259	1.6663700160533395	0.06098089626582569	1.6354602465852948	0.17204679670290474	7.626857091506007	81.8995346306915	2.0531880913757807	0.9857138250401476	27.891636276489937	430.9203444729377	-1.489292887429434
3.2791789297658864	9.093645484949834	1.669644640415778	0.06041186205390504	1.6696446404157785	0.060411862053904905	1.6401218351936857	0.17059416549930903	7.628126166177175	82.26253801369107	2.0563530620824633	0.9857242988708622	27.932462112236106	435.748356085036	-1.489292887429434
3.2791789297658864	9.130434782608695	1.6728156744774936	0.059868615707877236	1.6728156744774945	0.05986861570787704	1.64467949539425	0.16918188398456216	7.629341768181863	82.61767091662655	2.0594607178839386	0.9857344937924788	27.972563658734856	440.5896533669847	-1.489292887429434
3.2791789297658864	9.167224080267559	1.6758892027094439	0.059349332378284055	1.6758892027094434	0.05934933237828414	1.6491376637823694	0.16780798123202192	7.630506930229885	82.96526957267763	2.0625131448520366	0.9857444239076155	28.01196627622744	445.4446182079687	-1.489292887429434
3.2791789297658864	9.20401337792642	1.6788708185288481	0.05885235537450336	1.6788708185288483	0.05885235537450336	1.653500514986665	0.16647061956293704	7.6316244873987955	83.30565021290765	2.06551233067215	0.9857541028592269	28.050694125007155	450.3136180346379	-1.489292887429434
3.2791789297658864	9.240802675585284	1.6817656742041678	0.05837617716375962	1.6817656742041676	0.05837617716375968	1.657771980316281	0.16516808340381672	7.63269709117401	83.63911051009157	2.0684601691371842	0.9857635438050575	28.088770223608126	455.1970060418144	-1.489292887429434
3.2791789297658864	9.277591973244148	1.684578524674075	0.057919422901110025	1.6845785246740745	0.05791942290111016	1.6619557649726626	0.16389876921922125	7.633727222539778	83.9659309083369	2.071358464632384	0.9857727594026144	28.126216506101752	460.0951215175183	-1.489292887429434
3.2791789297658864	9.31438127090301	1.687313766142042	0.05748083610417295	1.6873137661420425	0.0574808361041728	1.6660553639248012	0.16266117640691474	7.634717204151086	84.28637584696259	2.0742089365504857	0.9857817618023426	28.16305387791134	465.00829023485153	-1.489292887429434
3.2791789297658864	9.351170568561873	1.6899754701699843	0.057059266152471436	1.6899754701699843	0.05705926615247148	1.6700740765458806	0.16145389905436144	7.635669211627622	84.60069488684103	2.0770132235945398	0.9857905626471654	28.199302269745793	469.9368248895784	-1.489292887429434
3.2791789297658864	9.387959866220736	1.692567413880726	0.05665365734490378	1.6925674138807265	0.05665365734490363	1.6740150201059065	0.16027561846649468	7.636585284016934	84.90912374701136	2.0797728879390043	0.9857991730769224	28.23498068939159	474.8810255670203	-1.489292887429434
3.2791789297658864	9.424749163879598	1.69509310678541	0.056263039292540375	1.6950931067854098	0.05626303929254041	1.677881142210409	0.15912509638452935	7.637467333477148	85.2118852589166	2.0824894192298817	0.9858076037365333	28.270107271209035	479.8411802257046	-1.489292887429434
3.2791789297658864	9.461538461538462	1.697555814674142	0.05588651845976106	1.6975558146741412	0.05588651845976125	1.6816752322698447	0.15800116882444587	7.638317154230397	85.50919024510807	2.0851642384121747	0.985815864786954	28.304699323254646	484.8175651881232	-1.489292887429434
3.2791789297658864	9.498327759197325	1.6999585809437436	0.05552327069613294	1.6999585809437436	0.055523270696132936	1.6853999320789157	0.1569027404715998	7.6391364308378025	85.80123832877516	2.087798701378716	0.9858239659181843	28.338773372010724	489.81044563131115	-1.489292887429434
3.2791789297658864	9.535117056856187	1.7023042456822393	0.05517253462578232	1.70230424568224	0.05517253462578218	1.6890577455790599	0.15582877957496297	7.639926745845119	86.08821867994448	2.090394102438563	0.9858319163637331	28.37234520474349	494.82007607176007	-1.489292887429434
3.2791789297658864	9.57190635451505	1.7045954627847644	0.054833605781107075	1.704595462784765	0.05483360578110694	1.6926510478721255	0.15477831329064004	7.6406895868464115	86.37031070374373	2.092951677606432	0.985839724916075	28.405429909543173	499.8467008406731	-1.489292887429434
3.2791789297658864	9.608695652173912	1.706834715336894	0.05450583138455623	1.7068347153368943	0.054505831384556135	1.6961820935472907	0.15375042342992393	7.641426353009913	86.64768467563432	2.0954726077164993	0.9858473999427237	28.43804191311617	504.89055454652055	-1.489292887429434
3.2791789297658864	9.645484949832776	1.7090243294697902	0.05418860569612179	1.70902432946979	0.05418860569612182	1.6996530243787782	0.15274424257191027	7.642138361108365	86.92050232813942	2.0979580213659497	0.9858549494026358	28.470195016418124	509.95186252295616	-1.489292887429434
3.2791789297658864	9.68227424749164	1.7111664868637309	0.05388136585604363	1.7111664868637309	0.053881365856043605	1.703065876446605	0.1517589505051129	7.642826851092647	87.1889173931649	2.1004089976943234	0.9858623808627089	28.50190242822164	515.0308412606316	-1.489292887429434
3.2791789297658864	9.719063545150501	1.7132632360536042	0.05358358816208199	1.7132632360536042	0.053583588162081974	1.706422586728376	0.15079377096629396	7.6434929912450364	87.45307610366618	2.102826569005589	0.9858697015142031	28.53317679671878	520.1276988220781	-1.489292887429434
3.2791789297658864	9.755852842809364	1.715316502670111	0.053294784729082195	1.7153165026701103	0.05329478472908232	1.709724999205974	0.1498479686481219	7.6441378829457705	87.71311765807971	2.1052117232402816	0.9858769181889433	28.564030239260784	525.2426352392272	-1.489292887429434
3.2791789297658864	9.792642140468228	1.7173280987333586	0.0530145004856502	1.7173280987333592	0.053014500485650054	1.7129748705271217	0.14892084645027404	7.644762565083924	87.96917465062917	2.10756540630515	0.9858840373752049	28.59447437033637	530.375842893418	-1.489292887429434
3.2791789297658864	9.82943143812709	1.7192997311009843	0.05274231046877722	1.7192997311009843	0.052742310468777226	1.7161738752582572	0.14801174295127495	7.645368018141017	88.22137347033413	2.109888524267768	0.9858910652331974	28.624520327888142	535.5275068779739	-1.489292887429434
3.2791789297658864	9.866220735785953	1.7212330091605388	0.05247781738236068	1.7212330091605392	0.052477817382360584	1.7193236107621384	0.14712003008068356	7.645955167973862	88.4698346713099	2.1121819454236355	0.9858980076100968	28.654178798065555	540.6978053436836	-1.489292887429434
3.2791789297658864	9.903010033444817	1.7231294518448053	0.052220649389992185	1.723129451844806	0.052220649389992116	1.7224256017304098	0.14624511097338574	7.646524889320507	88.71467331669665	2.1144465022428323	0.9859048700545844	28.683460038506507	545.8869098275133	-1.489292887429434
3.2791789297658864	9.939799331103679	1.7249904940396654	0.05197045811609412	1.7249904940396656	0.05197045811609408	1.7254813043989767	0.14538641798955854	7.647078009051617	88.95599929836649	2.116682993203366	0.9859116578308651	28.712373900238664	551.0949855651319	-1.489292887429434
3.2791789297658864	9.976588628762542	1.7268174924457627	0.05172691683275749	1.7268174924457629	0.051726916832757444	1.728492110471414	0.14454341088556422	7.647615309187524	89.1939176343537	2.1188921845178545	0.9859183759321534	28.740929848285308	556.3221917877821	-1.489292887429434
3.2791789297658864	10.013377926421406	1.728611730948273	0.05148971881239328	1.7286117309482725	0.051489718812393365	1.731459350773472	0.1437155751224891	7.648137529699433	89.42852874578385	2.1210748117599296	0.9859250290936167	28.7691369810563	561.5686820040886	-1.489292887429434
3.2791789297658864	10.050167224080267	1.7303744255429039	0.051258575828724964	1.7303744255429037	0.05125857582872501	1.7343842986597708	0.14290242030035777	7.648645371111909	89.65992871492224	2.123231581396474	0.9859316218047794	28.79700404860075	566.8346042674596	-1.489292887429434
3.2791789297658864	10.08695652173913	1.7321067288610015	0.0510332167907044	1.7321067288610017	0.051033216790704335	1.737268173192012	0.14210347870720663	7.649139496922313	89.88820952582648	2.1253631722315225	0.9859381583213908	28.824539469794225	572.1201014297467	-1.489292887429434
3.2791789297658864	10.123745819397993	1.7338097343316918	0.05081338649578412	1.7338097343316914	0.05081338649578418	1.7401121421062071	0.14131830397327508	7.649620535851342	90.11345928894575	2.1274702367671767	0.9859446426767653	28.851751348526882	577.4253113817638	-1.489292887429434
3.2791789297658864	10.160535117056856	1.7354844800151088	0.050598844490505196	1.7354844800151095	0.05059884449050501	1.7429173245850664	0.14054646982148286	7.6500890839378215	90.33576245090349	2.1295534024867306	0.9859510786926108	28.87864748895686	582.750367281334	-1.489292887429434
3.2791789297658864	10.19732441471572	1.737131952137052	0.05038936402774686	1.7371319521370514	0.05038936402774696	1.7456847938503373	0.13978756890619506	7.650545706489854	90.55519999059554	2.131613273064863	0.9859574699893542	28.905235409888515	588.095397769502	-1.489292887429434
3.2791789297658864	10.234113712374581	1.7387530883521285	0.05018473111119113	1.738753088352129	0.050184731111191046	1.7484155795884735	0.13904121173304962	7.650990939903119	90.77184960262755	2.1336504295093457	0.985963819995985	28.931522358330383	593.4605271754782	-1.489292887429434
3.2791789297658864	10.270903010033445	1.7403487807598055	0.04998474361857509	1.7403487807598057	0.04998474361857509	1.751110670222099	0.1383070256532608	7.6514252933565965	90.9857858690444	2.13566543123862	0.9859701319594303	28.95751532228589	598.8458757109496	-1.489292887429434
3.2791789297658864	10.307692307692308	1.741919878695154	0.049789210496245295	1.7419198786951542	0.049789210496245274	1.7537710150385555	0.1375846539264361	7.651849250394855	91.19708042021307	2.1376588170991573	0.9859764089534799	28.983221042824745	604.2515596542909	-1.489292887429434
3.2791789297658864	10.34448160535117	1.7434671913139903	0.04959795101831472	1.7434671913139905	0.049597951018314664	1.7563975261859832	0.13687375484647232	7.652263270405528	91.40580208565702	2.1396311063264193	0.9859826538872827	29.00864602548116	609.6776915252613	-1.489292887429434
3.2791789297658864	10.381270903010034	1.7449914899899863	0.049410794104460636	1.7449914899899868	0.04941079410446051	1.7589910805463949	0.13617400092560286	7.652667789999505	91.61201703556308	2.1415827994527707	0.9859888695134251	29.03379655102001	615.1243802506287	-1.489292887429434
3.2791789297658864	10.418060200668897	1.7464935105398502	0.04922757769098686	1.7464935105398502	0.04922757769098686	1.761552521494665	0.13548507813207103	7.653063224301358	91.81578891364127	2.1435143791657927	0.9859950584356183	29.05867868561231	620.5917313213173	-1.489292887429434
3.2791789297658864	10.454849498327759	1.7479739552908564	0.04904814815036939	1.7479739552908564	0.049048148150369314	1.7640826605513749	0.13480668517734232	7.653449968156266	92.01717896194147	2.145426311119888	0.9860012231160054	29.08329829045506	626.0798469414517	-1.489292887429434
3.2791789297658864	10.491638795986622	1.749433495003832	0.0488723597549617	1.7494334950038315	0.04887235975496178	1.7665822789370358	0.13413853284909008	7.653828397259681	92.21624613820053	2.1473190447041426	0.9860073658821089	29.107661030871345	631.5888261698179	-1.489292887429434
3.2791789297658864	10.528428093645484	1.7508727706633653	0.04870007418098975	1.7508727706633658	0.04870007418098963	1.7690521290345018	0.133480343386532	7.654198869215254	92.41304722623734	2.1491930137690587	0.9860134889334354	29.131772384921998	637.1187650541154	-1.489292887429434
3.2791789297658864	10.565217391304348	1.752292395145936	0.0485311600493408	1.752292395145936	0.048531160049340806	1.7714929357658524	0.13283184989498065	7.654561724526049	92.60763693987393	2.151048637314639	0.9860195943477525	29.155637651558735	642.6697567584106	-1.489292887429434
3.2791789297658864	10.602006688963211	1.7536929547757047	0.048365492499998046	1.7536929547757045	0.04836549249999805	1.7739053978896338	0.13219279579672893	7.654917287523953	92.80006802082929	2.1528863201422204	0.9860256840870557	29.179261958347457	648.2418916841938	-1.489292887429434
3.2791789297658864	10.638795986622073	1.755075010776801	0.04820295279727177	1.7550750107768003	0.0482029527972719	1.7762901892237914	0.1315629343156385	7.655265867241525	92.99039133099238	2.154706453472179	0.9860317600032387	29.202650268787284	653.8352575853721	-1.489292887429434
3.2791789297658864	10.675585284280936	1.7564391006300832	0.048043427963266265	1.756439100630083	0.04804342796326631	1.7786479597992062	0.13094202799302118	7.655607758230195	93.17865593944573	2.156509415529511	0.986037823843483	29.225807389249145	659.4499396775193	-1.489292887429434
3.2791789297658864	10.7123745819398	1.757785739341803	0.04788681043723938	1.757785739341803	0.04788681043723934	1.7809793369485336	0.13032984823257993	7.655943241328776	93.36490920459796	2.1582955720993096	0.9860438772553813	29.248737975558143	665.0860207417593	-1.489292887429434
3.2791789297658864	10.749163879598662	1.7591154206307278	0.04773299775875905	1.7591154206307282	0.04773299775875896	1.7832849263344375	0.1297261748723865	7.656272584385386	93.54919685173425	2.160065277053728	0.9860499217918052	29.271446539238855	670.7435812234767	-1.489292887429434
3.2791789297658864	10.785953177257525	1.760428618040012	0.04758189227271738	1.7604286180400122	0.04758189227271735	1.7855653129213536	0.1291307957819914	7.6565960429363376	93.73156304629927	2.1618188728523533	0.986055958915535	29.293937453445988	676.4226993262987	-1.489292887429434
3.2791789297658864	10.822742474916389	1.7617257859791793	0.047433400854489015	1.7617257859791793	0.04743340085448899	1.787821061894172	0.12854350648297053	7.656913860844459	93.91205046316925	2.163556691017251	0.9860619900036584	29.316214958596127	682.1234511014211	-1.489292887429434
3.2791789297658864	10.85953177257525	1.763007360701507	0.04728743465362598	1.7630073607015069	0.04728743465362601	1.79005271952742	0.1279641097912852	7.657226270899924	94.09070035218456	2.1652790525843697	0.9860680163517536	29.338283167720085	687.845910532682	-1.489292887429434
3.2791789297658864	10.896321070234114	1.7642737612213968	0.04714390885465791	1.7642737612213966	0.047143908854657905	1.7922608140079428	0.127392415480007	7.657533495385889	94.26755260016999	2.166986268532546	0.9860740391778672	29.36014607155082	693.5901496175405	-1.489292887429434
3.2791789297658864	10.933110367892976	1.765525390176078	0.04700274245367525	1.765525390176078	0.04700274245367528	1.794445856214071	0.12682823996103207	7.657835746611336	94.44264578966926	2.16867864019143	0.9860800596262947	29.381807543362648	699.3562384442043	-1.489292887429434
3.2791789297658864	10.96989966555184	1.7667626346355452	0.04686385804950025	1.766762634635545	0.046863858049500336	1.796608340453896	0.126271405984549	7.658133227413209	94.61601725459181	2.1703564596295024	0.986086078771178	29.403271343575597	705.1442452651124	-1.489292887429434
3.2791789297658864	11.006688963210703	1.7679858668643997	0.04672718164834063	1.7679858668643995	0.046727181648340624	1.7987487451652282	0.12572174235508496	7.658426131629916	94.7877031329675	2.1720200100233282	0.9860920976199253	29.424541124138408	710.9542365669663	-1.489292887429434
3.2791789297658864	11.043478260869565	1.7691954450389027	0.04659264248092636	1.7691954450389031	0.046592642480926275	1.8008675335795308	0.12517908366306615	7.658714644547956	94.95773841698168	2.1736695660090812	0.9860981171164659	29.44562043270252	716.786277137511	-1.489292887429434
3.2791789297658864	11.080267558528428	1.7703917139223022	0.04646017283121145	1.7703917139223024	0.04646017283121138	1.8029651543519942	0.12464327003089774	7.658998943323428	95.12615700045566	2.1753053940172973	0.9861041381443442	29.46651271659839	722.6404301291958	-1.489292887429434
3.2791789297658864	11.117056856187292	1.771575005501295	0.04632970787579271	1.7715750055012958	0.04632970787579263	1.8050420421598026	0.12411414687263952	7.659279197380011	95.29299172392685	2.176927752591839	0.9861101615296661	29.487221326625715	728.5167571199394	-1.489292887429434
3.2791789297658864	11.153846153846153	1.7727456395862269	0.046201185533273716	1.7727456395862269	0.046201185533273736	1.807098618270464	0.12359156466642197	7.659555568784932	95.45827441747036	2.17853689269389	0.9861161880439018	29.507749520667208	734.4153181711124	-1.489292887429434
3.2791789297658864	11.190635451505017	1.773903924377416	0.04607454632286813	1.7739039243774162	0.046074546322868136	1.8091352910819491	0.1230753787388139	7.659828212604209	95.6220359413943	2.180133057991798	0.9861222184065521	29.52810046713576	740.3361718828902	-1.489292887429434
3.2791789297658864	11.22742474916388	1.7750501569998365	0.04594973323158737	1.775050156999836	0.04594973323158745	1.8111524566362605	0.12256544906040681	7.660097277238494	95.78430622493075	2.1817164851375184	0.9861282532876884	29.548277248263663	746.2793754471038	-1.489292887429434
3.2791789297658864	11.264214046822742	1.7761846240082837	0.045826691589404826	1.776184624008284	0.045826691589404805	1.8131504991080547	0.12206164005191672	7.660362904740805	95.94511430304554	2.1832874040304584	0.9861342933103691	29.5682828632434	752.2449846977785	-1.489292887429434
3.2791789297658864	11.301003344481606	1.7773076018648004	0.04570536895186022	1.7773076018648004	0.045705368951860254	1.8151297912695945	0.12156382040018913	7.66062523111704	96.10448835146337	2.184846038069226	0.9861403390529409	29.58812023122617	758.2330541593625	-1.489292887429434
3.2791789297658864	11.33779264214047	1.778419357390268	0.045585714989576816	1.7784193573902676	0.04558571498957691	1.8170906949335128	0.12107186288349486	7.660884386610523	96.26245572001972	2.186392604392102	0.9861463910512299	29.60779219418738	764.2436370928872	-1.489292887429434
3.2791789297658864	11.37458193979933	1.7795201481917182	0.045467681384232336	1.779520148191718	0.045467681384232364	1.8190335613745647	0.12058564420557276	7.661140495971468	96.41904296442857	2.187927314106723	0.9861524498006291	29.627301519665174	770.276785540101	-1.489292887429434
3.2791789297658864	11.411371237458194	1.7806102230668783	0.04535122173055023	1.7806102230668788	0.04535122173055018	1.8209587317315121	0.12010504483790888	7.661393678712153	96.57427587655297	2.1894503725095236	0.9861585157580851	29.64665090337838	776.332550365658	-1.489292887429434
3.2791789297658864	11.448160535117056	1.78168982238744	0.045236291443900914	1.7816898223874398	0.04523629144390092	1.822866537390335	0.11962994886975903	7.661644049348873	96.72817951326775	2.1909619792955675	0.9861645893439926	29.66584297173126	782.4109812975424	-1.489292887429434
3.2791789297658864	11.48494983277592	1.7827591784622752	0.04512284767315261	1.7827591784622758	0.04512284767315248	1.824757300349698	0.11916024386547895	7.661891717631276	96.88077822398476	2.1924623287591407	0.9861706709439977	29.684880284209395	788.5121269657213	-1.489292887429434
3.2791789297658864	11.521739130434783	1.7838185158818312	0.04501084921842898	1.783818515881831	0.045010849218429023	1.826631333569633	0.11869582072874517	7.662136788759778	97.03209567691354	2.1939516099856355	0.9861767609107163	29.703765335673125	794.636034939165	-1.489292887429434
3.2791789297658864	11.558528428093645	1.784868051844934	0.04490025645344175	1.7848680518449338	0.04490025645344177	1.828488941304476	0.11823657357325529	7.662379363592031	97.18215488413543	2.195430007035213	0.9861828595653732	29.72250055855399	800.7827517613409	-1.489292887429434
3.2791789297658864	11.595317725752508	1.78590799646889	0.044791031252127265	1.7859079964688904	0.04479103125212723	1.8303304194206864	0.11778239959957429	7.662619538838676	97.3309782255382	2.1968976991185274	0.9861889671993624	29.741088324957836	806.952322984171	-1.489292887429434
3.2791789297658864	11.632107023411372	1.7869385530840416	0.04468313691929066	1.7869385530840416	0.044683136919290684	1.8321560557005572	0.11733319897775316	7.662857407249365	97.47858747168826	2.1983548607650594	0.9861950840757352	29.759530948680673	813.1447932006296	-1.489292887429434
3.2791789297658864	11.668896321070234	1.7879599185135608	0.04457653812502317	1.7879599185135606	0.0445765381250232	1.8339661301324082	0.1168888747354232	7.663093057789324	97.62500380568387	2.199801661984304	0.9862012104306187	29.777830687140465	819.3602060759644	-1.489292887429434
3.2791789297658864	11.705685618729097	1.7889722833394206	0.044471200842644075	1.7889722833394206	0.0444712008426441	1.8357609151880518	0.11644933265105242	7.663326575807177	97.77024784405016	2.2012382684202305	0.9862073464745682	29.79598974322956	825.5986043776558	-1.489292887429434
3.2791789297658864	11.74247491638796	1.789975832155287	0.04436709228995938	1.7899758321552868	0.0443670922899594	1.8375406760881334	0.1160144811520917	7.663558043194384	97.91433965672032	2.2026648414993097	0.9862134923938564	29.814010267091355	831.8600300041464	-1.489292887429434
3.2791789297658864	11.779264214046822	1.7909707438071374	0.044264180873623424	1.7909707438071372	0.04426418087362346	1.8393056710560365	0.11558423121773853	7.663787538536902	98.05729878615561	2.204081538572466	0.9862196483517028	29.831894357825295	838.1445240124403	-1.489292887429434
3.2791789297658864	11.816053511705686	1.7919571916222485	0.04416243613642283	1.7919571916222488	0.04416243613642275	1.8410561515608657	0.1151584962860793	7.664015137259373	98.19914426564264	2.20548851305119	0.9862258144894475	29.84964406512299	844.452126644572	-1.489292887429434
3.2791789297658864	11.852842809364548	1.7929353436272017	0.04406182870730674	1.7929353436272024	0.04406182870730663	1.842792362550064	0.1147371921653781	7.664240911762253	98.33989463681027	2.206885914538085	0.986231990927667	29.867261390838816	850.7828773530072	-1.489292887429434
3.2791789297658864	11.889632107023411	1.7939053627555999	0.043962330253989386	1.7939053627555996	0.043962330253989414	1.8445145426722642	0.11432023694928337	7.664464931552396	98.4795679664104	2.208273888952221	0.9862381777672433	29.88474829049907	857.1368148250951	-1.489292887429434
3.2791789297658864	11.926421404682275	1.794867407045974	0.04386391343798297	1.7948674070459734	0.04386391343798305	1.8462229244907784	0.11390755093575924	7.664687263367355	98.61818186239425	2.209652578649415	0.9862443750903807	29.90210667475139	863.5139770065309	-1.489292887429434
3.2791789297658864	11.963210702341136	1.795821629830438	0.04376655187191532	1.7958216298304377	0.04376655187191534	1.8479177346881737	0.11349905654954866	7.664907971293637	98.75575348931733	2.211022122537699	0.9862505829615755	29.919338410757337	869.9144011238836	-1.489292887429434
3.2791789297658864	12.	1.796768179914642	0.043670220078994536	1.7967681799146413	0.04367022007899465	1.8495991942624725	0.11309467826797698	7.66512711687948	98.89229958311333	2.2123826561882827	0.9862568014285436	29.936445323531704	876.3381237063026	-1.489292887429434