3.329757525083612	1.	4.85662445219663	1.2399886115550483e-10	4.774531357005045	0.9999999998242468	6.195304600363803	8.034074575335957e-6	12.76919881203251	464.1849581915647	13.785147303100732	0.999995420877985	101.11338537629946	241.96318877902027	2.9006248798457985
3.329757525083612	1.0367892976588629	4.768407471423391	2.191901689124047e-10	4.605104848735689	0.999999999549925	6.072492275405507	0.00001048871835558269	12.635577062227073	452.5040194310729	13.295889408966016	0.9999937350466036	98.80315807014327	241.96195946168785	2.788631162994809
3.329757525083612	1.0735785953177257	4.684968946724892	3.755389450775394e-10	4.447288275791888	0.9999999989235686	5.956122290580902	0.000013514964159595934	12.507153592974474	441.4827702205773	12.840137540209385	0.9999916161594594	96.61775164505435	241.96023713744253	2.68204918170123
3.329757525083612	1.1103678929765886	4.605897678058689	6.253049603578323e-10	4.299927397789621	0.9999999975788715	5.845663536719688	0.000017206005637865772	12.383623778241057	431.0653017482489	12.414558073001556	0.9999890019968608	94.54652679585209	241.9579147975555	2.5803328028615486
3.329757525083612	1.1471571906354514	4.530829664077728	1.014306757472569e-9	4.162016043071057	0.9999999948476969	5.740643313324671	0.00002166369658460555	12.264705006631477	421.2018845409522	12.016245111606134	0.9999858301805701	92.58006065344776	241.95488038023078	2.4830166364269797
3.329757525083612	1.1839464882943145	4.4594414314099255	1.606235072910669e-9	4.03267310705872	0.9999999895713384	5.640639360007814	0.00002699866390118738	12.150135145973662	411.8481344539271	11.642654090599521	0.9999820392192661	90.70997474914311	241.95101907355112	2.3897005717069835
3.329757525083612	1.2207357859531773	4.39144447348088	2.487901287809568e-9	3.9111237091617963	0.9999999798297536	5.545273174382218	0.000033330387679053174	12.03967104367068	402.9643104355328	11.291547376078674	0.9999775694665763	88.92879180597139	241.9462156123853	2.3000379077600988
3.329757525083612	1.2575250836120402	4.326580587919149	3.775520359484208e-9	3.7966836565633773	0.9999999625697378	5.454204377930071	0.00004078725261931489	11.933087090725635	394.51472034682126	10.960949407907952	0.9999723639693275	87.22981580516294	241.9403564841467	2.213726109059649
3.329757525083612	1.294314381270903	4.264617946500687	5.622121168715028e-9	3.688746556934735	0.9999999331143675	5.367125941026753	0.0000495065751180296	11.83017386535431	386.467215885716	10.649109484464597	0.9999663691922788	85.60703097485259	241.9333319786084	2.130499511484425
3.329757525083612	1.3311036789297659	4.205347765962703	8.226168608250054e-9	3.5867730676490246	0.9999998845391833	5.283760116540253	0.00005963461037448631	11.73073686407035	378.79276137994157	10.35447071149859	0.9999595356130215	84.05501626249016	241.92503803648654	2.0501234994012294
3.329757525083612	1.3678929765886287	4.1485814745417855	1.1841471346640562e-8	3.490281879360414	0.9999998069055321	5.203854961104484	0.00007132654383446287	11.634595322814128	371.46506412556226	10.075643955076623	0.9999518181868281	82.56887255530417	241.91537786879158	1.972389807697126
3.329757525083612	1.4046822742474916	4.094148289719624	1.678843737591708e-8	3.398842116101604	0.9999996863478842	5.127181346375165	0.00008474647117598567	11.541581127247746	364.4602562473431	9.811385881807457	0.9999431766859755	81.14416045764688	241.90426333361535	1.8971126948433263
3.329757525083612	1.4414715719063544	4.041893138819217	2.346672655315879e-8	3.3120668989684483	0.9999995040193617	5.0535303808540615	0.00010006737089501041	11.45153780916527	357.7566198835291	9.560580356827572	0.9999335759215742	79.7768468588264	241.89161606856123	1.8241257980784413
3.329757525083612	1.4782608695652173	3.9916748668411883	3.236933573654747e-8	3.2296078708258835	0.9999992349076462	4.982711177357439	0.00011747107336439204	11.364319624667164	351.33434895708405	9.322222615302833	0.999922985858314	78.46325885871595	241.87736838572178	1.7532795283387261
3.329757525083612	1.5150501672240804	3.9433646860495863	4.4098138142691183e-8	3.151150518817814	0.9999988465412066	4.91454891276375	0.00013714823003213258	11.279790709038338	345.1753419681551	9.095405736685862	0.9999113816339877	77.20004388225968	241.86146394219287	1.6844388963612085
3.329757525083612	1.5518394648829432	3.8968448299001386	5.938088453771864e-8	3.076410162407611	0.9999982976129124	4.848883135952353	0.00015929828620337206	11.197824302957361	339.26302118996045	8.879309040208847	0.999898743496321	75.98413502389859	241.84385820292746	1.617481686253894
3.329757525083612	1.588628762541806	3.8520073803988413	7.908966011337425e-8	3.005128499163251	0.9999975365540118	4.785566287332476	0.00018412946062313151	11.118302044615653	333.582174419629	8.673188090713442	0.9998850566697159	74.81272083094993	241.82451871477596	1.5522969113476999
3.329757525083612	1.625418060200669	3.8087532432265143	1.0426077765063578e-7	2.937070619995301	0.9999965000958352	4.724462399438385	0.00021185873485025068	11.041113322448037	328.1188160633822	8.476366060146965	0.999870311164127	73.68321887024267	241.80342521132238	1.488783501093099
3.329757525083612	1.6622073578595318	3.7669912492268813	1.3611607506159463e-7	2.8720224211632814	0.9999951118591391	4.665445953023196	0.0002427118551932906	10.966154683403225	322.8600648501258	8.288226235076301	0.9998545015375819	72.59325253180602	241.78056956778263	1.4268491783787487
3.329757525083612	1.6989966555183946	3.7266373643350947	1.7608557381432066e-7	2.80978835293079	0.9999932810117114	4.608400867147729	0.00027692334977122657	10.893329291974094	317.7940358914566	8.108205496823292	0.9998376266229397	71.54063061254735	241.7559556243977	1.3664094948054661
3.329757525083612	1.7357859531772575	3.68761399287753	2.2583144424072422e-7	2.7501894549180688	0.9999909010336696	4.55321960510819	0.00031473656306922734	10.822546435530137	312.90974515671314	7.935788630166615	0.9998196892284245	70.52332929577973	241.72959889546166	1.3073869977730515
3.329757525083612	1.7725752508361203	3.6498493615251952	2.872732144281831e-7	2.6930616364716258	0.999987848627038	4.499802380816141	0.00035640371018602477	10.75372107182928	308.1970247228783	7.770503340423169	0.9998006958203678	69.53947620242647	241.701526179714	1.2497105081827833
3.329757525083612	1.8093645484949832	3.6132769731293117	3.626141513979547e-7	2.638254167130801	0.999983982801861	4.448056452545909	0.00040218595281593585	10.686773414919799	303.6464474019318	7.611915878229711	0.9997806561954822	68.58733623927255	241.6717750863653	1.1933144914562406
3.329757525083612	1.8461538461538463	3.577835121285015	4.5436873664771596e-7	2.585628347822895	0.9999791441656627	4.3978954928851905	0.00045235349887735415	10.621628555966137	299.2492595514276	7.459627187363158	0.9997595831489018	67.66529901075722	241.64039348969374	1.1381385076670807
3.329757525083612	1.882943143812709	3.5434664578182935	5.65391152931032e-7	2.5350563379977404	0.9999731544367827	4.349239025333005	0.000507185727590843	10.55821611583988	294.99732104468194	7.313269504144951	0.9997374921432187	66.77186759507056	241.6074389238624	1.0841267290574512
3.329757525083612	1.919732441471572	3.5101176065213764	6.989046953912813e-7	2.4864201177065217	0.9999658161953852	4.302011919341734	0.0005669713417240901	10.496469926605885	290.88305152074525	7.1725033479120075	0.9997144009827955	65.9056485140128	241.57297792858324	1.0312275152042334
3.329757525083612	1.9565217391304348	3.477738817411085	8.585320178751185e-7	2.439610566785156	0.9999569128790472	4.256143936740409	0.0006320085486578042	10.436327739301461	286.89938215583464	7.037014851126913	0.9996903294967858	65.06534275017087	241.537085355284	0.9793930377141109
3.329757525083612	1.9933110367892977	3.4462836565853223	1.0483261244163943e-6	2.394526645937697	0.9999462090230978	4.211569323441956	0.0007026052718851443	10.377730955653906	283.0397123009452	6.906513385285539	0.9996652992335391	64.24973768529556	241.49984364267377	0.9285789476421029
3.329757525083612	2.0301003344481607	3.4157087274297866	1.2728020164913725e-6	2.351074666723437	0.9999334507395317	4.168226441156279	0.0007790793945371109	10.320624381607647	279.2978704179316	6.780729445131136	0.9996393331683948	63.457699850954974	241.46134206991636	0.8787440799052909
3.329757525083612	2.0668896321070234	3.3859734195014104	1.5369689086705413e-6	2.3091676393085327	0.9999183664225645	4.126057434528739	0.0008617590365259176	10.264956000738897	275.6680788210376	6.659412759020552	0.9996124554262982	62.688168397140274	241.4216759950734	0.8298501898508697
3.329757525083612	2.1036789297658864	3.357039681903505	1.8463629286941867e-6	2.2687246884095473	0.9999006676638814	4.085007929718799	0.0009509828669170831	10.210676765822525	272.1449217946533	6.542330597785768	0.999584691020175	61.94014919692329	241.38094608595733	0.7818617178714262
3.329757525083612	2.140468227424749	3.3288718183841564	2.207080222730408e-6	2.229670529181838	0.9998800503564166	4.045026760943002	0.0010471004531773997	10.15774040698518	268.7233167127516	6.429266258236885	0.9995560656055905	61.21270951587432	241.3392575500631	0.7347455785701532
3.329757525083612	2.177257525083612	3.3014363017458384	2.625810392577904e-6	2.191934995930578	0.9998561959621912	4.006065721943519	0.0011504726489991873	10.106103255031286	265.39848783241206	6.320017700677966	0.9995266052518715	60.50497318403271	241.29671936983564	0.6884709714876976
3.329757525083612	2.2140468227424748	3.2747016054594202	3.109870198789383e-6	2.155452617478888	0.9998287729172732	3.968079339719107	0.001261472022470066	10.055724078665843	262.16594247423893	6.214396322549571	0.9994963362295893	59.81611621601388	241.2534435490703	0.6430092108284337
3.329757525083612	2.250836120401338	3.248638050638224	3.6672374720439832e-6	2.120162233843614	0.9997974381453177	3.9310246681791665	0.001380483326441319	10.00656393446113	259.02144933734075	6.112225852651094	0.9994652848140774	59.14536283154475	241.20954437583615	0.5983335719824802
3.329757525083612	2.2876254180602005	3.2232176667536048	4.3065851845127e-6	2.0860066495665848	0.9997618386503325	3.894861099661075	0.0015079040130456596	9.95858602852513	255.96101872666193	6.013341352395711	0.9994334771044778	58.49198183449874	241.16513770684327	0.554419152941704
3.329757525083612	2.3244147157190636	3.1984140646685715	5.03731564336117e-6	2.052932319646633	0.9997216131592144	3.8595501924930145	0.001644144794426324	9.911755588928326	252.98088449655785	5.917588312265583	0.9994009388576761	57.855283313501474	241.12034027773402	0.5112427489639791
3.329757525083612	2.3612040133779266	3.174202320734564	5.8695947798357745e-6	2.0208890645303637	0.9996763937851246	3.8250555129943833	0.0017896302518632845	9.866039748034451	250.07748753716118	5.824821833108426	0.9993676953363815	57.23461563150608	241.0752690433026	0.46878273905668455
3.329757525083612	2.3979933110367893	3.1505588708426857	6.814386519498416e-6	1.9898298110606587	0.9996258076838451	3.7913424904882054	0.0019447994956185179	9.821407433959811	247.24746064978734	5.734905883186249	0.99933377117054	56.62936267549571	241.03004055116332	0.4270189830352674
3.329757525083612	2.4347826086956523	3.1274614134476604	7.883487232031428e-6	1.9597103566619163	0.999569478676759	3.7583782840588777	0.002110106877970166	9.777829270457008	244.48761467480668	5.6477126229834385	0.9992991902312219	56.03894134074057	240.98477035190226	0.38593272807005563
3.329757525083612	2.471571906354515	3.1048888206933376	9.089560272539978e-6	1.9304891543691038	0.9995070288159509	3.7261316599272156	0.002286022762064476	9.735277484582316	241.79492575041107	5.563121790730758	0.9992639755160961	55.462799226888436	240.93957244826032	0.3455065237692499
3.329757525083612	2.508361204013378	3.0828210568649244	0.000010446170640367636	1.902127116591462	0.9994380798690317	3.6945728784359475	0.00247303434938496	9.693725821562701	239.1665235938245	5.481020142425008	0.9992281490455976	54.900412525656606	240.89455878538337	0.30572414496131384
3.329757525083612	2.5451505016722407	3.061239103477612	0.000011967819796019298	1.8745874357477754	0.9993622547035843	3.6636735897453057	0.0026716465688179205	9.653149466329525	236.5996807080362	5.401300940841132	0.9991917317688943	54.351284082081	240.84983878376121	0.2665705214393855
3.329757525083612	2.5819397993311037	3.0401248903848854	0.000013669980691817226	1.8478354201235172	0.9992791785535143	3.6334067374314696	0.0028823830304840546	9.61352497123129	234.09180242722945	5.3238634886567695	0.9991547434787764	53.81494161318464	240.8055189159321	0.22803167401510102
3.329757525083612	2.6187290969899664	3.0194612323549315	0.00001556913308730541	1.8218383434861716	0.999188480152014	3.603746469263056	0.003105787047704537	9.574830189478664	231.64041772300862	5.248612701355449	0.9991172027346099	53.2909360696199	240.7617023276635	0.19009465630309405
3.329757525083612	2.6555183946488294	2.9992317706204945	0.000017682799236149113	1.7965653071569159	0.9990897927182655	3.5746680545033063	0.0033424227306755464	9.537044213911463	229.24317070137653	5.175458716051496	0.9990791267925246	52.77884012731961	240.71848850387246	0.15274750172053828
3.329757525083612	2.6923076923076925	2.9794209189579726	0.000020029580047286005	1.7719871133784448	0.998982754787355	3.5461478071498034	0.003592876155637873	9.500147320709738	226.89781272736656	5.1043165327985385	0.9990405315420405	52.278246797504856	240.6759729791648	0.11597917524088239
3.329757525083612	2.729096989966555	2.9600138138960603	0.00002262919183935463	1.7480761489425616	0.9988670108751114	3.51816301458053	0.0038577566135436724	9.464120917700422	224.60219512039797	5.035105685311611	0.9990014314483671	51.788768144559704	240.63424709253667	0.07977952948810867
3.329757525083612	2.765886287625418	2.9409962686936906	0.000025502503823937313	1.7248062781499007	0.9987422119717033	3.490691871125591	0.004137697942439138	9.428947496936521	222.3542623688831	4.967749938357007	0.9989618394996501	51.31003410231245	240.59339778544955	0.044139264798593474
3.329757525083612	2.802675585284281	2.922354730762162	0.000028671576469884757	1.7021527442697595	0.9986080158597783	3.463713416129241	0.004433359947995606	9.394610591249151	220.15204581749546	4.902177009350366	0.9989217671584785	50.84169138018272	240.55350744223819	0.009049892912971653
3.329757525083612	2.839464882943144	2.9040762422374016	0.000032159700917976405	1.680092078752167	0.9984640872547187	3.437207476106956	0.004745429916828672	9.361094734492358	217.99365778483272	4.838318311956127	0.998881224316999	50.38340245146654	240.51465377153025	-0.025496296009727075
3.329757525083612	2.8762541806020065	2.8861484034363403	0.00003599143963237971	1.6586020175188574	0.9983100977661871	3.411154610638784	0.005074624227438056	9.328385425218606	215.877286073108	4.77610871970601	0.9988402192550281	49.934844616765574	240.4769097271921	-0.05950626333713735
3.329757525083612	2.9130434782608696	2.868559338956159	0.000040192668492866034	1.6376614237256315	0.9981457256815495	3.3855360616726564	0.005421690063773864	9.296469093537441	213.80118883497212	4.715486347852987	0.9987987586005882	49.495709136217634	240.44034346713	-0.09298624912760552
3.329757525083612	2.9498327759197323	2.8512976661975715	0.000044790620549542094	1.6172502164470872	0.9979706555729742	3.360333705940902	0.005787407236577851	9.265333070922393	211.76368976570183	4.6563923518539365	0.9987568472923328	49.0657004247713	240.40501834813568	-0.1259417967543656
3.329757525083612	2.9866220735785953	2.8343524661134554	0.000049813931679958164	1.597349304786797	0.9977845777310445	3.3355300102201575	0.0061725901177496845	9.23496556274139	209.76317359182536	4.598770741032169	0.998714488543363	48.644535305276825	240.37099295490864	-0.15837777521571675
3.329757525083612	3.0234113712374584	2.817713256002157	0.00005529268840697444	1.5779405269623334	0.9975871874285509	3.3111079891892117	0.00657808969303385	9.205355623292874	207.79808182979627	4.542568206111043	0.9986716838059769	48.23194231463611	240.33832116127965	-0.1902983993447133
3.329757525083612	3.060200668896321	2.8013699641812613	0.00006125847815466133	1.5590065939560922	0.9973781840188053	3.287051165662116	0.0070047957382949905	9.176493133135246	205.86690879067777	4.487733959435868	0.9986284327369301	47.827661058685216	240.30705222166233	-0.22170724812243425
3.329757525083612	3.096989966555184	2.785312906392414	0.00006774444223885061	1.5405310373599985	0.997157269873303	3.2633435329947487	0.007453639124525861	9.14836877849866	203.9681978089155	4.434219586813462	0.998584733162825	47.431441611868344	240.27723089074212	-0.25260728129183896
3.329757525083612	3.1337792642140467	2.7695327638014113	0.00007478533190874028	1.5224981610756303	0.9969241491639023	3.2399695194828886	0.007925594256487195	9.120974032567887	202.10053767526648	4.381978909999808	0.9985405810452848	47.04304395811475	240.24889756946507	-0.28300085446503176
3.329757525083612	3.17056856187291	2.7540205624699037	0.00008241756777624074	1.5048929965612174	0.9966785264948839	3.2169139545882626	0.00842168164947876	9.094301138419986	200.2625592557573	4.330967858956097	0.998495970445611	46.66223746964411	240.22208847538968	-0.31288973291518335
3.329757525083612	3.2073578595317724	2.7387676541865797	0.00009067930299038157	1.487701261344229	0.9964201053903263	3.1941620368473234	0.008942970648147183	9.068343093393434	198.4529322802945	4.2811443530753825	0.9984508934886642	46.288800420720044	240.1968358356	-0.3422751042451115
3.329757525083612	3.2441471571906355	2.723765698555925	0.00009961049053520164	1.4709093205426138	0.996148586642188	3.1716993033347762	0.00949058229040025	9.043093634652887	196.6703622861688	4.232468190654625	0.9984053403257561	45.92251953363036	240.17316810041936	-0.3711575901284753
3.329757525083612	3.280936454849498	2.7090066462523827	0.00010925295505078881	1.4545041511600318	0.9958636665243685	3.149511600571519	0.01006569231836084	9.018547225698013	194.91358770330163	4.184900945953227	0.9983592990963903	45.56318955441677	240.15111017631642	-0.399537257325905
3.329757525083612	3.317725752508361	2.694482723356585	0.00011965046959855441	1.438473308940461	0.9955650348778248	3.1275850567841377	0.0106695343367889	8.994699043543038	193.18137706962887	4.138405873238247	0.9983127558887456	45.21061285609354	240.13068367648995	-0.427413628188174
3.329757525083612	3.3545150501672243	2.68018641669872	0.00013084883781300122	1.4228048975858365	0.9952523730715858	3.1059060554413014	0.011303403117438156	8.97154496626675	191.4725263665943	4.092947817270362	0.9982656946988563	44.864599067298	240.11190718777755	-0.4547856908712033
3.329757525083612	3.391304347826087	2.6661104601419887	0.0001428959819028744	1.4074875401569986	0.9949253518442677	3.08446121001152	0.011968658045302004	8.949081560599327	189.7858564663291	4.04849312973313	0.998218097388519	44.52496472450114	240.0947965526893	-0.4816519095042732
3.329757525083612	3.42809364548495	2.6522478217464545	0.00015584203698422452	1.392510352493264	0.994583629030456	3.063237339906908	0.012666726699512017	8.927306069171072	188.12021068376342	4.005009591151737	0.9981699436420286	44.191532946074304	240.07936516549424	-0.5080102345729631
3.329757525083612	3.4648829431438126	2.6385916917608503	0.00016973945224576048	1.3778629184997349	0.9942268471761465	3.0422214475998492	0.013399108557651671	8.90621639699939	186.4744524287142	3.962466337887473	0.9981212109219482	43.864133126668776	240.06562428149607	-0.5338581138027033
3.329757525083612	3.5016722408026757	2.625135471396648	0.0001846430994622518	1.3635352671638894	0.9938546310473484	3.021400696923613	0.014167378807255337	8.885811096731466	184.84746295493005	3.9208337938297975	0.9980718744242159	43.54260065050748	240.0535833387635	-0.5591925038579106
3.329757525083612	3.5384615384615383	2.611872762345512	0.0002006103893833759	1.3495178511744115	0.9934665850359964	3.0007623925951132	0.014973192242098842	8.866089352091238	183.23813920522576	3.8800836064407487	0.9980219070330235	43.226776622326064	240.04325029178685	-0.5840098832053638
3.329757525083612	3.5752508361204014	2.598797357007687	0.0002177013965320424	1.3358015270254295	0.9930622904675412	2.9802939610282695	0.015818287213307747	8.847050958898233	181.64539175423485	3.8401885868355876	0.9979712792760422	42.91650761482292	240.03463195665483	-0.6083062665298626
3.329757525083612	3.612040133779264	2.58590322940552	0.0002359789929460154	1.3223775364987138	0.992641302815056	2.959982932540879	0.016704489596061984	8.828696302932055	180.06814285303767	3.801122653610647	0.9979199592807402	42.61164543159867	240.02773436755228	-0.6320772211349561
3.329757525083612	3.648829431438127	2.5731845267627538	0.000255508991387398	1.3092374894246968	0.9922031488254567	2.939816925096913	0.01763371672144886	8.811026333808172	178.50532458302607	3.7628607801533334	0.9978679127327347	42.31204688467398	240.02256314450415	-0.6553178858124076
3.329757525083612	3.68561872909699	2.5606355617367864	0.00027636029852377066	1.2963733476306614	0.9917473235645733	2.9197836297705115	0.018607981209477896	8.7940425339068	176.95587712992156	3.7253789451910255	0.997815102837344	42.017573585777214	240.01912387242405	-0.6780229927210752
3.329757525083612	3.722408026755853	2.5482508052977755	0.0002986050785488616	1.2837774099910744	0.9912732873893988	2.899870798168667	0.01962939462303958	8.777746881257126	175.4187471929765	3.6886540863555086	0.9977614902857714	41.728091750693466	240.01742249167185	-0.7001868928791991
3.329757525083612	3.759197324414716	2.536024880255183	0.0003223189276561084	1.2714422985007723	0.9907804628579793	2.880066232106971	0.02070017084325183	8.762141805121864	173.89288654909691	3.6526640565570547	0.9977070332276518	41.443472016055956	240.01746570038475	-0.7218035859431576
3.329757525083612	3.7959866220735785	2.523952555439152	0.0003475810597004239	1.2593609452966283	0.9902682315901857	2.8603577758978624	0.02182262904377569	8.74723013285371	172.3772507970478	3.617387582978093	0.9976516872520361	41.16358926804802	240.01926136891237	-0.742866755020392
3.329757525083612	3.8327759197324416	2.5120287405511035	0.00037447450327657294	1.247526580557426	0.989735931096141	2.8407333116841014	0.02299919611483285	8.73301502640602	170.8707983131195	3.5828042285105526	0.9975954053792849	40.88832248256655	240.0228189667129	-0.763369807342914
3.329757525083612	3.869565217391304	2.500248481704741	0.00040308631030057813	1.2359327212148405	0.9891828515934735	2.821180758331694	0.024232408356440416	8.719499906677195	169.37248945668213	3.548894355473102	0.9975381380667743	40.61755457647224	240.02815000200556	-0.7833059217088373
3.329757525083612	3.9063545150501673	2.4886069576853944	0.0004335077759967918	1.2245731604107366	0.9886082328399487	2.801688074486438	0.025524912224418557	8.706688363656859	167.8812860720193	3.515639091454961	0.9974798332318142	40.3511722696204	240.03526847433767	-0.8026681036802265
3.329757525083612	3.94314381270903	2.4770994769621564	0.00046583466995912245	1.2134419576374749	0.9880112610145062	2.7822432664960983	0.026879463871818436	8.694584050128737	166.39615134172416	3.4830202971424	0.9974204362957111	40.08906595743323	240.0441913400834	-0.8214492496011935
3.329757525083612	3.979933110367893	2.465721475492887	0.0005001674776636261	1.2025334294983052	0.987391065687394	2.762834402003842	0.028298927182550615	8.683190556479705	164.9160500566734	3.45102053599075	0.9973598902534826	39.831129593822936	240.05493899049978	-0.839642220566244
3.329757525083612	4.016722408026756	2.4544685153670067	0.0005366116514515344	1.1918421410245037	0.9867467169290175	2.743449630126238	0.029786269943480343	8.67251126398362	163.43994937810945	3.419623045610835	0.9972981357743405	39.57726058432187	240.0675357415821	-0.8572399275166521
3.329757525083612	4.053511705685619	2.443336284334119	0.0005752778695702574	1.1813628974844512	0.9860772226173199	2.72407720923584	0.03134455774691001	8.662549173790856	161.9668201783617	3.3888117107425186	0.9972351113386672	39.327359689304195	240.082010334333	-0.8742354286622013
3.329757525083612	4.090301003344481	2.4323205962673486	0.0006162823013482195	1.1710907366174617	0.9853815260149204	2.7047055434684	0.032976945158644536	8.653306708788806	160.49563905784984	3.358571037690426	0.9971707534178114	39.08133093719522	240.09839644329642	-0.8906220404045537
3.329757525083612	4.127090301003345	2.4214173926079567	0.0006597468759842787	1.1610209212219122	0.9846585036997012	2.685323229159089	0.03468666363012041	8.644785485540199	159.02539114662426	3.328886130097418	0.997104996703558	38.83908154755422	240.1167331901969	-0.9063934628598798
3.329757525083612	4.1638795986622075	2.41062274483119	0.0007057995517550821	1.1511489320232697	0.9839069639457004	2.6659191124688797	0.03647700557993777	8.636986053699964	157.5550738079336	3.2997426659306597	0.9970377743945442	38.600521863881454	240.1370656583604	-0.921543920922708
3.329757525083612	4.20066889632107	2.399932857961008	0.0007545745816926372	1.1414704607430277	0.9831256456645158	2.646482359475546	0.0383513040256076	8.629907600712414	156.0837013679463	3.2711268755522367	0.9969690185471197	38.36556529592524	240.15944540206962	-0.9360683215577225
3.329757525083612	4.237458193979933	2.3893440751420467	0.0008062127709766304	1.1319814032849156	0.9823132180301606	2.627002539954153	0.040312907117226786	8.623547620263016	154.61031099823302	3.2430255207426777	0.9968986604980834	38.13412827115593	240.18393094332905	-0.949962427624388
3.329757525083612	4.274247491638796	2.3788528832490607	0.0008608617204537235	1.1226778529502923	0.9814682809212862	2.6074697259349415	0.04236514692001373	8.617901543975323	153.13396987389416	3.21542587454075	0.9968266313662673	37.90613019491253	240.2105882465359	-0.9632230480041363
3.329757525083612	4.311036789297659	2.3684559194758297	0.0009186760498858382	1.113556093591224	0.9805893663224369	2.587874605874714	0.044511301823121074	8.612962337279333	151.65378371787205	3.188315701757767	0.9967528626389375	37.68149341851567	240.2394911594045	-0.9758482430836892
3.329757525083612	4.3478260869565215	2.358149978795294	0.0009798175938104407	1.1046125926080426	0.9796749408286202	2.56820861487999	0.046754552030988106	8.608720062304494	150.1689068181625	3.1616832400192854	0.9966772868473013	37.4601432143664	240.27072180614726	-0.9878375437282995
3.329757525083612	4.384615384615385	2.347932022120224	0.001044455562356849	1.095843993699477	0.9787234093926902	2.5484640808463084	0.04909792773517126	8.60516141312691	148.67855356632896	3.135517181183749	0.996599838332889	37.242007756721	240.3043709166514	-0.9991921807406215
3.329757525083612	4.421404682274248	2.3377991849183424	0.001112766659118751	1.087247109278737	0.9777331204402926	2.5286343856000255	0.05154424978414569	8.602269231751592	147.18201150985416	3.1098066529861748	0.996520454103096	37.027018106442554	240.34053807318506	-1.0099153204478484
3.329757525083612	4.45819397993311	2.327748785949392	0.001184935148367078	1.078818912479748	0.9767023724497181	2.5087141391295207	0.05409606297962446	8.60002201681281	145.67865583494114	3.084541200758267	0.9964390747696156	36.81510819759908	240.37933185444055	-1.0200123005165154
3.329757525083612	4.494983277591973	2.31777833569721	0.0012611528646459954	1.070556528695337	0.9756294220514701	2.4886993637706256	0.05675556254011312	8.598393441027753	144.1679650989508	3.059710769085428	0.996355645557851	36.60621482332454	240.4208698556601	-1.0294908584222753
3.329757525083612	4.531772575250836	2.307885543973076	0.001341619159272662	1.062457226614667	0.9745124936428117	2.468587683791272	0.05952451478782328	8.597351897738042	142.6495379131711	3.035305683278062	0.9962701173687638	36.40027761791521	240.46527856358816	-1.0383613433018954
3.329757525083612	4.568561872909699	2.298068326076234	0.0014265407805790053	1.0545184087613888	0.973349790435408	2.4483785142635917	0.062404173724065023	8.596860101096121	141.12311014035296	3.0113166305615113	0.9961824478672399	36.197239031752495	240.51269306648592	-1.0466369003375986
3.329757525083612	4.605351170568562	2.2883248068246	0.0015161316879592941	1.0467376015765386	0.972139506760666	2.4280732415222928	0.06539519583504462	8.596874768138685	139.58857202436457	2.987734640926457	0.9960926025633984	35.997044295376455	240.56325658270686	-1.054333615569391
3.329757525083612	4.642140468227424	2.2786533217272846	0.001610612803901855	1.0391124451400715	0.970879841351372	2.407675386038337	0.06849755616935917	8.597346413555842	138.04598452273493	2.9645510676307087	0.9960005558459826	35.79964136895687	240.6171197967518	-1.0614706083372503
3.329757525083612	4.678929765886288	2.269052414575656	0.0017102117130444313	1.0316406826793532	0.969569011206576	2.3871907373845302	0.07171046938378633	8.598219288746147	136.4955939826442	2.9417575674029686	0.9959062919209505	35.60498087359115	240.67443999943248	-1.0680700586814111
3.329757525083612	4.7157190635451505	2.2595208307952404	0.0018151623226151028	1.024320150067667	0.9682052655394856	2.3666274503613622	0.0750323199799502	8.599431495072624	134.9378442065789	2.9193460804659965	0.9958098056046264	35.413016001354585	240.7353800385518	-1.0741571582166423
3.329757525083612	4.752508361204013	2.2500575060377597	0.0019257045039585037	1.0171487655653781	0.966786899218102	2.3459960915197455	0.07846060625371483	8.600915296542452	133.37338491693777	2.8973088105673903	0.9957111029203323	35.22370240189133	240.80010709814835	-1.0797599754225595
3.329757525083612	4.789297658862877	2.24066154970431	0.002042083739629204	1.0101245200939388	0.9653122650496474	2.325309626456052	0.08199190245550582	8.602597649112061	131.80307566950188	2.875638205272501	0.9956102014512002	35.03699804454548	240.86879133674233	-1.0849092300155414
3.329757525083612	4.826086956521739	2.231332223371756	0.0021645508041091195	1.0032454683520118	0.9637797842460412	2.304583340476578	0.08562184323536412	8.604400952558265	130.22798439890164	2.8543269368301507	0.9955071304104035	34.852863056561155	240.941604427377	-1.0896379759760015
3.329757525083612	4.862876254180602	2.2220689144263304	0.0022933615079509663	0.9965097210776103	0.9621879544491262	2.283834688513205	0.08934513358225843	8.606244016944173	128.64938001018962	2.833367883957308	0.9954019304033456	34.67125953959909	241.01871805279956	-1.0939811985857921
3.329757525083612	4.8996655518394645	2.212871105562547	0.0024287765345738913	0.989915438727207	0.9605353547955041	2.2630830743394026	0.09315558618000969	8.608043220276516	127.06871875136154	2.812754114898372	0.9952946528736961	34.49215136858121	241.10030241671942	-1.097975336972385
3.329757525083612	4.936454849498328	2.2037383411430427	0.0025710613958131517	0.983460826782147	0.9588206476581908	2.2423495638356985	0.0970461864758914	8.609713818583861	125.48762448892576	2.7924788720922575	0.9951853592451407	34.315503978476656	241.18652483523564	-1.1016577494985202
3.329757525083612	4.973244147157191	2.1946701916941165	0.0027204865267663816	0.9771441328086047	0.9570425769035573	2.2216565418007277	0.10100918394057183	8.611171356185533	123.90786342545697	2.77253555872562	0.9950741197912718	34.14128414588142	241.27754847046637	-1.105066144158241
3.329757525083612	5.010033444816053	2.1856662179941004	0.0028773275329705542	0.9709636452977635	0.9551999627270895	2.2010273260424356	0.10503620618517313	8.612333114167127	122.33131419818851	2.7529177273670986	0.9949610122848531	33.96945977294641	241.3735312609759	-1.1082379992875346
3.329757525083612	5.046822742474917	2.1767259362698677	0.0030418655942926367	0.9649176942086902	0.9532916933553583	2.1804857556827297	0.10911839100572522	8.613119530448436	120.75993463295113	2.73361907077327	0.994846120492461	33.79999968126303	241.47462509131904	-1.1112100009071264
3.329757525083612	5.083612040133779	2.1678487859400715	0.003214388021125026	0.9590046530394108	0.9513167140984221	2.1600557723590437	0.11324653024029464	8.613455526068941	119.1957266566174	2.714633414843468	0.9947295325894464	33.63287342269856	241.58097522720777	-1.114017521711195
3.329757525083612	5.120401337792642	2.1590341011410445	0.003395188950567221	0.9532229421729594	0.949274014384645	2.139761013100117	0.11741121868740799	8.613271679334588	117.6407009665965	2.6959547135907416	0.9946113395723241	33.468051112961795	241.69272002525292	-1.1166941632560203
3.329757525083612	5.157190635451505	2.1502810869692146	0.003584570164113493	0.9475710331926213	0.9471626134942444	2.1196244321222584	0.12160300130387149	8.61250520134671	116.09684301007411	2.677577045901681	0.9944916337410895	33.305503292027716	241.80999090892962	-1.1192713777469105
3.329757525083612	5.193979933110368	2.1415888010118342	0.003782842004520855	0.9420474538381444	0.9449815457240527	2.0996679658933335	0.12581251244626412	8.61110068160439	114.56608165093982	2.659494613788022	0.9943705073135659	33.145200813666456	241.93291258718634	-1.1217781796435566
3.329757525083612	5.230769230769231	2.1329561403600255	0.003990324368200913	0.9366507932817841	0.9427298456690901	2.0799122519701294	0.13003060193696064	8.609010588928934	113.0502616277759	2.6417017417926774	0.9942480512193581	32.987114764430395	242.0616034803512	-1.1242409508604758
3.329757525083612	5.2675585284280935	2.1243818339466656	0.004207347750499006	0.9313797074352846	0.940406534209492	2.0603764078374214	0.13424844406449826	8.606195529005566	111.55112057137215	2.624192877203186	0.994124354104384	32.83121641075465	242.19617631053	-1.1266833373404943
3.329757525083612	5.304347826086956	2.1158644397586013	0.004434254324160819	0.9262329240492039	0.9380106056615782	2.0410778717593603	0.138457627092036	8.602624273785246	110.07027099704112	2.6069625907423832	0.9939995015602578	32.67747717146002	242.33673881051507	-1.1291262297769977
3.329757525083612	5.34113712374582	2.1074023462585925	0.004671399035527342	0.9212092474263984	0.9355410164080717	2.022032303907342	0.1426502222797413	8.598273588763853	108.60918735352784	2.590005577444381	0.9938735755777203	32.525868612004736	242.48339450610763	-1.1315878175937413
3.329757525083612	5.377926421404682	2.0989937772233396	0.0049191507079118	0.9163075626341517	0.9329966751813124	2.0032535430304903	0.146818832694997	8.593127891259755	107.16919792511061	2.5733166574750106	0.9937466542109898	32.376362456313764	242.63624353063506	-1.1340837030689255
3.329757525083612	5.414715719063545	2.090636799155446	0.005177893146613387	0.911526839158185	0.9303764350475398	1.9847536118202365	0.15095662310189115	8.587178776281739	105.75148116391556	2.5568907767134506	0.9936188114309565	32.228930611893624	242.79538343652408	-1.1366270616317176
3.329757525083612	5.451505016722408	2.0823293304460786	0.0054480262446719155	0.9068661339921709	0.9276790870379351	1.9665427628921661	0.1550573329500782	8.580424446859052	104.35706588144926	2.540723006968634	0.9934901171396052	32.08354520413434	242.9609099759002	-1.1392288346444939
3.329757525083612	5.488294314381271	2.074069151534194	0.005729967092475016	0.9023245941961401	0.9249033552963873	1.9486295568724579	0.1591152749250421	8.572869083481777	102.98683464867084	2.5248085457560085	0.9933606373156211	31.94017861612151	243.1329178295555	-1.1418979421221216
3.329757525083612	5.525083612040134	2.0658539154094777	0.006024151097562882	0.8979014589857294	0.9220478935645801	1.9310209642788227	0.1631253217090817	8.564522183350977	101.6415297329363	2.509142715604093	0.9932304342612236	31.798803530838022	243.31150127054937	-1.1446415045251117
3.329757525083612	5.561872909698996	2.0576811579229517	0.006331033123421987	0.8935960614323302	0.9191112827988646	1.9137224835505176	0.16708288358388673	8.55539789520757	100.32176092492283	2.4937209628947445	0.993099566922222	31.659392973246817	243.49675475473668	-1.1474650647196627
3.329757525083612	5.59866220735786	2.049548307488441	0.00665108865779954	0.8894078298634618	0.9160920297061371	1.8967382685359118	0.1709838793369914	8.54551437023167	99.0280146653371	2.4785388562661868	0.9929680912564339	31.52192035035208	243.6887734354814	-1.1503728031995375
3.329757525083612	5.635451505016722	2.041452693870039	0.006984815022227985	0.8853362890550389	0.9129885659926266	1.8800712598415872	0.17482470266838085	8.534893144359806	97.76066395716512	2.463592084624422	0.992836060629376	31.38635948789316	243.88765360361097	-1.153367741551497
3.329757525083612	5.672240802675585	2.0333915558491786	0.00733273263518488	0.8813810613045945	0.9097992481354857	1.8637233155659376	0.17860218597646244	8.52355856268385	96.51997863366519	2.4488764548178743	0.9927035262200771	31.252684662806434	244.09349305636832	-1.156451930814508
3.329757525083612	5.709030100334449	2.025362047647295	0.007695386341759196	0.8775418674688203	0.9065223575084163	1.8476953380017644	0.1823135630700105	8.511537252559007	95.30613563726365	2.4343878890339723	0.9925705374236511	31.12087063098871	244.30639140093135	-1.1596266227833039
3.329757525083612	5.745819397993311	2.0173612440450386	0.008073346823005506	0.8738185280413631	0.9031561007160348	1.8319873938428815	0.18595643203101692	8.498857648733903	94.11922904424695	2.420122421975569	0.9924371422406947	30.99089265020337	244.52645029901547	-1.1628924234256481
3.329757525083612	5.782608695652174	2.009386144188034	0.00846721209843529	0.8702109643389367	0.8996986100150888	1.8165988262441377	0.18952871915902542	8.485549571219009	92.95927964134525	2.4060761978719154	0.9923033876465297	30.862726498203955	244.75377365952005	-1.1662494284343157
3.329757525083612	5.8193979933110365	2.0014336741035663	0.00887760913542505	0.866719199856217	0.8961479437223676	1.8015283577538361	0.19302864467007014	8.471643854672484	91.8262439212243	2.392245467373671	0.9921693199357662	30.73634848631048	244.98846778612474	-1.1696973415488372
3.329757525083612	5.8561872909699	1.9935006879748636	0.009305195579774045	0.8633433618432427	0.8925020865283737	1.78677418366845	0.19645469060605156	8.457172026718615	90.7200224142185	2.378626584375389	0.992034985039613	30.611735468779546	245.23064148641043	-1.1732355766960636
3.329757525083612	5.892976588628763	1.9855839682319545	0.009750661622279394	0.8600836831534738	0.8887589496520732	1.7723340557642169	0.19980557123315512	8.442166031726142	89.64046731376597	2.365216002802618	0.9919004288148777	30.488864848368305	245.4804061485607	-1.17686334525092
3.329757525083612	5.929765886287625	1.9776802245227176	0.0102147320170499	0.8569405044064523	0.8849163707852135	1.7582053566564175	0.20308020606758506	8.426657996064927	88.58738938397416	2.352010273394664	0.9917656973047085	30.367714578519927	245.73787579110243	-1.1805797298460492
3.329757525083612	5.966555183946488	1.9697860916264738	0.01069816826838946	0.8539142765061506	0.8809721137849545	1.7443851652428888	0.20627769555928424	8.410680030640957	87.56056416077287	2.339006040508289	0.9916308369719257	30.24826316259722	246.00316709046882	-1.1843837461940834
3.329757525083612	6.003344481605351	1.9618981263670185	0.011201771004472042	0.8510055635546492	0.8769238680810826	1.7308703138212551	0.2093972993846056	8.394264066504546	86.55973747449264	2.3262000389625483	0.991495894906316	30.130489650576905	246.27639939055106	-1.1882743943553615
3.329757525083612	6.040133779264214	1.9540128035735345	0.01172638255773481	0.8482150462006645	0.8727692477691797	1.7176574375459432	0.2124384172420965	8.377441719471195	85.58463033274197	2.313589090940557	0.9913609190075872	30.01437363358942	246.5576946977983	-1.1922507008094678
3.329757525083612	6.076923076923077	1.9461265111272572	0.012272889773968178	0.8455435254635779	0.8685057903641472	1.7047430169244797	0.21540057200735138	8.36024417993755	84.63494320922423	2.301170102960052	0.991225958145844	29.899895236656025	246.84717766486182	-1.196311752587728
3.329757525083612	6.11371237458194	1.9382355441199695	0.012842227074514097	0.8429919270760231	0.8641309551896171	1.6921234140550978	0.21828339507904915	8.34270212437697	83.71035978768556	2.2889400629216228	0.9910910623015038	29.787035109940046	247.1449755653256	-1.2004567246083233
3.329757525083612	6.150501672240803	1.9303360981375934	0.013435379798846752	0.8405613063916418	0.8596421213783895	1.6797949032880914	0.2210866137355726	8.32484564533079	82.81055021129849	2.276896037240737	0.9909562826865318	29.675774418792052	247.45121826161088	-1.2046849012353948
3.329757525083612	6.187290969899665	1.9224242616687675	0.014053387858159721	0.8382528539093912	0.855036585457189	1.6677536969591704	0.22381004031712082	8.30670419705099	81.93517388715561	2.2650351680676724	0.9908216718488054	29.56609483283443	247.7660381678064	-1.2089956929646675
3.329757525083612	6.224080267558528	1.914496007624433	0.014697349734483568	0.8360679014717841	0.850311558485978	1.655995966800072	0.2264535630496242	8.288306554283038	81.08388189372316	2.2533546705977723	0.9906872837612865	29.457978514297814	248.08957020885737	-1.2133886490249157
3.329757525083612	6.260869565217392	1.906547183940078	0.015368426864398297	0.8340079292017339	0.845464162717796	1.644517861583594	0.22901713833243134	8.269680781994236	80.25631903646342	2.2418518304732395	0.9905531738975533	29.35140810579307	248.4219517773235	-1.2178634665793469
3.329757525083612	6.297658862876254	1.898573503217259	0.016067848451686195	0.8320745732513257	0.8404914277397803	1.6333155215106567	0.23150078431999185	8.250854214146948	79.4521255937471	2.230524001276504	0.9904193992950973	29.246366717673634	248.76332268866355	-1.2224199971158753
3.329757525083612	6.334448160535117	1.8905705313453611	0.01679691675941397	0.8302696344461279	0.8353902860494873	1.6223850897975929	0.23390457563787065	8.231853439885032	78.6709387918264	2.2193686021147756	0.9902860186076435	29.142837915122833	249.1138251359119	-1.227058250529376
3.329757525083612	6.37123745819398	1.8825336750276194	0.01755701293910222	0.8285950879206141	0.8301575680129645	1.6117227218741155	0.23622863908442315	8.212704295743437	77.91239404421617	2.208383115294519	0.9901530921476189	29.040805705076526	249.47360364440246	-1.2317783973237537
3.329757525083612	6.408026755852843	1.8744581681174042	0.018349603463001428	0.8270530938543579	0.8247899961420192	1.601324592557811	0.23847315018072374	8.193431862706793	77.17612598748605	2.1975650840845535	0.9900206819197609	28.940254523077314	249.84280502716913	-1.2365807692956858
3.329757525083612	6.444816053511706	1.866339056650591	0.01917624723530774	0.8256460094350346	0.8192841786176308	1.5911869015287814	0.24063833044282681	8.174060467132472	76.46176934218995	2.1869121105659306	0.9898888516467408	28.841169220137925	250.2215783415057	-1.2414658590046754
3.329757525083612	6.481605351170568	1.858171182437739	0.020038603469652663	0.8243764021935605	0.8136366019742459	1.581305877390072	0.24272444526140252	8.154613684720362	75.76895962462258	2.176421853566874	0.9897576667875716	28.74353504968194	250.6100748471717	-1.2464343182851145
3.329757525083612	6.518394648829432	1.8499491650544568	0.020938440433777992	0.8232470648792415	0.8078436228454255	1.5716777805643036	0.244731802284506	8.135114346855584	75.09733373221015	2.1660920266807535	0.9896271945494712	28.647337654616166	251.00844796662744	-1.2514869560142015
3.329757525083612	6.555183946488294	1.8416673820395757	0.021877645178345843	0.8222610320694281	0.8019014586546495	1.5622989052454253	0.246660750209343	8.115584548775177	74.44653042270613	2.1559203963652016	0.9894975038937756	28.55256305458186	251.41685324769443	-1.2566247353142423
3.329757525083612	6.591973244147157	1.8333199470773156	0.022858234385881346	0.8214215987396175	0.7958061771154127	1.553165580595911	0.2485116778984969	8.096045659116317	73.81619070492708	2.145904780120359	0.989368665536419	28.459197633423063	251.83544832897658	-1.2618487703379768
3.329757525083612	6.62876254180602	1.824900685900688	0.023882366498534306	0.8207323410572726	0.7895536843815685	1.5442741713543684	0.2502850137449998	8.076518330494554	73.20595815656601	2.136043044744375	0.9892407519434443	28.367228126904838	252.26439290838687	-1.2671603227609005
3.329757525083612	6.665551839464883	1.8164031096073543	0.0249523553105045	0.8201971397071287	0.783139711661235	1.535621077995439	0.2519812252191463	8.057022510837063	72.61547918259458	2.1263331046641833	0.9891138373219489	28.27664161070761	252.70384871507613	-1.2725607980837446
3.329757525083612	6.702341137123746	1.8078203850246262	0.026070685243608154	0.8198202061090634	0.7765598000745987	1.5272027365636895	0.2536008185377493	8.037577455260433	72.04440322596777	2.116772920339752	0.9889879976068346	28.187425488720706	253.1539794850834	-1.2780517418313002
3.329757525083612	6.739130434782608	1.7991453016949095	0.027240028563879217	0.8196061119537305	0.7698092834962564	1.5190156182848147	0.2551443384039702	8.018201738335774	71.49238294069518	2.107360496739893	0.9888633104436931	28.09956748165283	253.61495094097603	-1.2836348357199494
3.329757525083612	6.775919732441472	1.790370234974303	0.028463264844902535	0.8195598225587654	0.76288326907469	1.5110562290413478	0.2566123677727007	7.998913266627784	70.95907433587954	2.0980938818877948	0.9887398551681276	28.013055615974327	254.08693077574912	-1.2893118938547552
3.329757525083612	6.812709030100335	1.781487104641647	0.02974350304190853	0.8196867346427154	0.7557766150630617	1.5033211087855924	0.2580055276029448	7.979729291430384	70.44413689799998	2.0889711654744683	0.9886177127817934	27.927878213203865	254.57008864124356	-1.2950848590079094
3.329757525083612	6.849498327759197	1.7724873282990397	0.03108410661214859	0.8199927192292227	0.7484839055239323	1.4958068309496904	0.25932447656460494	7.9606664216496	69.94723369754298	2.0799904775382245	0.9884969659254189	27.844023879548292	255.0645961413068	-1.3009557990230667
3.329757525083612	6.88628762541806	1.7633617687018714	0.032488722205283864	0.8204841705359002	0.7409994213823766	1.4885100019012287	0.26056991067273605	7.941740636807034	69.46803148502153	2.0711499872082757	0.988377698849052	27.761481495902423	255.57062682989488	-1.3069269033842132
3.329757525083612	6.923076923076923	1.754100673979988	0.03396131255691045	0.8211680618779911	0.7333171071926228	1.4814272604827465	0.26174256282749225	7.922967300154043	69.0062007804952	2.0624479015105472	0.988259997379771	27.68024020821376	256.0883562143022	-1.3130004799832724
3.329757525083612	6.959866220735786	1.7446936094917087	0.035506194355005	0.8220520098356904	0.7254305328468771	1.4745552776645101	0.2628432022428365	7.90436117189937	68.56141595987054	2.0538824642336824	0.9881439488870829	27.60028941821393	256.6179617636566	-1.3191789521170163
3.329757525083612	6.996655518394649	1.7351293797771057	0.037128082020829546	0.8231443482084188	0.717332849283454	1.467890756331998	0.2638726337515441	7.885936422561485	68.1333553405278	2.04545195485314	0.988029642246229	27.5216187745172	257.15962292278294	-1.325464855741318
3.329757525083612	7.033444816053512	1.7253959387291689	0.038832138563380476	0.824454213626091	0.7090167370340268	1.4614304312225828	0.2648316969781495	7.867706646462454	67.72170126817718	2.037154687511242	0.9879171677996067	27.444218164084123	257.7135211315119	-1.3318608370085285
3.329757525083612	7.070234113712375	1.715480285658931	0.0406240349440611	0.8259916451288766	0.7004743461725667	1.455171069019969	0.2657212653751456	7.8496848753829	67.32614020629903	2.028989010050867	0.9878066173165129	27.36807770404607	258.27983984944194	-1.3383696501125655
3.329757525083612	7.107023411371237	1.7053683443626642	0.04251001974545506	0.8277677005937747	0.6916972258716461	1.449109468609469	0.266542245121236	7.831883592398164	66.94636282902034	2.0209533031003977	0.9876980839514026	27.293187733884178	258.8587645861299	-1.3449941554649059
3.329757525083612	7.1438127090301	1.6950448215638882	0.04449700140174013	0.8297945936205107	0.6826762413085016	1.4432424614929014	0.2672955738833795	7.814314745914812	66.58206411788404	2.0130459792074475	0.987591662200854	27.21953880795471	259.4504829366337	-1.3517373182240686
3.329757525083612	7.1806020066889635	1.684493040141619	0.046592645855872236	0.8320858554492767	0.6734014750560439	1.4375669123579953	0.2679822194470656	7.796989763924098	66.2329434626112	2.0052654820186966	0.9874874478594186	27.147121688349486	260.055184622258	-1.358602207200711
3.329757525083612	7.217391304347826	1.673694741286634	0.0488054933130253	0.8346565277511052	0.6638621092900568	1.432079719794053	0.26860317822158636	7.779919568485686	65.89870476567127	1.997610285503138	0.9873855379745246	27.075927338079154	260.6730615363189	-1.3655919941600076
3.329757525083612	7.254180602006689	1.6626298480320867	0.0511450988363345	0.8375233938256411	0.6540462840675928	1.4267778171429442	0.2691594736290746	7.7631145904506695	65.5790565502327	1.9900788932157951	0.9872860308005966	27.005946914563427	261.304307794652	-1.3727099535429101
3.329757525083612	7.290969899665551	1.6512761803135707	0.05362220298914044	0.8407052580307387	0.6439409254739394	1.421658173472654	0.2696521543876693	7.746584784428743	65.2737120708969	1.9826698375989937	0.9871890257525351	26.937171763411616	261.9491197905581	-1.3799594626278857
3.329757525083612	7.327759197324415	1.6396091085766997	0.056248940728584745	0.8442232864036088	0.6335315354351144	1.416717794658794	0.2700822927005915	7.730339643999295	64.98238942645737	1.9753816793180135	0.9870946233586875	26.86959341247324	262.6076962537837	-1.3873440021546692
3.329757525083612	7.364548494983278	1.627601128594514	0.05903909953928005	0.848101425787202	0.62280193220946	1.4119537245586675	0.27045098236382303	7.714388217161895	64.70481167384845	1.9682130066279155	0.9870029252134315	26.803203566136983	263.28023831307956	-1.3948671574320266
3.329757525083612	7.40133779264214	1.6152213340144101	0.06200844172967368	0.8523669249161573	0.6117339266382626	1.4073630462615476	0.27075933680592057	7.69873912201687	64.44070694236461	1.9611624347682493	0.9869140339294663	26.7379940998542	263.9669495618218	-1.40253261995143
3.329757525083612	7.438127090301004	1.6024347543436845	0.06517511146764658	0.8570509897249856	0.6003069135818306	1.4029428833986395	0.2710084870738645	7.683400562662616	64.18980854721185	1.954228605382107	0.9868280530898964	26.67395705485989	264.66803612606566	-1.410344189529442
3.329757525083612	7.474916387959866	1.5892015132063202	0.06856015541130077	0.8621896180155685	0.5884973496881893	1.3986904014961323	0.271199579779096	7.668380345292394	63.95185510144252	1.9474101859561161	0.9867450872001678	26.611084633063545	265.3837067343971	-1.4183057770016552
3.329757525083612	7.511705685618729	1.5754757424883308	0.07218819816973808	0.8678246778335539	0.576278076263147	1.3946028093550173	0.2713337750178397	7.653685894470135	63.72659062534548	1.940705869277636	0.9866652416398997	26.54936919207839	266.114172788799	-1.4264214074921613
3.329757525083612	7.548494983277592	1.5612041586403842	0.07608833277138528	0.874005323249313	0.5636174270678085	1.3906773604418188	0.2714122442795974	7.639324269561842	63.51376465239861	1.9341143729054817	0.9865886226146272	26.488803240356507	266.85964843571355	-1.4346952242830893
3.329757525083612	7.585284280936455	1.5463241613914398	0.08029531607225864	0.8807898872510638	0.5504780311151203	1.38691135427519	0.27143616835723255	7.625302181297166	63.31313233095496	1.927634438650399	0.986515337107457	26.429379432395052	267.62035063640565	-1.4431314933100297
3.329757525083612	7.622073578595318	1.5307612408084637	0.0848512071808478	0.8882484657731867	0.5368151723927541	1.383302137794003	0.27140673527156206	7.611626008433798	63.12445452088585	1.921264832061344	0.986445492830601	26.371090563976143	268.3964992356121	-1.45173460831029
3.329757525083612	7.65886287625418	1.5144253544611133	0.08980766756270435	0.8964665310554208	0.5225744878535973	1.3798471066937168	0.2713251382225946	7.598301814496576	62.947497884496435	1.9150043419136364	0.9863791981767448	26.31392956740132	269.1883170274127	-1.4605090966526868
3.329757525083612	7.695652173913044	1.4972057206606435	0.09522928177474653	0.9055501283143162	0.5076886447281187	1.3765437067187807	0.271192573578774	7.585335364562403	62.78203497110371	1.9088517796948827	0.9863165621701686	26.257889506679202	269.9960298171394	-1.4694596258793384
3.329757525083612	7.7324414715719065	1.4789630811130354	0.10119851347463102	0.9156336023336277	0.4920723825176351	1.3733894348999864	0.2710102389146906	7.572732142062263	62.62784429475698	1.9028059790845513	0.9862576944175222	26.202963572622878	270.8198664780624	-1.4785910109920388
3.329757525083612	7.769230769230769	1.4595177318203325	0.1078234035559941	0.9268915550809927	0.47561481282244794	1.3703818407267967	0.27077933110676394	7.560497365572055	62.48471040466757	1.896865795422845	0.9862027050581295	26.1491450778105	271.660059001455	-1.4879082225186828
3.329757525083612	7.806020066889632	1.4386300719993446	0.11525012951586261	0.9395582845188296	0.45816685790288547	1.367518527245932	0.2705010444953886	7.548636005565035	62.35242394800853	1.8910301051645793	0.986151704713669	26.096427451361745	272.51684253857394	-1.4974163953978525
3.329757525083612	7.842809364548495	1.4159669686479377	0.12368480480673767	0.9539614069099736	0.4395194492254792	1.364797152078529	0.2701765691210444	7.537152801099827	62.23078172482403	1.8852978053134535	0.9861048044370568	26.044804233478335	273.3904554329172	-1.5071208387233859
3.329757525083612	7.879598662207358	1.3910386908078514	0.13343449866247414	0.9705849084934921	0.4193625055101257	1.3622154283493175	0.26980708904086254	7.526052276419911	62.119586734872186	1.8796678128320636	0.9860621156603293	25.994269069695573	274.28113924101933	-1.5170270463946425
3.329757525083612	7.916387959866221	1.3630668463013322	0.14499343053987157	0.9902011936720884	0.3971987361403356	1.3597711255223852	0.26939378073109077	7.515338757442362	62.018648216307625	1.8741390640228046	0.9860237501413001	25.944815704788315	275.18913873989226	-1.527140708722691
3.329757525083612	7.953177257525083	1.3306592215422441	0.15925590825175068	1.014196229019222	0.37213070086650635	1.357462070138862	0.2689378115800246	7.50501638811593	61.92778167616596	1.8687105138745232	0.9859898199087411	25.896437976271173	276.11470191903294	-1.5374677250479187
3.329757525083612	7.989966555183947	1.2907629462544552	0.17820417928986818	1.0456163611755178	0.3421729563081063	1.3552861464529562	0.26844033847495025	7.495089146631016	61.84680891269056	1.8633811353696672	0.9859604372058125	25.84912980743023	277.05807995477846	-1.5480142174302272
3.329757525083612	8.02675585284281	1.2325203941132867	0.20896061958816844	1.0953123975110515	0.3001998650089339	1.353241296963415	0.2679025064858292	7.485560861466787	61.77555802958705	1.8581499187462887	0.9859357144314386	25.802885199818697	278.0195271645529	-1.5587865454797325
3.329757525083612	8.063545150501673	1.1614582540786063	0.251632009706722	1.1614582540766076	0.2516320097079106	1.3513088298033435	0.2673315714842881	7.476383477000789	61.71253392364864	1.8530076571235214	0.9859150280985923	25.757591459748173	278.9965608123845	-1.5697470859479268
3.329757525083612	8.100334448160535	1.12511355076495	0.2749686698400131	1.1251135507649652	0.2749686698400023	1.3484679677011162	0.2671100127532907	7.46683491291546	61.58475506117485	1.8471988520495448	0.9859028868503072	25.70494917190042	279.7630389688598	-1.582097908067961
3.329757525083612	8.137123745819398	1.2677270935055405	0.1869581550965949	1.2677270935055243	0.18695815509660352	1.3543350953940336	0.26366364730276615	7.463305585601827	62.07697914610974	1.847946265149252	0.9858477228397856	25.72413389467412	282.49423814088806	-1.5836704942447946
3.329757525083612	8.173913043478262	1.327484611285903	0.15725414496230675	1.3274846112859107	0.15725414496230308	1.3637066480373818	0.2590333052745296	7.46425444637606	62.821986774746954	1.8513377851737527	0.9858154486646267	25.772953495833615	286.063659737065	-1.5836704942447946
3.329757525083612	8.210702341137123	1.3652461365108364	0.1404522465262932	1.3652461365108364	0.14045224652629332	1.3739314243784735	0.25423055819076323	7.4668561124946855	63.62687808705609	1.8555464495635194	0.985799217770094	25.8309023933067	289.9256405563708	-1.5836704942447946
3.329757525083612	8.247491638795987	1.3938666874584873	0.128707053361127	1.3938666874584884	0.12870705336112656	1.3844895782118714	0.24944972806137342	7.4703591120747905	64.45336425387022	1.8602300536761653	0.9857937538573677	25.89404376240666	293.9792287626518	-1.5836704942447946
3.329757525083612	8.284280936454849	1.417210450981341	0.11974672524043557	1.417210450981344	0.1197467252404344	1.3951117864309683	0.2447833853095465	7.474364572188134	65.28178022047449	1.86519926418689	0.9857960199862636	25.960202939817272	298.1683996310513	-1.5836704942447946
3.329757525083612	8.321070234113712	1.4370160753390464	0.11257284826079582	1.4370160753390444	0.11257284826079668	1.4056383980653786	0.24027932109072778	7.47862694100715	66.10060051833133	1.8703309923771632	0.9858039318496526	26.02797143229182	302.45617659354804	-1.5836704942447946
3.329757525083612	8.357859531772576	1.4542386653758839	0.10664859654794209	1.4542386653758836	0.10664859654794212	1.4159717122193916	0.2359608110101488	7.48298739766955	66.90287727162949	1.875540552486832	0.985815965350881	26.096385392173357	306.8165291172797	-1.5836704942447946
3.329757525083612	8.394648829431437	1.4694710821417547	0.10164825536654631	1.4694710821417545	0.10164825536654643	1.426052765762074	0.2318366723474265	7.487341808151156	67.6845078103657	1.8807684852640252	0.9858309772157674	26.164772802484833	311.230630747524	-1.5836704942447946
3.329757525083612	8.431438127090301	1.4831128877415136	0.09735771957567983	1.4831128877415118	0.09735771957568044	1.435847880738622	0.22790703535388115	7.491622260425852	68.44323332331086	1.8859728821868988	0.9858481008307939	26.232664224393282	315.6847124988121	-1.5836704942447946
3.329757525083612	8.468227424749164	1.4954495613172774	0.09362807355746637	1.4954495613172782	0.09362807355746619	1.4453401527768455	0.22416687683193556	7.495785390016907	69.17800796882062	1.8911243809872809	0.9858666767923348	26.29973456706371	320.16867051402863	-1.5836704942447946
3.329757525083612	8.505016722408026	1.5066940185402127	0.09035133959506647	1.5066940185402107	0.09035133959506715	1.4545238248284684	0.22060824287043176	7.499804634922046	69.88858397938638	1.8962027048723422	0.9858862031079382	26.36576285326625	324.675100756127	-1.5836704942447946
3.329757525083612	8.54180602006689	1.5170102951154192	0.08744669167882568	1.5170102951154194	0.08744669167882572	1.4634004869724926	0.21722165772009155	7.503664964874164	70.57523301537614	1.901194195392668	0.985906298190287	26.430603590445298	329.19860565715356	-1.5836704942447946
3.329757525083612	8.578595317725753	1.5265279901608722	0.08485209024150303	1.5265279901608722	0.08485209024150303	1.4719764834008042	0.21399701293490417	7.507359244238045	71.23855721187994	1.9060900253162063	0.9859266728840125	26.494166085578748	333.73528649439396	-1.5836704942447946
3.329757525083612	8.615384615384615	1.5353515630940069	0.08251893745538595	1.535351563094007	0.08251893745538584	1.4802611363915852	0.21092412039362748	7.510885702554432	71.87936064363116	1.910884892582032	0.985947109144135	26.556399374359117	338.2823676562328	-1.5836704942447946
3.329757525083612	8.652173913043478	1.5435665880963412	0.08040851760227857	1.5435665880963405	0.08040851760227877	1.4882655303321508	0.2079930470504705	7.51424616783582	72.4985620023327	1.9155760607748709	0.9859674437125027	26.617281187193004	342.83791660741576	-1.5836704942447946
3.329757525083612	8.688963210702342	1.5512441179842256	0.07848954449267391	1.5512441179842267	0.07848954449267358	1.4960016824294435	0.20519430813016581	7.517444830208045	73.09713558235906	1.9201626517562425	0.9859875555853341	26.676809846054397	347.40063415654816	-1.5836704942447946
3.329757525083612	8.725752508361204	1.5584438225833037	0.07673642346339972	1.5584438225833035	0.07673642346339976	1.5034819814907403	0.20251896905493827	7.520487376708471	73.67607178447452	1.9246451229560317	0.9860073563696726	26.734998302077273	351.96969676831475	-1.5836704942447946
3.329757525083612	8.762541806020067	1.5652163036722695	0.07512799034318045	1.5652163036722697	0.07512799034318028	1.5107188129207916	0.19995868916449405	7.5233803870512865	74.23635109880843	1.9290248805065908	0.9860267828471156	26.791869743436287	356.54463761520145	-1.5836704942447946
3.329757525083612	8.799331103678929	1.5716048394120412	0.07364657794010025	1.5716048394120397	0.07364657794010071	1.517724313132865	0.19750572897129084	7.52613091352196	74.7789273955231	1.9333039926692182	0.9860457912274685	26.847454358985757	361.1252565920416	-1.5836704942447946
3.329757525083612	8.836120401337793	1.5776467229630167	0.07227731293962861	1.5776467229630156	0.07227731293962895	1.5245102137970938	0.19515293522180313	7.5287461911131865	75.30471763018515	1.9374849775403762	0.9860643526988241	26.901786955055805	365.71155206888375	-1.5836704942447946
3.329757525083612	8.872909698996656	1.5833743058412333	0.07100757831181818	1.5833743058412333	0.07100757831181825	1.5310877482682363	0.19289371308945844	7.531233439930426	75.81459595183858	1.94157064592934	0.9860824499743588	26.95490520368315	370.3036690198003	-1.5836704942447946
3.329757525083612	8.909698996655518	1.58881582220652	0.06982659678387794	1.5888158222065198	0.06982659678387795	1.5374676008212502	0.19072199154754008	7.533599733000178	76.30939081174625	1.9455639853210989	0.9861000746072506	27.006848359265256	374.9018595316781	-1.5836704942447946
3.329757525083612	8.946488294314381	1.5939960478281758	0.0687251042898928	1.593996047828176	0.06872510428989276	1.5436598851071848	0.18863218579779	7.535851910403777	76.78988409478626	1.9494680745055442	0.9861172248990672	27.057656323401996	379.5064527041298	-1.5836704942447946
3.329757525083612	8.983277591973245	1.5989368324183664	0.06769509124214071	1.5989368324183657	0.06769509124214088	1.5496741422924671	0.18661915919216956	7.537996526147909	77.25681159118567	1.9532860211403533	0.9861339042679166	27.107368968952144	384.1178316964111	-1.5836704942447946
3.329757525083612	9.020066889632107	1.603657533690403	0.06672959557129463	1.6036575336904015	0.06672959557129501	1.5555193521913744	0.1846781861354023	7.540039818068751	77.71086433318615	1.9570209164904153	0.9861501199737445	27.15602565726593	388.7364162303	-1.5836704942447946
3.329757525083612	9.05685618729097	1.6081753742573692	0.06582253573230636	1.6081753742573701	0.06582253573230612	1.5612039527065142	0.18280491683208983	7.541987693827712	78.15269046631607	1.9606758030437426	0.9861658821218285	27.203664899429256	393.36264926986547	-1.5836704942447946
3.329757525083612	9.093645484949834	1.612505737317219	0.06496857488197154	1.6125057373172198	0.06496857488197129	1.5667358643076679	0.18099534433577905	7.543845728026326	78.58289742687398	1.964253651782222	0.986181202883541	27.250324124812416	397.9969869070187	-1.5836704942447946
3.329757525083612	9.130434782608695	1.6166624133193843	0.0641630095975672	1.6166624133193843	0.0641630095975672	1.572122517280937	0.1792457740958214	7.545619166878212	79.0020542689764	1.9677573466870963	0.9861960958872288	27.296039529450344	402.6398907130554	-1.5836704942447946
3.329757525083612	9.167224080267559	1.6206578070448616	0.06340167808272877	1.6206578070448607	0.06340167808272906	1.57737088018886	0.1775527960330141	7.547312937888728	79.41069403500221	1.9711896746563093	0.9862105757426044	27.340845983643515	407.2918219905385	-1.5836704942447946
3.329757525083612	9.20401337792642	1.6245031124694356	0.06268088397024521	1.624503112469435	0.06268088397024538	1.5824874884841358	0.17591325907421052	7.548931662721905	79.80931609878748	1.9745533194577969	0.986224657670148	27.38477698328894	411.9532374916495	-1.5836704942447946
3.329757525083612	9.240802675585284	1.6282084612218182	0.06199733269973575	1.6282084612218186	0.06199733269973566	1.5874784725745363	0.1743242480176225	7.5504796719604	80.19838843585845	1.977850858678105	0.9862383572132546	27.42786463328075	416.6245862690916	-1.5836704942447946
3.329757525083612	9.277591973244148	1.6317830492587988	0.06134807810288703	1.6317830492587981	0.0613480781028872	1.5923495848873404	0.1727830625696894	7.551961020844519	80.57834979245285	1.9810847628784822	0.9862516900156929	27.470139654198	421.3063074019063	-1.5836704942447946
3.329757525083612	9.31438127090301	1.6352352454618297	0.060730477327333464	1.6352352454618295	0.060730477327333464	1.597106225657617	0.17128719838146977	7.553379505351311	80.94961173721036	1.9842573963612635	0.9862646716506751	27.511631405660882	425.99882839680464	-1.5836704942447946
3.329757525083612	9.351170568561873	1.6385726851451061	0.060142152613046375	1.6385726851451066	0.06014215261304625	1.601753467287622	0.16983432991085154	7.554738678173297	81.31256058777745	1.987371019093814	0.9862773174907478	27.55236792137068	430.7025641103096	-1.5836704942447946
3.329757525083612	9.387959866220736	1.6418023509047939	0.05958095873142563	1.6418023509047945	0.05958095873142548	1.6062960772097503	0.1684222949420942	7.556041864300437	81.66755921027709	1.99042778944717	0.9862896426099851	27.592375952085792	435.41791607149827	-1.5836704942447946
3.329757525083612	9.424749163879598	1.6449306427957555	0.05904495512848886	1.644930642795756	0.05904495512848878	1.610738539243506	0.16704908060343598	7.557292176012274	82.01494869339322	1.9934297674900276	0.9863016617117393	27.63168101372376	440.14527211175135	-1.5836704942447946
3.329757525083612	9.461538461538462	1.647963439468753	0.05853238199527364	1.6479634394687521	0.0585323819952739	1.615085073475464	0.16571281073485655	7.55849252716122	82.3550499012677	1.9963789186422727	0.9863133890765972	27.670307438488734	444.8850062284449	-1.5836704942447946
3.329757525083612	9.498327759197325	1.6509061516181982	0.058041639632224896	1.6509061516181982	0.05804163963222491	1.6193396547163867	0.1644117344702191	7.559645646681227	82.68816491093754	1.9992771175410662	0.9863248385262927	27.708278427466407	449.63747862563724	-1.5836704942447946
3.329757525083612	9.535117056856187	1.6537637688620155	0.05757127058873751	1.6537637688620166	0.057571270588737275	1.6235060296049337	0.16314421591025788	7.560754091293321	83.01457834089518	2.002126152009642	0.986336023400189	27.745616103539373	454.4030358872519	-1.5836704942447946
3.329757525083612	9.57190635451505	1.6565409009897678	0.05711994415062374	1.6565409009897685	0.05711994415062359	1.6275877324358468	0.1619087247747273	7.561820257405489	83.33455857775411	2.004927727047408	0.9863469565416305	27.78234156378803	459.1820112479994	-1.5836704942447946
3.329757525083612	9.608695652173912	1.6592418143640186	0.05668644282200819	1.6592418143640186	0.056686442822008166	1.6315880997943175	0.16070382793317345	7.562846392222298	83.64835890809357	2.0076834687817335	0.986357650292011	27.818474930780436	463.9747249349174	-1.5836704942447946
3.329757525083612	9.645484949832776	1.6618704641359505	0.056269650507838026	1.661870464135951	0.056269650507837964	1.6355102840788427	0.15952818172410482	7.563834604091484	83.95621856244676	2.010394928338528	0.9863681164908371	27.854035402335228	468.7814845584297	-1.5836704942447946
3.329757525083612	9.68227424749164	1.6644305228339118	0.05586854215179033	1.6644305228339125	0.055868542151790206	1.6393572659930684	0.15838052498183192	7.564786872121991	84.25836367812924	2.013063585601309	0.9863783664804118	27.88904129947744	473.60258553646696	-1.5836704942447946
3.329757525083612	9.719063545150501	1.66692540579923	0.05548217462400413	1.66692540579923	0.05548217462400419	1.643131866084338	0.15725967269876232	7.565705055112644	84.5550081872915	2.015690852838275	0.9863884111140362	27.92351011241106	478.4383115389467	-1.5836704942447946
3.329757525083612	9.755852842809364	1.6693582938731069	0.05510967868571061	1.6693582938731077	0.05510967868571041	1.6468367554025674	0.15616451025871156	7.56659089983253	84.84635463618278	2.0182780781842196	0.9863982607668557	27.957458544409285	483.2889349428192	-1.5836704942447946
3.329757525083612	9.792642140468228	1.6717321536797376	0.05475025188469925	1.6717321536797372	0.05475025188469934	1.6504744653486663	0.1550939881837157	7.56744604869465	85.13259494121185	2.0208265489695325	0.9864079253486454	27.990902553579087	488.1547172900868	-1.5836704942447946
3.329757525083612	9.82943143812709	1.674049755801859	0.05440315225779169	1.6740497558018583	0.05440315225779183	1.654047396777447	0.1540471173429729	7.568272046864386	85.41391108700728	2.0233374948930853	0.9864174143179794	28.023857392503658	493.03590974322344	-1.5836704942447946
3.329757525083612	9.866220735785953	1.676313691103136	0.0540676927350677	1.6763136911031364	0.054067692735067584	1.6575578284148735	0.15302296457815023	7.569070348842363	85.69047577124967	2.025812091038368	0.9864267366973369	28.056337645790876	497.93275353356466	-1.5836704942447946
3.329757525083612	9.903010033444817	1.6785263854172954	0.05374323615596687	1.6785263854172952	0.053743236155966934	1.6610079246454201	0.15202064870412604	7.569842324560276	85.9624530006979	2.0282514607350377	0.9864359010887968	28.088357265583827	502.8454803996247	-1.5836704942447946
3.329757525083612	9.939799331103679	1.6806901127940541	0.05342919082038083	1.6806901127940532	0.05342919082038105	1.6643997427207051	0.15103933684866067	7.570589265025825	86.22999864245223	2.0306566782693385	0.9864449156900386	28.119929605100758	507.7743130130132	-1.5836704942447946
3.329757525083612	9.976588628762542	1.682807007466785	0.053125006508714094	1.6828070074667865	0.05312500650871371	1.66773523943643	0.15007824109836918	7.571312387550803	86.49326093415729	2.0330287714480875	0.9864537883104373	28.151067450282785	512.7194653903512	-1.5836704942447946
3.329757525083612	10.013377926421406	1.684879074685626	0.05283017091403637	1.6848790746856253	0.05283017091403654	1.6710162773210322	0.1491366154217721	7.572012840594427	86.75238095654962	2.035368724021822	0.9864625263870769	28.181783049635186	517.6811432901814	-1.5836704942447946
3.329757525083612	10.050167224080267	1.6869082005411702	0.05254420643725519	1.6869082005411697	0.052544206437255304	1.67424463037558	0.14821375284331914	7.572691708251562	87.0074930714449	2.0376774779730478	0.9864711370005556	28.212088142349568	522.6595445942385	-1.5836704942447946
3.329757525083612	10.08695652173913	1.6888961608882487	0.05226666730280077	1.6888961608882485	0.05226666730280078	1.6774219894011397	0.14730898284498908	7.573350014413334	87.25872532799262	2.0399559356758106	0.9864796268904816	28.241993984795545	527.6548596727408	-1.5836704942447946
3.329757525083612	10.123745819397993	1.6908446294658777	0.051997136957920735	1.6908446294658772	0.051997136957920846	1.6805499669469466	0.14642166897444783	7.573988726625768	87.50619983979436	2.042204961933058	0.9864880024705862	28.27151137547106	532.6672717337123	-1.5836704942447946
3.329757525083612	10.160535117056856	1.6927551852977185	0.0517352257234761	1.6927551852977178	0.051735225723476226	1.6836301019096815	0.14555120664094115	7.574608759670028	87.7500331352414	2.044425385898118	0.9864962698433973	28.300650678497576	537.6969571564404	-1.5836704942447946
3.329757525083612	10.19732441471572	1.6946293194473199	0.05148056866823081	1.694629319447319	0.051480568668231017	1.686663863811618	0.14469702108199062	7.575210978885945	87.9903364832261	2.0466180028865977	0.9865044348144392	28.329421845744484	542.7440858093794	-1.5836704942447946
3.329757525083612	10.234113712374581	1.6964684411936966	0.05123282368214412	1.6964684411936954	0.05123282368214435	1.6896526567830246	0.143858565485664	7.575796203258817	88.22721619619385	2.04878357608477	0.9865125029059308	28.35783443766298	547.808821352855	-1.5836704942447946
3.329757525083612	10.270903010033445	1.698273883685275	0.05099166972719257	1.6982738836852753	0.05099166972719253	1.6925978232720842	0.1430353192547026	7.576365208288021	88.46077391233437	2.050922838160436	0.9865204793699678	28.38589764290795	552.8913215270828	-1.5836704942447946
3.329757525083612	10.307692307692308	1.7000469091234898	0.05075680524688452	1.7000469091234893	0.05075680524688463	1.6955006475034649	0.14222678640016062	7.576918728654153	88.6911068585456	2.053036492781847	0.986528369201183	28.413620296820163	557.9917384259622	-1.5836704942447946
3.329757525083612	10.34448160535117	1.7017887135217906	0.05052794671785154	1.7017887135217902	0.050527946717851616	1.6983623587051266	0.14143249405337416	7.577457460700536	88.9183080956801	2.055125216050231	0.9865361771488845	28.441010898840442	563.1102187572724	-1.5836704942447946
3.329757525083612	10.381270903010034	1.7035004310804753	0.0503048273289081	1.7035004310804756	0.050304827328908015	1.7011841341209575	0.1406519910862137	7.5779820647430745	89.14246674743063	2.0571896578509516	0.9865439077286747	28.46807762892024	568.2469040897622	-1.5836704942447946
3.329757525083612	10.418060200668897	1.7051831382136022	0.050087195774631915	1.7051831382136025	0.05008719577463189	1.7039671018256195	0.1398848468304926	7.578493167221743	89.363668214115	2.059230443128254	0.9865515652335615	28.49482836299158	573.4019310877529	-1.5836704942447946
3.329757525083612	10.454849498327759	1.7068378572602676	0.049874815152016326	1.7068378572602674	0.04987481515201639	1.706712343356526	0.13913064988827323	7.578991362705788	89.58199437250764	2.0612481730882486	0.9865591537445695	28.521270687555578	578.5754317338495	-1.5836704942447946
3.329757525083612	10.491638795986622	1.708465559909079	0.049667461950040924	1.7084655599090788	0.04966746195004102	1.7094208961765573	0.1383890070256061	7.5794772157636014	89.79752376276336	2.0632434263344477	0.9865666771408692	28.547411913443753	583.7675335403012	-1.5836704942447946
3.329757525083612	10.528428093645484	1.710067170361677	0.049464925123136785	1.7100671703616768	0.04946492512313692	1.7120937559800484	0.13765954214291484	7.579951262707439	90.01033176339533	2.0652167599399434	0.9865741391094348	28.57325908880386	588.9783597495623	-1.5836704942447946
3.329757525083612	10.565217391304348	1.7116435682585567	0.049267005240504216	1.7116435682585567	0.0492670052405042	1.7147318788536041	0.13694189531585435	7.580414013222434	90.22049075519291	2.067168710460169	0.98658154315425	28.59881901135932	594.20802952465	-1.5836704942447946
3.329757525083612	10.602006688963211	1.7131955913879948	0.04907351370412244	1.7131955913879942	0.04907351370412259	1.7173361833022416	0.1362357219010496	7.580865951888376	90.42807027488449	2.0690997948898024	0.9865888926050771	28.62409823998696	599.4566581297753	-1.5836704942447946
3.329757525083612	10.638795986622073	1.7147240381968603	0.04888427202905114	1.7147240381968603	0.04888427202905114	1.7199075521505793	0.13554069170160932	7.581307539602183	90.63313715928925	2.0710105115672373	0.9865961906258078	28.649103105655577	604.7243571017781	-1.5836704942447946
3.329757525083612	10.675585284280936	1.716229670120187	0.04869911118030105	1.7162296701201871	0.048699111180301034	1.722446834327954	0.1348564881877758	7.581739214908283	90.8357556806377	2.072901341029775	0.9866034402224111	28.673839721764697	610.0112344128233	-1.5836704942447946
3.329757525083612	10.7123745819398	1.7177132137448694	0.048517870961131276	1.7177132137448694	0.04851787096113132	1.7249548465457778	0.13418280776845284	7.582161395243732	91.03598767369597	2.074772746822643	0.986610644250498	28.6983139939216	615.3173946248966	-1.5836704942447946
3.329757525083612	10.749163879598662	1.7191753628211437	0.04834039944818704	1.7191753628211435	0.04834039944818709	1.7274323748745262	0.13351935910977056	7.582574478103989	91.23389265525984	2.0766251762644643	0.9866178054225186	28.72253162918972	620.6429390364352	-1.5836704942447946
3.329757525083612	10.785953177257525	1.720616780134476	0.04816655246932151	1.720616780134476	0.04816655246932153	1.7298801762274678	0.13286586249712523	7.58297884213523	91.4295279365603	2.078459061171972	0.9866249263146084	28.746498144842075	625.987965821626	-1.5836704942447946
3.329757525083612	10.822742474916389	1.722038099249064	0.04799619312039413	1.7220380992490638	0.047996193120394146	1.7322989797574357	0.13222204923747727	7.583374848158238	91.62294872906278	2.080274818546275	0.9866320093731007	28.770218876648975	631.3525701626719	-1.5836704942447946
3.329757525083612	10.85953177257525	1.7234399261332791	0.047829191317680195	1.7234399261332798	0.04782919131768009	1.7346894881725947	0.13158766109894204	7.583762840128746	91.81420824411329	2.082072851223058	0.9866390569207198	28.793698986728653	636.7368443754731	-1.5836704942447946
3.329757525083612	10.896321070234114	1.72482284067643	0.04766542338285609	1.7248228406764299	0.04766542338285613	1.737052378976741	0.13096244978494442	7.584143146038806	92.00335778685462	2.0838535484888787	0.986646071162473	28.816943470987603	642.1408780290822	-1.5836704942447946
3.329757525083612	10.933110367892976	1.726187398105213	0.04750477165784034	1.726187398105213	0.04750477165784037	1.739388305639034	0.13034617644047355	7.584516078762996	92.19044684478554	2.0856172866654767	0.9866530541912522	28.839957166174173	647.5647580592189	-1.5836704942447946
3.329757525083612	10.96989966555184	1.727534130307708	0.04734712414699477	1.7275341303077083	0.04734712414699467	1.7416978986979612	0.1297386111881262	7.5848819368535025	92.3755231713288	2.087364429664064	0.9866600079931619	28.862744756569388	653.0085688762201	-1.5836704942447946
3.329757525083612	11.006688963210703	1.728863547071893	0.04719237418445379	1.7288635470718932	0.047192374184453725	1.7439817668037645	0.12913953269185593	7.585241005287429	92.55863286473033	2.0890953295113244	0.9866669344525877	28.88531078033604	658.4723924677153	-1.5836704942447946
3.329757525083612	11.043478260869565	1.7301761372451754	0.04704042012453666	1.7301761372451754	0.047040420124536686	1.7462404977033912	0.12854872774648118	7.585593556169652	92.73982044259874	2.090810326848779	0.986673835357016	28.907659635546448	663.9563084963053	-1.5836704942447946
3.329757525083612	11.080267558528428	1.7314723698207342	0.04689116505340552	1.7314723698207342	0.04689116505340558	1.7484746591715743	0.12796599089118896	7.58593984939405	92.91912891235934	2.092509751407005	0.9866807124016186	28.929795585906884	669.4603943925031	-1.5836704942447946
3.329757525083612	11.117056856187292	1.732752694956186	0.046744516520271784	1.7327526949561853	0.04674451652027184	1.7506847998916042	0.12739112404537717	7.586280133266151	93.09659983789415	2.0941939224562653	0.9866875671936144	28.951722766197676	674.9847254432398	-1.5836704942447946
3.329757525083612	11.153846153846153	1.7340175449293997	0.04660038628663185	1.7340175449293993	0.04660038628663194	1.7528714502888694	0.1268239361653351	7.586614645089472	93.27227340260104	2.095863149234801	0.9866944012564193	28.973445187444035	680.5293748761311	-1.5836704942447946
3.329757525083612	11.190635451505017	1.735267335036006	0.04645869009213772	1.7352673350360055	0.04645869009213781	1.7550351233201396	0.12626424292036784	7.586943611718043	93.4461884690994	2.097517731356067	0.9867012160335935	28.99496674183357	686.0944139397345	-1.5836704942447946
3.329757525083612	11.22742474916388	1.7365024644327876	0.046319347435820134	1.7365024644327873	0.046319347435820175	1.7571763152213817	0.1257118663870675	7.587267250077383	93.61838263579293	2.0991579591961513	0.9867080128925989	29.016291207395003	691.6799119800397	-1.5836704942447946
3.329757525083612	11.264214046822742	1.737723316930751	0.046182281371507615	1.7377233169307513	0.0461822813715076	1.7592955062166384	0.1251666347605427	7.587585767655895	93.7888922904831	2.1007841142624657	0.9867147931283748	29.037422252451655	697.2859365133854	-1.5836704942447946
3.329757525083612	11.301003344481606	1.738930261741325	0.04604741831638449	1.7389302617413251	0.04604741831638445	1.7613931611902858	0.12462838208151261	7.587899362968506	93.9577526612083	2.1023964695446966	0.9867215579667404	29.05836343986161	702.9125532959584	-1.5836704942447946
3.329757525083612	11.33779264214047	1.7401236541790022	0.045914687871703094	1.7401236541790028	0.04591468787170293	1.7634697303249707	0.12409694797823154	7.588208225994475	94.1249978644837	2.1039952898490855	0.986728308567635	29.079118231057283	708.5598263901029	-1.5836704942447946
3.329757525083612	11.37458193979933	1.7413038363233357	0.045784022654768844	1.741303836323336	0.0457840226547688	1.765525649707215	0.12357217742230792	7.5885125385908605	94.290660951093	2.1055808321168965	0.9867350460282028	29.099689989895104	714.2278182275826	-1.5836704942447946
3.329757525083612	11.411371237458194	1.7424711376430717	0.04565535814137436	1.7424711376430715	0.0456553581413744	1.7675613419026521	0.12305392049753452	7.588812474883276	94.45477394958066	2.107153345727966	0.9867417713857294	29.120081986325758	719.9165896699666	-1.5836704942447946
3.329757525083612	11.448160535117056	1.7436258755848801	0.04552863251794192	1.7436258755848801	0.04552863251794194	1.7695772165026105	0.12254203218092631	7.589108201635213	94.61736790757499	2.108713072790081	0.9867484856204388	29.14029739989434	725.626200066252	-1.5836704942447946
3.329757525083612	11.48494983277592	1.74476835612913	0.04540378654267144	1.74476835612913	0.04540378654267142	1.7715736706438112	0.1220363721351956	7.5893998785974235	94.77847293107676	2.110260248415066	0.9867551896581588	29.160339323080784	731.3567073079502	-1.5836704942447946
3.329757525083612	11.521739130434783	1.745898874314748	0.04528076341507587	1.745898874314748	0.0452807634150759	1.7735510895026396	0.12153680451197695	7.5896876588384234	94.9381182218227	2.1117951009821514	0.9867618843728577	29.180210764487548	737.1081678816573	-1.5836704942447946
3.329757525083612	11.558528428093645	1.7470177147352726	0.04515950865330618	1.7470177147352721	0.04515950865330629	1.7755098467655266	0.12104319776513633	7.589971689057385	95.0963321128417	2.113317852389421	0.9867685705890642	29.19991465188425	742.880636919349	-1.5836704942447946
3.329757525083612	11.595317725752508	1.7481251520078525	0.04503996997874176	1.748125152007852	0.04503996997874184	1.7774503050767185	0.12055542447356903	7.590252109880375	95.25314210229983	2.1148287182938685	0.9867752490841702	29.219453835115505	748.6741682464176	-1.5836704942447946
3.329757525083612	11.632107023411372	1.7492214512169744	0.0449220972073426	1.7492214512169744	0.04492209720734264	1.7793728164647695	0.12007336117291101	7.590529056141012	95.40857488573592	2.116327908340711	0.9867819205906284	29.238831088879902	754.4888144276291	-1.5836704942447946
3.329757525083612	11.668896321070234	1.7503068683345038	0.04480584214730746	1.7503068683345033	0.04480584214730755	1.7812777227489298	0.11959688819563997	7.590802657146472	95.56265638677588	2.117815626382549	0.9867885857980455	29.258049115386974	760.3246268111059	-1.5836704942447946
3.329757525083612	11.705685618729097	1.751381650617457	0.044691158502622036	1.7513816506174564	0.044691158502622126	1.7831653559264997	0.11912588951907858	7.5910730369296	95.71541178640764	2.1192920706887812	0.9867952453551776	29.27711054689743	766.1816555703649	-1.5836704942447946
3.329757525083612	11.74247491638796	1.7524460369849746	0.044578001782096144	1.7524460369849744	0.044578001782096165	1.7850360385422799	0.11866025262083116	7.591340314488111	95.8668655509017	2.1207574341459288	0.9868018998718339	29.296017948154102	772.0599497446153	-1.5836704942447946
3.329757525083612	11.779264214046822	1.7535002583756725	0.044466329213541135	1.7535002583756727	0.04446632921354108	1.786890084040997	0.11819986834123791	7.5916046040114615	96.01704145844428	2.1222119044492005	0.9868085499206918	29.314773818707952	777.9595572773065	-1.5836704942447946
3.329757525083612	11.816053511705686	1.754544538086617	0.04435609966274558	1.7545445380866167	0.04435609966274561	1.7887277971036848	0.11774463075243964	7.5918660150962225	96.16596262455712	2.123655664285805	0.9868151960390269	29.333380595144956	783.8805250530577	-1.5836704942447946
3.329757525083612	11.852842809364548	1.755579092095007	0.0442472735569433	1.7555790920950072	0.04424727355694322	1.790549473968867	0.1172944370336781	7.592124652950547	96.31365152636836	2.1250888915104222	0.9868218387303651	29.351840653218996	789.8228989330507	-1.5836704942447946
3.329757525083612	11.889632107023411	1.7566041293636128	0.04413981281248365	1.756604129363613	0.0441398128124836	1.7923554027393522	0.11684918735248594	7.592380618588421	96.46013002579512	2.126511759313221	0.9868284784660579	29.370156309895222	795.7867237889567	-1.5836704942447946
3.329757525083612	11.926421404682275	1.757619852130858	0.0440336807664474	1.7576198521308577	0.044033680766447404	1.7941458636753413	0.11640878475144281	7.592634009014103	96.60541939169158	2.127924436380735	0.9868351156867846	29.388329825307775	801.7720435354194	-1.5836704942447946
3.329757525083612	11.963210702341136	1.7586264561865845	0.04392884211194308	1.7586264561865839	0.04392884211194319	1.7959211294747128	0.11597313504017502	7.5928849173976545	96.74954032102782	2.1293270870501018	0.9868417508039881	29.40636340463786	807.7789011612896	-1.5836704942447946
3.329757525083612	12.	1.7596241311341456	0.043825262836877064	1.7596241311341452	0.04382526283687713	1.797681465540942	0.11554214669233483	7.593133433241583	96.8925129591335	2.1307198714567708	0.986848384201243	29.424259199913458	813.8073387595009	-1.5836704942447946