3.464633779264214	1.	4.856634467108592	3.345278752424786e-11	4.774540779941715	0.9999999999515229	6.195342841467962	3.732708353301939e-6	12.769118128903484	483.2460633261521	13.785280157634226	0.9999974058689831	103.70757988985044	241.96422154702148	2.9006169021495696
3.464633779264214	1.0367892976588629	4.768420585372617	6.055693227508564e-11	4.605116964478316	0.9999999998700547	6.072541470091312	4.926470479331108e-6	12.635475577618402	471.09024901665555	13.296059909560071	0.9999963923922328	101.34511220102475	241.96358717225294	2.788621217270038
3.464633779264214	1.0735785953177257	4.684985773487727	1.0611209683662234e-10	4.4473035391618465	0.9999999996757024	5.956184622647032	6.413802869092217e-6	12.50702733067796	459.6211469262944	12.840351895489851	0.9999950980763733	99.11024752988058	241.96266029558322	2.6820367717719154
3.464633779264214	1.1103678929765886	4.605918879782883	1.8049115655499855e-10	4.299946278767057	0.999999999241018	5.845741427582147	8.246102303696346e-6	12.383468239938667	448.7805973190058	12.414822639879809	0.9999934771896642	96.99211967911091	241.96136732001526	2.580317301559516
3.464633779264214	1.1471571906354514	4.530855945591952	2.987563166527722e-10	4.162039019923015	0.9999999983236582	5.740739422749794	0.000010480124017876992	12.264515134239053	438.5168703660351	12.016566286178985	0.9999914827926228	94.98110389825172	241.95962891328867	2.4829972600086996
3.464633779264214	1.1839464882943145	4.459473534235638	4.822897335561702e-10	4.032700659963171	0.9999999964865596	5.640756585875692	0.000013178114500688685	12.149905285101807	428.7837982466897	11.643038203696445	0.999989067507991	93.06864121138035	241.95736148577285	2.389676352768837
3.464633779264214	1.2207357859531773	4.391483169791177	7.608242470538697e-10	3.9111563145759844	0.9999999929782729	5.545414651837827	0.000016407920990231244	12.039394908633284	419.5400443978361	11.292000596500793	0.9999861842652429	91.24709220477241	241.95447876356155	2.3000076669576925
3.464633779264214	1.2575250836120402	4.326626674642459	1.1749290900232058e-9	3.796721782501758	0.9999999865615125	5.454373478223011	0.000020243079236873687	11.93275773142495	410.7484852250438	10.96147765548564	0.9999827869969381	89.50961460148122	241.95089338712236	2.2136884258984573
3.464633779264214	1.294314381270903	4.2646722397194	1.779004934824222e-9	3.6887906592370663	0.9999999752775143	5.367326270280304	0.00002476288132691624	11.829783636264434	402.37568455122124	10.649718354227955	0.9999788312699641	87.85006017349684	241.94651847652528	2.13045269440398
3.464633779264214	1.3311036789297659	4.205411095712102	2.6448409876556645e-9	3.586823587237773	0.9999999561342222	5.283995514632673	0.000030052425516502787	11.730277395437055	394.3914449437691	10.355165409543707	0.9999742748401472	86.26288747571091	241.94126911622837	2.0500655553275227
3.464633779264214	1.3678929765886287	4.1486546800758966	3.865784115224756e-9	3.490339240413533	0.9999999247079008	5.204129500794683	0.000036202650131319544	11.6340574940944	386.7684230927755	10.076429246136469	0.9999690781235533	84.74308760395616	241.9350637242986	1.9723184111927876
3.464633779264214	1.4046822742474916	4.094232215278946	5.5615662770187325e-9	3.3989067250052964	0.9999998746503872	5.127499332762976	0.00004331035364828133	11.540955042731335	379.4817988062572	9.812266048099122	0.9999632045819351	83.28612073590814	241.9278252821101	1.8970251569444483
3.464633779264214	1.4414715719063544	4.041988629911443	7.883831959498373e-9	3.3121391438677183	0.9999997970978095	5.053896351233835	0.00005147820309772848	11.4508127756556	372.50898908990104	9.561559167437968	0.9999566210231459	81.88786164804657	241.91948241021217	1.8240190348726386
3.464633779264214	1.4782608695652173	3.991782767029767	1.1022402001289851e-8	3.2296881215602875	0.999999679980967	4.983129901502061	0.00006081473291480505	11.363484131049935	365.82940029834356	9.323303305177815	0.9999492978199616	80.54455274329739	241.90997028418812	1.7531500293123208
3.464633779264214	1.5150501672240804	3.943485834235129	1.521230430595757e-8	3.1512391270159545	0.9999995072424079	4.915025393663444	0.0000714343363324714	11.278832407532674	359.4242125661298	9.096590994182517	0.9999412090526749	79.25276339403123	241.8992313906659	1.684282692523642
3.464633779264214	1.5518394648829432	3.8969800580756075	2.074159560965868e-8	3.0765074615163006	0.9999992579702096	4.849422611027568	0.00008345725135122897	11.196729991824865	353.27619171305986	8.880601002140018	0.9999323325821446	78.00935462002442	241.88721612843335	1.617294318034648
3.464633779264214	1.588628762541806	3.852157511859665	2.7959991851584096e-8	3.0052348042041186	0.9999989054632359	4.786174230141069	0.00009700954324694811	11.11705765209523	347.36952461968775	8.674588343838135	0.999922650060777	76.81144829304907	241.87388326295957	1.5520733962539703
3.464633779264214	1.625418060200669	3.808919091219608	3.728831792630936e-8	2.9371862268700766	0.9999984162468991	4.725144521901482	0.00011222308549254055	11.039703891684425	341.68967472232004	8.47787564812101	0.9999121468892893	75.65640019826903	241.85920024468416	1.4885183011136893
3.464633779264214	1.6622073578595318	3.76717361602758	4.9228780810680324e-8	2.872147605366895	0.9999977490619107	4.666208208201538	0.00012923554087548278	10.964564358145589	336.2232548126867	8.289845669965324	0.9999008121271408	74.54177639475277	241.84314340268062	1.426536167120573
3.464633779264214	1.6989966555183946	3.7268370407465072	6.437606337421494e-8	2.809923367574774	0.9999968538510038	4.609249452608041	0.00014819034449481332	10.891541302832257	330.9579147685696	8.109934774378111	0.9998886383642928	73.46533240863933	241.82569802565374	1.3660419243516022
3.464633779264214	1.7357859531772575	3.687831758152131	8.342922970935749e-8	2.750334528012726	0.9999956707699826	4.5541609669266006	0.00016923669022129718	10.820543086589549	325.882242206457	7.937627248163112	0.9998756215615539	72.42499486710298	241.80685834211448	1.3069574652548146
3.464633779264214	1.7725752508361203	3.6500859837131956	1.0720442665142021e-7	2.6932169674611313	0.9999941292497257	4.500843218272262	0.00019252952210543602	10.751483727439881	320.9856743501738	7.772450319468111	0.999861760866228	71.4188452425817	241.78662741114084	1.2492109220616447
3.464633779264214	1.8093645484949832	3.613533209861767	1.3664836037986945e-7	2.6384199227181178	0.9999921471349118	4.4492037235658675	0.00021822953212213996	10.684282486486659	316.2584196618669	7.613969784525458	0.9998470584091741	70.44510542735182	241.76501693441213	1.19273603751395
3.464633779264214	1.8461538461538463	3.578111721001563	1.7285252167250695e-7	2.58580465715906	0.9999896299233847	4.399156420294535	0.00024650316554997024	10.618863488580539	311.6913879929514	7.461786157005223	0.9998315190887257	69.502124900518	241.74204699943414	1.1374716147030566
3.464633779264214	1.882943143812709	3.54376416145004	2.170681285795768e-7	2.535243287341525	0.9999864701273661	4.350621103981193	0.00027752263519818777	10.555155374597932	307.2761281899577	7.315531268596851	0.999815150346264	68.58836928445993	241.71774576307234	1.0833610342919373
3.464633779264214	1.919732441471572	3.510437149638348	2.707217510429609e-7	2.486617744684301	0.9999825467742991	4.303522924158375	0.0003114659456176261	10.493090982467024	303.00477223964344	7.174865260359405	0.9997979619375832	67.702410117023	241.69214908371305	1.0303518293824065
3.464633779264214	1.9565217391304348	3.4780809328415927	3.354315783425899e-7	2.4398188543972528	0.9999777250612337	4.257791931780552	0.00034851692836209824	10.432607054342013	298.86998516402986	7.0394739134609505	0.9997799657035706	66.84291569030506	241.6653001097049	0.9783953099018889
3.464633779264214	1.9933110367892977	3.4466490775111507	4.130242872359426e-7	2.394745516465978	0.999971856172424	4.213362671973137	0.0003888652893065582	10.373643967570825	294.8649199831086	6.909066275501899	0.9997611753431431	66.00864282758458	241.63724883104805	0.9274462296971354
3.464633779264214	2.0301003344481607	3.4160981909571544	5.055524662854908e-7	2.3513039756965752	0.9999647772655301	4.170173816834778	0.00043270666897627925	10.316145487325427	290.98317715402845	6.783372544960616	0.9997416061908535	65.19842948744869	241.60805160080514	0.8774624905987476
3.464633779264214	2.0668896321070234	3.386387670702947	6.153125501553509e-7	2.309407169676339	0.9999563116275249	4.128167833706396	0.0004802427167982887	10.260058538968408	287.21876797322795	6.662142181628057	0.9997212750011001	64.41118809903196	241.57777063219496	0.8284048786055656
3.464633779264214	2.1036789297658864	3.357479478321599	7.44863216606415e-7	2.2689741450674425	0.999946268997373	4.087290684915608	0.0005316811801520884	10.205332998415143	283.5660814943791	6.54514221539079	0.9997001997404439	63.645899544927886	241.54647347695135	0.7802368280713358
3.464633779264214	2.140468227424749	3.3293379349811993	8.970441985275305e-7	2.2299295339718217	0.9999344460488137	4.0474915555147275	0.0005872360090707053	10.151921498919114	280.0198545719253	6.432155729520301	0.9996783993891666	62.90160771913161	241.5142324901526	0.7329242103850707
3.464633779264214	2.177257525083612	3.3019295362821555	1.0749954636016143e-6	2.192203083226929	0.999920627023259	4.008722605968082	0.0006471274774255862	10.099779252860184	276.57514468891037	6.322980497848862	0.9996558937528744	62.177414596623464	241.4811242864481	0.6864351441453039
3.464633779264214	2.2140468227424748	3.2752227842749835	1.2821767113290766e-6	2.1557292304471005	0.9999045845007541	3.970938747120161	0.0007115823214076759	10.048863887251557	273.227305269859	6.2174277579509845	0.9996327032846799	61.47247575912373	241.4472291921496	0.6407398242538345
3.464633779264214	2.250836120401338	3.249188034812754	1.522387165219902e-6	2.120446721436224	0.999886080289242	3.9340974351046407	0.0007808338961949347	9.99913529181196	269.9719632161814	6.1153211047986415	0.9996088489182119	60.78599632847489	241.41263069827508	0.5958103677188044
3.464633779264214	2.2876254180602005	3.223797358610694	1.7997855600584966e-6	2.08629826430612	0.9998648664269292	3.8981584841237127	0.0008551223514574673	9.95055547853934	266.80499843200886	6.016495491325234	0.9995843519116518	60.11722726473395	241.3774149167555	0.551620674243355
3.464633779264214	2.3244147157190636	3.1990244145951388	2.118910364240313e-6	2.053230216212555	0.9998406862631165	3.8630838952896256	0.0009346948267830706	9.903088451858636	263.7225251373789	5.920796324104087	0.9995592337025769	59.46546199161585	241.34167004619925	0.508146299961037
3.464633779264214	2.3612040133779266	3.1748443342775325	2.484700121755578e-6	2.021192299157226	0.9998132756140236	3.828837699909543	0.0010198056676440919	9.856700088464523	260.7208747874104	5.828078643757809	0.999533515773546	58.83003331582726	241.30548584827534	0.4653643428650423
3.464633779264214	2.3979933110367893	3.1512336160503525	2.902513956010023e-6	1.990137341727459	0.999782363960752	3.7953858157981677	0.0011107166629957576	9.811358026097857	257.79658043848957	5.738206381042405	0.999507219528009	58.210310611140585	241.26895314011026	0.42325333869374904
3.464633779264214	2.4347826086956523	3.1281700284168292	3.3781521328817627e-6	1.9600210440426937	0.999747675682761	3.762695915345044	0.0012076973052162496	9.767031560533129	254.9463624189081	5.651051680596213	0.9994803661762512	57.60569724097602	241.2321633036227	0.3817931661671111
3.464633779264214	2.471571906354515	3.1056325212878817	3.917876711483437e-6	1.9308017634949934	0.9997089312991767	3.7307373042175254	0.0013110250734745124	9.723691550146434	252.16711517837416	5.566494285335256	0.9994529766308523	57.01562819652022	241.195207815844	0.34096496062672044
3.464633779264214	2.508361204013378	3.0836011445707157	4.5284322423554095e-6	1.9024403191639758	0.99966584870362	3.6994808096943563	0.001420985741453446	9.68131032747552	249.45589520383825	5.484420975276772	0.999425071411195	56.439567929756244	241.15817780198364	0.3007510352365677
3.464633779264214	2.5451505016722407	3.0620569733602903	5.217066503013344e-6	1.8748998130323158	0.9996181443750023	3.6688986777346786	0.0015378737104697652	9.639861617240756	246.80990990136826	5.404725055297073	0.9993966705564953	55.87700836307398	241.121163613308	0.26113480900621094
3.464633779264214	2.5819397993311037	3.04098203911905	5.99155126301875e-6	1.848145466344267	0.9995655345485793	3.6389644779811805	0.0016619923690733881	9.599320460342199	244.2265073543957	5.327305886953833	0.9993677935468119	55.32746705908195	241.08425443153322	0.2221007409848101
3.464633779264214	2.6187290969899664	3.020359266295463	6.860203076830266e-6	1.8221444696375815	0.9995077363329249	3.6096530159789024	0.0017936544802656643	9.559663143389775	241.70316687797612	5.252068460048217	0.9993384592314843	54.790485535960315	241.04753790110203	0.1836342700494126
3.464633779264214	2.6555183946488294	3.0001724138893016	7.831904109039979e-6	1.7968658451432111	0.999444468759966	3.5809402519641766	0.001933182597537857	9.520867133361387	239.23749029693406	5.178923000079402	0.99930868576445	54.265627715210236	241.0110997903957	0.14572175977604454
3.464633779264214	2.6923076923076925	2.9804060215222523	8.91612300316206e-6	1.772280320390613	0.9993754537567556	3.5528032256429265	0.00208090951099743	9.48291101701801	236.82719388305205	5.1077846081630085	0.9992784905458946	53.752478489995276	240.97502368265674	0.10835044793892475
3.464633779264214	2.729096989966555	2.961045359617003	0.000010122935811898458	1.7483602119819304	0.9993004170292245	3.525219986434527	0.002237178724921694	9.445774444735548	234.47010089289486	5.038572930352424	0.9992478901697026	53.25064240345237	240.9393906970993	0.0715084002320396
3.464633779264214	2.765886287625418	2.9420763833275863	0.00001146304701371774	1.7250793186085447	0.9992190888496981	3.498169528708197	0.002402344968154615	9.409438078440658	232.16413465357206	4.971211853626046	0.9992169003761886	52.759742427401335	240.90427924042532	0.03518446785066292
3.464633779264214	2.802675585284281	2.9234856898986576	0.000012947810647634263	1.702412822480198	0.9991312047414915	3.4716317315838956	0.0025767747388433793	9.37388354336319	229.90731214882413	4.905629226088747	0.9991855360096077	52.27941883281057	240.8697647886937	-0.0006317513926811122
3.464633779264214	2.839464882943144	2.9052604791626604	0.000014589251605230445	1.6803371984222233	0.9990365060553398	3.4455873029098623	0.00276084688509723	9.339093383340225	227.6977380623329	4.8417565991886455	0.9991538109799635	51.80932814420945	240.83591969929216	-0.03594994871006211
3.464633779264214	2.8762541806020065	2.887388516911426	0.000016400087126221682	1.6588301299715666	0.9989347404338142	3.4200177270647174	0.0029549532232395637	9.305051019427351	225.53359923919098	4.779528989973373	0.9991217382286516	51.34914217097482	240.8028130525237	-0.07077913700170578
3.464633779264214	2.9130434782608696	2.869858100903517	0.000018393748551192678	1.6378704318688022	0.9988256621611525	3.394905216264033	0.003159499195418455	9.271740711591313	223.41315953006165	4.718884661608381	0.9990893296975002	50.89854710907962	240.77051052214296	-0.1051276807800424
3.464633779264214	2.9498327759197323	2.852658029290644	0.000020584403392548184	1.617437978402235	0.9987090323971185	3.3702326650799526	0.0033749045684358984	9.239147523274767	221.33475498578218	4.659764920555737	0.99905659630079	50.45724270748249	240.7390742740028	-0.1390033235708775
3.464633779264214	2.9866220735785953	2.835777571266398	0.000022986977792181868	1.5975136371125258	0.99858461929459	3.345983607908326	0.0036016041757545654	9.207257288639461	219.29678937306645	4.602113928968895	0.999023547899858	50.02494149386957	240.70856289185704	-0.17241321298917817
3.464633779264214	3.0234113712374584	2.819206439758088	0.00002561717944192095	1.5780792074127068	0.9984521980015209	3.322142179140783	0.00384004870474048	9.176056582307305	217.29772998453555	4.545878530998186	0.9989901932799123	49.60136805493158	240.6790313292036	-0.20536392366996162
3.464633779264214	3.060200668896321	2.802934765998592	0.00002849152105041512	1.5591173637200024	0.9983115505487788	3.2986930758203066	0.004090705531299455	9.145532691431606	215.3361037186636	4.491008091826874	0.9989565401287069	49.18625836679152	240.6505308859874	-0.23786147822012244
3.464633779264214	3.096989966555184	2.7869530758293903	0.00003162734444783553	1.5406116027328594	0.9981624656260775	3.2756215225776053	0.004354059604162607	9.11567358994139	213.41049340731374	4.437454348368998	0.9989225950167451	48.77935917158257	240.62310920889018	-0.2699113663439149
3.464633779264214	3.1337792642140467	2.771252267598989	0.00003504284542754872	1.5225461945197885	0.9980047382488347	3.2529132386628765	0.0046306143811707615	9.086467914811973	211.51953437045466	4.385171270660284	0.9988883633787013	48.38042739652583	240.59681031388752	-0.3015185622838864
3.464633779264214	3.17056856187291	2.7558235915325704	0.000038757099431843254	1.5049061371163113	0.9978381693192865	3.2305544069029484	0.004920892819995573	9.057904944223147	209.66191117935455	4.334114933062791	0.9988538494957728	47.989229612171115	240.57167462969372	-0.3326875407091163
3.464633779264214	3.2073578595317724	2.740658630459456	0.00004279008819681925	1.48767711435312	0.9976625650855718	3.208531644428244	0.0052254384258138475	9.029974577474393	207.83635461112706	4.284243394484859	0.9988190564786887	47.60554152675303	240.54773906073143	-0.3634222911744632
3.464633779264214	3.2441471571906355	2.7257492817944913	0.00004716272747976463	1.4708454566625708	0.9974777365027883	3.186831975026818	0.005544816358518027	9.002667316532646	206.04163877890875	4.235516586889987	0.9987839862511249	47.229147513871105	240.52503706822569	-0.39372633126749296
3.464633779264214	3.280936454849498	2.7110877406783263	0.000051896896000700364	1.454398104632431	0.9972834985002098	3.165442802994829	0.005879614602094273	8.975974249093701	204.27657842325303	4.187896211433761	0.9987486395332914	46.859840170940416	240.50359876805885	-0.42360271855395937
3.464633779264214	3.317725752508361	2.6966664841894774	0.00005701546573837883	1.4383225750954	0.9970796691589514	3.144351888363749	0.006230445198825438	8.949887033042433	202.5400263515004	4.141345641626553	0.9987130158254768	46.49741990607218	240.48345104402452	-0.45305406142813537
3.464633779264214	3.3545150501672243	2.682478256548457	0.00006254233372979017	1.4226069295608024	0.9968660688043834	3.123547323395027	0.006597945550972671	8.924397882200342	200.83087101298295	4.095829832973154	0.9986771133913498	46.14169455124154	240.46461767519367	-0.4820825289705975
3.464633779264214	3.391304347826087	2.668516055240826	0.0000685024555313128	1.4072397448109406	0.9966425190175375	3.103017510242332	0.0069827797925485656	8.899499553250507	199.14803419891078	4.051315238588084	0.9986409292408397	45.792478999775184	240.44711947610605	-0.5106898599138598
3.464633779264214	3.42809364548495	2.6547731179923186	0.00007492188050889169	1.392210085499389	0.9964088415696245	3.08275113969083	0.007385640233705494	8.875185333731096	197.49046885673837	4.00776973032931	0.9986044591124333	45.449594866358176	240.4309744486182	-0.5388773708145204
3.464633779264214	3.4648829431438126	2.641242910534636	0.0000818277891342549	1.3775074786017762	0.9961648572835955	3.062737170891236	0.007807248880117567	8.851449030987371	195.85715700965437	3.9651625250319	0.9985676974547426	45.112870167904525	240.41619794424537	-0.5666459635307144
3.464633779264214	3.5016722408026757	2.6279191151059256	0.00008924853247393041	1.3631218895819317	0.9959103848264579	3.042964812015007	0.008248359029513427	8.828284961970486	194.24710777268197	3.92346411545938	0.9985306374072209	44.78213902377683	240.40280283596772	-0.5939961321040678
3.464633779264214	3.5384615384615383	2.6147956196345943	0.00009721367406796455	1.3490437001473077	0.9956452394357789	3.0234235017647797	0.008709756947210878	8.805687943767012	192.65935545763136	3.8826462056224575	0.9984932707799217	44.45724137396118	240.3907996984963	-0.6209279691476238
3.464633779264214	3.5752508361204014	2.6018665075597327	0.00010575403440546141	1.3352636874778698	0.9953692315835231	3.0041028916824075	0.00919226362208543	8.783653284738158	191.09295775991808	3.842681650144692	0.9984555880322173	44.138022713923334	240.38019699613366	-0.6474411718441666
3.464633779264214	3.612040133779264	2.5891260482455287	0.00011490173821454401	1.3217730048219174	0.9950821655800505	2.984992829204673	0.009696736603859451	8.762176776139777	189.54699402097287	3.803544397381114	0.99841757825042	43.82433384497452	240.37100127741417	-0.6735350476639088
3.464633779264214	3.648829431438127	2.576568687950944	0.00012469026479484377	1.308563163360846	0.9947838381207835	2.966083341424927	0.010224071921887283	8.74125468408469	188.0205635606966	3.76520943602024	0.9983792291242702	43.516030639073726	240.36321737581292	-0.6992085199163885
3.464633779264214	3.68561872909699	2.5641890413196666	0.00013515450163113202	1.2956260152527082	0.9944740367777376	2.9473646195272187	0.010775206084717374	8.720883741696996	186.5127840751403	3.727652744922171	0.9983405269222911	43.212973817083814	240.35684861590798	-0.7244601332585989
3.464633779264214	3.722408026755853	2.551981883358815	0.00014633080153697044	1.2829537377715954	0.9941525384378103	2.928827003868211	0.011351118158578696	8.701061141293016	185.02279009532913	3.690851245965631	0.9983014564660356	42.91502873958159	240.35189702447946	-0.7492880592902571
3.464633779264214	3.759197324414716	2.5399421418781576	0.0001582570435872167	1.2705388184664292	0.9938191076894592	2.9104609696913717	0.011952831921539446	8.68178452640604	183.54973150391672	3.65478275969518	0.9982620011032942	42.62206520939825	240.34836354611105	-0.7736901023777476
3.464633779264214	3.7959866220735785	2.528064890364848	0.0001709726981074536	1.2583740412687892	0.9934734951591767	2.892257113467969	0.012581418088352694	8.663051983450849	182.09277210717553	3.6194259635766413	0.9982221426803711	42.33395728513822	240.34624826295519	-0.7976637058607661
3.464633779264214	3.8327759197324416	2.5163453412717134	0.00018451889599669407	1.246452473484914	0.9931154357990107	2.874206139870181	0.013237996598887594	8.644862032799146	180.65108826069562	3.5847603526841643	0.9981818615135873	42.05058310499111	240.34555061842633	-0.8212059588099769
3.464633779264214	3.869565217391304	2.5047788397001187	0.00019893850266656932	1.2347674536120432	0.9927446471263042	2.8562988493935673	0.013923738960468425	8.62721361900824	179.2238675481206	3.550766202656164	0.998141136360222	41.77182472021149	240.34626964464488	-0.8443136035208474
3.464633779264214	3.9063545150501673	2.4933608574614454	0.00021427619688510358	1.2233125799238913	0.9923608274168388	2.838526126659428	0.014639870631326319	8.61010609991157	177.81030751329683	3.517424534770381	0.9980999443891726	41.49756793770129	240.34840419358179	-0.8669830439473727
3.464633779264214	3.94314381270903	2.4820869875040112	0.0002305785548155404	1.212081699774179	0.9919636538527198	2.820878929442223	0.015387673428624293	8.593539234241412	176.40961444737724	3.484717082999604	0.9980582611516836	41.227702171180624	240.35195317187979	-0.8892103553013454
3.464633779264214	3.979933110367893	2.470952938695251	0.00024789413953958217	1.2010688995709566	0.9915527806266188	2.8033482784838326	0.016168487940027895	8.577513167409775	175.02100223373364	3.4526262629204125	0.9980160605525825	40.962120300484855	240.3569157794331	-0.9109912950663395
3.464633779264214	4.016722408026756	2.45995453095184	0.00026627359634900005	1.1902684953778373	0.991127837004459	2.7859252481749652	0.016983715912457047	8.562028415023628	173.64369125500696	3.421135142356847	0.9979733148225592	40.70071853857314	240.36329175185617	-0.932321315702411
3.464633779264214	4.053511705685619	2.449087690713372	0.0002857697540786472	1.1796750241012681	0.9906884253492994	2.768600958204921	0.017834822585322898	8.547085843654422	172.27690736830257	3.3902274136495913	0.9979299944921365	40.443396305877286	240.37108160701342	-0.9531955793472013
3.464633779264214	4.090301003344481	2.4383484467582117	0.0003064377327360526	1.1692832352256524	0.9902341191100792	2.751366566304412	0.01872333892809815	8.532686648318796	170.91988095643808	3.359887367449286	0.9978860683681096	40.190056111663154	240.38028689583808	-0.9736089748509016
3.464633779264214	4.127090301003345	2.4277329263631016	0.0003283350576564797	1.1590880830604078	0.9897644607800844	2.734213262232453	0.019650863733323837	8.518832326057737	169.5718460653064	3.330099867939554	0.9978415035133784	39.94060344211538	240.39091045766006	-0.9935561375176055
3.464633779264214	4.1638795986622075	2.417237351811215	0.0003515217803755449	1.1490847194650071	0.9892789598315072	2.7171322631878554	0.02061906550596117	8.505524644925027	168.2320396398646	3.300850329401893	0.9977962652312632	39.69494665489483	240.40295668029322	-1.0130314719623297
3.464633779264214	4.20066889632107	2.406858037256397	0.0003760606063621566	1.1392684870196021	0.9887770906343593	2.7001148108585893	0.021629684078194288	8.49276560761326	166.89970087402097	3.2721246940400524	0.9977503170555795	39.452996879951634	240.41643176507625	-1.0320291785322477
3.464633779264214	4.237458193979933	2.3965913859544683	0.0004020170296900498	1.129634912610064	0.9882582903703004	2.6831521703585213	0.02268453186521238	8.480557408857214	165.57407069279816	3.243909410986742	0.9977036207479586	39.21466792641176	240.4313439970364	-1.050543283780029
3.464633779264214	4.274247491638796	2.3864338878755014	0.0004294594746438836	1.1201797013970836	0.9877219569547151	2.6662356313406623	0.023785494662011582	8.46890238566228	164.2543913886179	3.216191416419673	0.99765613630413	38.97987619538333	240.44770402024025	-1.0685676755174816
3.464633779264214	4.311036789297659	2.3763821177139466	0.0004584594441525236	1.1108987311394052	0.9871674469836583	2.649356511618938	0.024934531863756125	8.457802959311575	162.9399064373933	3.1889581147177077	0.9976078219711365	38.748540598557405	240.46552511827156	-1.0860961430158715
3.464633779264214	4.3478260869565215	2.36643273331622	0.0004890916748147139	1.1017880468413155	0.9865940737261361	2.63250616367613	0.02613367597267401	8.44726156801239	161.62986052431	3.16219736059083	0.9975586342777233	38.52058248250099	240.48482349959616	-1.1031224229536238
3.464633779264214	4.384615384615385	2.356582474547864	0.0005214342981269305	1.0928438556941422	0.9860011051866356	2.615675984483486	0.027385031232876635	8.43728058895653	160.32349981372406	3.135897442120234	0.9975085280804361	38.295925558561684	240.5056185873598	-1.119640251740608
3.464633779264214	4.421404682274248	2.3468281626242096	0.0005555690073374245	1.0840625222806894	0.9853877622678697	2.5988574291057676	0.028690771211068583	8.42786224849419	159.02007250238364	3.110047064646255	0.997457456628262	38.07449583831556	240.5279333128302	-1.1356434248659273
3.464633779264214	4.45819397993311	2.3371666999297753	0.0005915812291299908	1.0754405640103823	0.9847532170693776	2.582042028613164	0.03005313511619796	8.419008519067951	157.718829700155	3.0846353354432843	0.9974053716489529	37.85622157450163	240.5517944113704	-1.1511258639197754
3.464633779264214	4.494983277591973	2.32759507035172	0.0006295602990848088	1.066974646751245	0.9840965913638623	2.5652214128651285	0.031474422625289496	8.410721001530558	156.4190266873621	3.059651749120944	0.9973522234604633	37.641033207384055	240.57723271932318	-1.1660816919230104
3.464633779264214	4.531772575250836	2.318110340151624	0.0006695996395691368	1.0586615806229425	0.9834169552998724	2.548387338768122	0.03295698695692986	8.403000791493174	155.1199246025537	3.035086173691015	0.9972979611112037	37.42886331647929	240.60428346971096	-1.1805053175538454
3.464633779264214	4.568561872909699	2.3087096593967167	0.0007117969383798141	1.0504983159127728	0.9827133263864969	2.531531724633964	0.034503225909455426	8.395848328434141	153.82079261859292	3.010928837238334	0.9972425325530266	37.219646577560276	240.63298658392353	-1.194391528782
3.464633779264214	4.605351170568562	2.299390263966604	0.00075625432609353	1.0424819390741227	0.9819846688228984	2.5146466912732	0.03611557055964767	8.38926322646387	152.52091066804522	2.987170315133108	0.9971858848510001	37.01331972482183	240.66338695591188	-1.2077355962959828
3.464633779264214	4.642140468227424	2.290149478143396	0.0008030785496879568	1.0346096687643465	0.9812298932424288	2.4977246104403847	0.03779647130209549	8.38324408591082	151.2195727802886	2.963801517720154	0.9971279644340458	36.809821518039804	240.6955347245269	-1.220533386929711
3.464633779264214	4.678929765886288	2.2809847177815206	0.0008523811395873983	1.026878851876605	0.9804478569472753	2.480758161197249	0.039548380902415595	8.377788285292985	149.91609109188803	2.94081367841841	0.9970687173903802	36.609092714487375	240.7294855286854	-1.2327814870487663
3.464633779264214	4.7157190635451505	2.271893494038122	0.0009042785668768104	1.0192869595183065	0.9796373647144753	2.4637403946654657	0.04137373424305254	8.37289175379684	148.60980058773262	2.9181983421624493	0.997008089811345	36.411076045287494	240.76530073911724	-1.2444773355320997
3.464633779264214	4.752508361204013	2.262873417624523	0.0009588923870437753	1.011831582887446	0.9787971702569469	2.4466648074913455	0.04327492446294657	8.368548725127269	147.30006462216335	2.8959473541154583	0.9969460281865947	36.21571619576545	240.80304765934474	-1.255619365573368
3.464633779264214	4.789297658862877	2.253922203514089	0.0010163493662788431	1.0045104289980893	0.977925978422972	2.42952542412951	0.04525427523711215	8.364751474543626	145.98628125579245	2.874052848582186	0.99688247985265	36.022959789234164	240.84279968756485	-1.2662071540181523
3.464633779264214	4.826086956521739	2.245037676011096	0.0010767815861332656	0.9973213162077388	0.9770224482132853	2.4123168877594563	0.0473140090146851	8.361490042074063	144.6678904237319	2.8525072380499825	0.996817393495486	35.832755373485895	240.88463643012724	-1.2762415763464512
3.464633779264214	4.862876254180602	2.2362177740494853	0.0011403265222470716	0.9902621695030017	0.9760851966854033	2.395034559269294	0.04945621113983519	8.358751946309301	143.34438192346389	2.8313032022876228	0.9967507197060269	35.64505340908888	240.92864375655603	-1.2857249647085607
3.464633779264214	4.8996655518394645	2.2274605565499375	0.0012071270929770307	0.983331015506393	0.9751128037988719	2.377674623268865	0.051682789924040066	8.356521894801691	142.01530417470687	2.8104336774350362	0.9966824115851487	35.45980625839356	240.97491378551817	-1.2946612656394185
3.464633779264214	4.936454849498328	2.218764207620195	0.0012773316741328498	0.9765259771767876	0.9741038182316857	2.360234199531492	0.05399543292401304	8.354781498896607	140.68027365895074	2.78989184502374	0.9966124253920293	35.276968173958124	241.0235447910843	-1.3030561932406544
3.464633779264214	4.973244147157191	2.210127041338951	0.0013510940767307877	0.9698452681894435	0.9730567641663923	2.34271145761926	0.05639555990794447	8.353509002723552	139.3389848930329	2.769671120877775	0.9965407212264739	35.09649528491263	241.07464101906376	-1.3109173727721593
3.464633779264214	5.010033444816053	2.20154750582117	0.001428573485747774	0.9632871869988666	0.9719701490041038	2.3251057317439625	0.05888427326054573	8.35267903795893	137.99122073043196	2.749765143859092	0.9964672637322778	34.918345579617096	241.1283124043609	-1.3182544687996114
3.464633779264214	5.046822742474917	2.193024186226548	0.0015099343593391065	0.9568501106090687	0.9708424719161906	2.307417632191349	0.061462306876409516	8.352262417679192	136.6368627182474	2.7301677644398583	0.9963920228049288	34.74247888285039	241.1846741822623	-1.3250792913787288
3.464633779264214	5.083612040133779	2.1845558063480843	0.001595346289871461	0.9505324881004917	0.9696722330883157	2.2896491489439783	0.06412997490660145	8.352225983949166	135.27590117100652	2.710873033107335	0.9963149742832543	34.56885682572207	241.2438463895143	-1.3314058733182994
3.464633779264214	5.120401337792642	2.1761412284099135	0.0016849838303833766	0.9443328339899975	0.9684579434522822	2.271803742547007	0.06688712203331865	8.352532524498908	133.90844455988244	2.691875188633852	0.9962361006012986	34.397442806547915	241.30595325489298	-1.3372505114564703
3.464633779264214	5.157190635451505	2.167779450718367	0.0017790262926268906	0.9382497215282928	0.9671981346418692	2.253886416853885	0.06973307722302517	8.353140773683387	132.53472776443246	2.6731686462742976	0.9961553913741701	34.22820194110055	241.37112248373828	-1.3426317652139996
3.464633779264214	5.193979933110368	2.159469602852771	0.0018776575255180167	0.9322817760658375	0.9658913688545384	2.23590376815358	0.07266661311532747	8.354005511660521	131.15511870139534	2.6547479859850074	0.996072843890256	34.061101000957855	241.43948444648834	-1.3475704065417196
3.464633779264214	5.230769230769231	2.151210938155545	0.001981065685429448	0.9264276686408767	0.9645362482576612	2.2178640054007834	0.07568591330608651	8.355077773186824	129.7701228393752	2.6366079407875764	0.9959884634824687	33.89610833912132	241.51117128710555	-1.3520893168148476
3.464633779264214	5.2675585284280935	2.1430028233856997	0.0020894430120451473	0.920686109959066	0.9631314235520495	2.1997769369114177	0.07878854974398655	8.35630517354275	128.38038513654928	2.6187433854276065	0.9959022637534133	33.73319380267224	241.5863159732885	-1.356213328244848
3.464633779264214	5.304347826086956	2.1348447255323295	0.002202985625198094	0.915055844940274	0.9616756013029305	2.181653919979259	0.08197147225283205	8.357632353928784	126.98668900572848	2.6011493254973166	0.9958142666337302	33.57232863293442	241.66505131572828	-1.3599690099172663
3.464633779264214	5.34113712374582	2.126736195938031	0.0023218933589738617	0.9095356480023805	0.9601675496733609	2.1635077714002504	0.08523101180411313	8.35900154246137	125.58995201850614	2.583820887200001	0.9957245022593587	33.413485354382935	241.74750898792584	-1.3633844014786898
3.464633779264214	5.377926421404682	2.118676852045141	0.00244636964918294	0.9041243192330817	0.9586061022492224	2.1453526387873074	0.08856289860195014	8.360353220064585	124.19121820455884	2.5667533079313496	0.9956330086617905	33.25663765431588	241.83381858071218	-1.3664887005720354
3.464633779264214	5.414715719063545	2.110666357235601	0.002576621488981052	0.8988206815688525	0.9569901597269673	2.1272038346893325	0.09196229533434978	8.361626873675718	122.7916469748802	2.549941927835576	0.9955398312749969	33.10176025601261	241.92410672598365	-1.3693119130850815
3.464633779264214	5.451505016722408	2.1027043993724526	0.002712859464967057	0.8936235790572573	0.9553186893400959	2.1090776377161347	0.09542384514166549	8.362761812929682	121.39249888561812	2.5333821824644636	0.9954450222728244	32.94882878867098	242.0184963222425	-1.3718844778338781
3.464633779264214	5.488294314381271	2.094790668751818	0.002855297882675187	0.8885318762278062	0.9535907220196365	2.0909910669070375	0.09894173302456424	8.363698021536845	119.99511864533316	2.5170695966254195	0.9953486397603284	32.797819657771726	242.11710589007785	-1.3742368791684934
3.464633779264214	5.525083612040134	2.086924836226911	0.0030041549862891187	0.8835444585422448	0.951805347406899	2.072961637257994	0.10250975863805949	8.364377011502295	118.60091593475954	2.50099977945502	0.9952507468507966	32.6487099196246	242.2200490792678	-1.3763992619403302
3.464633779264214	5.561872909698996	2.079106532262664	0.0031596532730272494	0.8786602338424535	0.9499617069518059	2.0550071054608825	0.10612141777271662	8.36474264754226	117.21134473743385	2.4851684207005684	0.9951514106662682	32.501477163678835	242.32743434102855	-1.3784010631842998
3.464633779264214	5.59866220735786	2.0713353276208406	0.003322019898404269	0.8738781346681838	0.9480589854261616	2.0371452153911043	0.10976998937296892	8.364741910662426	115.82788195876358	2.4695712881398504	0.9950507013025887	32.35609940575168	242.4393647700321	-1.3802706737414747
3.464633779264214	5.635451505016722	2.0636107162668713	0.003491487164869372	0.8691971212817832	0.9460964012497798	2.019393452663806	0.11344862472702968	8.36432557371404	114.4520061329007	2.454204226022927	0.9949486908002061	32.21255499468498	242.5559381118933	-1.3820351409998248
3.464633779264214	5.672240802675585	2.0559321009431866	0.0036682930834837134	0.8646161852155969	0.9440731960632847	2.0017688167068686	0.11715043549582778	8.363448767414072	113.08517698079439	2.4390631543834767	0.9948454521591281	32.07082253414758	242.67724692372127	-1.383719921186692
3.464633779264214	5.709030100334449	2.0482987816850806	0.0038526819965300323	0.8601343531509122	0.9419886239838156	1.9842876173862745	0.12086857751298767	8.362071422190567	111.72881649536318	2.4241440690435643	0.994741058431179	31.930880820444315	242.8033788687055	-1.3853486865013833
3.464633779264214	5.745819397993311	2.0407099473812003	0.00404490524831483	0.8557506909443736	0.939841940951578	1.9669653014349944	0.12459632774241494	8.360158578583526	110.38429210253895	2.409443042125644	0.9946355819156135	31.792708796351278	242.9344171210108	-1.386943189143511
3.464633779264214	5.782608695652174	2.0331646703174036	0.004245221891857745	0.8514643076365455	0.9376323945223675	1.9498163119739287	0.12832715236568826	8.35768056609913	109.05290229504067	2.3949562228884673	0.9945290934760871	31.656285520243237	243.0704408546511	-1.388523181266282
3.464633779264214	5.8193979933110365	2.025661903502786	0.004453899420489333	0.8472743593045744	0.9353592143916236	1.9328539824619984	0.1320547646223523	8.354613056787317	107.73586497500926	2.3806798387175223	0.9944216619887702	31.521590149166823	243.21152578946712	-1.390106387295908
3.464633779264214	5.8561872909699	2.018200480468433	0.004671214515360091	0.8431800526531366	0.9330216038577286	1.9160904646333612	0.13577317167902808	8.350937004964697	106.43430858668029	2.366610196122811	0.9943133539237456	31.388601934071517	243.35774476855633	-1.3917085230607347
3.464633779264214	5.892976588628763	2.010779117156636	0.0048974538022338926	0.8391806482715474	0.9306187323539507	1.899536688490359	0.13947671040469045	8.346638488203737	105.1492659827439	2.352743681623843	0.9942042330552567	31.25730022514548	243.50916834405822	-1.3933433548333443
3.464633779264214	5.929765886287625	2.003396415480544	0.005132914613449969	0.8352754635172231	0.9281497291059654	1.8832023512884641	0.1431600724410912	8.341708466910566	103.88167085578307	2.339076762431185	0.9940943602912361	31.127664485108642	243.66586535173712	-1.395022790692674
3.464633779264214	5.966555183946488	1.9960508681275198	0.005377905753380977	0.8314638750143579	0.9256136779097212	1.8670959316933669	0.14681831935694686	8.336142480625055	102.63235648303429	2.325605986862588	0.9939837936089149	30.99967430836012	243.82790345875577	-1.396756996490443
3.464633779264214	6.003344481605351	1.9887408641979785	0.005632748267939548	0.8277453207804274	0.9230096129749479	1.8512247248907032	0.15044688895520403	8.329940298814051	101.40205647900873	2.312327984457893	0.9938725880811782	30.873309444031058	243.99534967306752	-1.3985545290462587
3.464633779264214	6.040133779264214	1.981464695308444	0.005897776220598363	0.8241193020113755	0.9203365157436045	1.8355948943381453	0.1540415939698077	8.323105542664267	100.19140722384678	2.2992394657793396	0.9937607959774871	30.748549821222035	244.1682708066684	-1.4004224798732414
3.464633779264214	6.076923076923077	1.9742205618360873	0.006173337478949491	0.8205853845691812	0.9175933125692791	1.820211536004913	0.15759861445581894	8.315645292502758	99.00095163149251	2.2863372219020124	0.993648466923409	30.62537557497425	244.34673388833878	-1.4023666236258656
3.464633779264214	6.11371237458194	1.9670065790360105	0.0064597945170472995	0.817143200223397	0.9147788731314316	1.8050787512766762	0.1611144851634946	8.307569693246231	97.8311439357603	2.273618123612461	0.9935356481037932	30.503767071804816	244.53080652429688	-1.4043915664532711
3.464633779264214	6.150501672240803	1.9598207828173129	0.006757525239682448	0.8137924477020804	0.9118920094553324	1.7901997251507387	0.16458607911322942	8.298891567932504	96.68235519902109	2.2610791203429934	0.9934223844961535	30.38370493391231	244.72055720745098	-1.4065008904454226
3.464633779264214	6.187290969899665	1.9526611350156056	0.007066923835385529	0.8105328936080863	0.9089314754123309	1.7755768068505287	0.1680105884739132	8.289626047092097	95.55487928272333	2.2487172388745207	0.9933087191226257	30.265170061408273	244.91605557754778	-1.4086972913103504
3.464633779264214	6.224080267558528	1.9455255280460302	0.007388401665411169	0.8073643732549767	0.9058959665836237	1.761211590505562	0.1713855037094239	8.279790219598897	94.44893905727967	2.236529581843611	0.9931946933107849	30.148143652151653	245.11737263569776	-1.4109827072747303
3.464633779264214	6.260869565217392	1.938411788860433	0.007722388196276473	0.8042867914735006	0.9027841203821075	1.7471049940401713	0.17470859181061926	8.26940280877072	93.36469266781947	2.2245133260894123	0.9930803469554739	30.032607218944435	245.32458091739906	-1.4133584379346291
3.464633779264214	6.297658862876254	1.9313176821649058	0.008069331983671445	0.8013001234355216	0.8995945163396883	1.7332573348693832	0.17797787428401987	8.258483875909786	92.30223970961636	2.2126657208748663	0.9929657187755463	29.918542603995903	245.5377546285673	-1.4158252523889727
3.464633779264214	6.334448160535117	1.9242409128793387	0.008429701715782919	0.7984044155378435	0.8963256764804585	1.7196684014006458	0.1811916054307498	8.247054552186388	91.26162720113253	2.200984086013913	0.9928508465609666	29.805931990674676	245.75696974910917	-1.4183834864689742
3.464633779264214	6.37123745819398	1.917179127839706	0.008803987324311835	0.795599786384078	0.8929760657126397	1.7063375196805959	0.18434825132479782	8.235136798761435	90.24285527273793	2.1894658099331745	0.992735767407051	29.694757912651227	245.98230410845406	-1.4210331292425131
3.464633779264214	6.408026755852843	1.9101299167571637	0.009192701171754887	0.7928864278987803	0.8895440921835392	1.69326361480636	0.18744646979077345	8.222753194288213	89.24588251488149	2.178108347693056	0.9926205179337375	29.585003260590618	246.2138374371882	-1.4237738992371607
3.464633779264214	6.444816053511706	1.9030908124565713	0.009596379323894507	0.7902646066047107	0.886028107551728	1.6804452669445795	0.19048509158886195	8.209926748396452	88.27063095082416	2.166909218989627	0.99250513448867	29.476651286591448	246.45165139859265	-1.4266053110052255
3.464633779264214	6.481605351170568	1.896059290421661	0.0100155829169148	0.7877346650913747	0.8824264071391146	1.6678807619746183	0.1934631029379729	8.196680739406483	87.31699061629446	2.155866006155114	0.992389653333586	29.3696856065862	246.69582960347591	-1.4295267327657404
3.464633779264214	6.518394648829432	1.8890327676755374	0.010450899629155429	0.7852970237010267	0.8787372299324337	1.6555681369012298	0.19637962944631818	8.183038574312725	86.38482374192562	2.1449763521717027	0.9922741108140318	29.264090200924812	246.9464576113096	-1.4325374359147387
3.464633779264214	6.555183946488294	1.8820086010241737	0.010902945268252296	0.782952182457049	0.8749587584091051	1.6435052202739862	0.19923392146996907	8.169023668982161	85.47396854462221	2.1342379587104285	0.9921585435128146	29.159849413361044	247.20362292026385	-1.4356366372113805
3.464633779264214	6.591973244147157	1.874984084687782	0.011372365485296437	0.7807007232590983	0.8710891181664295	1.6316896679125823	0.20202534088263824	8.154659346506344	84.58424264155285	2.1236485842044748	0.9920429883878812	29.056947948652383	247.46741494839367	-1.4388235344334246
3.464633779264214	6.62876254180602	1.867956447340636	0.011859837628705933	0.7785433123695376	0.8671263773359131	1.6201189942743845	0.20475334921238406	8.13996875170135	83.7154461057209	2.1132060419638794	0.9919274828954827	28.955370868969386	247.7379250078457	-1.4420973362608214
3.464633779264214	6.665551839464883	1.8609228485747895	0.012366072751747302	0.7764807032165193	0.8630685457661835	1.6087905998196343	0.20741749708115226	8.124974779849627	82.86736418553303	2.1029081983370213	0.9918120650995965	28.855103589297016	248.01524627371057	-1.445457287098038
3.464633779264214	6.702341137123746	1.8538803747971115	0.012891817789102878	0.7745137395405471	0.8589135739586978	1.597701794733971	0.21001741486988287	8.109700017904956	82.03976971276276	2.092752970922552	0.991696773768615	28.756131871991474	248.29947374882673	-1.4489026874895237
3.464633779264214	6.739130434782608	1.8468260345625842	0.01343785791957004	0.7726433589134512	0.8546593517403114	1.5868498193623024	0.21255280452364003	8.094166696525368	81.23242522421012	2.0827383268342947	0.9915816484603232	28.658441820639748	248.59070422564673	-1.452432910723326
3.464633779264214	6.775919732441472	1.8397567533398964	0.0140050191339338	0.7708705966614906	0.8503037066558403	1.576231861694721	0.21502343240702537	8.078396651449255	80.44508482239408	2.072862281020602	0.991466729596157	28.56201987335265	248.88903624607042	-1.456047416157266
3.464633779264214	6.812709030100335	1.8326693676980166	0.014594171029311985	0.7691965902276936	0.8458444020621708	1.5658450722271102	0.2174291231188473	8.062411292880741	79.67749580005379	2.063122894638864	0.9913520585256922	28.46685279560555	249.19457005998188	-1.4597457597438408
3.464633779264214	6.849498327759197	1.8255606188948386	0.015206229853868273	0.7676225840126778	0.8412791349031864	1.5556865764980832	0.21976975417595276	8.046231581697146	78.92940005224847	2.053518273485266	0.9912376775822516	28.372927672727364	249.50740758310647	-1.4635276021743566
3.464633779264214	6.88628762541806	1.8184271458408376	0.015842161828785783	0.7661499347380465	0.8366055331418903	1.5457534855811115	0.22204525147869555	8.029878011430263	78.20053529855755	2.044046566479388	0.9911236301304559	28.280231902124	249.8276523546701	-1.4673927150111634
3.464633779264214	6.923076923076923	1.811265477402141	0.016502986777846895	0.7647801173821562	0.8318211528225677	1.5360429047875068	0.22425558547417754	8.013370595103325	77.49063613642804	2.0347059642029164	0.9910099606064723	28.18875318531115	250.1554094952708	-1.471340985129651
3.464633779264214	6.959866220735786	1.8040720239983064	0.017189782098942088	0.7635147317446723	0.8269234747316617	1.5265519408131667	0.2264007679376778	7.996728856124826	76.79943494518696	2.025494697491524	0.9908967145516445	28.098479519821137	250.490785665304	-1.4753724177492136
3.464633779264214	6.996655518394649	1.7968430684400678	0.017903687116446302	0.7623555097039795	0.821909900621129	1.5172777075395267	0.2284808492975868	7.979971822549082	76.1266626586421	2.01641103607869	0.9907839386401255	28.009399191037577	250.8338890241957	-1.4794871382942074
3.464633779264214	7.033444816053512	1.7895747559415753	0.01864590785872846	0.7613043232404393	0.8167777489523554	1.50821733067832	0.23049591643408865	7.963118024111219	75.4720494226555	2.007453287290277	0.9906716807010647	27.921500764005515	251.18482919069695	-1.4836853932921215
3.464633779264214	7.070234113712375	1.7822630832295259	0.019417722311266216	0.7603631933087501	0.8115242501121873	1.499367951429829	0.2324460908869616	7.946185491531842	74.83532515255506	1.9986197947884912	0.990559989735847	27.834773075256134	251.54371720442222	-1.4879675504867875
3.464633779264214	7.107023411371237	1.7749038866581768	0.020220486203047203	0.7595342996546584	0.8061465410449651	1.4907267293060704	0.23433152741283983	7.929191757664013	74.21622000381862	1.9899089373638734	0.9904489159308261	27.749205224679436	251.910665488803	-1.4923340983184685
3.464633779264214	7.1438127090301	1.7674928292239607	0.021055639392377326	0.7588199916851752	0.800641659235729	1.482290844253337	0.2361524128372445	7.912153860123834	73.61446476809792	1.9813191277740145	0.9903385106659439	27.664786567473648	252.28578781561862	-1.496785644900242
3.464633779264214	7.1806020066889635	1.7600253863560358	0.021924712928083557	0.7582228005177157	0.7950065359694544	1.4740574981932009	0.23790896515132667	7.895088345105474	73.02979120539435	1.9728488116276017	0.9902288265195885	27.581506706194748	252.6691992712258	-1.5013229166009872
3.464633779264214	7.217391304347826	1.7524968303390018	0.022829336873720883	0.7577454523526019	0.7892379887792933	1.466023916086777	0.23960143280790117	7.8780112721338895	72.46193232200419	1.9644964663125088	0.9901199172700007	27.499355482926003	253.06101622461728	-1.505946756328495
3.464633779264214	7.254180602006689	1.7449022132008152	0.023771248996077684	0.7573908833357611	0.7833327129827672	1.4581873466144644	0.24123009417555202	7.8609382195535975	71.91062260278358	1.9562605999666607	0.9900118378935084	27.41832297158444	253.4613562974283	-1.510658121592326
3.464633779264214	7.290969899665551	1.7372363478716748	0.024752304435497835	0.7571622561048467	0.7772872721883902	1.450545062551624	0.24279525711376856	7.843884290590654	71.37559820527147	1.9481397504904492	0.9899046445598397	27.33839947037837	253.8703383360017	-1.5154580824138553
3.464633779264214	7.327759197324415	1.7294937873876426	0.0257744864948106	0.7570629782432666	0.7710980876357059	1.4430943609102336	0.24429725863589993	7.826864119858318	70.85659712230273	1.940132484599437	0.9897983946247378	27.259575494426628	254.28808238560174	-1.5203478191412263
3.464633779264214	7.364548494983278	1.7216688018749233	0.0268399187066597	0.7570967229038436	0.7647614262085394	1.4358325629071529	0.2457364646303818	7.809891880205056	70.35335931891183	1.932237396916226	0.9896931466200838	27.181841768549827	254.71470966688457	-1.5253286202180376
3.464633779264214	7.40133779264214	1.7137553530055794	0.02795087836659747	0.757267451908289	0.7582733869335126	1.4287570138109813	0.24711326961419505	7.7929812898272735	69.86562684856176	1.9244531091002872	0.9895889602417101	27.105189220240234	255.150342554699	-1.5304018799478463
3.464633779264214	7.438127090301004	1.7057470655615612	0.029109811752491853	0.7575794416820598	0.751629885742651	1.4218650827120336	0.24842809649569406	7.776145619589139	69.39314395306027	1.916778269014683	0.9894858963350817	27.029608972817382	255.59510455931917	-1.5355690962906465
3.464633779264214	7.474916387959866	1.6976371956788419	0.030319351290952166	0.758037312448576	0.7448266382386257	1.415154162252806	0.24968139632712144	7.759397700507983	68.93565714988367	1.9092115499284563	0.9893840168789964	26.95509233877253	256.0491203101468	-1.5408318687226068
3.464633779264214	7.511705685618729	1.689418595264891	0.0315823349802756	0.7586460611848951	0.7378591401523893	1.4086216683503603	0.25087364802992607	7.742749931377307	68.49291531008467	1.9017516497536382	0.9892833849674585	26.881630813306224	256.5125155419682	-1.5461918961865353
3.464633779264214	7.548494983277592	1.6810836719869031	0.03290182843905074	0.7594110989361283	0.7307226451233274	1.4022650399362888	0.2520053580787992	7.726214286509886	68.06466972943873	1.8943972903156945	0.9891840647898633	26.809216068060238	256.985417083792	-1.5516509751572292
3.464633779264214	7.585284280936455	1.6726243441109165	0.03428115002283981	0.760338293202609	0.7234121393588081	1.3960817387350861	0.25307706013283765	7.70980232359195	67.65067419503794	1.8871472166562544	0.9890861216096248	26.73783994504472	257.46795285030146	-1.557210997843487
3.464633779264214	7.622073578595318	1.6640319893275244	0.03572389954190625	0.7614340162577493	0.7159223126395377	1.390069249097243	0.254089314604657	7.693525191645595	67.2506850491295	1.8800001963669821	0.9889896217413723	26.667494450760582	257.9602518359346	-1.5628739505462503
3.464633779264214	7.65886287625418	1.6552973865206035	0.03723399122559044	0.7627052004330728	0.7082475250246172	1.384225077899408	0.2550427081604833	7.677393639101274	66.86446125163185	1.8729550189533022	0.9888946325268388	26.598171750514666	258.46244411156476	-1.5686419121911883
3.464633779264214	7.695652173913044	1.646410649211961	0.03881569171987622	0.7641594016300137	0.7003817684693278	1.37854675452051	0.25593785314630385	7.661418021985352	66.49176444244235	1.8660104952268401	0.988801222309555	26.529864162926273	258.97466082377565	-1.5745170530522727
3.464633779264214	7.7324414715719065	1.6373611491334519	0.04047366408238234	0.76580487259854	0.6923186223912107	1.3730318308995386	0.2567753869370577	7.645608312229534	66.13235900436038	1.8591654567251727	0.988709460408461	26.462564154620217	259.4970341966404	-1.5805016336824904
3.464633779264214	7.769230769230769	1.628137428022089	0.04221301896459934	0.7676506478782188	0.6840512019945081	1.3676778816780537	0.25755597120756424	7.629974106109898	65.78601212720574	1.852418755157649	0.988619417090542	26.396264335102636	260.0296975359492	-1.586598004066754
3.464633779264214	7.806020066889632	1.618727095278801	0.04403937445993283	0.7697066427513247	0.6755720978745076	1.362482504428033	0.2582802911254643	7.61452463282324	65.45249387348973	1.8457692618758086	0.988531163542591	26.330957451812655	260.57278523574723	-1.592808603011893
3.464633779264214	7.842809364548495	1.6091167085459626	0.045958926468765336	0.7719837691424537	0.6668733050508774	1.357443319963728	0.258949054467839	7.5992687632078795	65.13157724581674	1.8392158673670327	0.9884447718421936	26.266636385343922	261.1264327870599	-1.5991359577880813
3.464633779264214	7.879598662207358	1.5992916334977914	0.047978531917084455	0.7744940721592278	0.6579461390939179	1.3525579727343269	0.25956299066444233	7.584215018614699	64.82303825602634	1.8327574807698488	0.988360314928029	26.20329414482696	261.69077678860805	-1.6055826840360836
3.464633779264214	7.916387959866221	1.5892358781391516	0.050105807803478966	0.7772508919664202	0.648781136369603	1.3478241312928811	0.26012284977155326	7.56937157993281	64.52665599596062	1.8263930294093909	0.9882778665695712	26.14092386346362	262.26595495931724	-1.612151485954432
3.464633779264214	7.953177257525083	1.5789318955841012	0.0523492498974548	0.7802690570090459	0.6393679345813547	1.3432394888357033	0.2606294013813781	7.55474629677234	64.24221270963147	1.820121458351362	0.9881975013362714	26.079518794203064	262.85210615236656	-1.6188451567810154
3.464633779264214	7.989966555183947	1.5683603475093764	0.05471837605196031	0.7835651163750603	0.6296951286467458	1.3388017638054346	0.2610834334727596	7.540346696804664	63.9694938664682	1.8139417299728222	0.9881192945662932	26.01907230554734	263.4493703704882	-1.6256665795833058
3.464633779264214	8.02675585284281	1.5574998180666186	0.05722390064384731	0.7871576214987649	0.6197500953966382	1.3345087005503813	0.2614857512095174	7.5261799952586195	63.70828823527248	1.8078528235481062	0.9880433223348677	25.959577877474658	264.05788878221153	-1.6326187283720621
3.464633779264214	8.063545150501673	1.5463264647184642	0.05987794879433267	0.7910674707232329	0.6095187784462072	1.3303580700319528	0.2618371756933299	7.51225310456877	63.45838795843885	1.8018537348479964	0.9879696614223227	25.901029097465095	264.6778037386587	-1.6397046695533908
3.464633779264214	8.100334448160535	1.5348135878305698	0.06269432201276051	0.7953183348722297	0.598985421596138	1.3263476705719615	0.26213854267832865	7.498572644170166	63.219588625989026	1.795943475750396	0.9878983892818364	25.84341965661503	265.3092587905187	-1.6469275637345826
3.464633779264214	8.137123745819398	1.522931094277889	0.0656888311588189	0.7999371885541603	0.5881322348706302	1.3224753286310387	0.26239070125492525	7.485144950431687	62.99168934892431	1.7901210738605149	0.9878295840069539	25.78674334582289	265.9523987047274	-1.6542906678994769
3.464633779264214	8.173913043478262	1.5106448208325134	0.06887971876866199	0.8049549814102896	0.5769389711487707	1.3187388996096412	0.26259451251041116	7.471976086718756	62.77449283141643	1.7843855721386326	0.9877633242988944	25.73099405202923	266.60736948036504	-1.661797337969958
3.464633779264214	8.210702341137123	1.4979156691270528	0.07228820186143023	0.8104074974911686	0.5653823822748298	1.315136268663022	0.26275084817395855	7.4590718535743346	62.56780544134648	1.77873602853342	0.9876996894336676	25.676165754492285	267.2743183632355	-1.6694510317705298
3.464633779264214	8.247491638795987	1.4846984829660541	0.07593918001341657	0.8163364719650221	0.5534355098623949	1.311665351521804	0.2628605892535276	7.446437799005861	62.37143727872258	1.7731715156187424	0.9876387592290069	25.622252521079098	267.95339385853885	-1.6772553124139014
3.464633779264214	8.284280936454849	1.470940566356983	0.07986217459481997	0.8227910667607611	0.5410667448998621	1.308324095310056	0.2629246246720337	7.434079228864887	62.18520224152739	1.7676911202317878	0.9875806140111137	25.56924850455105	268.64474574098267	-1.685213852126512
3.464633779264214	8.321070234113712	1.4565796893087677	0.08409259855615399	0.8298298580699796	0.5282385567725124	1.3051104793530879	0.26294384990988917	7.422001217304933	62.00891808856989	1.7622939431103473	0.9875253345811977	25.517147938821296	269.3485250616589	-1.6933304365337165
3.464633779264214	8.357859531772576	1.4415413445818335	0.08867351097063517	0.8375235724940607	0.5149057374974451	1.3020225159677168	0.2629191656606776	7.410208617302927	61.84240649895995	1.7569790985269822	0.9874730021817828	25.465945135160464	270.0648841509179	-1.7016089694259786
3.464633779264214	8.394648829431437	1.4257348765578457	0.0936581035240391	0.845958950635703	0.5010129139824436	1.2990582512280395	0.2628514765064255	7.398706071228867	61.685493127845525	1.7517457139177386	0.9874236984627391	25.415634478325483	270.79397661643856	-1.7100534780284549
3.464633779264214	8.431438127090301	1.4090478527325192	0.09911333053610785	0.8552443675966177	0.48649091672732103	1.296215765700408	0.26274168961846306	7.387498021448461	61.53800765810369	1.7465929295030471	0.9873775054469857	25.366210422585205	271.53595733561866	-1.7186681187982198
3.464633779264214	8.468227424749164	1.391337583785891	0.10512539925411386	0.8655183043889815	0.47125128822988327	1.2934931751417462	0.262590713489438	7.376588720943492	61.39978384771193	1.7415198978983149	0.9873345054957967	25.31766748761497	272.2909824413445	-1.727457183775099
3.464633779264214	8.505016722408026	1.372417785551134	0.11180843761824519	0.8769626768985244	0.4551776138995507	1.2908886311558463	0.2623994567015961	7.365982243935014	61.2706595725651	1.7365257837116452	0.9872947812736326	25.270000254230453	273.05920930011564	-1.7364251075142818
3.464633779264214	8.54180602006689	1.3520364510549603	0.11931892534876594	0.8898249541816243	0.43811108963153345	1.288400321802867	0.2621688267359313	7.355682496494976	61.15047686454679	1.7316097631260614	0.9872584157123997	25.223203359930107	273.84079648144245	-1.7455764746310698
3.464633779264214	8.578595317725753	1.3298365614312582	0.12788140433883433	0.9044574372463748	0.41982481006044603	1.2860264721577452	0.2618997288263062	7.345693227132602	61.03908194470369	1.7267710234634392	0.9872254919750341	25.17727149421305	274.6359037173154	-1.7549160279910256
3.464633779264214	8.615384615384615	1.3052797744067521	0.13783858024232312	0.921393559566456	0.39997366560676434	1.2837653448136657	0.2615930648621968	7.33601803734255	60.936325251401065	1.7220087627273177	0.9871960934182863	25.132199393638125	275.4446918504924	-1.7644486775813855
3.464633779264214	8.652173913043478	1.2774784255993121	0.14976197210839648	0.9415158740295398	0.377983691467578	1.2816152403272727	0.2612497323431661	7.326660392103067	60.84206146338141	1.717322189121511	0.9871703035545755	25.08798183658691	276.2673227701975	-1.7741795101035864
3.464633779264214	8.688963210702342	1.2447482705712787	0.16474741708186888	0.966503298315963	0.35275656153519996	1.2795744976026941	0.2608706233877338	7.3176236303132125	60.75614951767395	1.7127105205414102	0.987148206012762	25.04461363769217	277.10395933375656	-1.7841137993298097
3.464633779264214	8.725752508361204	1.2029393735632765	0.18552140674834186	1.0005002127146487	0.3215632506674135	1.277641494211813	0.26045662379885015	7.308910975159532	60.67845262233056	1.708172984034623	0.9871298844976789	25.002089641890183	277.95476527254726	-1.7942570172710957
3.464633779264214	8.762541806020067	1.1274325119260473	0.2284245619434928	1.0681200412786869	0.26806055849686666	1.2758146466485374	0.260008612187747	7.3005255444037065	60.60883826398685	1.7037088152273683	0.9871154227482437	24.960404718052533	278.81990508049466	-1.8046148462092946
3.464633779264214	8.799331103678929	1.0971363921689767	0.24681007545615363	1.097136392168963	0.2468100754561751	1.2740632768046223	0.2595384037514579	7.292359541495948	60.544744953321675	1.6993062692313228	0.9871032377024047	24.919390173277588	279.6952947413719	-1.8150739181009534
3.464633779264214	8.836120401337793	1.2426588883918182	0.16339719629036611	1.2426588883918153	0.16339719629036742	1.282012373425895	0.2553912469065471	7.291765480869324	61.18838670675682	1.7017245205075222	0.9870692059036633	24.957685468825595	282.8090007994182	-1.8150739181009534
3.464633779264214	8.872909698996656	1.2903913180103639	0.14134819019837416	1.290391318010369	0.14134819019837183	1.2917559617926941	0.2506891055510597	7.2940423904805565	61.964357441731906	1.7054812168742535	0.9870588219616008	25.011905349285577	286.40413296409963	-1.8150739181009534
3.464633779264214	8.909698996655518	1.3234176774457134	0.12751991908271354	1.3234176774457174	0.12751991908271182	1.3021522945663135	0.24588387498679654	7.297616804866456	62.78667277689726	1.7098836995415971	0.987061483687065	25.07366994595981	290.25637184905764	-1.8150739181009534
3.464633779264214	8.946488294314381	1.349405377925501	0.11743806620231863	1.3494053779255033	0.11743806620231767	1.3127884360788542	0.24113208676420267	7.30191297823279	63.62441713506632	1.714672630050188	0.9870731526135295	25.1398387627917	294.28280152948184	-1.8150739181009534
3.464633779264214	8.983277591973245	1.3710392931131306	0.10956977313521307	1.3710392931131326	0.10956977313521227	1.323430381832545	0.2365140732446455	7.306595667140683	64.4602190656693	1.7196893613827806	0.9870912382630422	25.208496202254707	298.4322153512111	-1.8150739181009534
3.464633779264214	9.020066889632107	1.3896254149193006	0.10318228120789218	1.3896254149193006	0.10318228120789216	1.3339342421081144	0.23207207880916048	7.311450128566786	65.28351039425907	1.7248260536351905	0.9871138778568251	25.278346624612144	302.6691133706156	-1.8150739181009534
3.464633779264214	9.05685618729097	1.4059195621513747	0.0978597589831983	1.4059195621513767	0.09785975898319765	1.3442110053233678	0.2278261544779293	7.316335295504358	66.08784584355443	1.7300070440977766	0.9871396829723993	25.34848701823073	306.96791507697935	-1.8150739181009534
3.464633779264214	9.093645484949834	1.420409689715183	0.09334001917342662	1.420409689715183	0.09334001917342659	1.3542074794459529	0.22378284329966153	7.321158724197356	66.86945503833878	1.7351789636776818	0.987167608362998	25.418285815674402	311.3099647355921	-1.8150739181009534
3.464633779264214	9.130434782608695	1.433435072279476	0.08944568788858044	1.4334350722794769	0.08944568788858014	1.3638944016493608	0.21994047307225656	7.325861023004666	67.62634236756749	1.7403044406223085	0.9871968669529807	25.48730555583011	315.68164332611195	-1.8150739181009534
3.464633779264214	9.167224080267559	1.4452443041708294	0.08605064713450326	1.445244304170831	0.08605064713450271	1.373258539753057	0.21629251570083233	7.3304054873879165	68.3576918647019	1.7453577258247486	0.9872268683753931	25.55524918786753	320.0730546289297	-1.8150739181009534
3.464633779264214	9.20401337792642	1.456026627477383	0.08306187069498489	1.45602662747738	0.08306187069498583	1.3822973105794913	0.21282974187995898	7.334770991409956	69.0634638419774	1.750321538736905	0.9872571725328299	25.621921444938906	324.477069729448	-1.8150739181009534
3.464633779264214	9.240802675585284	1.4659302824992355	0.08040878552263964	1.465930282499236	0.08040878552263953	1.3910150820574259	0.20954159709709433	7.338947052626071	69.74411925384511	1.7551847609255984	0.9872874540158563	25.687200687245323	328.8886196667492	-1.8150739181009534
3.464633779264214	9.277591973244148	1.4750739765666017	0.07803664831600896	1.4750739765665997	0.07803664831600957	1.399420630544739	0.20641706815684674	7.34293039085946	70.40043128072737	1.7599407418173656	0.9873174747804121	25.751018294725675	333.3041683482334	-1.8150739181009534
3.464633779264214	9.31438127090301	1.4835544381493417	0.07590221846088645	1.4835544381493422	0.07590221846088634	1.407525398344355	0.20344521601481114	7.346722526829761	71.03335703634463	1.7645860531374002	0.987347063200743	25.813343578879635	337.72131895401964	-1.8150739181009534
3.464633779264214	9.351170568561873	1.491451609335965	0.07397082018438317	1.4914516093359647	0.07397082018438333	1.415342306998983	0.200615491029493	7.350328108365684	71.64395083157326	1.7691195736401224	0.9873760980460919	25.87417274469939	342.1385198230888	-1.8150739181009534
3.464633779264214	9.387959866220736	1.498832341256667	0.07221428461357061	1.498832341256668	0.07221428461357036	1.422884956545179	0.1979179074871413	7.35375374679806	72.23330615494923	1.7735418171093436	0.9874044962454347	25.93352082548841	346.55484458643355	-1.8150739181009534
3.464633779264214	9.424749163879598	1.5057530999569586	0.07060947064577175	1.5057530999569582	0.07060947064577185	1.4301670924090741	0.19534312818418142	7.357007211428794	72.80251746466259	1.7778544394609856	0.9874322035543681	25.991415798549347	350.96982771799776	-1.8150739181009534
3.464633779264214	9.461538461538462	1.5122619946793499	0.06913717873476462	1.51226199467935	0.06913717873476458	1.4372022574747665	0.19288249250789782	7.3600968754306	73.35265561247215	1.7820598776665466	0.9874591874383404	26.047894299972295	355.38334145274297	-1.8150739181009534
3.464633779264214	9.498327759197325	1.5184003281535015	0.06778133853373293	1.5184003281535015	0.06778133853373298	1.444003571858415	0.19052800993062324	7.36303133830915	73.88475261218616	1.7861610857076733	0.9874854316451961	26.102998511856992	359.7955036006533	-1.8150739181009534
3.464633779264214	9.535117056856187	1.52420380112638	0.06652839173143693	1.5242038011263808	0.06652839173143675	1.4505836003568655	0.1882723331895658	7.365819172304032	74.39979277925887	1.7901613419891147	0.9875109320643229	26.156773909381783	364.2066084611723	-1.8150739181009534
3.464633779264214	9.57190635451505	1.5297034614093434	0.06536681670824415	1.5297034614093434	0.06536681670824417	1.4569542796955026	0.18610872036714948	7.368468755691489	74.89870818033079	1.794064109416452	0.9875356935658438	26.209267638772673	368.6170750361124	-1.8150739181009534
3.464633779264214	9.608695652173912	1.5349264606977693	0.06428675796123472	1.5349264606977682	0.06428675796123495	1.4631268861750246	0.18403099174886944	7.370988166885311	75.38237696506098	1.7978729343197013	0.987559727586983	26.26052735840779	373.02740822043415	-1.8150739181009534
3.464633779264214	9.645484949832776	1.5398966644889656	0.06327973406445093	1.5398966644889651	0.06327973406445106	1.4691120302271732	0.18203348513967624	7.373385120911918	75.85162359268314	1.8015913740492653	0.9875830502888343	26.310600419986407	377.43816974892445	-1.8150739181009534
3.464633779264214	9.68227424749164	1.54463514821304	0.06233840526489121	1.5446351482130407	0.06233840526489096	1.4749196685159573	0.18011101188080705	7.375666935242454	76.30722027177161	1.8052229457431597	0.9876056811493001	26.359533299352947	381.8499564918434	-1.8150739181009534
3.464633779264214	9.719063545150501	1.5491606041797394	0.06145638688965345	1.5491606041797403	0.06145638688965326	1.4805591271030756	0.1782588148719048	7.3778405157771685	76.74988914460303	1.8087710907238372	0.9876276418901601	26.407371210439553	386.2633842970341	-1.8150739181009534
3.464633779264214	9.755852842809364	1.5534896778911953	0.060628098313593996	1.5534896778911949	0.06062809831359408	1.4860391312118948	0.17647252929822618	7.379912356473477	77.18030489576005	1.812239150422621	0.98764895566056	26.454157853275873	390.6790760252319	-1.8150739181009534
3.464633779264214	9.792642140468228	1.5576372478891392	0.05984863979364545	1.557637247889139	0.05984863979364547	1.4913678385349618	0.17474814637711164	7.381888548019951	77.59909756790903	1.8156303507897509	0.9876696464176286	26.49993525984714	395.09765275991606	-1.8150739181009534
3.464633779264214	9.82943143812709	1.5616166600820256	0.059113691331366215	1.5616166600820252	0.05911369133136629	1.4965528740159706	0.17308198019723425	7.383774792314171	78.00685543951393	1.818947792929355	0.9876897384588604	26.544743711009644	399.51972742245465	-1.8150739181009534
3.464633779264214	9.866220735785953	1.565439925096056	0.05841942908832998	1.5654399250960558	0.05841942908833004	1.501601364727892	0.17147063757807826	7.385576420468717	78.40412786929349	1.8221944482777932	0.9877092560714951	26.588621704636754	403.9459002105107	-1.8150739181009534
3.464633779264214	9.903010033444817	1.5691178853797505	0.05776245589242823	1.5691178853797512	0.057762455892428045	1.5065199739496495	0.16991099079339494	7.387298412756067	78.7914280468302	1.8253731570722491	0.9877282232721533	26.631605960302664	408.37675541772563	-1.8150739181009534
3.464633779264214	9.939799331103679	1.5726603574081393	0.057139743134151745	1.5726603574081397	0.05713974313415162	1.5113149338791514	0.16840015295840147	7.388945419394031	79.16923561270131	1.8284866291759223	0.9877466636161356	26.673731449625233	412.8128592985974	-1.8150739181009534
3.464633779264214	9.976588628762542	1.5760762532653279	0.056548581929171796	1.5760762532653276	0.05654858192917186	1.5159920766518693	0.1669354558621905	7.3905217814221675	79.53799912788327	1.8315374465638066	0.9877646000604693	26.715031444214677	417.2547587221986	-1.8150739181009534
3.464633779264214	10.013377926421406	1.5793736850545261	0.055986541865097154	1.5793736850545266	0.055986541865097016	1.5205568634934687	0.16551443002425723	7.392031551168893	79.89813838333107	1.8345280669510367	0.9877820548683878	26.755537575283153	421.70298041902794	-1.8150739181009534
3.464633779264214	10.050167224080267	1.5825600549333982	0.05545143599100949	1.5825600549333976	0.055451435991009615	1.5250144119425493	0.16413478676114399	7.393478511985096	80.2500465480514	1.8374608281787108	0.9877990495456886	26.79527990053647	426.1580306712112	-1.8150739181009534
3.464633779264214	10.08695652173913	1.5856421330585821	0.05494129097311819	1.5856421330585824	0.054941290973118166	1.529369521151754	0.16279440206156862	7.394866197045659	80.59409215886946	1.8403379530722275	0.9878156048015492	26.834286975144334	430.62039533146185	-1.8150739181009534
3.464633779264214	10.123745819397993	1.5886261253134868	0.05445432154727717	1.5886261253134861	0.054454321547277286	1.5336266953216513	0.16149130208365634	7.396197907107377	80.93062095811742	1.8431615545619306	0.9878317405280214	26.872585924457088	435.09054008292884	-1.8150739181009534
3.464633779264214	10.160535117056856	1.5915177323660066	0.053988908562439285	1.5915177323660066	0.053988908562439285	1.537790165351146	0.16022365010399778	7.397476727173582	81.25995758731511	1.8459336409125464	0.9878474757937111	26.9102025167945	439.56891087274255	-1.8150739181009534
3.464633779264214	10.19732441471572	1.5943222013383798	0.053543580038781874	1.59432220133838	0.053543580038781804	1.5418639088045323	0.1589897347644965	7.398705542057277	81.58240714584721	1.8486561209501504	0.9878628288481337	26.947161235118877	444.0559344677749	-1.8150739181009534
3.464633779264214	10.234113712374581	1.5970443711574056	0.05311699476763236	1.5970443711574052	0.05311699476763245	1.545851668303635	0.1577879594784586	7.399887050862902	81.8982566240261	1.851330809207345	0.9878778171340121	26.98348534676979	448.55201909332555	-1.8150739181009534
3.464633779264214	10.270903010033445	1.5996887124789296	0.05270792806329458	1.5996887124789296	0.052707928063294614	1.5497569684560921	0.15661683287188582	7.401023780425411	82.20777621992356	1.8539594309313867	0.9878924573053917	27.01919697071029	453.057555124857	-1.8150739181009534
3.464633779264214	10.307692307692308	1.6022593629375497	0.05231525934384151	1.60225936293755	0.05231525934384148	1.5535831314293245	0.1554749601493304	7.402118097756422	82.51122054907772	1.8565436269177598	0.9879067652499097	27.05431714193363	457.57291581004813	-1.8150739181009534
3.464633779264214	10.34448160535117	1.6047601583551574	0.05193796127219687	1.604760158355158	0.051937961272196714	1.5573332912761797	0.1543610352857609	7.403172221553845	82.80882975577813	1.85908495814526	0.987920756113935	27.08886587283004	462.0984580041082	-1.8150739181009534
3.464633779264214	10.381270903010034	1.6071946604449805	0.051575090233030474	1.6071946604449805	0.051575090233030474	1.5610104071130553	0.15327383395681607	7.4041882328345325	83.10083053412717	1.8615849101986444	0.9879344443295794	27.122862211421683	466.6345229056419	-1.8150739181009534
3.464633779264214	10.418060200668897	1.6095661814668578	0.051225777957250536	1.6095661814668578	0.05122577795725056	1.56461727524487	0.1522122071296751	7.405168084749488	83.3874370665002	1.8640448974719661	0.9879478436428095	27.156324296450272	471.18143678353465	-1.8150739181009534
3.464633779264214	10.454849498327759	1.6118778062229122	0.05088922413554042	1.6118778062229115	0.050889224135540596	1.5681565403252968	0.15117507524539112	7.406113611640971	83.66885188649935	1.8664662671514878	0.9879609671420714	27.189269409361714	475.73951168813767	-1.8150739181009534
3.464633779264214	10.491638795986622	1.6141324117261602	0.050564689887033006	1.6141324117261602	0.050564689887033026	1.5716307056336571	0.15016142293137857	7.407026537398003	83.94526667290323	1.8688503029805652	0.9879738272869744	27.221714023268156	480.3090461418191	-1.8150739181009534
3.464633779264214	10.528428093645484	1.61633268482783	0.05025149196952028	1.6163326848278299	0.05025149196952028	1.5750421425437953	0.14917029418954172	7.407908483164554	84.21686298060187	1.8711982288118991	0.9879864359366987	27.25367384899663	484.89032580562633	-1.8150739181009534
3.464633779264214	10.565217391304348	1.618481138049191	0.049948997634575484	1.6184811380491904	0.049948997634575644	1.5783930992538304	0.14820078801165507	7.408760974451206	84.48381291397855	1.8735112119541844	0.9879988043778707	27.285163878348527	489.48362411985477	-1.8150739181009534
3.464633779264214	10.602006688963211	1.620580123830406	0.04965662004507718	1.620580123830406	0.04965662004507716	1.5816857088401137	0.14725205437893849	7.409585447698175	84.74627974774023	1.8757903663216942	0.9880109433517267	27.31619842470688	494.08920291735325	-1.8150739181009534
3.464633779264214	10.638795986622073	1.6226318473801185	0.04937381418453196	1.6226318473801185	0.04937381418453196	1.584921996692942	0.1463232906075641	7.410383256333724	85.00441849973215	1.8780367553957593	0.9880228630804291	27.34679116112964	498.7073130089139	-1.8150739181009534
3.464633779264214	10.675585284280936	1.6246383782856126	0.04910007319751325	1.6246383782856135	0.04910007319751308	1.5881038873868418	0.14541373800597468	7.411155676369265	85.25837645988811	1.8802513950078021	0.9880345732924515	27.3769551560721	503.33819474076097	-1.8150739181009534
3.464633779264214	10.7123745819398	1.626601661022454	0.04883492510899137	1.6266016610224534	0.048834925108991525	1.5912332110333187	0.14452267881364075	7.411903911568826	85.50829367907258	1.8824352559534858	0.9880460832469733	27.406702906876784	507.98207852441425	-1.8150739181009534
3.464633779264214	10.749163879598662	1.6285235244849348	0.04857792987743673	1.6285235244849348	0.04857792987743673	1.5943117091597891	0.1436494333941385	7.412629098227789	85.7543034212379	1.884589266447568	0.9880574017572538	27.43604637116727	512.6391853395354	-1.8150739181009534
3.464633779264214	10.785953177257525	1.630405690643558	0.04832867674260879	1.6304056906435576	0.04832867674260892	1.597341040154543	0.14279335765831752	7.41333230959298	85.9965325820114	1.8867143144288923	0.9880685372129749	27.46499699627782	517.3097272105831	-1.8150739181009534
3.464633779264214	10.822742474916389	1.6322497824224889	0.04808678183413908	1.6322497824224895	0.04808678183413891	1.6003227843138237	0.14195384069592631	7.4140145599532765	86.23510207652711	1.8888112497245035	0.9880794976015544	27.493565746843224	521.9939076581603	-1.8150739181009534
3.464633779264214	10.85953177257525	1.634057330878853	0.04785188601137097	1.6340573308788533	0.04785188601137093	1.6032584485240213	0.14113030259629883	7.414676808427733	86.47012719907572	1.8908808860816244	0.9880902905284441	27.52176313066859	526.6919221260832	-1.8150739181009534
3.464633779264214	10.896321070234114	1.6358297817559968	0.04762365290869365	1.635829781755997	0.047623652908693644	1.6061494706090522	0.14032219244071062	7.415319962475884	86.70171795691097	1.892924003075885	0.9881009232364368	27.549599222992786	531.4039583852978	-1.8150739181009534
3.464633779264214	10.933110367892976	1.6375685014741848	0.047401767163868964	1.637568501474185	0.04740176716386894	1.6089972233700576	0.13952898645085052	7.415944881152572	86.92997938032366	1.8949413479035666	0.9881114026240093	27.577083689250575	536.1301969156585	-1.8150739181009534
3.464633779264214	10.96989966555184	1.6392747826150575	0.04718593280959989	1.6392747826150575	0.04718593280959992	1.6118030183423895	0.13875018627937585	7.416552378127956	87.15501181092138	1.8969336370653687	0.9881217352627337	27.604225806433824	540.8708112667114	-1.8150739181009534
3.464633779264214	11.006688963210703	1.6409498489497734	0.04697587181099812	1.640949848949773	0.04697587181099819	1.6145681092925896	0.13798531742995304	7.417143224491659	87.37691116987538	1.8989015579487998	0.9881319274137946	27.631034483146408	545.6259683986067	-1.8150739181009534
3.464633779264214	11.043478260869565	1.6425948600549158	0.046771322733715794	1.6425948600549156	0.04677132273371582	1.617293695475807	0.13723392779547122	7.417718151357912	87.59576920771993	1.9008457703155852	0.9881419850436465	27.657518278437905	550.3958290040961	-1.8150739181009534
3.464633779264214	11.080267558528428	1.6442109155557973	0.046572039529249605	1.6442109155557971	0.04657203952924967	1.6199809246727674	0.13649558630415745	7.4182778522878605	87.81167373718354	1.9027669077005267	0.9881519138388517	27.683685419500694	555.1805478127834	-1.8150739181009534
3.464633779264214	11.117056856187292	1.645799059032031	0.04637779042555682	1.6457990590320313	0.046377790425556766	1.6226308960232316	0.1357698816644046	7.418822985543016	88.02470885036364	1.9046655787273779	0.988161719220136	27.709543818304095	559.9802738785022	-1.8150739181009534
3.464633779264214	11.153846153846153	1.6473602816168678	0.04618835691242981	1.647360281616868	0.04618835691242984	1.6252446626718207	0.13505642119994365	7.419354176183312	88.23495512147167	1.9065423683473013	0.9881714063556997	27.73510108723808	564.7951508508633	-1.8150739181009534
3.464633779264214	11.190635451505017	1.6488955253182493	0.04600353281230058	1.6488955253182498	0.04600353281230047	1.6278232342404912	0.13435482976782265	7.419872018021678	88.4424897962527	1.908397839004894	0.9881809801738222	27.7603645538321	569.6253172318404	-1.8150739181009534
3.464633779264214	11.22742474916388	1.650405686086678	0.04582312342817219	1.6504056860866776	0.04582312342817229	1.6303675791407601	0.1336647487523621	7.420377075446114	88.64738696909117	1.9102325317364706	0.9881904453747955	27.785341274610097	574.4709066182555	-1.8150739181009534
3.464633779264214	11.264214046822742	1.6518916166524504	0.045646944761289304	1.6518916166524507	0.04564694476128926	1.632878626737741	0.132985835128882	7.420869885119478	88.84971774873377	1.9120469672050513	0.988199806442222	27.81003804813925	579.3320479310115	-1.8150739181009534
3.464633779264214	11.301003344481606	1.6533541291524934	0.0454748227919542	1.6533541291524931	0.04547482279195424	1.6353572693769798	0.132317760591574	7.421350957566171	89.0495504134765	1.913841646676119	0.988209067653711	27.83446142732554	584.2088656318374	-1.8150739181009534
3.464633779264214	11.33779264214047	1.6547939975649908	0.045306592817611166	1.6547939975649908	0.0453065928176112	1.63780436428416	0.13166021074041073	7.421820778654208	89.24695055659278	1.9156170529379586	0.9882182330910045	27.858617731005147	589.101479928277	-1.8150739181009534
3.464633779264214	11.37458193979933	1.656211959968249	0.04514209884292732	1.6562119599682483	0.04514209884292743	1.6402207353469451	0.13101288432243674	7.422279810980492	89.44198122271698	1.9173736511701314	0.9882273066495669	27.882513054877773	594.0100069676179	-1.8150739181009534
3.464633779264214	11.411371237458194	1.6576087206386076	0.044981193017156626	1.6576087206386079	0.04498119301715656	1.6426071747874667	0.13037549252320166	7.4227284951664165	89.63470303583739	1.9191118897634296	0.9882362920476643	27.906153281824853	598.9345590204391	-1.8150739181009534
3.464633779264214	11.448160535117056	1.6589849520007547	0.044823735114555036	1.6589849520007538	0.04482373511455524	1.6449644447331986	0.12974775830448446	7.4231672510703115	89.82517431949643	1.920832201094285	0.988245192834963	27.929544091651056	603.8752446543164	-1.8150739181009534
3.464633779264214	11.48494983277592	1.660341296442651	0.044669592054036214	1.660341296442651	0.044669592054036235	1.647293278693504	0.1291294157847663	7.423596478922915	90.01345120975704	1.9225350022566696	0.9882540124006763	27.952690970287808	608.832168898385	-1.8150739181009534
3.464633779264214	11.521739130434783	1.6616783680059317	0.04451863745465377	1.6616783680059315	0.04451863745465381	1.6495943829483206	0.12852020965924996	7.424016560391158	90.19958776143395	1.9242206957539547	0.9882627539812798	27.975599218490917	613.805433399157	-1.8150739181009534
3.464633779264214	11.558528428093645	1.662996753961877	0.044370751223813364	1.6629967539618775	0.044370751223813315	1.651868437855204	0.12791989465646544	7.424427859575691	90.38363604806713	1.9258896701534185	0.9882714206678247	27.998273960066175	618.7951365682418	-1.8150739181009534
3.464633779264214	11.595317725752508	1.6642970162818986	0.04422581917544117	1.6642970162818986	0.04422581917544117	1.6541160990802066	0.12732823502877888	7.424830723946538	90.56564625605938	1.9275423007055532	0.9882800154128674	28.02072014965096	623.8013737223413	-1.8150739181009534
3.464633779264214	11.632107023411372	1.6655796930108782	0.04408373267557991	1.6655796930108777	0.044083732675579995	1.6563379987578752	0.12674500407432213	7.425225485221466	90.74566677338278	1.929178949930456	0.9882885410370399	28.042942580080563	628.8242372160389	-1.8150739181009534
3.464633779264214	11.668896321070234	1.6668452995507852	0.04394438831314618	1.6668452995507854	0.04394438831314615	1.6585347465850477	0.1261699836880874	7.42561246019087	90.92374427321514	1.930799968173231	0.9882970002352788	28.06494588936413	633.8638165677587	-1.8150739181009534
3.464633779264214	11.705685618729097	1.6680943298614448	0.043807687593782285	1.6680943298614448	0.04380768759378235	1.6607069308528866	0.12560296394010728	7.425991951492958	91.09992379284567	1.932405694130319	0.9883053955827334	28.086734567294446	638.9201985793085	-1.8150739181009534
3.464633779264214	11.74247491638796	1.6693272575847315	0.04367353665492638	1.6693272575847309	0.04367353665492649	1.6628551194212593	0.12504374267879886	7.426364248342637	91.27424880816663	1.933996455348519	0.9883137295403717	28.108312961714027	643.9934674493866	-1.8150739181009534
3.464633779264214	11.779264214046822	1.670544537097844	0.04354184600040872	1.6705445370978438	0.04354184600040874	1.6649798606391748	0.1244921251577269	7.426729627217181	91.44676130403468	1.9355725686982943	0.9883220044602966	28.12968528445784	649.083704881373	-1.8150739181009534
3.464633779264214	11.816053511705686	1.6717466045009144	0.04341253025302544	1.6717466045009142	0.04341253025302546	1.667081684214791	0.12394792368416332	7.427088352501635	91.61750184077252	1.9371343408229196	0.9883302225907958	28.15085561699226	654.1909901857514	-1.8150739181009534
3.464633779264214	11.852842809364548	1.6729338785437597	0.04328550792367873	1.67293387854376	0.04328550792367872	1.6691611020382648	0.1234109572879477	7.4274406770966745	91.78650961706114	1.938682068564914	0.9883383860811339	28.17182791576869	659.3154003774805	-1.8150739181009534
3.464633779264214	11.889632107023411	1.6741067614960596	0.04316070119581452	1.6741067614960599	0.0431607011958145	1.6712186089603154	0.12288105140929065	7.427786842991206	91.95382252944296	1.9402160393709802	0.9883464969861023	28.19260601730735	664.4570102685267	-1.8150739181009534
3.464633779264214	11.926421404682275	1.6752656399651509	0.04303803572396735	1.6752656399651509	0.04303803572396737	1.6732546835294806	0.12235803760422657	7.428127081802384	92.11947722866468	1.941736531676886	0.9883545572703436	28.213193643029193	669.6158925559587	-1.8150739181009534
3.464633779264214	11.963210702341136	1.6764108856649755	0.04291744044536431	1.6764108856649758	0.042917440445364254	1.6752697886904515	0.12184175326656999	7.428461615284797	92.28350917304239	1.9432438152732592	0.9883625688124587	28.233594403848475	674.7921179057254	-1.8150739181009534
3.464633779264214	12.	1.6775428561396384	0.04279884740360398	1.6775428561396377	0.042798847403604116	1.6772643724459648	0.12133204136528153	7.4287906558109515	92.44595267903891	1.9447381516534687	0.9883705334089099	28.253811804540646	679.9857550324112	-1.8150739181009534