3.658518394648829	1.	4.856641622191443	5.0877874362197924e-12	4.774547646288571	0.9999999999923888	6.195368104416536	1.2419623652672966e-6	12.769070189226222	510.6441597194789	13.785377161513857	0.9999988455181458	107.36040037857391	241.96479024927245	2.900613537215698
3.658518394648829	1.0367892976588629	4.768430128431199	9.530393038721618e-12	4.605125966510964	0.9999999999782123	6.072574483903617	1.6650554460705154e-6	12.63541469923861	497.80506247702385	13.29618688530864	0.9999983564725766	104.92441795418443	241.96455945900018	2.7886171419090897
3.658518394648829	1.0735785953177257	4.684998228601628	1.7248692018738267e-11	4.447315087525565	0.9999999999421952	5.9562270689657435	2.2002772284396985e-6	12.50695088637294	485.6914082964384	12.840514504350187	0.999997717476981	102.61992391765193	241.96419422706487	2.6820317951545642
3.658518394648829	1.1103678929765886	4.60593482277417	3.0252041653827985e-11	4.299960808301389	0.9999999998567612	5.845795195270169	2.869242060981955e-6	12.383373220227915	474.24179222616044	12.415026836269089	0.999996899957886	100.43573394906514	241.9636530857975	2.5803111605898335
3.658518394648829	1.1471571906354514	4.530875999760457	5.1552260486590034e-11	4.1620569835732155	0.9999999996662597	5.740806610653354	3.6961815942317857e-6	12.264398112104184	463.40159966177833	12.016818222833024	0.9999958736698862	98.36194071678183	241.96288949611417	2.4829895995198
3.658518394648829	1.1839464882943145	4.459498365435349	8.55557571833542e-11	4.032722522655592	0.9999999992645534	5.640839504291788	4.708056532211757e-6	12.149762380549788	453.12208971840874	11.643344134957681	0.9999946071418424	96.38973306054424	241.96185251103577	2.389666703822769
3.658518394648829	1.2207357859531773	4.391513481089833	1.385681541928891e-10	3.9111825473434756	0.9999999984592882	5.545515823008426	5.934657162698868e-6	12.039221753612326	443.35962346323436	11.29236678331153	0.9999930681422644	94.51124551206622	241.9604875769023	2.299995423522256
3.658518394648829	1.2575250836120402	4.326663200781529	2.1943165895291155e-10	3.796752857093797	0.9999999969176054	5.4544956361529975	7.408692682765655e-6	11.932549435550628	434.0750109364532	10.961910274974121	0.9999912241463048	92.71943231471717	241.95873742981405	2.2136728201660865
3.658518394648829	1.294314381270903	4.26471574155967	3.4031648781873687e-10	3.68882704338978	0.9999999940871874	5.367472360139125	9.165869507827585e-6	11.82953475374476	425.23295612827513	10.650223416080964	0.9999890427892715	91.00796136156171	241.95654304661775	2.130432770997874
3.658518394648829	1.3311036789297659	4.20546235481382	5.176883525793787e-10	3.5868657407144573	0.999999989085938	5.284168691954781	0.000011244958899037985	11.729981893504279	416.8015831603115	10.355748680690192	0.9999864922943562	89.37112443072337	241.95384461337838	2.050040144610522
3.658518394648829	1.3678929765886287	4.148714493527257	7.734743529665163e-10	3.490387611862162	0.9999999805533814	5.20433313064932	0.00001368785436677169	11.633708723168978	408.7520301209701	10.077096184669893	0.9999835418651257	87.80376083556543	241.95058247965832	1.9722861018613853
3.658518394648829	1.4046822742474916	4.094301390853506	1.1364495708770163e-9	3.398961749618259	0.9999999664571622	5.127736989021067	0.000016539619408809893	11.540545708462611	401.0580995321865	9.81302174685282	0.9999801620360507	86.30119217981506	241.94669807263364	1.896984268055156
3.658518394648829	1.4414715719063544	4.0420679816066345	1.6438662354251772e-9	3.312201241774618	0.9999999438488398	5.054171816022825	0.000019848526222480365	11.450334912910277	393.6959564333954	9.562408307213056	0.99997632497682	84.85916635503999	241.9421347510475	1.823967587414793
3.658518394648829	1.4782608695652173	3.9918731110153822	2.343346535771785e-9	3.2297576968391866	0.9999999085645367	4.983447164909367	0.000023666086092285577	11.362929079855746	386.6438666740527	9.32425011730319	0.999972004748357	83.47380926962332	241.93683858459605	1.753085717411423
3.658518394648829	1.5150501672240804	3.9435879852230236	3.2950590237095297e-9	3.1513165671741974	0.9999998548678734	4.91538865372651	0.000028047072200393895	11.278190790932102	379.88196929629464	9.097639231856155	0.9999671775102621	82.1415830767677	241.9307590493437	1.6842028543341423
3.658518394648829	1.5518394648829432	3.8970948261095386	4.5741971006285515e-9	3.0765931372696684	0.999999775034841	4.849836274032942	0.00003304953563858161	11.195991695552928	373.39207793187575	8.881753919848983	0.9999618216808633	80.85924989073764	241.9238496340739	1.6171959063609038
3.658518394648829	1.588628762541806	3.852285699516654	6.27377635976082e-9	3.005329069373248	0.9999996588828154	4.786642911245873	0.00003873481541865163	11.116211805965547	367.1575069841019	8.675848684068804	0.9999559180521918	79.6238401580931	241.9160683559717	1.55195294892329
3.658518394648829	1.625418060200669	3.8090614912108207	8.50776559459852e-9	2.9372894182150056	0.9999994932485049	4.725673046087283	0.000045167543285705624	11.038738852548427	361.16291905622364	8.479245634539412	0.9999494498630085	78.43262499364859	241.90737818677636	1.4883719111153988
3.658518394648829	1.6622073578595318	3.767331009186305	1.1414564130497805e-8	2.872260042193193	0.9999992614222246	4.666801611571119	0.000052415644136563816	10.96346769427852	355.3941906539592	8.291327006255148	0.9999424028335783	77.28309190665267	241.897747392578	1.4263594525191396
3.658518394648829	1.6989966555183946	3.7270101943927783	1.516083583205919e-8	2.810045350966275	0.9999989425482378	4.609912984039382	0.00006055033283564462	10.890299779595546	349.83829365593857	8.111528647962032	0.9999347651662075	76.17292343687788	241.8871497918588	1.3658299979795772
3.658518394648829	1.7357859531772575	3.688021424826866	1.994570772698982e-8	2.7504663395743294	0.9999985110029417	4.554900090103881	0.00006964610820419047	10.81914265322029	344.483190431224	7.939334338090271	0.9999265275157146	75.0999782973303	241.8755649372607	1.3067049041913428
3.658518394648829	1.7725752508361203	3.650292900278597	2.6005338709603538e-8	2.6933588674880937	0.999997935764265	4.501663614119753	0.00007978074493715475	10.749909504822382	339.3177408029305	7.77427080781826	0.9999176829339936	74.06227468356384	241.862978227054	1.2489117369039096
3.658518394648829	1.8093645484949832	3.613758096968852	3.361786128367373e-8	2.638572147743727	0.9999971797866928	4.450111293117028	0.00009103528417657428	10.682518755768053	334.331619323566	7.6159033707539665	0.9999082267927177	73.05797546180885	241.8493809524998	1.1923836414514688
3.658518394648829	1.8461538461538463	3.5783552829290475	4.310869681229503e-8	2.585967416868045	0.9999961993968527	4.4001572880336335	0.00010349402344196761	10.616893680499315	329.515241550594	7.463832074724763	0.9998981566880268	72.08537499139602	241.83477028715902	1.137058792406926
3.658518394648829	1.882943143812709	3.5440270863216345	5.485624229589102e-8	2.5354167608705582	0.9999949437245391	4.351721621699121	0.00011724450658812945	10.552962059401652	324.8596981979302	7.317688304360688	0.9998874723307801	71.14288737299576	241.8191492240855	1.0828799106330482
3.658518394648829	1.919732441471572	3.5107201100272287	6.929792432970372e-8	2.4868020763616556	0.999993354183451	4.3047296753668975	0.00013237751442957282	10.490655860301674	320.35669619667783	7.177131774073779	0.9998761754256583	70.22903594429542	241.80252646648864	1.0297938379935732
3.658518394648829	1.9565217391304348	3.4783845867713623	8.693661362677548e-8	2.4400141489999307	0.9999913640148479	4.259111736730154	0.00014898705663949035	10.429910946000197	315.9985058316319	7.041847860108518	0.9998642695420796	69.3424438700026	241.78491627711267	0.9777511615978948
3.658518394648829	1.9933110367892977	3.4469740698621756	1.0834739135612746e-7	2.3949518340938067	0.9999888979058268	4.2148025933191064	0.00016717036550011223	10.370666805489059	311.7779132330066	6.91154522790562	0.999851759979567	68.48182569433607	241.76633829121621	0.9267058807650224
3.658518394648829	2.0301003344481607	3.4164451552856714	1.3418465655982986e-7	2.35152132637828	0.9999858716921021	4.171741165994145	0.00018702789205121432	10.312866306722224	307.6881775988825	6.785953717356556	0.9998386536298806	67.64597974215394	241.74681729771382	0.8766151109667989
3.658518394648829	2.0668896321070234	3.3867572314779713	1.6518956209527325e-7	2.3096355078324327	0.9999821921530936	4.129870177945126	0.00020866330515477516	10.256455469014686	303.7229926057611	6.6648224538474725	0.9998249588379186	66.83378127011339	241.72638299267823	0.8274388198944581
3.658518394648829	2.1036789297658864	3.3578722535815495	2.0219776491540625e-7	2.2692133639590266	0.9999777569049197	4.089135855201117	0.00023218349396662212	10.201383253326195	299.8764515346303	6.547918157476908	0.9998106852630945	66.04417628223617	241.70506970911518	0.7791395915243455
3.658518394648829	2.140468227424749	3.329754539408665	2.461474750624411e-7	2.2301794602636575	0.9999724543945967	4.049487655164079	0.0002576985742806238	10.147601368854913	296.1430157000334	6.435023626625366	0.9997958437426233	65.27617593533373	241.68291612669154	0.7316824146666878
3.658518394648829	2.177257525083612	3.3023705846912215	2.9808778651958076e-7	2.192463471787764	0.9999661639964984	4.010878020116762	0.00028532189918778917	10.095064094516136	292.5174858212212	6.325936375271678	0.9997804461579	64.5288514692249	241.65996496483496	0.6850344929889769
3.658518394648829	2.2140468227424748	3.2756888955019416	3.5918727204806185e-7	2.155999759500593	0.9999587562099419	3.9732621530315835	0.00031517007447155363	10.043728114018593	288.9949760189657	6.2204674061884475	0.9997645053049244	63.80132960482197	241.6362626624259	0.6391650739310655
3.658518394648829	2.250836120401338	3.249679835994742	4.3074282333802097e-7	2.1207269881668864	0.9999500929547513	3.9365978133320767	0.0003473629791416723	9.993552363373551	285.5708901600437	6.118440104484375	0.9997480347695249	63.092788360172	241.61185904715958	0.5940452942876628
3.658518394648829	2.2876254180602005	3.224315489838548	5.141887156195914e-7	2.086587781002091	0.9999400279602741	3.900845130539121	0.00038202379148623045	9.944497889782546	282.24090030460883	6.019689237957562	0.9997310488079549	62.40245324057741	241.58680699737027	0.5496480405358496
3.658518394648829	2.3244147157190636	3.1995695339165113	6.111058868006577e-7	2.0535284070207336	0.9999284072384603	3.8659664339801627	0.00041927902105154706	9.896527720953749	279.0009270407524	5.924060052444051	0.9997135622332523	61.72959376421039	241.56116209952123	0.5059478222454591
3.658518394648829	2.3612040133779266	3.175417123027314	7.232313871336462e-7	2.0214984975039867	0.9999150696401877	3.83192609694452	0.0004592585468117698	9.849606743974181	275.84712151498786	5.831407451799759	0.9996955903077072	61.073520289006126	241.53498230280957	0.46292065711834474
3.658518394648829	2.3979933110367893	3.1518347844811143	8.52468012229314e-7	1.9904507884420646	0.9998998474761756	3.798690393863791	0.0005020956620087526	9.803701592967519	272.7758489903305	5.74159525345679	0.9996771486415069	60.433581110846596	241.508327574901	0.4205439664061731
3.658518394648829	2.4347826086956523	3.128800321602209	1.0008940756317894e-6	1.9603408862022331	0.999882567199975	3.7662273692454327	0.0005479271259030879	9.758780544818084	269.78367378160107	5.654495511558853	0.9996582530976922	59.80915980619279	241.48125955990773	0.3787964795982838
3.658518394648829	2.471571906354515	3.1062927252675747	1.1707733119232392e-6	1.9311270539962941	0.9998630501396301	3.7345067172354423	0.000596893222811669	9.714813422320546	266.8673454349414	5.569987900651305	0.9996389197033776	59.199672795498344	241.4538412412654	0.3376581474188841
3.658518394648829	2.508361204013378	3.0842920927062143	1.3645648905874247e-6	1.9027700170112782	0.9998411132677821	3.703499670806747	0.0006491378287556798	9.671771504169104	264.02378603289674	5.487959153719105	0.9996191645671528	58.60456710629984	241.42613661144932	0.297110062287082
3.658518394648829	2.5451505016722407	3.0627795528698143	1.584933523404249e-6	1.8752327843162941	0.9998165699993629	3.673178899678197	0.0007048084860473311	9.629627441253469	261.2500785192721	5.408302549083821	0.9995990038025235	58.023318317180646	241.39821035036002	0.257134385495307
3.658518394648829	2.5819397993311037	3.041737197760218	1.8347596492313072e-6	1.8484804858759691	0.999789231006134	3.643518416164201	0.0007640564861431704	9.588355178776707	258.54345594924513	5.330917441296631	0.9995784534572048	57.45542866582838	241.3701275141052	0.21771428044984473
3.658518394648829	2.6187290969899664	3.021148019164804	2.117149682539578e-6	1.822480223190438	0.9997589050374248	3.614493488238553	0.0008270369610964909	9.54792988375303	255.90129158013988	5.255708831709696	0.9995575294480452	56.90042530617381	241.34195323569116	0.17883385139325508
3.658518394648829	2.6555183946488294	3.000995850308373	2.435446304675643e-6	1.797200932248117	0.9997253997381667	3.58608055916915	0.0008939089839212509	9.508327877480468	253.32108972696324	5.182586974884731	0.9995362475013456	56.35785870115016	241.31375243884492	0.14047808709385542
3.658518394648829	2.6923076923076925	2.981265311982582	2.7932388049417e-6	1.772613257621173	0.9996885224518598	3.558257173147716	0.0009648356782539303	9.4695265726234	250.8004773147519	5.111467017422341	0.9995146230982854	55.827301139043904	241.28558956655988	0.10263280904856255
3.658518394648829	2.729096989966555	2.9619417627562217	3.1943734358328504e-6	1.7486894366631425	0.9996480810035812	3.5310019063923224	0.0010399843375898364	9.431504414562413	248.33719606625635	5.04226866615292	0.9994926714252085	55.30834536253022	241.2575283247878	0.06528462378930852
3.658518394648829	2.765886287625418	2.9430112529122554	3.642963793250872e-6	1.7254031928774856	0.9996038844519619	3.5042943032557288	0.0011195265544958202	9.394240826706246	245.92909526994075	4.974915882964897	0.9994704073284633	54.800603300667156	241.2296314425608	0.028420878933778506
3.658518394648829	2.802675585284281	2.924460481791081	4.143401207536032e-6	1.702729637625613	0.9995557438040658	3.4781148169155136	0.0012036383601398447	9.357716159480722	243.5741250784452	4.90933660382489	0.9994478452735189	54.30370489502023	241.2019604490301	-0.007970377344273511
3.658518394648829	2.839464882943144	2.906276758251302	4.700365142204625e-6	1.680645179428963	0.9995034726865133	3.452444754263135	0.0012925003745135586	9.321911642734468	241.27033029252266	4.845462479798808	0.9994249993080683	53.81729701196119	241.174575467957	-0.04390043371481278
3.658518394648829	2.8762541806020065	2.8884479639870446	5.318833598106059e-6	1.6591274401962024	0.9994468879672351	3.4272662246450136	0.0013862979677331346	9.286809341322028	239.0158445897375	4.783228638105716	0.9994018830288367	53.34104243394027	241.14753502999088	-0.07937995022154115
3.658518394648829	2.9130434782608696	2.870962519465646	6.004093522907008e-6	1.6381551777741352	0.9993858103230953	3.402562092140852	0.001485221432818947	9.25239211364396	236.80888516102692	4.722573461434254	0.9993785095518165	52.87461892320925	241.12089590294212	-0.11441899017627172
3.658518394648829	2.9498327759197323	2.853809352271557	6.761751228067526e-6	1.6177082142806838	0.9993200647494506	3.378315931093079	0.0015894661703708293	9.218643572940667	234.64774772163096	4.663438383926828	0.9993548914856586	52.41771835207543	241.0947129400845	-0.14902704962857224
3.658518394648829	2.9866220735785953	2.836977867662168	7.59774281778096e-6	1.597767369731358	0.9992494810085232	3.35451198462718	0.0016992328855739538	9.185548051152633	232.53080186596657	4.605767702393274	0.9993310409079585	51.97004589431069	241.06903894642724	-0.18321308460134045
3.658518394648829	3.0234113712374584	2.820457921158823	8.518344636702381e-6	1.578314400517682	0.9991738940142362	3.3311351259256305	0.001814727797990114	9.153090565173812	230.45648673874524	4.549508401454554	0.9993069693441854	51.531319272822195	241.04392456273746	-0.21698553626486217
3.658518394648829	3.060200668896321	2.804239793012219	9.530183745675734e-6	1.5593319423379999	0.9990931441518935	3.3081708220390147	0.0019361628646111823	9.12125678533818	228.42330699710809	4.494609991441487	0.9992826877490119	51.10126805912996	241.0194181670188	-0.2503523542060122
3.658518394648829	3.096989966555184	2.7883141643955636	0.000010640248437082933	1.540803457218406	0.9990070775317653	3.2856051000365074	0.0020637560166742617	9.090033005991137	226.429829040756	4.441024357984227	0.9992582064898132	50.67963302058676	240.9955657930217	-0.2833210179349077
3.658518394648829	3.1337792642140467	2.7726720951917208	0.000011855898803871024	1.5227131842949335	0.99891554617627	3.263424515314824	0.0021977314107635673	9.05940611800869	224.47467748905396	4.388705622327625	0.9992335353321176	50.26616551162973	240.97241106529017	-0.31589855675902717
3.658518394648829	3.17056856187291	2.7573050032520725	0.00001318487737876528	1.5050460940579575	0.9988184081410169	3.241616121899885	0.002338319694750046	9.029363583136858	222.55653188588283	4.337610011496653	0.999208683426795	49.86062690567273	240.94999515017608	-0.34809156814302683
3.658518394648829	3.2073578595317724	2.7422046450152884	0.000014635319862635271	1.487787845786535	0.998715527570487	3.220167444589286	0.0024857582891486844	8.999893410033454	220.67412361464523	4.2876957375159	0.999183659298791	49.46278806453654	240.92835672218115	-0.37990623466306445
3.658518394648829	3.2441471571906355	2.7273630973835483	0.00001621576596345738	1.4709247479243677	0.9986067746895825	3.199066452796014	0.0026402916845022157	8.970984131902169	218.8262330072891	4.238922884958887	0.9991584708372134	49.072428842573416	240.90753194492012	-0.41134833965506934
3.658518394648829	3.280936454849498	2.712772740762354	0.000017935170369796613	1.4544437211707115	0.9984920257326728	3.1783015359652977	0.002802171755431784	8.942624785617161	217.01168663256297	4.191253306167742	0.9991331252865986	48.68933762288139	240.88755446598054	-0.44242328164865324
3.658518394648829	3.317725752508361	2.698426243177772	0.000019802913885222568	1.438332264078979	0.9983711628121001	3.1578614804466514	0.002971658092026782	8.914804892242959	215.22935474991027	4.144650523542007	0.9991076292391884	48.31331088321795	240.8684554249084	-0.4731360876709953
3.658518394648829	3.3545150501672243	2.6843165453919693	0.00002182881475257794	1.422578420973339	0.998244073728391	3.137735447712616	0.003149018349279685	8.887514438861329	213.47814891651913	4.099079638347765	0.9990819886280623	47.944152789416435	240.85026347351265	-0.5034914254989522
3.658518394648829	3.391304347826087	2.6704368469443156	0.00002402314019953674	1.407170752009503	0.9981106517246366	3.1179129538241814	0.003334528615306227	8.860743861622442	211.75701973603697	4.054507245546105	0.999056208720976	47.58167481428962	240.8330048077037	-0.5334936149315829
3.658518394648829	3.42809364548495	2.6567805930510793	0.000026396618239426297	1.3920983052202145	0.9979707951876915	3.0983838500506193	0.0035284737991253	8.834484029943235	210.06495473836543	4.010901354182419	0.9990302941147681	47.22569538016221	240.81670321001127	-0.5631466381506376
3.658518394648829	3.4648829431438126	2.6433414623021885	0.000028960449763842913	1.377350590399083	0.9978244072989446	3.079138304558759	0.0037311480388088733	8.808726231780945	208.40097638079556	3.9682313129176254	0.9990042487302061	46.876039523328146	240.80138010201273	-0.5924541492314855
3.658518394648829	3.5016722408026757	2.630113355098209	0.0000317263209661861	1.362917554688141	0.9976713956375098	3.0601667850930294	0.003942855130846353	8.783462159914157	206.7641401614797	3.9264677403170745	0.9989780758071486	46.532538578857974	240.78705460583066	-0.6214194828634777
3.658518394648829	3.5384615384615383	2.6170903827752685	0.000034706416137861904	1.348789559745385	0.9975116717387054	3.0414600425737865	0.004163908981602805	8.758683899168021	205.153532836947	3.8855824595453496	0.9989517778999101	46.19502988430901	240.7737436139263	-0.6500456623347786
3.658518394648829	3.5752508361204014	2.6042668573696197	0.000037913430881576615	1.3349573603783156	0.9973451506106885	3.0230090955468043	0.004394634081783068	8.734383914523892	203.56827073598984	3.8455484371440676	0.9989253568727222	45.86335650100236	240.76146186640742	-0.6783354068337992
3.658518394648829	3.612040133779264	2.5916372819773086	0.000041360585788870384	1.3214120845384942	0.997171750212066	3.0048052154219778	0.004635366004845064	8.710555040057086	202.00749816283624	3.806339725596364	0.9988988138951908	45.537366951635214	240.75022203510403	-0.7062911381166042
3.658518394648829	3.648829431438127	2.5791963416678674	0.00004506164063181615	1.3081452145803638	0.9969913908932303	2.9868399124439957	0.004886451930334045	8.687190468649518	200.4703858830616	3.7679314094059624	0.9988721494376575	45.21691497309366	240.7400348137121	-0.7339149865870751
3.658518394648829	3.68561872909699	2.566938894913954	0.00004903090912169148	1.2951485696949943	0.9968039948040578	2.96910492234191	0.005148251193134609	8.66428374242634	198.95612968616393	3.7302995544402724	0.9988453632663774	44.90185928341383	240.7309090132786	-0.7612087968352177
3.658518394648829	3.722408026755853	2.55485996550199	0.00005328327429032899	1.2824142894364268	0.9966094852704838	2.951592193608871	0.00542113585965621	8.64182874386837	197.46394901921087	3.6934211603077474	0.9988184544384352	44.59206336192769	240.72285166244103	-0.7881741326764997
3.658518394648829	3.759197324414716	2.5429547348912425	0.00005783420455292294	1.2699348182644659	0.9964077861423105	2.9342938753667007	0.005705491331982656	8.619819687553571	195.99308568634817	3.6572741155571173	0.9987914212963225	44.28739524169414	240.71586811174606	-0.8148122817347453
3.658518394648829	3.7959866220735785	2.5312185349914977	0.00006269977051415345	1.2577028910336798	0.9961988211144329	2.917202305773817	0.006001716981020742	8.598251112482716	194.54280260937793	3.6218371555036186	0.9987642614621096	43.98772731339223	240.70996214152382	-0.8411242596093343
3.658518394648829	3.8327759197324416	2.5196468413315984	0.0000678966625827384	1.2457115193636283	0.9959825130234846	2.900310000938124	0.006310226809679366	8.577117874945383	193.11238264495367	3.5870898225021537	0.9987369718311502	43.69293613991135	240.70513607277152	-0.8671108136673853
3.658518394648829	3.869565217391304	2.508235266593299	0.00007344220946284798	1.2339539788302933	0.9957587831217068	2.8836096442997308	0.006631450147094329	8.556415141883209	191.70112745428668	3.5530124285014466	0.9987095485652585	43.40290228093273	240.70139088056342	-0.8927724265009562
3.658518394648829	3.9063545150501673	2.4969795544867983	0.00007935439759428212	1.222423796923168	0.9955275503296317	2.8670940764512665	0.00696583237488263	8.536138384707673	190.30835642156242	3.5195860197260536	0.9986819870853118	43.117510126849275	240.69872630954956	-0.9181093190895457
3.658518394648829	3.94314381270903	2.4858755739461866	0.00008565189161685527	1.211114741716669	0.9952887304689669	2.8507562853664945	0.00731383568636144	8.516283373529708	188.93340561757142	3.4867923433448142	0.9986542820632295	42.83664774142058	240.69714099114478	-0.9431214537083704
3.658518394648829	3.979933110367893	2.4749193136246697	0.00009235405593814244	1.2000208112083544	0.9950422354768459	2.834589397010663	0.007675939879596463	8.496846171757882	187.57562680533596	3.4546138159950615	0.9986264274132924	42.56020671260482	240.69663256205817	-0.9678085366238527
3.658518394648829	4.016722408026756	2.464106876671052	0.00009948097748751465	1.18913622327998	0.9947879726024013	2.8185866663086885	0.008052643185048561	8.477823131020797	186.23438648477654	3.4230334940417935	0.9985984162827677	42.28808201105165	240.69719778385243	-0.9921700206186768
3.658518394648829	4.053511705685619	2.4534344757704307	0.00010705348974330175	1.1784554062407262	0.9945258435863976	2.80274146845004	0.008444463128460011	8.459210886367952	184.90906497373135	3.3920350454600756	0.9985702410418141	42.02017185577909	240.69883266327358	-1.0162051073903655
3.658518394648829	4.090301003344481	2.4428984284334008	0.0001150931981239149	1.1679729899149114	0.9942557438244705	2.78704729051171	0.00885193742945989	8.441006351701214	183.5990555228831	3.3616027232371573	0.9985418932726506	41.756377586592485	240.7015325731165	-1.0399127498693956
3.658518394648829	4.127090301003345	2.4324951525194494	0.0001236225068377873	1.1576837972393588	0.9939775615143053	2.771497723383494	0.009275624936160728	8.423206715386216	182.3037634624021	3.3317213401986208	0.9985133637579754	41.496603542838855	240.70529237346122	-1.0632916545049682
3.658518394648829	4.1638795986622075	2.4222211619813807	0.00013266464729113356	1.1475828363381184	0.9936911767869245	2.7560864539824124	0.009716106595762147	8.405809435989775	181.02260537835764	3.3023762451697376	0.9984846424686376	41.240756948119376	240.7101065331319	-1.0863402835696356
3.658518394648829	4.20066889632107	2.4120730628187763	0.00014224370815660875	1.13766529304464	0.9933964608220706	2.7408072577459914	0.01017398646086063	8.388812238085142	179.755008317196	3.2735533003896524	0.998455718550567	40.98874780061097	240.71596925126894	-1.1090568575373851
3.658518394648829	4.237458193979933	2.4020475492296987	0.00015238466720999638	1.1279265238437222	0.9930932749475343	2.725653991397113	0.01064989273077835	8.372213108062153	178.50040901684474	3.245238860102137	0.9984265803109861	40.740488768677125	240.72287457896218	-1.1314393575934258
3.658518394648829	4.274247491638796	2.392141399950812	0.00016311342504602268	1.1183620492075614	0.9927814697221446	2.710620585976222	0.011144478826754414	8.356010289873387	177.25825316325796	3.217419750251965	0.998397215203933	40.495895091470544	240.73081654091214	-1.1534855283387018
3.658518394648829	4.311036789297659	2.382351474777143	0.00017445684078819162	1.1089675473020888	0.9924608840020439	2.695701040139994	0.01165842449928094	8.340202280640675	176.02799467149543	3.190083249220925	0.9983676098151458	40.2548844842536	240.73978925710492	-1.175192880757193
3.658518394648829	4.3478260869565215	2.3726747112537954	0.00018644276991093792	1.0997388480415646	0.9921313439897971	2.6808894137293255	0.012192436965188676	8.324787826038591	174.80909499072806	3.1632170695424624	0.9983377498463724	40.01737704818687	240.74978706456977	-1.1965586955196421
3.658518394648829	4.384615384615385	2.3631081215327505	0.00019910010429560846	1.0906719274708934	0.9917926622658576	2.6661798216131793	0.01274725207128826	8.309765915362386	173.60102243286565	3.1368093405377473	0.9983076200991847	39.783295184352255	240.7608046392489	-1.2175800267042751
3.658518394648829	4.421404682274248	2.353648789388965	0.00021245881464424464	1.0817629024566429	0.9914446368019131	2.6515664278193074	0.013323635480419387	8.295135776177624	172.40325152485408	3.1108485918201993	0.9982772044584067	39.552563511799136	240.77283711807982	-1.2382537060219048
3.658518394648829	4.45819397993311	2.3442938673908684	0.00022654999537703328	1.0730080256690364	0.9910870499556933	2.6370434399674405	0.013922383874640303	8.280896868437106	171.21526238505697	3.0853237376190332	0.9982464858752793	39.32510878941879	240.78588022140633	-1.2585763476411342
3.658518394648829	4.494983277591973	2.3350405742213116	0.0002414059121401947	1.064403680838405	0.9907196674469302	2.6226051040257703	0.01454432616897326	8.267048877937569	170.036540124551	3.0602240618756493	0.9982154463505211	39.10085984146905	240.7999303758371	-1.278544353718145
3.658518394648829	4.531772575250836	2.325886192145966	0.00025706005205086105	1.0559463782706642	0.9903422373143225	2.6082456994172674	0.015190324727578197	8.253591708973817	168.8665742746186	3.035539204069803	0.9981840669174716	38.87974748658716	240.8149848377082	-1.2981539207453494
3.658518394648829	4.568561872909699	2.3168280646270887	0.00027354717680381536	1.0476327506073535	0.9899544888536056	2.5939595345086923	0.01586127657243245	8.240525476031486	167.70485824222516	3.011259145735188	0.9981523276255395	38.66170447014319	240.83104181729107	-1.3174010468438133
3.658518394648829	4.605351170568562	2.3078635940815877	0.00029090337876145066	1.0394595488166536	0.9895561315371316	2.5797409425222795	0.016558114572507828	8.22785049434156	166.55088879584065	2.9873741976267514	0.9981202075242199	38.44666539980151	240.84810060392468	-1.3362815401358827
3.658518394648829	4.642140468227424	2.2989902397831927	0.00030916614014273307	1.0314236384025184	0.9891468539157843	2.565584277917724	0.017281808599024305	8.215567269099322	165.40416558458108	2.9638749875041546	0.99808768464799	38.23456668416911	240.8661616922074	-1.3547910283469535
3.658518394648829	4.678929765886288	2.2902055159096752	0.0003283743954184607	1.023521995819779	0.9887263225045456	2.551483913300943	0.018033366629580824	8.203676483128726	164.2641906943694	2.940752448498295	0.9980547360024444	38.0253464744261	240.88522690944697	-1.372924969798091
3.658518394648829	4.7157190635451505	2.281506989736865	0.00034856859700888986	1.0157517050835068	0.9882941806536696	2.5374342369253213	0.018813835780782776	8.192178982748974	163.13046824557446	2.9179978080291535	0.9980213375520876	37.81894460883984	240.90529954445725	-1.3906786659660697
3.658518394648829	4.752508361204013	2.2728922799824107	0.0003697907843643059	1.0081099545614653	0.98785004740815	2.5234296508618783	0.019624303245344865	8.18107576157444	162.00250403748404	2.8956025772454783	0.9979874642102672	37.615302560081275	240.92638447786177	-1.408047275800902
3.658518394648829	4.789297658862877	2.264359055303145	0.0003920846564895236	1.0005940339387254	0.9873935163590775	2.5094645699260547	0.02046589710552789	8.170367941951598	160.87980524591947	2.873558540958006	0.9979530898318035	37.41436338526867	240.94848831397246	-1.4250258320067903
3.658518394648829	4.826086956521739	2.255905032950991	0.00041549564794837865	0.993201331343759	0.986924154491518	2.495533421461356	0.02133978699010382	8.160056753707611	159.7618801813788	2.851857748039343	0.9979181872089475	37.21607167867562	240.97161951428643	-1.441609259506976
3.658518394648829	4.862876254180602	2.2475279775933283	0.00044007100835330947	0.9859293306253984	0.9864415010347792	2.481630646093472	0.022247184536819675	8.150143509855528	158.64823811626655	2.8304925022648075	0.997882728071388	37.02037352704842	240.99578853259078	-1.4577923963281847
3.658518394648829	4.8996655518394645	2.239225700304755	0.00046585988530722445	0.9787756087700221	0.9859450663223353	2.46775069958286	0.02318934361650961	8.140629578870403	157.53838919105084	2.809455353569443	0.9978466830911236	36.82721646748662	241.02100795158233	-1.4735700171542938
3.658518394648829	4.936454849498328	2.2309960577381003	0.0004929134107190911	0.9717378334481787	0.9854343306703045	2.4538880559189544	0.024167560268573047	8.131516353121055	156.43184441057798	2.7887390896972666	0.9978100218931115	36.63654944784732	241.0472926208324	-1.4889368598116828
3.658518394648829	4.973244147157191	2.2228369514833757	0.0005212847903599542	0.9648137606795586	0.9849087432852013	2.4400372118148708	0.02518317229050487	8.122805213013406	155.32811574325078	2.76833672821936	0.997772713072721	36.448322789639896	241.0746597958049	-1.5038876549592872
3.658518394648829	5.010033444816053	2.214746327624085	0.0005510293964615723	0.9580012326048236	0.9843677212137358	2.426192692777583	0.026237558416558525	8.114497486376061	154.22671633734316	2.748241508897893	0.9977347242211201	36.2624881533822	241.10312927751957	-1.5184171592636366
3.658518394648829	5.046822742474917	2.206722176500829	0.0005822048630844558	0.9512981753522625	0.9838106483497187	2.412349060944479	0.027332137012517146	8.106594402598164	153.12716087034156	2.728446886373378	0.9976960219598531	36.07899850639202	241.1327235522835	-1.532520192342036
3.658518394648829	5.083612040133779	2.1987625326924465	0.0006148711838949356	0.9447025969865689	0.983236874515619	2.398500924892471	0.02846836420504185	8.09909704101594	152.02896604884288	2.708946523152637	0.9976565719859686	35.89780809298899	241.1634679307573	-1.546191677753782
3.658518394648829	5.120401337792642	2.1908654752248538	0.0006490908118916886	0.9382125855262584	0.9826457146390253	2.3846429516396364	0.0296477313553699	8.092006273041294	150.93165127814535	2.6897342828747433	0.9976163391291801	35.71887240707949	241.19539068539282	-1.5594266883082406
3.658518394648829	5.157190635451505	2.183029128017268	0.0006849287605101638	0.9318263070153342	0.9820364480471233	2.370769881070701	0.030871761778450614	8.085322697535911	149.83473952217622	2.6708042238320227	0.9975752874226372	35.54214816709247	241.22852318504724	-1.5722204959376733
3.658518394648829	5.193979933110368	2.1752516605745313	0.0007224527054088282	0.9255420036338747	0.9814083179052868	2.356876543025441	0.0321420066003368	8.079046568962895	148.73775837571986	2.6521505927229105	0.997533380188976	35.36759329322779	241.2629000253376	-1.5845686263487406
3.658518394648829	5.230769230769231	2.1675312889325045	0.0007617330861053509	0.919357991831153	0.9807605308289006	2.3429578772914788	0.03346003963920125	8.073177717898933	147.64024137191646	2.633767818612827	0.9974905801433797	35.1951668869648	241.29855915297804	-1.5964669186180094
3.658518394648829	5.2675585284280935	2.1598662768609995	0.0008028432064849078	0.913272660463864	0.9800922567004984	2.3290089567384165	0.03482745118935348	8.067715463569849	146.541729548558	2.6156505070786884	0.9974468495154114	35.024829212762846	241.33554198203092	-1.6079115898295389
3.658518394648829	5.304347826086956	2.1522549373252895	0.0008458593330494057	0.9072844689210625	0.979402628727048	2.3150250138165003	0.03624584058379303	8.062658518186765	145.44177329664424	2.597793434512131	0.9974021501913628	34.856541681864805	241.37389349967108	-1.6188993047634086
3.658518394648829	5.34113712374582	2.1446956342025842	0.0008908607896205697	0.901391945216522	0.9786907437746014	2.301001470617523	0.037716807410086595	8.058004883016364	144.33993451375179	2.580191542555883	0.9973564438787885	34.690266838086735	241.41366235870572	-1.6294272505304785
3.658518394648829	5.377926421404682	2.137186784243923	0.0009379300470563153	0.895593684028536	0.9779556630192948	2.2869339726557154	0.03924194125772506	8.053751736322845	143.235789082785	2.5628399326470888	0.9973096922947441	34.52596834544219	241.45490095370215	-1.6394932159068607
3.658518394648829	5.414715719063545	2.1297268592646796	0.0009871528063966995	0.8898883446668777	0.9771964129545903	2.2728184264691955	0.04082280988385555	8.049895313578867	142.1289296933603	2.5457338606413513	0.9972618573789986	34.363610977412705	241.4976654772809	-1.6490956749484926
3.658518394648829	5.451505016722408	2.1223143885378803	0.001038618073733246	0.8842746489466901	0.9764119867943787	2.258651041064819	0.042460945699724084	8.04643078066265	141.0189690181139	2.52886873149101	0.9972129015331413	34.20316060762707	241.5420159527592	-1.658233874261422
3.658518394648829	5.488294314381271	2.114947961354085	0.0010924182250050367	0.8787513789497817	0.9756013463097554	2.2444283731284314	0.044157830503766524	8.043352101142963	139.90554324934692	2.5122400939516623	0.9971627878860138	34.0445842016608	241.58801623908073	-1.6669079230647692
3.658518394648829	5.525083612040134	2.1076262296995316	0.0011486490588806994	0.8733173746552726	0.9747634241335754	2.230147375796321	0.0459148784204584	8.040651899204159	138.78831599235895	2.4958436352920685	0.9971114805852732	33.88784980961005	241.63573400379718	-1.6751188849133838
3.658518394648829	5.561872909698996	2.1003479109907057	0.0012074098359046458	0.8679715314238841	0.9738971265609002	2.215805450630313	0.04773341704811758	8.038321320276028	137.66698250033002	2.4796751759841835	0.9970589451141068	33.732926559032194	241.6852406597641	-1.6828688696496596
3.658518394648829	5.59866220735786	2.0931117907888983	0.0012688033021843897	0.8627127973236374	0.9730013368648077	2.2014005022586183	0.04961466687488404	8.036349892000198	136.54127422156787	2.4637306643528722	0.9970051486311716	33.579784647782816	241.73661126132998	-1.6901611238359577
3.658518394648829	5.635451505016722	2.085916725403097	0.0013329356960923215	0.8575401702894196	0.9720749191354591	2.1869309949390465	0.05155971909059038	8.034725388770251	135.41096361334755	2.4480061711685805	0.99695006033073	33.42839533621799	241.7899243560546	-1.6970001175924023
3.658518394648829	5.672240802675585	2.078761644274278	0.0013999167367667507	0.8524526951148588	0.971116722635607	2.1723960100745034	0.053569512003056825	8.033433703702153	134.27586915758914	2.43249788417116	0.9968936518187065	33.27873093817442	241.8452617885108	-1.7033916254449928
3.658518394648829	5.709030100334449	2.071645552020076	0.001469859593635254	0.8474494602823388	0.9701255866478933	2.157795303470748	0.05564480635923641	8.032458732492643	133.13586049273516	2.4172021025194357	0.9968358974990417	33.13076481009647	241.90270845352376	-1.7093427984967517
3.658518394648829	5.745819397993311	2.0645675300066215	0.0015428808367594802	0.8425295946455941	0.9691003457685252	2.1431293608833584	0.05778615997223267	8.031782274161326	131.99086355406052	2.4021152311683864	0.9967767749633083	32.984471337647676	241.96235199723174	-1.714862224995673
3.658518394648829	5.782608695652174	2.057526737305945	0.0016191003685109007	0.83769226398912	0.9680398355787635	2.1283994501701846	0.05999390216050637	8.031383954096503	130.84086559242095	2.3872337751849533	0.996716265375162	32.83982591914246	242.02428246582082	-1.719959976215565
3.658518394648829	5.8193979933110365	2.0505224108936546	0.0016986413379251367	0.8329366674991102	0.9669428986009811	2.113607668164713	0.062268108610075125	8.031241175074484	129.68591992046058	2.372554334022777	0.9966543538399188	32.69680494515103	242.0885919033788	-1.7246476345228163
3.658518394648829	5.8561872909699	2.043553864944656	0.0017816300400210696	0.8282620341915026	0.9658083904210332	2.0987569802363373	0.06460857736708	8.03132910193647	128.52615021733172	2.3580735957869683	0.9965910297484776	32.55538577369245	242.15537390235426	-1.7289383006018453
3.658518394648829	5.892976588628763	2.0366204890954562	0.0018681958033742656	0.8236676193531609	0.9646351858349699	2.0838512504281415	0.06701480674818196	8.031620685324217	127.3617542099851	2.3437883315302352	0.9965262870840824	32.41554670052339	242.2247231122007	-1.7328465770853032
3.658518394648829	5.929765886287625	2.0297217455613232	0.0019584708702485207	0.8191527010615863	0.9634221848575318	2.0688952600835613	0.06948597601067139	8.032086729247212	126.19300654311391	2.3296953896317536	0.9964601246801505	32.2772669241679	242.29673471405403	-1.7363885262993457
3.658518394648829	5.966555183946488	2.02285716502584	0.0020525902745474867	0.8147165768559768	0.9621683184144514	2.0538947130103553	0.07202092964334487	8.032696006246116	125.0202606529001	2.3157916903189877	0.9963925464176965	32.14052650551212	242.37150387153176	-1.7395816004990092
3.658518394648829	6.003344481605351	2.016026341258716	0.002150691723676964	0.8103585606369741	0.9608725535323818	2.038856225496525	0.07461816611484492	8.033415422525609	123.84394947337178	2.3020742203990556	0.9963235613518524	32.005306321998596	242.44912516973397	-1.7424445438261043
3.658518394648829	6.040133779264214	2.009228924464355	0.0022529154910273224	0.8060779798733998	0.9595338978410436	2.023787299893821	0.07727583184179965	8.03421023368253	122.66458482952106	2.2885400282700887	0.9962531837586555	31.871588016695874	242.52969205621673	-1.7449972662449604
3.658518394648829	6.076923076923077	2.0024646134162722	0.002359404326122566	0.8018741731909791	0.9581514032132105	2.008696281012881	0.0799917210119352	8.035044309620757	121.4827554084163	2.2751862192831154	0.9961814330956363	31.739353942773665	242.61329629884165	-1.7472606908529233
3.658518394648829	6.11371237458194	1.995733146488154	0.0024703033894787375	0.7977464884101898	0.9567241683900247	1.9935922952106464	0.08276328171865903	8.035880445028672	120.29912324748138	2.2620099515209233	0.9961083338727303	31.608587104163718	242.70002747582257	-1.749256577157795
3.658518394648829	6.150501672240803	1.9890342917474597	0.0025857602188338663	0.7936942810880805	0.9552513404714361	1.9784851727621047	0.08558762864008053	8.036680709541068	119.11441873575971	2.249008432052357	0.9960339154334796	31.47927109342094	242.789972512988	-1.7510073240811468
3.658518394648829	6.187290969899665	1.982367836327631	0.002705924732651079	0.789716913602539	0.9537321151929125	1.9633853548502813	0.08846156223852693	8.037406829578263	117.92943418612599	2.236178913708035	0.9959582116502159	31.351390027988217	242.8832152820352	-1.7525357574978135
3.658518394648829	6.224080267558528	1.975733575336223	0.0028309492756865245	0.7858137547981032	0.9521657359576055	1.9483037872279743	0.09138159418253737	8.038020592024594	116.74501609991245	2.2235186924079393	0.9958812605406357	31.22492848620582	242.97983627157018	-1.753864907969179
3.658518394648829	6.260869565217392	1.969131300584777	0.0029609887100193973	0.7819841801911548	0.9505514916446657	1.9332518032470438	0.0943439784211348	8.038484258535506	115.5620563056633	2.211025105053026	0.9958031038166401	31.099871444470512	243.0799123399732	-1.7550177848967339
3.658518394648829	6.297658862876254	1.9625607894393031	0.0030962005533612435	0.7782275727107937	0.948888713265699	1.9182409994637322	0.09734474709040383	8.038760978476798	114.38148220601852	2.1986955279735785	0.9957237863792345	30.97620421693725	243.18351655585	-1.7560171535570497
3.658518394648829	6.334448160535117	1.956021794086416	0.0032367451648095476	0.7745433239313978	0.9471767695886646	1.9032831073699523	0.10037975022404098	8.03881518837994	113.20424640694658	2.1865273759076422	0.9956433557754525	30.85391239906455	243.29071812821104	-1.7568853213558333
3.658518394648829	6.37123745819398	1.9495140314895985	0.0033827859766135623	0.7709308357353764	0.9454150618883199	1.8883898649427242	0.10344469808867074	8.038612986364441	112.03131602851147	2.174518101465099	0.9955618616345058	30.732981816141734	243.4015824248559	-1.757643939161919
3.658518394648829	6.408026755852843	1.9430371742744663	0.0035344897690925857	0.7673895223310894	0.9436030180119505	1.8735728916387555	0.10653520488164785	8.038122471187156	110.86366200437752	2.162665195017972	0.9954793551006198	30.61339847771387	243.5161710739838	-1.7583138227935815
3.658518394648829	6.444816053511706	1.9365908427341165	0.0036920269846927225	0.7639188125421792	0.9417400859667598	1.858843570197376	0.10964683251837923	8.037314037328498	109.70224866806504	2.150966184946179	0.995395888279281	30.49514853855476	243.63454214099713	-1.7589147986935822
3.658518394648829	6.481605351170568	1.9301745980899332	0.003855572076348699	0.7605181522810037	0.9398257272404748	1.8442129381816517	0.11277513329501075	8.03616061966813	108.54802389906071	2.1394186381611773	0.9953115137120283	30.37821826655544	243.75675037008986	-1.7594655766337135
3.658518394648829	6.518394648829432	1.9237879370836952	0.004025303884874609	0.7571870071203058	0.9378594100599484	1.8296915916237917	0.11591569033264579	8.034637883665866	107.40191006381966	2.1280201608274076	0.995226283892625	30.262594017610507	243.88284747852836	-1.7599836510268918
3.658518394648829	6.555183946488294	1.9174302879181777	0.0042014060400340425	0.7539248648831722	0.9358406027754422	1.8152896024972616	0.11906415487755577	8.032724359365753	106.26479593921206	2.116768399203357	0.9951402508346809	30.148262217321008	244.0128824906676	-1.7604852311881443
3.658518394648829	6.591973244147157	1.9111010075093515	0.004384067380206502	0.7507312381808406	0.9337687675331181	1.8010164510644695	0.12221627973247493	8.030401519818	105.1375297530602	2.1056610405295806	0.9950534656977849	30.035209349104644	244.14690209862619	-1.7609851997551351
3.658518394648829	6.62876254180602	1.9047993799669423	0.004573482386114664	0.7476056668399288	0.9316433543677445	1.7868809734938624	0.1253679483099608	8.02765380652595	104.0209134222234	2.0946958138994027	0.994965978476195	29.923421948121433	244.28495103708622	-1.7614970975166009
3.658518394648829	6.665551839464883	1.8985246161834153	0.004769851624836762	0.7445477201740627	0.9294637958144645	1.7728913245431943	0.12851519901431363	8.024468606177333	102.9156980168172	2.08387049105841	0.9948778377513086	29.8128866002933	244.42707246078638	-1.7620331321424323
3.658518394648829	6.702341137123746	1.8922758543854223	0.004973382201221748	0.741556999068639	0.927229502105195	1.7590549545965588	0.1316542448599916	8.020836184154355	101.82258043258126	2.0731828870901667	0.9947890905066427	29.70358994561809	244.57330831474624	-1.7626042077799666
3.658518394648829	6.739130434782608	1.88605216148631	0.005184288214779204	0.7386331378606422	0.9249398569839433	1.7453785999391127	0.1347814884117116	8.016749581123067	100.74220121417137	2.0626308609572117	0.9946997820020174	29.595518684950697	244.72369968900404	-1.7632199721738702
3.658518394648829	6.775919732441472	1.8798525350724749	0.00540279122107042	0.7357758060073518	0.9225942141475577	1.7318682848620548	0.1378935322778533	8.012204479399276	99.67514344139083	2.05221231587719	0.9946099557020663	29.488659589435095	244.87828715141032	-1.7638888778624582
3.658518394648829	6.812709030100335	1.8736759058589962	0.005629120697528072	0.7329847095480267	0.9201918942951731	1.7185293340088807	0.14098718550123546	8.007199045824006	98.62193256843157	2.0419251995240457	0.9945196532531386	29.382999511821023	245.03711105385037	-1.7646182540707405
3.658518394648829	6.849498327759197	1.8675211404590633	0.005863514514447672	0.7302595923709017	0.9177321827513197	1.7053663932917549	0.14405946626981503	8.001733757619734	97.58303709265338	2.0317675040524885	0.9944289145020329	29.278525398967968	245.20021180886965	-1.765414386123432
3.658518394648829	6.88628762541806	1.8613870443256963	0.006106219412602484	0.7276002373041289	0.9152143276143205	1.6923834577096248	0.14710760141660767	7.995811217210911	96.55886992344442	2.0217372659509505	0.9943377775497977	29.175224304928523	245.36763013517194	-1.7662825995010223
3.658518394648829	6.923076923076923	1.8552723647411429	0.006357491489530029	0.7250064670536802	0.9126375383728609	1.679583904469681	0.15012902319715096	7.989435961349637	95.54979032204598	2.011832565733348	0.9942462788339318	29.073083404096806	245.53940727165966	-1.7672273460226082
3.658518394648829	6.959866220735786	1.8491757937477975	0.0066175966970227935	0.7224781450139245	0.9100009849289326	1.6669705299335416	0.15312136382893693	7.982614269155295	94.5561062885795	2.0020515274838	0.9941544532326814	28.972090004005004	245.71558516070257	-1.7682522900290172
3.658518394648829	6.996655518394649	1.8430959709330932	0.006886811352742156	0.7200151759778767	0.9073037969640023	1.6545455890622134	0.15608244825556875	7.975353972910685	93.57807728152696	1.9923923182706922	0.9940623341856579	28.87223155744241	245.89620660204866	-1.7693603928319928
3.658518394648829	7.033444816053512	1.8370314859986734	0.007165422669175024	0.717617506774257	0.9045450635865312	1.6423108362046501	0.15901028556402275	7.967664274701817	92.61591716634213	1.9828531474477156	0.9939699538256415	28.773495673657077	246.08131537934605	-1.7705539940709742
3.658518394648829	7.070234113712375	1.830980881060566	0.007453729303389313	0.715285126857806	0.9017238332021594	1.6302675662517025	0.16190305944074695	7.959555571276516	91.66979730264386	1.9734322658597396	0.9938773431171195	28.675870128474756	246.2709563615792	-1.7718348889636077
3.658518394648829	7.107023411371237	1.8249426526415913	0.007752041931230231	0.7130180688780088	0.8988391135523544	1.618416655350883	0.16475911800525467	7.951039288850485	90.73984969267319	1.964127964970919	0.9937845319978137	28.579342873234516	246.465175581919	-1.7732044007420296
3.658518394648829	7.1438127090301	1.8189152533296042	0.008060683849759897	0.710816409249736	0.8958898718725287	1.6067586005406376	0.16757696331157548	7.942127729021622	89.82617012668217	1.9549385759313653	0.9936915495201131	28.483902042492844	246.66402029651715	-1.7746634478290233
3.658518394648829	7.1806020066889635	1.8128970930855162	0.008379991611884671	0.7086802687475201	0.8928750351261919	1.5952935578119276	0.1703552407605377	7.93283392646939	88.92882127322592	1.9458624685975316	0.9935984239899547	28.38953596049233	246.86753902577814	-1.7762126055268421
3.658518394648829	7.217391304347826	1.8068865401931304	0.00871031569726354	0.7066098131433358	0.8897934902771897	1.5840213782364148	0.17309272862129946	7.923171518715228	88.04783567355034	1.9368980505197482	0.9935051831012544	28.29623314642227	247.07578158048148	-1.7778521621679007
3.658518394648829	7.254180602006689	1.8008819218491434	0.009052021223751	0.7046052539060353	0.8866440845673591	1.5729416419142181	0.17578832781973508	7.9131546278984715	87.18321860928275	1.928043765908843	0.993411854064477	28.20398231852413	247.28879907499623	-1.779582169814239
3.658518394648829	7.290969899665551	1.7948815243962217	0.009405488703811773	0.7026668489790333	0.8834256257717374	1.5620536895898731	0.17844105211485856	7.90279775427252	86.33495082133997	1.9192980945921556	0.9933184637283548	28.11277239711196	247.50664392963554	-1.7814024896965257
3.658518394648829	7.327759197324415	1.7888835932050438	0.009771114850568821	0.7007949036514919	0.8801368824077562	1.5513566518635638	0.18105001875276053	7.892115680939489	85.50299106535302	1.9106595509676014	0.9932250386941127	28.022592506587873	247.7293698639722	-1.7833128326573942
3.658518394648829	7.364548494983278	1.7828863322130675	0.01014931343840616	0.6989897715372085	0.8767765838785871	1.540849475987859	0.1836144396603589	7.881123389209903	84.68727849507712	1.902126682963128	0.9931316054218438	27.933431976540145	247.95703188275735	-1.7853127949136849
3.658518394648829	7.40133779264214	1.7768879031284506	0.010540516223361395	0.6972518556746083	0.8733434205338966	1.530530950289272	0.18613361321852545	7.869835983887329	83.8877348702629	1.893698071007493	0.9930381903289058	27.845280342012835	248.18968625586092	-1.7874018894816626
3.658518394648829	7.438127090301004	1.7708864243074207	0.010945173928916328	0.695581609760733	0.8698360436338609	1.5203997262911544	0.18860691663542442	7.858268627728536	83.10426658945524	1.8853723270171245	0.9929448198803889	27.75812734303531	248.4273904934607	-1.7895795736231084
3.658518394648829	7.474916387959866	1.7648799693125932	0.011363757303222139	0.69397953953192	0.866253065204239	1.5104543386415041	0.19103379892576824	7.8464364843097165	82.33676655128681	1.8771480934028546	0.9928515206718351	27.671962923497603	248.67020331754415	-1.7918452726713503
3.658518394648829	7.511705685618729	1.758866565158313	0.011796758254305194	0.6924462043039037	0.8625930577718249	1.5006932229677958	0.193413774489761	7.834354668532247	81.58511585015965	1.8690240420993474	0.9927583195044912	27.586777229452757	248.91818463060662	-1.7941984005888614
3.658518394648829	7.548494983277592	1.752844190247267	0.012244691070380438	0.6909822186844178	0.8588545539706014	1.4911147317925342	0.19574641727631592	7.822038204021285	80.84918531388482	1.8609988736193335	0.9926652434534394	27.502560606922017	249.17139548229702	-1.7966383775934152
3.658518394648829	7.585284280936455	1.7468107720004804	0.0127080937330683	0.6895882544719929	0.8550360460095021	1.4817171486495957	0.19803135550815457	7.809501986702775	80.12883689201486	1.8530713161341401	0.9925723199289991	27.419303599273483	249.42989803463993	-1.7991646451711782
3.658518394648829	7.622073578595318	1.7407641841802801	0.013187529332081395	0.6882650427555032	0.8511359849929088	1.4724987005430283	0.20026826694150845	7.796760753885021	79.4239249043008	1.8452401245814212	0.9924795767318093	27.33699694423765	249.69375552633434	-1.8017766787734442
3.658518394648829	7.65886287625418	1.7347022439031574	0.01368358759081979	0.6870133762301834	0.8471527800848326	1.4634575688887872	0.20245687462966014	7.783829058216893	78.73429715909053	1.8375040798006415	0.9923870421020177	27.255631570618302	249.96303223656034	-1.8044739984706946
3.658518394648829	7.695652173913044	1.72862270833652	0.014196886513313144	0.6858341117472448	0.8430847975072878	1.454591899075883	0.20459694315748558	7.770721245943504	78.05979595157659	1.829861987696466	0.9922947447629924	27.175198594750533	250.23779344862504	-1.807256177814167
3.658518394648829	7.7324414715719065	1.7225232710701903	0.01472807416408386	0.6847281731159446	0.8389303593625486	1.4458998087778614	0.20668827531303274	7.7574514389295945	77.40025895169205	1.8223126784299577	0.9922027139599667	27.09568931675212	250.51810541371904	-1.810122851131851
3.658518394648829	7.769230769230769	1.716401558150204	0.01527783059379646	0.683696554178977	0.8346877422679378	1.4373793951387936	0.2087307091618483	7.744033519970268	76.75551999119676	1.8148550056372765	0.9921109794940077	27.017095216609473	250.8040353150001	-1.8130737194634088
3.658518394648829	7.806020066889632	1.7102551237588777	0.015846869925029962	0.6827403221844078	0.8303551757904241	1.4290287409503752	0.2107241154900817	7.730481120956057	76.12540975911203	1.8074878456754095	0.9920195717516775	26.9394079501343	251.09565123217126	-1.8161085553172196
3.658518394648829	7.842809364548495	1.7040814455213131	0.01643594261418412	0.6818606214800889	0.8259308406666616	1.4208459199288848	0.21266839558313794	7.716807613504891	75.50975641421782	1.8002100968943637	0.9919285217307376	26.86261934482281	251.39302210669095	-1.8192272064128887
3.658518394648829	7.879598662207358	1.6978779194143694	0.017045837907442473	0.6810586775595994	0.8214128667921768	1.412829001192674	0.21456347930775618	7.703026101715921	74.90838612281826	1.7930206789351257	0.9918378610622146	26.786721395644836	251.6962177077053	-1.8224295985541688
3.658518394648829	7.916387959866221	1.6916418542496616	0.017677386510895232	0.6803358014923466	0.8167993309611243	1.4049760530329312	0.21640932346672132	7.689149416740212	74.32112352945812	1.7859185320526771	0.9917476220291274	26.71170626078707	252.0053085987846	-1.8257157377604578
3.658518394648829	7.953177257525083	1.68537046569726	0.01833146349741995	0.6796933947745445	0.8120882543354475	1.3972851460627345	0.21820591039689816	7.675190112899543	73.7477921677332	1.7789026164633357	0.991657837582149	26.63756625737158	252.32036610552848	-1.829085711769769
3.658518394648829	7.989966555183947	1.679060869811306	0.019008991475781254	0.6791329546424761	0.8072775996192693	1.3897543558218828	0.21995324678291184	7.661160465118371	73.18821481779283	1.7719719117156152	0.9915685413524516	26.564293857166952	252.64146228406864	-1.832539691012323
3.658518394648829	8.02675585284281	1.672710076012768	0.019710944050696254	0.6786560798948178	0.8023652679109123	1.3823817649080503	0.221651362660392	7.647072467464142	72.64221381661756	1.765125416083868	0.9914797676619638	26.491881682308087	252.96866989051364	-1.836077929141715
3.658518394648829	8.063545150501673	1.6663149794777723	0.020438349606398343	0.6782644772769897	0.797349095200988	1.3751654646980134	0.22330031058443967	7.6329378326188015	72.10961132663085	1.758362145983922	0.9913915515312433	26.42032250103746	253.30206235134946	-1.8397007631994509
3.658518394648829	8.100334448160535	1.6598723528723514	0.021192295450599526	0.6779599684875779	0.7922268484805101	1.3681035567167001	0.22490016494053297	7.618767992129027	71.5902295677383	1.751681135409994	0.9913039286851579	26.349609223479526	253.6417137348214	-1.8434086134793524
3.658518394648829	8.137123745819398	1.6533788373657148	0.02197393236081706	0.677744497875098	0.7869962214177277	1.3611941537057306	0.2264510213768595	7.604574097304602	71.08389101739772	1.7450814353921114	0.9912169355565392	26.279734897457296	253.98769872329657	-1.8472019831493172
3.658518394648829	8.173913043478262	1.646830932844301	0.02278447958089357	0.6776201409028463	0.7816548295563907	1.3544353804380804	0.22795299633852242	7.590367020654138	70.59041858291674	1.7385621134733822	0.991130609287965	26.21069270435981	254.34009258662866	-1.8510814576808616
3.658518394648829	8.210702341137123	1.6402249872374268	0.023625230322384273	0.6775891134706051	0.7762002049811696	1.3478253743203348	0.22940622668571775	7.576157357764632	70.10963574974686	1.7321222532064189	0.9910449877318114	26.14247595506706	254.69897115652586	-1.8550477041300548
3.658518394648829	8.247491638795987	1.6335571848521178	0.02449755783347464	0.6776537821947768	0.7706297903878655	1.3413622858195047	0.23081086937944978	7.561955429546585	69.64136670916582	1.7257609536682053	0.9909601094486964	26.075078085937413	255.06441080191175	-1.8591014703079822
3.658518394648829	8.284280936454849	1.6268235335995203	0.025402922107436665	0.6778166757635385	0.7649409324865494	1.335044278747364	0.2321671012197388	7.54777128477988	69.18543646840011	1.719477328992861	0.9908760137044372	26.00849265486348	255.43648840530335	-1.8632435838737877
3.658518394648829	8.321070234113712	1.62001985097725	0.026342877313652955	0.6780804975011513	0.7591308746546884	1.3288695304311569	0.2334751186227767	7.533614702907208	68.7416709458861	1.71327050792161	0.9907927404656187	25.942713337398793	255.81528134018365	-1.8674749513791669
3.658518394648829	8.357859531772576	1.6131417486512	0.02731908004720401	0.6784481392962479	0.7531967487442655	1.322836231796328	0.23473513742468807	7.5194951970320325	68.30989705409182	1.7071396333694018	0.9907103303938749	25.87773392295948	256.20086744937987	-1.871796557289609
3.658518394648829	8.394648829431437	1.6061846154555042	0.028333298508404877	0.6789226970733414	0.7471355659314327	1.3169425873835134	0.23594739270091544	7.505422017086634	67.88994277202154	1.7010838620075606	0.9906288248389701	25.81354831110229	256.59332502442504	-1.8762094630045238
3.658518394648829	8.431438127090301	1.5991435986001994	0.02938742274194719	0.6795074880157816	0.7409442064789313	1.3111868153192159	0.2371121385914306	7.491404153143345	67.48163720927771	1.6951023638619138	0.9905482658307603	25.750150507880956	256.9927327859012	-1.8807148058956693
3.658518394648829	8.468227424749164	1.5920135828413038	0.030483476087133005	0.6802060697828868	0.734619408259637	1.3055671472569434	0.23822964812311587	7.477450338848347	67.08481066331957	1.689194321925852	0.9904686960701137	25.687534622282417	257.39916986475276	-1.8853137983812247
3.658518394648829	8.505016722408026	1.5847891673264671	0.031623628016854005	0.6810222620052541	0.7281577538634001	1.3000818283030735	0.23930021302180818	7.46356905496255	66.69929467133322	1.6833589317877087	0.9903901589188577	25.62569486274246	257.8127157845347	-1.8900077270508429
3.658518394648829	8.54180602006689	1.5774646397795065	0.032810208574480464	0.6819601703918586	0.7215556560778597	1.2947291169396233	0.240324143507502	7.449768532998684	66.3249220579401	1.6775954012719545	0.9903126983888226	25.564625533741587	258.2334504445835	-1.8947979518555649
3.658518394648829	8.578595317725753	1.5700339476269554	0.03404572465595307	0.6830242138424576	0.7148093414957427	1.2895072849540186	0.24130176806723372	7.436056758947008	65.96152697978373	1.6719029500936249	0.9902363591300415	25.504321032480394	258.66145410407046	-1.8996859053750452
3.658518394648829	8.615384615384615	1.5624906655967394	0.035332878430752584	0.6842191550314909	0.7079148319548385	1.2844146173841415	0.24223343320112112	7.422441477085112	65.60894496786982	1.6662808095254118	0.9901611864181673	25.44477584563334	259.0968073668972	-1.9046730921736288
3.658518394648829	8.652173913043478	1.554827959230193	0.036674588252089524	0.6855501350183453	0.7008679234601889	1.2794494124853755	0.24311950313787944	7.408930193869426	65.26701296839332	1.660728222076844	0.9900872261411633	25.38598454617946	259.5395911673773	-1.9097610882559122
3.658518394648829	8.688963210702342	1.5470385436394827	0.0380740124763499	0.6870227125476793	0.6936641621683307	1.274609981724789	0.24396035951702233	7.395530181907678	64.935569382643	1.6552444411850253	0.9900145247853186	25.32794179030878	259.9898867566629	-1.914951540631574
3.658518394648829	8.725752508361204	1.5391146367079176	0.03953457669798136	0.6886429088376752	0.6862988169274482	1.2698946498063435	0.2447564010356958	7.382248484012855	64.61445410645962	1.6498287309162614	0.989943129420642	25.270642314401268	260.4477756898212	-1.9202461669991067
3.658518394648829	8.762541806020067	1.5310479057636397	0.041060005013182174	0.6904172588208642	0.6787668477600235	1.2653017547297458	0.24550804305886123	7.36909191733987	64.30350856960943	1.6444803656780098	0.9898730876856807	25.214080932075955	260.9133398134922	-1.9256467555572676
3.658518394648829	8.799331103678929	1.5228294065484484	0.042654356059984674	0.6923528700104965	0.6710628695405111	1.2608296478846197	0.24621571719216884	7.35606707760678	64.00257577534737	1.639198629940561	0.9898044477718111	25.15825253130745	261.38666125404166	-1.9311551649530114
3.658518394648829	8.836120401337793	1.5144495130408113	0.04432206475159396	0.6944574904276756	0.6631811099513327	1.256476694180572	0.24687987081753604	7.343180343402264	63.71150034034606	1.6339828179677167	0.9897372584070437	25.103152071605155	261.8678224060748	-1.9367733243744516
3.658518394648829	8.872909698996656	1.5058978363592175	0.046067990834880244	0.696739587357113	0.6551153605855033	1.2522412722130705	0.2475009665919601	7.33043788058134	63.430128535105645	1.6288322335559084	0.9896715688393858	25.04877458125214	262.35690592122035	-1.9425032337972263
3.658518394648829	8.909698996655518	1.4971631305463742	0.04789747568131366	0.6992084391244364	0.646858919788917	1.248121774464199	0.24807948191063406	7.317845646750611	63.158308324882874	1.6237461897809693	0.9896074288197977	24.995115154598018	262.8539946970112	-1.948346964392647
3.658518394648829	8.946488294314381	1.4882331824863526	0.04981640907326253	0.7018742426360884	0.638404525479705	1.2441166075368308	0.24861590833587627	7.3054093958443	62.89588941113005	1.6187240087519703	0.9895448885847817	24.942168949402017	263.3591718657539	-1.954306659105978
3.658518394648829	8.983277591973245	1.4790946824931905	0.051831308212083586	0.7047482401357351	0.6297442757187718	1.240224192420156	0.24911075099379149	7.293134682791417	62.64272327338009	1.6137650213712726	0.9894839988386349	24.88993118421929	263.87252078316635	-1.9603845334134453
3.658518394648829	9.020066889632107	1.4697330711724343	0.0539494117843714	0.7078428695678077	0.6208695341956142	1.2364429647841062	0.24956452794092376	7.281026868273976	62.39866321147835	1.6088685671001055	0.989424810735396	24.838397135825144	264.3941250166233	-1.9665828762665365
3.658518394648829	9.05685618729097	1.4601323569130367	0.056178792733933614	0.7111719441822542	0.6117708169824627	1.232771375299868	0.2499777695034559	7.269091123575437	62.16356438802914	1.6040339937289096	0.9893673758605164	24.787562136670793	264.92406833280603	-1.9729040512323863
3.658518394648829	9.093645484949834	1.4502748966966545	0.05852849447819677	0.7147508686842421	0.60243765581878	1.2292078899833336	0.2503510175917666	7.257332435517817	61.93728387089568	1.5992606571515988	0.989311746212275	24.73742157236312	265.46243468451246	-1.979350497839416
3.658518394648829	9.130434782608695	1.4401411306409049	0.06100869679359907	0.7185969015025455	0.5928584317022504	1.2257509905581752	0.250684824993335	7.245755611485126	61.719680675575745	1.594547921142914	0.9892579741829618	24.687970879160687	266.0093081963826	-1.9859247331375864
3.658518394648829	9.167224080267559	1.4297092575648909	0.0636309196452077	0.7227294758777713	0.583020170511916	1.2223991748350467	0.25097975464715117	7.234365284530245	61.5106158072595	1.5898951571380562	0.9892061125398425	24.639205541478557	266.56477314928645	-1.9926293534829491
3.658518394648829	9.20401337792642	1.4189548344919967	0.06640827610759946	0.7271705968442517	0.5729082895172432	1.2191509571032793	0.2512363789029009	7.223165918561474	61.3099523023636	1.5853017440136603	0.9891562144059202	24.59112108939249	267.1289139630594	-1.9994670365566598
3.658518394648829	9.240802675585284	1.407850276791727	0.06935578961087303	0.7319453373917402	0.5625062795402794	1.2160048685315135	0.25145527876820833	7.21216181360457	61.11755526934058	1.5807670678692454	0.9891083332405011	24.54371309613377	267.70181517729156	-2.0064405436291395
3.658518394648829	9.277591973244148	1.396364226677961	0.0724907966650305	0.7370824660766884	0.5517953016185931	1.2129594575734748	0.25163704314734964	7.2013571111352785	60.93329192854338	1.576290521808148	0.9890625228195679	24.496977175564247	268.2835614298077	-2.0135527220803544
3.658518394648829	9.31438127090301	1.3844607445324109	0.07583346495896114	0.7426152516005208	0.540753668273853	1.210013290375451	0.2517822680746963	7.190755799477132	60.75703165095213	1.5718715057170456	0.9890188372159615	24.450908979622177	268.8742374325027	-2.020806508188117
3.658518394648829	9.351170568561873	1.3720982575547904	0.07940746992796126	0.7485825098383327	0.5293561662932915	1.2071649511817115	0.2518915559462798	7.180361719258601	60.58864599554546	1.5675094260429558	0.988977330779365	24.40550419572634	269.47392794409916	-2.028204930196661
3.658518394648829	9.387959866220736	1.3592281694054658	0.08324089329749854	0.7550299896366391	0.5175731575173386	1.2044130427346165	0.25196551475261575	7.170178568923537	60.42800874513805	1.563203695566802	0.9889380581160804	24.360758544128394	270.0827177394477	-2.035751111678721
3.658518394648829	9.424749163879598	1.3457929855533337	0.08736743956843969	0.7620122426499931	0.5053693616695214	1.201756186665938	0.252004757315979	7.160209910288418	60.27499594048878	1.558953733172365	0.9889010740685817	24.316667775199807	270.70069157488075	-2.043448275205054
3.658518394648829	9.461538461538462	1.3317237288541046	0.0918281196578823	0.769595202673046	0.4927021720156311	1.1991930238762396	0.2520099005351261	7.150459174139769	60.12948591250995	1.5547589636095738	0.9888664336948246	24.27322766664107	271.3279341491546	-2.051299746336282
3.658518394648829	9.498327759197325	1.3169362837101202	0.09667364147316215	0.7778598360970091	0.47951926407588313	1.1967222148992889	0.251981564640332	7.140929665865086	59.991359312417714	1.5506188172509625	0.9888341922472874	24.230434020599176	271.9645300594503	-2.059308957953056
3.658518394648829	9.535117056856187	1.3013260660243329	0.10196790780733053	0.7869074662565987	0.4657550970029923	1.194342440248604	0.25192037246146576	7.131624571110393	59.86049913967448	1.546532729840093	0.9888044051517094	24.188282660678876	272.61056375187667	-2.067479454941615
3.658518394648829	9.57190635451505	1.284759967556023	0.10779332118115821	0.7968678230370437	0.45132560800230204	1.1920524007434434	0.2518269487116597	7.122546961457787	59.736790767590406	1.5425001422307212	0.9887771279854923	24.14676942883241	273.2661194658805	-2.0758148992530536
3.658518394648829	9.608695652173912	1.2670636379368863	0.11425918668626478	0.8079117544573203	0.4361198087409788	1.1898508178116523	0.25170191928896457	7.113699800116201	59.62012196645966	1.5385205001153655	0.9887524164557191	24.10589018211125	273.93128117190827	-2.0843190753562237
3.658518394648829	9.645484949832776	1.248000289534465	0.12151576030539571	0.8202724150164247	0.4199857362711306	1.1877364337670728	0.2515459105981612	7.105085947619041	59.51038292412986	1.5345932537419895	0.9887303263767436	24.065640789263213	274.60613250165596	-2.0929958961054265
3.658518394648829	9.68227424749164	1.227232848838904	0.12977941227576462	0.8342831070976114	0.4027052889024829	1.1857080120592793	0.2513595488947471	7.096708167522362	59.40746626390798	1.530717857617303	0.9887109136472936	24.02601712715617	275.290756670136	-2.1018494090462596
3.658518394648829	9.719063545150501	1.2042498840679006	0.13938201989978116	0.8504513457043432	0.3839448326216751	1.1837643374935725	0.25114345965293916	7.088569132097628	59.31126705971894	1.5268937701952636	0.9886942342270272	23.98701507700964	275.9852363888016	-2.1108838031843726
3.658518394648829	9.755852842809364	1.1782007747004495	0.15088119833318045	0.8696236807839053	0.36314496952928865	1.1819042164194007	0.2508982669592889	7.08067142801344	59.22168284845204	1.5231204535491334	0.9886803441124756	23.948630520413282	276.68965376883796	-2.120103416244587
3.658518394648829	9.792642140468228	1.1474493492007725	0.16535966541320363	0.8934320508401873	0.3392211722337096	1.1801264768853648	0.25062459293340983	7.073017562000883	59.13861363942794	1.5193973730255113	0.988669299312296	23.91085933511115	277.40409021373705	-2.12951274244957
3.658518394648829	9.82943143812709	1.1078504932774573	0.1855845217311616	0.9260171654532808	0.3094045029972033	1.1784299687592983	0.25032305717702225	7.065609966497707	59.06196192094679	1.5157239968785658	0.9886611558217544	23.873697390528655	278.1286263001543	-2.13911644085037
3.658518394648829	9.866220735785953	1.027615778825227	0.23298749112832615	0.999162866511818	0.2522613724592613	1.176813563811658	0.24999427625251164	7.058451005266717	58.991632663856535	1.5120997958825144	0.988655969596352	23.837140543016208	278.86334164594757	-2.148919344243898
3.658518394648829	9.903010033444817	1.0128818541154592	0.2417412423064865	1.0128832961822536	0.2417307709779193	1.1752497417482703	0.24964923626982954	7.0514430471175125	58.92527207663013	1.508515678847645	0.9886523318489262	23.801046249905536	279.60456253623954	-2.1588052107881803
3.658518394648829	9.939799331103679	0.9633931906210208	0.2757420124892519	0.9633931906205808	0.2757420124895494	1.1723495180742398	0.24984271540951303	7.0439316064311415	58.760163512785134	1.5040385676542296	0.9886605080212838	23.753854032710382	280.0096964335357	-2.1710502172594413
3.658518394648829	9.976588628762542	0.9942760123561762	0.2522968426886739	0.9942760123561756	0.2522968426886743	1.1715139582099576	0.24921501668800786	7.037238326915402	58.74688346808169	1.500980784888124	0.9886501471784027	23.724112753145842	280.9255169727965	-2.1795670220805636
3.658518394648829	10.013377926421406	1.1066058247958592	0.18290324141480196	1.1066058247958603	0.18290324141480133	1.177214519559748	0.24602116353474693	7.035024945957955	59.21969489776737	1.5022595433207386	0.9886154486065672	23.748520295754293	283.45573922145195	-2.1795670220805636
3.658518394648829	10.050167224080267	1.1601360758438486	0.1555984753579605	1.1601360758438468	0.1555984753579614	1.184748190966608	0.24219004736500072	7.035563122947751	59.83172935694942	1.5047398768050542	0.9886012788473136	23.788348491442395	286.4656114007808	-2.1795670220805636
3.658518394648829	10.08695652173913	1.1964741665611631	0.1389621967740324	1.1964741665611633	0.13896219677403235	1.193194860174936	0.2381074318341439	7.037634361071017	60.51205895994479	1.5079148730542633	0.9886000369950252	23.83699398075754	289.77007165789934	-2.1795670220805636
3.658518394648829	10.123745819397993	1.224819889147698	0.1270037172546617	1.224819889147697	0.1270037172546621	1.2021461172879753	0.23394271414717369	7.040695212441423	61.229295878261254	1.5115579362647371	0.9886083128713373	23.89149782023775	293.2877367449239	-2.1795670220805636
3.658518394648829	10.160535117056856	1.2483519412328767	0.1177321768170565	1.2483519412328747	0.1177321768170573	1.2113525931654288	0.22979427702873964	7.044408458037584	61.964371303818176	1.515524565735194	0.9886238589560877	23.949974613403157	296.96670808123343	-2.1795670220805636
3.658518394648829	10.19732441471572	1.2685674433395313	0.11022924749802418	1.268567443339532	0.11022924749802396	1.220644440688924	0.22572393253423836	7.048538671202178	62.70437560054298	1.5197097274004912	0.9886449650318503	24.0110583287546	300.7688169531368	-2.1795670220805636
3.658518394648829	10.234113712374581	1.2863074386204143	0.10398773700731402	1.2863074386204119	0.10398773700731498	1.229902437415534	0.22177044650800942	7.052915069479762	63.44030910983453	1.5240336463980022	0.9886702667518273	24.073716410585497	304.6645340122118	-2.1795670220805636
3.658518394648829	10.270903010033445	1.302102504233033	0.09869368667269866	1.3021025042330303	0.09869368667269961	1.2390431276335927	0.2179569311389339	7.057412822165433	64.1659228491236	1.5284350941248002	0.988698663603216	24.137161096732395	308.63066933959584	-2.1795670220805636
3.658518394648829	10.307692307692308	1.3163159176368504	0.09413705150982758	1.3163159176368506	0.09413705150982758	1.2480093296309063	0.21429565228229155	7.061941260484449	64.87697876629777	1.5328672448151595	0.9887292704055622	24.200794247207902	312.64900442914063	-2.1795670220805636
3.658518394648829	10.34448160535117	1.3292116726714054	0.0901693306569046	1.3292116726714043	0.09016933065690504	1.25676333893701	0.21079140135404398	7.066435456775003	65.57072207694348	1.5372946488025	0.9887613807970365	24.264166923980415	316.7053067635314	-2.1795670220805636
3.658518394648829	10.381270903010034	1.3409902179821318	0.08668120261387528	1.340990217982132	0.08668120261387519	1.2652818282327454	0.20744391787254104	7.070849874608777	66.24548718077355	1.5416908428506777	0.9887944364674934	24.326947514543598	320.7885481938555	-2.1795670220805636
3.658518394648829	10.418060200668897	1.3518087985830434	0.08358970287105966	1.3518087985830427	0.08358970287105984	1.2735519722235873	0.2042496303678764	7.075153499044449	66.90039966783424	1.546036418030941	0.9888280005112509	24.388896042773112	324.8902642001	-2.1795670220805636
3.658518394648829	10.454849498327759	1.3617938321247174	0.08083037192455383	1.3617938321247163	0.08083037192455415	1.2815685104555097	0.2012028950706585	7.07932610096992	67.53515149915891	1.5503174579082746	0.98886173451902	24.449843489759516	329.00402703735176	-2.1795670220805636
3.658518394648829	10.491638795986622	1.3710488792589888	0.0783521843457164	1.3710488792589886	0.0783521843457164	1.2893315388067317	0.19829686459427254	7.083355388330984	68.14983271849182	1.554524286959862	0.9888953792201333	24.509675296941488	333.1250159392922	-2.1795670220805636
3.658518394648829	10.528428093645484	1.379660031627909	0.07611412957425781	1.3796600316279082	0.07611412957425809	1.2968448646843733	0.19552408668454552	7.087234849969117	68.74480667123169	1.558650477956538	0.9889287384086951	24.568318343337136	337.24967014607057	-2.1795670220805636
3.658518394648829	10.565217391304348	1.387699706344355	0.07408282420279647	1.3876997063443546	0.07408282420279665	1.3041147938478659	0.19287690851221745	7.090962135605387	69.32061838156	1.5626920722150581	0.9889616657940828	24.62573076396983	341.37541151751253	-2.1795670220805636
3.658518394648829	10.602006688963211	1.3952294108655519	0.07223079623262252	1.3952294108655523	0.07223079623262237	1.311149244104648	0.19034774267033516	7.094537846702545	69.87792793349703	1.5666469719577378	0.9889940543700108	24.68189405402316	345.5004245573581	-2.1795670220805636
3.658518394648829	10.638795986622073	1.4023018149078548	0.0705352229085376	1.4023018149078545	0.07053522290853766	1.317957104102224	0.18792923604771006	7.0979646393777145	70.4174625257748	1.5705144698395925	0.9890258278966847	24.736806986031766	349.6234830529109	-2.1795670220805636
3.658518394648829	10.675585284280936	1.4089623390664794	0.06897698396472496	1.40896233906648	0.06897698396472474	1.3245477743592258	0.18561437135162812	7.101246562569974	70.93998235810537	1.5742948865584445	0.9890569341214241	24.79048094913424	353.74381408627823	-2.1795670220805636
3.658518394648829	10.7123745819398	1.415250395897628	0.06753993974419784	1.4152503958976281	0.06753993974419774	1.3309308428420077	0.18339652256052022	7.104388572546817	71.44625669003716	1.5779892928978598	0.9890873394091065	24.84293639425983	357.86099172026996	-2.1795670220805636
3.658518394648829	10.749163879598662	1.421200374529219	0.06621037304727685	1.4212003745292199	0.06621037304727659	1.3371158592688435	0.18126947936505622	7.1073961790028335	71.93704733504092	1.5815992973113078	0.9891170245041149	24.894200134008404	361.97485408427883	-2.1795670220805636
3.658518394648829	10.785953177257525	1.4268424318450694	0.06497655233400887	1.4268424318450696	0.06497655233400881	1.343112181451849	0.17922745115847927	7.110275189018042	72.41309755726779	1.5851268841526158	0.9891459811937666	24.94430330005851	366.0854388232463	-2.1795670220805636
3.658518394648829	10.822742474916389	1.432203135113848	0.06382838625629524	1.4322031351138471	0.06382838625629549	1.3489288739061824	0.17726505791969735	7.113031523582366	72.87512487045727	1.588574290918789	0.9891742096863305	24.993279804777337	370.19293291104276	-2.1795670220805636
3.658518394648829	10.85953177257525	1.4373059887745727	0.06275714783849565	1.4373059887745723	0.06275714783849573	1.3545746441481465	0.1753773130499755	7.115671087791505	73.32381663621749	1.5919439154782475	0.9892017165535874	25.04116518856056	374.2976336785602	-2.1795670220805636
3.658518394648829	10.896321070234114	1.4421718697195753	0.061755252391443784	1.442171869719576	0.06175525239144363	1.3600578059698474	0.17355960161564965	7.118199680633971	73.75982765407318	1.5952382463110453	0.9892285131184525	25.087995761751724	378.39991858830575	-2.1795670220805636
3.658518394648829	10.933110367892976	1.4468193895073203	0.0608160773095751	1.44681938950732	0.06081607730957518	1.365386261842836	0.17180765632217468	7.12062293389428	74.18377915371609	1.5984598103897103	0.9892546141930518	25.133807971212924	382.50022182799216	-2.1795670220805636
3.658518394648829	10.96989966555184	1.4512651976725481	0.05993381481645156	1.4512651976725472	0.05993381481645175	1.3705674987178624	0.17011753275938937	7.122946272387739	74.59625876036374	1.6016111345703996	0.9892800370926103	25.178637937989926	386.5990162208103	-2.1795670220805636
3.658518394648829	11.006688963210703	1.4555242371622537	0.059103350847174586	1.4555242371622557	0.059103350847174066	1.3756085930445388	0.16848558491377033	7.12517488974532	74.99782112190817	1.604694717320638	0.9893048008663831	25.222521125086377	390.6967992822941	-2.1795670220805636
3.658518394648829	11.043478260869565	1.4596099605776662	0.05832016482298306	1.459609960577666	0.058320164822983134	1.3805162219796545	0.1669084415687138	7.127313735458519	75.38898897290733	1.6077130083459918	0.9893289256994177	25.265492103997655	394.794082512779	-2.1795670220805636
3.658518394648829	11.080267558528428	1.463534514119412	0.05758024624337204	1.463534514119412	0.05758024624337201	1.3852966785934027	0.1653829839580141	7.129367510003029	75.7702544736854	1.6106683942430573	0.9893524324488193	25.307584396026	398.8913832157973	-2.1795670220805636
3.658518394648829	11.117056856187292	1.4673088947614998	0.05688002490429642	1.4673088947614994	0.05688002490429648	1.3899558894985178	0.16390632486501389	7.131340665684331	76.14208070897023	1.6135631887391721	0.9893753422859447	25.348830370026345	402.98921828887114	-2.1795670220805636
3.658518394648829	11.153846153846153	1.4709430851150518	0.05621631222375767	1.470943085115052	0.0562163122237576	1.3944994337796186	0.16247578924464315	7.1332374114631145	76.50490326429053	1.6163996264124079	0.9893976764220487	25.389261182546928	407.08809955484537	-2.1795670220805636
3.658518394648829	11.190635451505017	1.4744461696064535	0.05558625167331085	1.4744461696064544	0.05558625167331062	1.398932562430236	0.16108889637057985	7.135061720475287	76.85913182293598	1.6191798590406021	0.9894194558996763	25.428906749621344	411.1885302961282	-2.1795670220805636
3.658518394648829	11.22742474916388	1.4778264349327872	0.054987276714782325	1.4778264349327868	0.05498727671478246	1.4032602177461266	0.15974334346239766	7.136817339301519	77.20515174415962	1.621905953924315	0.9894407014358391	25.467795741989924	415.29100272751333	-2.1795670220805636
3.658518394648829	11.264214046822742	1.4810914572306815	0.05441707495409095	1.4810914572306813	0.054417074954091	1.4074870522999368	0.15843699071890638	7.138507798295897	77.5433255963272	1.6245798936800107	0.9894614333059562	25.505955597467068	419.39599620062086	-2.1795670220805636
3.658518394648829	11.301003344481606	1.4842481779708254	0.05387355746992177	1.4842481779708248	0.053873557469921965	1.4116174472494516	0.15716784766833694	7.140136422471601	77.87399462805169	1.627203577115709	0.9894816712598501	25.543412545650053	423.50397597736804	-2.1795670220805636
3.658518394648829	11.33779264214047	1.4873029702490272	0.053354832469254314	1.4873029702490272	0.05335483246925425	1.4156555298243847	0.1559340607388324	7.141706342582948	78.19748016711797	1.629778820891405	0.9895014344629063	25.58019164130818	427.61539244490484	-2.1795670220805636
3.658518394648829	11.37458193979933	1.490261696866726	0.05285918257641491	1.4902616968667262	0.05285918257641485	1.4196051899025814	0.15473390195133893	7.143220506147573	78.5140849417732	1.6323073617355615	0.989520741456935	25.616316803663732	431.730680671575	-2.1795670220805636
3.658518394648829	11.411371237458194	1.4931297613676064	0.05238504518595194	1.4931297613676071	0.052385045185951815	1.4234700956339474	0.15356575863909497	7.144681688230778	78.82409432236364	1.634790859042809	0.9895396101364125	25.65181085945368	435.85026022499534	-2.1795670220805636
3.658518394648829	11.448160535117056	1.4959121530108828	0.051930995409147834	1.495912153010883	0.051930995409147813	1.427253708103326	0.15242812410232853	7.146092501871568	79.12777748362846	1.6372308977193148	0.9895580577366665	25.68669558817793	439.9745351901014	-2.1795670220805636
3.658518394648829	11.48494983277592	1.4986134865085248	0.051495731224421366	1.4986134865085239	0.05149573122442155	1.4309592950462127	0.151319589112444	7.147455408072268	79.42538848954115	1.6396289911742237	0.9895761008312819	25.720991768338195	444.10389433815146	-2.1795670220805636
3.658518394648829	11.521739130434783	1.5012380372274612	0.051078060507101966	1.5012380372274614	0.0510780605071019	1.434589943646977	0.15023883418611408	7.148772725305575	79.71716730366704	1.6419865843808485	0.9895937553365662	25.754719223783695	448.2387114083469	-2.1795670220805636
3.658518394648829	11.558528428093645	1.5037897724517468	0.05067688966748578	1.503789772451747	0.050676889667485715	1.438148572458375	0.14918462255629247	7.150046638514573	80.0033407285941	1.6443050569499644	0.9896110365213578	25.787896869509748	452.3793454716511	-2.1795670220805636
3.658518394648829	11.595317725752508	1.5062723792126478	0.05029121366962012	1.506272379212648	0.05029121366962009	1.4416379424878147	0.14815579377332855	7.151279207598862	80.28412327841782	1.646585726173033	0.9896279590208183	25.820542756444006	456.5261413532091	-2.1795670220805636
3.658518394648829	11.632107023411372	1.5086892891204706	0.04992010723931733	1.5086892891204708	0.04992010723931734	1.4450606674982824	0.14715125787559322	7.152472375390586	80.55971798837044	1.6488298500042875	0.989644536853133	25.8526741148892	460.6794300947028	-2.1795670220805636
3.658518394648829	11.668896321070234	1.5110437005705215	0.04956271709953971	1.511043700570522	0.04956271709953954	1.4484192235732014	0.1461699900746785	7.153627975132761	80.83031716572785	1.6510386299596533	0.9896607834382644	25.884307396399983	464.83952944213286	-2.1795670220805636
3.658518394648829	11.705685618729097	1.5133385986435923	0.04921825509592624	1.5133385986435928	0.049218255095926165	1.4517159579942656	0.1452110259055375	7.154747737477852	81.09610308605626	1.6532132139174658	0.9896767116180937	25.91545831395367	469.0067443478439	-2.1795670220805636
3.658518394648829	11.74247491638796	1.5155767729770608	0.0488859920957876	1.515576772977061	0.04888599209578754	1.4549530974796483	0.1442734567968812	7.155833297027475	81.35724863869136	1.6553546988108614	0.9896923336774185	25.946141880332576	473.18136747797314	-2.1795670220805636
3.658518394648829	11.779264214046822	1.5177608338458815	0.04856525256094276	1.5177608338458812	0.04856525256094281	1.458132755828619	0.1433564260215096	7.156886198437056	81.61391792519944	1.6574641332061697	0.9897076613653988	25.976372444686707	477.36367971879406	-2.1795670220805636
3.658518394648829	11.816053511705686	1.5198932266604896	0.04825540970922184	1.5198932266604899	0.0482554097092218	1.461256941015815	0.14245912499039054	7.1579079021093746	81.86626681432594	1.6595425197642586	0.9897227059171276	26.00616372727505	481.5539506768025	-2.1795670220805636
3.658518394648829	11.852842809364548	1.5219762450618999	0.04795588119147728	1.5219762450618999	0.047955881191477284	1.4643275617762201	0.14158078985789876	7.158899789501734	82.11444345674194	1.661590817584311	0.9897374780750833	26.035528852411666	485.7524391687974	-2.1795670220805636
3.658518394648829	11.889632107023411	1.5240120427711874	0.04766612522113321	1.5240120427711878	0.04766612522113311	1.4673464337194007	0.14072069840890686	7.159863168071339	82.35858876268388	1.6636099444312982	0.9897519881102754	26.064480379662044	489.959393699281	-2.1795670220805636
3.658518394648829	11.926421404682275	1.5260026443302777	0.04738563710198542	1.5260026443302783	0.04738563710198528	1.4703152850085357	0.13987816720145207	7.16079927588206	82.59883684533305	1.6656007788492733	0.9897662458429405	26.09303033334328	494.1750529230651	-2.1795670220805636
3.658518394648829	11.963210702341136	1.5279499548544817	0.047113946107197116	1.5279499548544817	0.047113946107197095	1.473235761637837	0.13905254894125155	7.16170928589592	82.8353154326154	1.6675641621640254	0.9897802606626894	26.121190230396333	498.39964609191463	-2.1795670220805636
3.658518394648829	12.	1.5298557689019066	0.04685061266875512	1.5298557689019059	0.046850612668755204	1.4761094323388984	0.13824323006682857	7.162594309970486	83.06814624985384	1.6695009003787278	0.9897940415480276	26.148971106697957	502.633393484237	-2.1795670220805636