3.7217416387959865	1.	4.856642930080376	2.753108346820508e-12	4.774548920963326	0.9999999999958382	6.195372395386682	8.677856994206463e-7	12.769062883877174	519.5780402545494	13.785395195684535	0.9999991118460309	108.53307824912993	241.96486490428163	2.9006132623977234
3.7217416387959865	1.0367892976588629	4.768431901956146	5.214926716885409e-12	4.60512766674786	0.9999999999878297	6.0725801745479435	1.169378631315641e-6	12.635405349222376	506.5160404471989	13.296210908373673	0.9999987259586824	106.07351737231986	241.96470269620366	2.788616849118876
3.7217416387959865	1.0735785953177257	4.685000579019619	9.538364186309873e-12	4.447317303980785	0.9999999999670588	5.9562344861092145	1.5528016214905327e-6	12.506939056384667	494.1920956639121	12.840545774216865	0.9999982179947355	103.7466856009049	241.96443697165154	2.6820314793159827
3.7217416387959865	1.1103678929765886	4.60593787432345	1.6897116017810714e-11	4.299963638936554	0.9999999999168384	5.845804710414793	2.0343070000441924e-6	12.38335840610537	482.54374108001133	12.4150667048476	0.9999975635831312	101.54129669710956	241.96403361986987	2.580310808231764
3.7217416387959865	1.1471571906354514	4.53087988894563	2.9068696834066968e-11	4.162060532415889	0.9999999998028299	5.740818641021638	2.632205769752338e-6	12.264379733111252	471.5154197891931	12.016868116758497	0.9999967366813368	99.44735287405456	241.96345385246505	2.4829891850874817
3.7217416387959865	1.1839464882943145	4.459503240096395	4.8679327296566576e-11	4.032726898461441	0.9999999995583442	5.640854513515393	3.3669677003499612e-6	12.149739771390099	461.05755028797864	11.643405534734583	0.9999957099389085	97.4559623282806	241.96265468455954	2.38966618547674
3.7217416387959865	1.2207357859531773	4.391519499307485	7.952241973475543e-11	3.9111878622280623	0.999999999060436	5.545534321527552	4.2613130091267e-6	12.039194156291474	451.1257413317171	11.292441201755002	0.9999944550870135	95.55918738796314	241.96158955200602	2.299994738476935
3.7217416387959865	1.2575250836120402	4.32667052967076	1.2696492831779475e-10	3.7967592251962117	0.9999999980928937	5.4545181813932375	5.3402954522910705e-6	11.932515991204834	441.68012763990157	10.961999235724155	0.9999929433384794	93.74991738629917	241.96020903038504	2.213671879624594
3.7217416387959865	1.294314381270903	4.264724555998489	1.9845681888054743e-10	3.688834579620622	0.9999999962914446	5.3674995565279175	6.631376796314668e-6	11.82949449454514	432.6848052577961	10.650328432836819	0.9999911457846373	92.0217616379611	241.95846162128822	2.1304314547393375
3.7217416387959865	1.3311036789297659	4.205472836149175	3.041596846607711e-10	3.586874559629744	0.9999999930658473	5.284201190833475	8.164492765551635e-6	11.729933734734422	424.10734953242644	10.355871237679601	0.9999890337773268	90.36895886455147	241.95629457342395	2.050038295284174
3.7217416387959865	1.3678929765886287	4.148726828292551	4.5771106143618617e-10	3.490397826692012	0.9999999874932063	5.204371630127889	9.972110672307927e-6	11.63365145555802	415.91840191728323	10.077237718731322	0.9999865792867064	88.78630015992114	241.95365470957844	1.97228351903629
3.7217416387959865	1.4046822742474916	4.094315769525197	6.771412626187023e-10	3.3989734714662188	0.9999999781767777	5.127782233813573	0.000012089279028999317	11.540477990839475	408.09131439150326	9.813183631385341	0.9999837552277808	87.26906316391536	241.95048923484535	1.896980702068642
3.7217416387959865	1.4414715719063544	4.042084597420608	9.85959553851441e-10	3.3122145789910338	0.9999999630649646	5.054224597293062	0.000014553669520071358	11.450255265228622	400.6018423226433	9.562591838138653	0.9999805357506977	85.81295556439382	241.9467465062966	1.8239627330559298
3.7217416387959865	1.4782608695652173	3.9918921588573917	1.414426218411054e-9	3.2297727545600865	0.999999939226005	4.983508320147804	0.000017405611775106794	11.362835876622759	393.42787823535986	9.324456501093199	0.9999768964917912	84.41406640230082	241.94237674892835	1.7530792074690387
3.7217416387959865	1.5150501672240804	3.9436096606023647	2.0010265370248774e-9	3.1513334470069982	0.999999902575117	4.915459066673031	0.000020688121435193196	11.278082255060543	386.5492202611013	9.09786957559938	0.9999728147840237	83.06882393553029	241.9373327071168	1.6841942530326062
3.7217416387959865	1.5518394648829432	3.8971193242208457	2.794161932935744e-9	3.076611937098776	0.9999998475524987	4.849916874654419	0.000024446922043407645	11.195865892643166	379.9473701046069	8.882009223282353	0.9999682698268635	81.77395904109694	241.93157022472087	1.6171847027014417
3.7217416387959865	1.588628762541806	3.852313214391576	3.854072534735823e-9	3.0053498832524856	0.9999997667524929	4.786734675773671	0.000028730461318417725	11.116066639014326	373.6053562244048	8.676129833450778	0.9999632428167606	80.52647331436808	241.92504875024258	1.5519385499438672
3.7217416387959865	1.625418060200669	3.809092214959124	5.2550042091740594e-9	2.9373123363101623	0.9999996505063167	4.7257769971171255	0.00003358992238890925	11.038572057073118	367.50757862731825	8.479553398219753	0.9999577170402361	79.3236111684823	241.9177317661381	1.4883536350785609
3.7217416387959865	1.6622073578595318	3.767365131324837	7.087631740313553e-9	2.8722851507368135	0.9999994864229153	4.666918818226569	0.000039079230576972456	10.963276833839817	361.6396722531377	8.29166203178081	0.9999516779322308	78.16283535398773	241.90958714351214	1.4263365220347874
3.7217416387959865	1.6989966555183946	3.727047901259965	9.461748308435933e-9	2.8100727321876304	0.9999992588945658	4.61004456219949	0.00004525505632188614	10.890082241697268	355.9883863998518	8.111891460552856	0.9999451131027777	77.04180541384943	241.90058742488822	1.365801533067581
3.7217416387959865	1.7357859531772575	3.688062899080685	1.2509229781208356e-8	2.750496071570738	0.9999989485757464	4.555047202696255	0.000052176814832911515	10.818895645562835	350.5414780319919	7.939725340321568	0.9999380123353113	75.9583586667792	241.89071003892317	1.3066699152883339
3.7217416387959865	1.7725752508361203	3.650338320476296	1.6387280600272556e-8	2.693391024008315	0.9999985318453803	4.501827471481114	0.00005990666305183287	10.749630051885125	345.2876171400573	7.774690280354346	0.9999303675600307	74.91049337573546	241.8799374515321	1.2488691178180231
3.7217416387959865	1.8093645484949832	3.6138076372273362	2.1281966257392336e-8	2.6386067978601324	0.9999979802637804	4.450293153424373	0.0000685094944939351	10.682203695695478	340.21630259021236	7.616351473987768	0.9999221728057267	73.89635381118805	241.86825725832722	1.192332162269004
3.7217416387959865	1.8461538461538463	3.5784091126657294	2.7412035533399598e-8	2.5860046245211237	0.9999972600364311	4.400358457810734	0.00007805293252075974	10.616539662266446	335.3177871302367	7.46430885119195	0.9999134241333829	72.91421696244207	241.85566222333787	1.1369970923552821
3.7217416387959865	1.882943143812709	3.5440853700762975	3.5033033846610576e-8	2.5354565842765	0.9999963314970725	4.351943456404224	0.000088607322580129	10.552565540234985	330.5830104081071	7.318193681810851	0.999904119554698	71.96248068670302	241.84215026901632	1.0828064909049668
3.7217416387959865	1.919732441471572	3.5107830073660486	4.444170724969427e-8	2.486844567280954	0.9999951486224685	4.304973580068526	0.00010024572392928056	10.490213103332653	326.00353901989496	7.1776655690944855	0.9998942589384701	71.03965311595104	241.82772442228065	1.0297070545377789
3.7217416387959865	1.9565217391304348	3.4784522522749066	5.598069484752884e-8	2.440059351871938	0.9999936585906934	4.259379166879004	0.00011304390133608167	10.429418018129438	321.571512739194	7.042409782212172	0.9998838439075391	70.14434316720431	241.8123927212096	0.9776492178821841
3.7217416387959865	1.9933110367892977	3.4470466531994393	7.004350570392214e-8	2.3949997850484057	0.9999918013938666	4.215095055624452	0.0001270803172318476	10.370119575440226	317.2795961951097	6.912134884000761	0.9998728777287349	69.27525202321225	241.7961680866585	0.9265868205175476
3.7217416387959865	2.0301003344481607	3.4165228013762725	8.707977468033916e-8	2.3515720521412122	0.9999895095150105	4.172060219413341	0.00014243612476764594	10.312260443264915	313.1209353635113	6.7865706165358155	0.9998613651980082	68.4311654687682	241.77906816282456	0.8764768109012923
3.7217416387959865	2.0668896321070234	3.3868400807446086	1.0760079012113822e-7	2.309689024545306	0.9999867076772104	4.1302174347948055	0.00015919516220454127	10.255786439335981	309.08911831954913	6.665466012434079	0.9998493125226716	67.61094698321702	241.76111513051796	0.8272789824247365
3.7217416387959865	2.1036789297658864	3.357960442294484	1.321852848814212e-7	2.2692696759383226	0.9999833126715386	4.089512982398308	0.00017744394904741352	10.200646321530678	305.17813977062184	6.548587704279401	0.9998367272024177	66.81353150281754	241.7423354966238	0.77895573747269
3.7217416387959865	2.140468227424749	3.3298482001234406	1.6148548089734468e-7	2.230238558725224	0.99997923326841	4.049896375604682	0.00019727168431195617	10.146791594572251	301.3823689500755	6.435718408356346	0.999823617910549	66.0379197777939	241.72275986301665	0.7314718759694797
3.7217416387959865	2.177257525083612	3.302469846780288	1.9623337633485798e-7	2.1925253335644035	0.9999743702151449	4.0113201141981	0.00021877024729545665	10.094176331595067	297.69652050439623	6.326655562091939	0.9998099943766304	65.28317325847037	241.70242267799816	0.6847944054017508
3.7217416387959865	2.2140468227424748	3.275793885780048	2.3724726332963336e-7	2.1560643457804374	0.9999686163206759	3.9737394603246528	0.00024203420120416584	10.04275700928511	294.11562805190255	6.221210097341815	0.9997958672715689	64.54840945309152	241.68136197311594	0.6388923697335291
3.7217416387959865	2.250836120401338	3.2497906794371434	2.8543846345480564e-7	2.120794243279358	0.9999618566265451	3.9371122344080187	0.00026716079997348406	9.992492355430205	290.6350201300287	6.119205333991695	0.9997812480959393	63.832797706997134	241.65961908809945	0.5937366949872637
3.7217416387959865	2.2876254180602005	3.2244323103904415	3.4181826732930125e-7	2.086657631276277	0.9999539686616703	3.901398628953559	0.00029424999860213215	9.943343207825272	287.2502982821073	6.020475980341617	0.999766149072211	63.135555358916406	241.63723838645947	0.5493000495670727
3.7217416387959865	2.3244147157190636	3.1996924553897266	4.0750506300162324e-7	2.053600759741098	0.9999448227772308	3.866561038415806	0.000323404467302396	9.895272383577415	283.9573170639178	5.924867228453244	0.9997505830413801	62.45594423542082	241.6142669641717	0.5055567176568263
3.7217416387959865	2.3612040133779266	3.1755462700840935	4.837316458217348e-7	2.021573239978394	0.9999342825539774	3.8325639035176193	0.00035472960979263357	9.848244557948984	280.75216577592863	5.8322339341177445	0.9997345633643616	61.79326744918791	241.59075435409724	0.4624824842463761
3.7217416387959865	2.3979933110367893	3.1519702836962864	5.718526767193375e-7	1.9905277872056693	0.9999222052813728	3.7993735685885177	0.0003883335859370916	9.80222615194747	277.6311517489037	5.742439872356617	0.9997181038284533	61.14686647057433	241.56675222743084	0.4200545305176757
3.7217416387959865	2.4347826086956523	3.1289423026020677	6.733522983996075e-7	1.9604199863656955	0.9999084424931607	3.7669581506597294	0.00042432733911408935	9.757185227961438	274.59078503081986	5.655357060490935	0.9997012185589599	60.51611844568902	241.54231409552727	0.3782513384959381
3.7217416387959865	2.471571906354515	3.1064413219385845	7.898518762166825e-7	1.931208078750226	0.9998928405573118	3.7352874191849654	0.0004628246284977037	9.713091392789572	271.62776433913064	5.570865141737941	0.9996839219361127	59.900433736946255	241.51749501310601	0.33705260399374803
3.7217416387959865	2.508361204013378	3.084447444467651	9.231178564505308e-7	1.9028527672929907	0.9998752413092513	3.7043326853848852	0.0005039420665451581	9.669915707479733	268.73896415782383	5.488850823135016	0.9996662285172674	59.29925366486782	241.49235128509443	0.29643915700282514
3.7217416387959865	2.5451505016722407	3.0629418060038516	1.0750697264619683e-6	1.8753170386418367	0.9998554827198506	3.6740667003194503	0.0005477991619381358	9.62763060344436	265.92142287159623	5.409207362302489	0.9996481529643352	58.71204843216842	241.46694017874447	0.25639288878672584
3.7217416387959865	2.5819397993311037	3.0419065067926563	1.2477880629324e-6	1.8485660003372255	0.9998333995891331	3.6444635608878704	0.0005945183682274082	9.586209804366858	263.17233184097415	5.331834098183297	0.9996297099763464	58.13831521320625	241.44131964265193	0.21689668501669312
3.7217416387959865	2.6187290969899664	3.0213245482894373	1.4435226550302422e-6	1.822566731614104	0.999808824256688	3.615498623039498	0.0006442251384271618	9.545628253456757	260.4890253323164	5.256636021442955	0.9996109142270094	57.57757639366383	241.4155480341143	0.17793436436879811
3.7217416387959865	2.6555183946488294	3.001179774848308	1.6647006901103638e-6	1.7972881465102992	0.9997815873199839	3.5871484215530054	0.0006970479858034668	9.50586204564998	257.8689712255601	5.183523380691612	0.9995917803070978	57.02937794690596	241.38968385617235	0.13949062206735735
3.7217416387959865	2.6923076923076925	2.981456819880789	1.9139349913698082e-6	1.7727008681099048	0.999751518351956	3.5593905958065792	0.0007531185511031657	9.466888364385959	255.30976243046373	5.112411321108959	0.9995723226714692	56.4932879348536	241.36378550553434	0.10155097791725493
3.7217416387959865	2.729096989966555	2.9621410560889503	2.194032291335069e-6	1.7487771128779737	0.9997184466106779	3.532203821019046	0.0008125716764525512	9.428685422623369	252.80910894902237	5.0432195524192025	0.9995525555905174	55.96889512242865	241.3379110322927	0.06410172841749988
3.7217416387959865	2.765886287625418	2.943218549418901	2.5080015458904277e-6	1.7254905841540318	0.9996822017313969	3.50556774449496	0.0008755454862093787	9.391232407788657	250.3648305280932	4.975872043492418	0.9995324931058166	55.455807695762864	241.31211791268768	0.027129902595483913
3.7217416387959865	2.802675585284281	2.9246760164135504	2.859062261731589e-6	1.7028163739719948	0.9996426143969611	3.47946292644908	0.0009421814749663073	9.354509430370696	247.97484985147133	4.910296741125341	0.9995121489897515	54.95365207524992	241.28646283518833	-0.00937677876518945
3.7217416387959865	2.839464882943144	2.906500784677182	3.2506528445884182e-6	1.6807308724594536	0.99959951697807	3.453870785029319	0.0010126246029970012	9.31849747590478	245.63718622584545	4.846425310815819	0.999491536708883	54.46207181546186	241.2610015008695	-0.04542994079115624
3.7217416387959865	2.8762541806020065	2.8886807561909698	3.6864389569375353e-6	1.6592116841470035	0.9995527441386456	3.428773545191522	0.0010870233993870524	9.28317836010627	243.34994971924456	4.784192897563204	0.9994706693908212	53.980726584669846	241.23578843843498	-0.08104058934099044
3.7217416387959865	2.9130434782608696	2.8712043732436463	4.170321882057237e-6	1.6382375505856743	0.9995021334012316	3.404154191112052	0.0011655300731167463	9.24853468693445	241.11133571451884	4.723537904926032	0.9994495597943712	53.50929121740304	241.21087683423136	-0.11621914321624277
3.7217416387959865	2.9498327759197323	2.8540605867638136	4.706446891811938e-6	1.617788278730744	0.9994475256681877	3.379996421853154	0.0012483006323672314	9.214549809384591	238.91961984388888	4.664401790744281	0.999428220282723	53.04745483409346	241.18631837749072	-0.150975463972283
3.7217416387959865	2.9866220735785953	2.8372388268599855	5.299211617107054e-6	1.597844674603374	0.9993887656951334	3.3562846100216013	0.0013354950123305458	9.181207792821633	236.77315327368458	4.606728878089237	0.9994066627994592	52.594920022395534	241.16216312089176	-0.1853188835192881
3.7217416387959865	3.0234113712374584	2.820728975392233	5.953274421549393e-6	1.5783884817888725	0.9993257025137774	3.333003763184414	0.00142727721181373	9.148493380683524	234.67035831120347	4.550466180143233	0.9993848988471629	52.15140207526086	241.13845935642274	-0.21925822968537526
3.7217416387959865	3.060200668896321	2.8045213404151363	6.6735627804819465e-6	1.559402324372467	0.9992581898019157	3.310139487826151	0.0015238154389384667	9.116391962395168	232.6097243081124	4.495563237835692	0.9993629394684146	51.7166282812879	241.11525350643558	-0.25280184989771604
3.7217416387959865	3.096989966555184	2.7886066323459784	7.465281669225099e-6	1.5408696539509694	0.9991860861990037	3.287677955650963	0.0016252822662498735	9.084889543345847	230.58980383707132	4.441971969172606	0.9993407952289753	51.290337263260206	241.09259002967227	-0.2859576331232005
3.7217416387959865	3.1337792642140467	2.7729759417249076	8.333921966045543e-6	1.522774700392209	0.9991092555662918	3.2656058720494796	0.0017318547955617902	9.053972716794044	228.60920912029127	4.389646529295835	0.9993184762029594	50.872278361143096	241.0705113419599	-0.31873303019754057
3.7217416387959865	3.17056856187291	2.757620718445336	9.285268877080784e-6	1.5051024260440484	0.9990275671910517	3.2439104465657422	0.0018437148328804827	9.023628637573365	226.66660869055914	4.338543180397522	0.9992959919598131	50.46221105612958	241.04905775119897	-0.35113507266010635
3.7217416387959865	3.2073578595317724	2.742532752343224	0.000010325410392169236	1.4878384831215965	0.9989408959349237	3.222579365213186	0.001961049073764894	8.993844997482505	224.76072426692147	4.288620170694646	0.9992733515529202	50.059904432615795	241.0282674061899	-0.3831703902018503
3.7217416387959865	3.2441471571906355	2.727704155043329	0.000011460745782267643	1.4709691740253186	0.9988491223268595	3.2016007645011397	0.002084049299498543	8.964610002250737	222.89032782871547	4.239837621740548	0.9992505635096671	49.665136675249805	241.00817625880694	-0.4148452268245103
3.7217416387959865	3.280936454849498	2.7131273429689444	0.000012697994150879185	1.4544814143643223	0.9987521326015452	3.1809632070445018	0.00221291258446658	8.935912349977844	221.05423887298068	4.192157423414542	0.9992276358228078	49.27769459843278	240.98881803894017	-0.4461654558011633
3.7217416387959865	3.317725752508361	2.6987950214294165	0.000014044203053659956	1.438362698478601	0.9986498186845384	3.1606556586395893	0.0023478415151512995	8.907741210954674	219.251321841519	4.145543135989206	0.9992045759429764	48.897373205870764	240.97022424163464	-0.47713659352079324
3.7217416387959865	3.3545150501672243	2.6847001697066513	0.000015506757202124536	1.4226010672715093	0.9985420781256673	3.1406674666984022	0.0024890444211796148	8.88008620877705	217.48048370498282	4.099959898726972	0.9991813907722072	48.52397527796677	240.95242412576528	-0.507763812293344
3.7217416387959865	3.391304347826087	2.670836027068245	0.0000170933872691232	1.407185078179651	0.9984288139824933	3.120988339942066	0.002636735618877769	8.852937402671648	215.74067169238353	4.055374344505457	0.9991580866583262	48.15731098502571	240.93544472361555	-0.5380519521854044
3.7217416387959865	3.42809364548495	2.657196079640611	0.000018812178815526668	1.392103777121666	0.9983099346558634	3.1016083292619405	0.0027911356678115185	8.826285270958117	214.0308711553356	4.011754520013567	0.999134669390087	47.7971975244044	240.91931086067663	-0.5680055319516931
3.7217416387959865	3.4648829431438126	2.64377404808077	0.000020671581359315356	1.3773466722803975	0.9981853536797417	3.082517809663956	0.002952471640812777	8.800120695576856	212.3501035571951	3.969069811099346	0.9991111441929346	47.44345877988777	240.90404518498792	-0.5976287591227538
3.7217416387959865	3.5016722408026757	2.6305638759902195	0.000022680417610055996	1.3629037095847094	0.9980549894676473	3.063707463218101	0.0031209774080187664	8.774434947616262	210.6974245780037	3.927290872885559	0.9990875157252823	47.09592500170701	240.88966820531547	-0.6269255393048818
3.7217416387959865	3.5384615384615383	2.617559719018816	0.00002484789289351776	1.3487652497679867	0.9979187650181118	3.045168262941097	0.0032968939354735016	8.74921967377803	209.0719223268733	3.886389564301327	0.9990637880751999	46.754432505741704	240.87619833750992	-0.6558994847444959
3.7217416387959865	3.5752508361204014	2.604755934610488	0.00002718360479299964	1.3349220468900496	0.9977766075816288	3.026891457545497	0.0034804695988676668	8.72446688372276	207.4727156540632	3.846338886706689	0.9990399647574114	46.41882339055767	240.86365195834216	-0.6845539222059106
3.7217416387959865	3.612040133779264	2.5921470723463513	0.00002969755303575198	1.3213652282181603	0.9976284482915829	3.008868556993556	0.003671960513017246	8.700168938241852	205.8989525556011	3.807112926313673	0.9990160487105132	46.08894527103855	240.8520434661577	-0.7128919002082011
3.7217416387959865	3.648829431438127	2.579727864844213	0.000032400149654718625	1.3080862753709352	0.9974742217616429	2.9910913187988224	0.003871630877707043	8.676318538205118	204.34980866383566	3.7686868001315172	0.9989920422943244	45.76465102746463	240.84138534771918	-0.7409161956641216
3.7217416387959865	3.68561872909699	2.567493219176407	0.00003530222945771807	1.2950770066363473	0.9973138656520554	2.9735517350224243	0.004079753340550243	8.652908714236323	202.8244858177875	3.731036605185192	0.9989679472872892	45.44579856897627	240.83168825056887	-0.7686293199618434
3.7217416387959865	3.722408026755853	2.5554382087709664	0.000038415060838069267	1.2823295603819085	0.997147320207218	2.956242019915224	0.00429660937753815	8.629932817072064	201.32221070764297	3.694139370776994	0.9989437648838555	45.13225061044527	240.82296106035412	-0.7960335245277674
3.7217416387959865	3.759197324414716	2.543558065763546	0.000041750356962643965	1.269836379481258	0.9969745277668198	2.9391545981603047	0.004522489691978056	8.60738450856146	199.84223358812378	3.657973013578568	0.9989194956917596	44.82387446184571	240.8152109825026	-0.8231308059072213
3.7217416387959865	3.7959866220735785	2.5318481737700873	0.00004532028737531627	1.2575901966872005	0.996795432252729	2.9222820936737937	0.0047576946325375725	8.585257753266625	198.38382705586812	3.622516295357859	0.9988951397291506	44.52054182928788	240.80844362771865	-0.8499229103977926
3.7217416387959865	3.8327759197324416	2.520304061052347	0.00004913749005583892	1.245584020886433	0.9966099786336846	2.905617318925038	0.005002534631131463	8.56354681062586	196.94628488630573	3.587748783160448	0.9988706964214933	44.22212862693876	240.80266310077369	-0.87641133826915
3.7217416387959865	3.869565217391304	2.5089213940505286	0.00005321508397629512	1.2338111241760914	0.9964181123697059	2.889153264740019	0.005257330661404201	8.542246227643039	195.52892092583187	3.553650811778848	0.9988461645981936	43.92851479911244	240.7978720921144	-0.9025973476016099
3.7217416387959865	3.9063545150501673	2.4976959712591147	0.000057566682199457194	1.222265029706677	0.9962197788379854	2.8728830905546667	0.005522414718569954	8.521350832068478	194.1310680354	3.520203448355993	0.9988215424888918	43.639584151864945	240.7940719718328	-0.9284819577752907
3.7217416387959865	3.94314381270903	2.4866237174237913	0.00006220640556563897	1.2109395002400491	0.9960149227418658	2.8568001150871334	0.005798130321380365	8.500855726037353	192.75207708191758	3.4873884589809347	0.9987968277193754	43.35522419347873	240.79126288558496	-0.954065952640567
3.7217416387959865	3.979933110367893	2.4757006780389395	0.00006714889701697284	1.1998285273749378	0.9958034875043318	2.8408978074005686	0.0060848330369881526	8.4807562801331	191.39131597410343	3.455188277145397	0.9987720173070692	43.07532598326605	240.7894438520714	-0.9793498834005658
3.7217416387959865	4.016722408026756	2.4649230141267666	0.00007240933661044238	1.1889263213959742	0.9955854146472792	2.825169778330159	0.0063828910294680356	8.461048127843656	190.04816873970566	3.4235859739398817	0.9987471076560577	42.799783988163625	240.7886128617463	-1.0043340712358246
3.7217416387959865	4.053511705685619	2.4542869972804495	0.00007800345727352648	1.1782273017054163	0.9953606431576367	2.8096097722503077	0.006692685632737938	8.441727160378921	188.72203464120537	3.3925652298768467	0.9987220945516053	42.52849594662881	240.78876697643415	-1.0290186097016265
3.7217416387959865	4.090301003344481	2.443789004955047	0.00008394756135889143	1.1677260877997642	0.9951291088412464	2.7942116591598825	0.007014611948595856	8.422789521817842	187.41232732734744	3.3621103082369017	0.9986969731541421	42.261362739383	240.78990242957983	-1.0534033669285763
3.7217416387959865	4.127090301003345	2.4334255159911513	0.00009025853805723766	1.1574174907562327	0.994890743665226	2.7789694270655256	0.007349079470544618	8.404231604553562	186.11847401805102	3.332206029841703	0.998671737992683	41.99828826658291	240.79201472690596	-1.0774879876576087
3.7217416387959865	4.1638795986622075	2.423193106357319	0.00009695388173020745	1.1472965051965567	0.9946454750893658	2.763877174644759	0.007696512734019481	8.386050045004183	184.83991472043238	3.302837749163983	0.9986463829576608	41.73917933102813	240.7950987472433	-1.1012718951414715
3.7217416387959865	4.20066889632107	2.413088445098484	0.00010405171122807746	1.1373583016980189	0.9943932253869373	2.7489291041727193	0.008057351993555879	8.368241719556224	183.57610147387487	3.273991331691927	0.9986209012931484	41.483945527044646	240.7991488433851	-1.1247542929456862
3.7217416387959865	4.237458193979933	2.403108290478521	0.00011157079025988141	1.1275982196237697	0.994133910955136	2.7341195146981367	0.00843205392733353	8.350803740706503	182.32649762225844	3.2456531324709808	0.9985952855884576	41.23249913470969	240.80415894282356	-1.1479341666833927
3.7217416387959865	4.274247491638796	2.393249486305988	0.00011953054888665633	1.1180117603464794	0.9938674416152188	2.7194427954559464	0.00882109236941018	8.333733453366243	181.09057711162265	3.2178099757514063	0.9985695277691057	40.98475501910498	240.81012264822945	-1.1708102857202058
3.7217416387959865	4.311036789297659	2.38350895843314	0.0001279511062114488	1.1085945808413296	0.993593719902256	2.7048934195060856	0.009224959069796345	8.317028431289767	179.8678238117422	3.1904491356754514	0.9985436190871443	40.74063053431353	240.81703333763406	-1.1933812048871952
3.7217416387959865	4.3478260869565215	2.37388371141897	0.00013685329434286588	1.0993424876259967	0.9933126403442855	2.6904659375897166	0.009644164482332795	8.300686473586941	178.65773086023898	3.1635583179422	0.9985175501108534	40.50004543189079	240.8248842642321	-1.2156452662422712
3.7217416387959865	4.384615384615385	2.364370825347956	0.00014625868371197684	1.090251431026944	0.9930240887305365	2.676154972196325	0.010079238580092449	8.284705601275986	177.4598000280536	3.1371256423927507	0.9984913107138129	40.2629217735645	240.8336686557933	-1.2376006009233103
3.7217416387959865	4.421404682274248	2.354967452796889	0.00015618960982542103	1.0813174997527841	0.9927279413682907	2.661955211837143	0.01053073169774686	8.269084053829346	176.2735411052669	3.11113962646221	0.9984648900633668	40.02918384793341	240.8433798136737	-1.2592451311391115
3.7217416387959865	4.45819397993311	2.3456708159429764	0.00016666920154049465	1.0725369157568745	0.9924240643278628	2.647861405522714	0.010999215399989444	8.253820285661314	175.0984713064637	3.085589169448787	0.99843827660851	39.79875809095453	240.8540112114684	-1.2805765723480125
3.7217416387959865	4.494983277591973	2.3364782038070175	0.0001777214109508631	1.0639060293725444	0.9921123126751242	2.633868357444685	0.01148528337470294	8.238912962501049	173.93411469501592	3.0604635375534714	0.9984114580672356	39.57157301002211	240.86555659333317	-1.3015924356778925
3.7217416387959865	4.531772575250836	2.3273869696262297	0.00018937104497410834	1.0554213147055242	0.9917925296909486	2.619970921864556	0.01198955234906881	8.224360957589091	172.7800016258803	3.035752349647011	0.998384421413391	39.347559111457635	240.87801007204604	-1.3222900306458487
3.7217416387959865	4.568561872909699	2.318394528351977	0.00020164379873466735	1.0470793652692487	0.9914645460769527	2.6061639982149742	0.012512663026243449	8.210163347629182	171.63566820673418	3.0114455637239073	0.9983571528631079	39.12664883124566	240.89136622691393	-1.3426664682405316
3.7217416387959865	4.605351170568562	2.3094983542682312	0.0002145662908377119	1.0388768898496121	0.9911281791469213	2.592442526422003	0.013055281039550268	8.196319408419583	170.5006557775026	2.9875334640054345	0.9983296378608844	38.908776468859514	240.90562020159135	-1.3627186644360445
3.7217416387959865	4.642140468227424	2.3006959787273664	0.000228166100630931	1.030810708586736	0.9907832320033572	2.57880148246038	0.013618097920344656	8.182828610080382	169.37451040861276	2.9640066486565586	0.9983018610654159	38.69387812403732	240.92076780195265	-1.3824433442120174
3.7217416387959865	4.678929765886288	2.291984988000507	0.00024247180755198095	1.0228777492620778	0.990429492698693	2.565235874157296	0.014201832074781656	8.169690611783645	168.25678241859418	2.940856018083692	0.9982738063352903	38.481891636379245	240.93680559414597	-1.4018370461611358
3.7217416387959865	4.7157190635451505	2.283363021240239	0.00025751303265951475	1.015075043779934	0.9900667333808343	2.551740737264238	0.01480722976364576	8.156905255883261	167.14702591196172	2.9180727637821837	0.9982454567146863	38.27275652764541	240.95373100293926	-1.4208961277730952
3.7217416387959865	4.752508361204013	2.2748277685542706	0.00027332048244454906	1.0073997248330888	0.9896947094228905	2.538311131821004	0.015435066078151706	8.144472561329774	166.04479833868083	2.8956483577045975	0.9982167944192394	38.0664139466483	240.9715424105242	-1.4396167714911816
3.7217416387959865	4.789297658862877	2.266376969189221	0.00028992599501690536	0.9998490227429236	0.9893131585371917	2.524942138840839	0.01608614590318644	8.13239271624297	164.9496600769057	2.8735745421224266	0.9981878008222668	37.862806616640334	240.990239255906	-1.4579949916467307
3.7217416387959865	4.826086956521739	2.258008409824423	0.00030736258875765427	0.9924202624648233	0.9889217998739958	2.5116288573510825	0.01676130485780847	8.120666069501105	163.8611740411193	2.851843319955537	0.9981584564415786	37.661878785108485	241.00982213502633	-1.4760266423854598
3.7217416387959865	4.862876254180602	2.249719922976301	0.00032566451352318614	0.9851108607501404	0.9885203331056642	2.4983664018296863	0.017461410200921196	8.109293121190483	162.77890531828808	2.8304469455450447	0.9981287409271351	37.463576175894815	241.0302929017415	-1.4937074267096846
3.7217416387959865	4.8996655518394645	2.241509385514597	0.0003448673044788176	0.977918323456365	0.9881084374975443	2.4851499000845414	0.018187361687869243	8.098274511742707	161.70242083519062	2.809377915846694	0.9980986330498515	37.267845943571736	241.0516547697772	-1.5110329067703696
3.7217416387959865	4.936454849498328	2.2333747172924703	0.0003650078386298178	0.9708402429974468	0.987685770967339	2.4719744916298043	0.018940092361246122	8.087611009569315	160.63128906067502	2.7886289620230817	0.9980681106918999	37.07463663000919	241.07391241577702	-1.5279985155535851
3.7217416387959865	4.973244147157191	2.225313879893126	0.00038612439410467983	0.963874295926393	0.9872519691353919	2.458835326621165	0.019720569256407538	8.077303496984538	159.565079747261	2.7681930414138867	0.9980371508389047	36.88389812307581	241.0970720834928	-1.5445995701173743
3.7217416387959865	5.010033444816053	2.217324875496433	0.00040825671222896733	0.9570182406424506	0.9868066443690704	2.445727565420637	0.020529793999054486	8.067352954187141	158.5033637172339	2.7480633298644435	0.9980057295744831	36.69558161742566	241.12114168917736	-1.560831286545495
3.7217416387959865	5.046822742474917	2.209405745869706	0.00043144606240751746	0.9502699152152265	0.9863493848253062	2.432646378870649	0.021368803268725634	8.057760441051759	157.4457126991813	2.7282332143937196	0.9979738220776483	36.50963957732788	241.14613092817365	-1.5766887967960213
3.7217416387959865	5.083612040133779	2.201554571487473	0.0004557353098077546	0.9436272353180624	0.985879753496361	2.419586949366993	0.022238669098132744	8.048527076458678	156.39169922178635	2.708696286183381	0.9979414026236506	36.32602570150151	241.17205138263876	-1.592167167633188
3.7217416387959865	5.120401337792642	2.193769470785845	0.0004811689858064553	0.9370881922629127	0.9853972872650358	2.406544472830752	0.02314049897394903	8.039654014870274	155.3408965726451	2.689446333870399	0.9979084445889114	36.144694889925006	241.19891663030543	-1.6072614218406227
3.7217416387959865	5.157190635451505	2.186048599557595	0.0005077933611263145	0.9306508511287354	0.9849014959768453	2.393514161690114	0.02407543569992504	8.03114241984144	154.2928788308761	2.670477337125813	0.997874920460776	35.96560321259168	241.22674235405776	-1.6219665619229215
3.7217416387959865	5.193979933110368	2.178390150494765	0.0005356565215456482	0.9243133489751711	0.9843918615381387	2.3804912489943324	0.025044656978064222	8.022993434132388	153.2472209833704	2.651783460502928	0.9978408018528925	35.788707880188916	241.25554645206068	-1.636277596508728
3.7217416387959865	5.230769230769231	2.17079235288597	0.0005648084460148187	0.9180738931328813	0.9838678370507756	2.3674709937933596	0.026049374658077357	8.015208146075548	152.2034991356427	2.633359047538145	0.99780605952711	35.61396721667872	241.2853491480288	-1.6501895696727906
3.7217416387959865	5.2675585284280935	2.1632534724759678	0.0005953010869549579	0.9119307595614793	0.9833288459957463	2.354448687927844	0.027090833599491392	8.007787551835223	151.16129082939835	2.615198615087972	0.9977706634228715	35.44134063376111	241.31617310113498	-1.6636975933943714
3.7217416387959865	5.304347826086956	2.1557718114951547	0.0006271884524484875	0.9058822912654374	0.9827742814800772	2.3414196643846497	0.02817031008472132	8.000732513191489	150.1201754800772	2.597296847885547	0.9977345826951629	35.270788607199066	241.3480435148783	-1.6767968833651745
3.7217416387959865	5.34113712374582	2.1483457088665845	0.0006605266899557935	0.8999268967577325	0.982203505563439	2.3283793073823906	0.0292891097152205	7.994043710479538	149.0797349487593	2.5796485933000635	0.9976977857621636	35.10227265498426	241.3809882441062	-1.6894827983493337
3.7217416387959865	5.377926421404682	2.140973540597662	0.0006953741711086911	0.8940630485602991	0.9816158486830819	2.315323064358924	0.030448564716713995	7.9877215903255	148.03955426384357	2.562248856282121	0.9976602403638136	34.93575531731693	241.41503789917033	-1.7017508832797317
3.7217416387959865	5.414715719063545	2.133653720362904	0.0007317915770384633	0.8882892817296175	0.9810106091979978	2.302246460037562	0.0316500305736997	7.9817663078424115	146.99922250881124	2.5450927944778536	0.9976219136325808	34.77120013836806	241.4502259460196	-1.7135969162477809
3.7217416387959865	5.451505016722408	2.12638470028284	0.0007698419835957433	0.8826041923949802	0.9803870530755089	2.2891451127496807	0.032894881908209966	7.976177662987874	145.95833389303738	2.5281757134941674	0.9975827721777557	34.60857164978194	241.4865888007867	-1.7250169595045803
3.7217416387959865	5.488294314381271	2.119164971902379	0.0008095909457114468	0.8770064362962116	0.9797444137457351	2.2760147531876678	0.03418450751362138	7.970955030843414	144.91648902297555	2.5114930622971596	0.9975427821846227	34.44783535586627	241.52416591721283	-1.7360074145396807
3.7217416387959865	5.525083612040134	2.111993067369378	0.0008511065800355708	0.871494727306867	0.9790818921514804	2.2628512457516767	0.03552030445161163	7.966097285656848	143.8732963909371	2.4950404287252677	0.9975019095298477	34.28895772039996	241.56299986499124	-1.746565081235654
3.7217416387959865	5.561872909698996	2.104867560810895	0.0008944596448755081	0.8660678359282723	0.9783986570229055	2.2496506126353957	0.03690367111972943	7.961602718598512	142.82837409802306	2.4788135350982254	0.9974601199143713	34.131906154969336	241.60313639683056	-1.7566872210112787
3.7217416387959865	5.59866220735786	2.097787069900493	0.0009397236163422445	0.8607245877392886	0.9776938454077349	2.236409060767974	0.038335999199195114	7.957468949324581	141.78135182637843	2.4628082339027806	0.9974173790149893	33.97664900872116	241.6446245018277	-1.7663716237604605
3.7217416387959865	5.635451505016722	2.090750257604734	0.0009869747595064448	0.8554638617863675	0.9769665634885252	2.2231230116893337	0.039818664398244524	7.953692831619011	140.73187307363338	2.447020503535715	0.9973736526556386	33.82315555939064	241.68751644243477	-1.7756166782669107
3.7217416387959865	5.672240802675585	2.0837558340908813	0.0010362921932730675	0.8502845888985242	0.9762158877184612	2.20978913438266	0.041353015916475	7.950270353605116	139.67959765901261	2.431446444084908	0.9973289069991587	33.67139600543253	241.73186777211987	-1.7844214456240672
3.7217416387959865	5.709030100334449	2.0768025587704813	0.0010877579476112138	0.8451857499122701	0.9754408663060224	2.196404381018867	0.04294036457113148	7.947196533279613	138.62420450592904	2.416082273129403	0.9972831087599698	33.521341459045004	241.77773733060485	-1.7927857350161498
3.7217416387959865	5.745819397993311	2.069889242445181	0.0011414570117343483	0.8401663737925329	0.9746405210764034	2.1829660254818446	0.04458196954807848	7.944465310428583	137.56539469976195	2.4009243215403173	0.9972362254376761	33.37296393983838	241.82518721346187	-1.8007101810195114
3.7217416387959865	5.782608695652174	2.063014749511684	0.0011974773718259047	0.8352255356371492	0.9738138497335221	2.1694717044390224	0.04627902376918326	7.942069436333522	136.50289481178172	2.385969029265505	0.9971882255710619	33.22623636885542	241.874282712774	-1.8081963213669907
3.7217416387959865	5.8193979933110365	2.056178000172608	0.001255910036957682	0.8303623545548929	0.9729598285405386	2.1559194605992587	0.04803263790473898	7.940000363063169	135.43646047074665	2.3712129410829914	0.9971390790113012	33.08113256260941	241.92509222567057	-1.8152466738852235
3.7217416387959865	5.8561872909699	2.0493779725891272	0.001316849051966197	0.8255759914101278	0.9720774154288209	2.142307787659662	0.04984382310486159	7.938248134563275	134.36588015250047	2.3566527023104613	0.9970887572124286	32.937627226758984	241.97768712768084	-1.82186481107396
3.7217416387959865	5.892976588628763	2.0426137049004676	0.0013803914962458375	0.8208656464313243	0.9711655535350706	2.1286356762874465	0.051713472577542184	7.936801282189416	133.29097914505942	2.3422850544618625	0.9970372335362563	32.79569594900245	242.03214160828765	-1.8280554305561147
3.7217416387959865	5.929765886287625	2.03588429702469	0.0014466374676986966	0.81623055668569	0.9702231751537939	2.1149026603157832	0.053642342202768305	7.935646727756901	132.2116236323798	2.3281068308461066	0.9969844835679593	32.65531519073732	242.0885324665361	-1.8338244194014213
3.7217416387959865	5.966555183946488	2.029188912145844	0.0015156900514558466	0.811669993428188	0.9692492060775665	2.1011088621605185	0.05563103044060551	7.934769697582697	131.12772482466127	2.314114952108234	0.9969304854375377	32.516462277007435	242.14693886535062	-1.839178910130799
3.7217416387959865	6.003344481605351	2.0225267777850258	0.001587655273456671	0.8071832593400454	0.9682425702808326	2.0872550362957107	0.0576799578642649	7.934153651334825	130.03924304725882	2.3003064217192635	0.9968752201413276	32.37911538424837	242.2074420441536	-1.8441273260616746
3.7217416387959865	6.040133779264214	2.015897186348321	0.0016626420395386794	0.8027696856793884	0.9672021948848106	2.073342609471201	0.05978934672392687	7.933780229749482	128.94619168485534	2.2866783214277575	0.9968186718567416	32.243253525348976	242.270124990576	-1.8486794135777722
3.7217416387959865	6.076923076923077	2.0092994950438063	0.0017407620613393577	0.7984286293745639	0.9661270153221125	2.059373716227453	0.06195920101938208	7.933629225384961	127.84864086350112	2.2732278066933915	0.9967608282425227	32.10885653157426	242.33507207343152	-1.8528462589208634
3.7217416387959865	6.11371237458194	2.0027331250639184	0.001822129771023159	0.7941594700986555	0.9650159806009483	2.0453512281763535	0.06418928762433598	7.933678580514955	126.74672074168375	2.2599521021302578	0.9967016807160914	31.975905030947228	242.40236864064957	-1.8566402872284549
3.7217416387959865	6.150501672240803	1.9961975599392334	0.0019068622275928357	0.7899616073712061	0.9638680585514104	2.0312787754862485	0.06647911905676743	7.93390441598426	125.64062427404176	2.2468484969951095	0.9966412246991246	31.844380422768342	242.47210058753595	-1.8600752417961504
3.7217416387959865	6.187290969899665	1.9896923429857252	0.001995079018284239	0.7858344577396565	0.9626822409217011	2.0171607590492795	0.06882793852190469	7.934281094329013	124.53060930903305	2.2339143407623556	0.996579459822401	31.71426484805666	242.54435390236233	-1.8631661419379089
3.7217416387959865	6.224080267558528	1.983217073790079	0.002086902159232041	0.7817774520979267	0.961457548181717	2.0030023519312214	0.0712347078611004	7.934781319684885	123.41699988605454	2.2211470388333625	0.9965163900812849	31.585541155832754	242.61921419790613	-1.8659292183547522
3.7217416387959865	6.260869565217392	1.976771403706326	0.002182456000177741	0.777790033202296	0.9601930338864945	1.9888094889154129	0.0736980990160155	7.93537627597198	122.30018660911338	2.2085440484314502	0.9964520239340023	31.458192865318086	242.6967662389436	-1.8683818255919133
3.7217416387959865	6.297658862876254	1.9703550303710873	0.002281867138418847	0.7738716534447707	0.9588877884538852	1.9745888432551304	0.07621648955923233	7.936035803579036	121.18062599375499	2.1961028747356854	0.9963863743361666	31.332204124298325	242.77709347678214	-1.8705423319470276
3.7217416387959865	6.334448160535117	1.96396769128273	0.0023852643474191713	0.7700217729411353	0.9575409422202373	1.960347790136646	0.07878796274827547	7.936728613319586	120.05883871148538	2.18382106730585	0.9963194587067782	31.20755966407892	242.86027760261987	-1.8724299880501039
3.7217416387959865	6.37123745819398	1.9576091565294054	0.002492778525479285	0.7662398579845613	0.9561516676551716	1.9460943568139408	0.08141031243130029	7.937422534871957	118.93540669066195	2.1716962168469496	0.9962512988231288	31.0842447516345	242.94639813160674	-1.8740647762257323
3.7217416387959865	6.408026755852843	1.9512792207902134	0.0026045426695776655	0.7625253799062616	0.9547191806413995	1.931837159883509	0.08408105297393448	7.9380847953366285	117.81096907332775	2.159725952355214	0.9961819206445617	30.962245139716597	243.03553202910015	-1.8754672436105009
3.7217416387959865	6.444816053511706	1.944977694769436	0.00272069187893746	0.7588778143723908	0.9532427407569289	1.9175853306939314	0.08679743419554911	7.938682322054686	116.68621707155066	2.1479079386779363	0.9961113540677538	30.841547015814147	243.12775338952073	-1.8766583227752491
3.7217416387959865	6.481605351170568	1.9387043962534731	0.002841363392070432	0.7552966411319815	0.9517216505333068	1.9033484303957628	0.08955646111010147	7.939182062542114	115.56188781181248	2.1362398745078477	0.9960396326189043	30.722136950955544	243.22313317660416	-1.8776591442319985
3.7217416387959865	6.518394648829432	1.9324591410011585	0.002966696660043894	0.7517813442149511	0.9501552537024891	1.889136356596549	0.09235491807397965	7.939551313409443	114.43875729885784	2.1247194908192744	0.9959667930907741	30.6040018493851	243.3217390316903	-1.8784908456377365
3.7217416387959865	6.555183946488294	1.9262417336888684	0.003096833457568321	0.7483314125632039	0.9485429324840089	1.8749592439595137	0.0951893967642024	7.939758049539899	113.31763266809779	2.113344549739253	0.9958928751347143	30.487128900141194	243.42363515420263	-1.8791743827037533
3.7217416387959865	6.591973244147157	1.9200519591309313	0.0032319180322963868	0.7449463410626074	0.9468841040006042	1.8608273613438446	0.0980563272576133	7.939771244646606	112.1993439254019	2.1021128438325642	0.99581792081952	30.371505531500844	243.52888225570265	-1.8797303467599455
3.7217416387959865	6.62876254180602	1.9138895739836048	0.0033720972915347765	0.7416256319302588	0.9451782159419582	1.8467510082110878	0.1009520113659248	7.939561174639407	111.08473539280105	2.091022195766859	0.9957419741700089	30.257119369147155	243.63753758616693	-1.8801787936113648
3.7217416387959865	6.665551839464883	1.9077542991177991	0.0035175210244874095	0.7383687964007569	0.9434247416206163	1.8327404130067135	0.10387265731051419	7.939099695983649	109.97465708687207	2.0800704583128287	0.9956650806985999	30.143958198762252	243.74965502847192	-1.8805390877813257
3.7217416387959865	6.702341137123746	1.901645812813963	0.0036683421572359376	0.7351753566478718	0.941623174580112	1.8188056360735232	0.10681441479826322	7.93836049236852	108.86995625313321	2.0692555146260974	0.9955872869428573	30.032009933568087	243.86528525479793	-1.8808297655047184
3.7217416387959865	6.739130434782608	1.8955637448942277	0.003824717036979766	0.7320448478742931	0.9397730229222185	1.8049564793782615	0.1097734095854149	7.937319284433784	107.77146926520278	2.058575278751896	0.9955086400210019	29.921262587135914	243.98447593675348	-1.8810684189720457
3.7217416387959865	6.775919732441472	1.8895076718652004	0.003986805741629662	0.728976820502117	0.9378738035182413	1.7912024049601702	0.11274577668580948	7.935953998921798	106.68001407337154	2.048027696291537	0.9954291872159113	29.81170425158519	244.10727199973857	-1.881271603393288
3.7217416387959865	6.812709030100335	1.8834771131023027	0.004154772410686968	0.7259708424000139	0.9359250362592206	1.7775524635699258	0.11572769148568314	7.934244895311056	105.59638335573413	2.0376107451702246	0.9953489755962345	29.703323081096375	244.2337159112409	-1.8814547675153266
3.7217416387959865	6.849498327759197	1.8774715280663878	0.004328785593428529	0.723026501089196	0.9339262384832484	1.7640152344935445	0.11871539815957438	7.932174649635644	104.52133848875042	2.0273224364495954	0.9952680516811241	29.59610728049472	244.3638479926494	-1.8816322073450866
3.7217416387959865	6.88628762541806	1.8714903145073223	0.004509018610726524	0.7201434058785227	0.9318769196966578	1.750598777080444	0.12170523493001079	7.929728396704451	103.45560441574203	2.0171608151337708	0.9951864611528773	29.490045098515285	244.49770674440086	-1.8818170420529796
3.7217416387959865	6.923076923076923	1.8655328075794342	0.004695649927314761	0.7173211898887356	0.9297765766814466	1.7373105940470288	0.12469365586682876	7.926893733228986	102.39986545392534	2.007123960925208	0.9951042486196299	29.385124825253648	244.63532917507345	-1.8820212103897669
3.7217416387959865	6.959866220735786	1.85959827977081	0.004888863531921806	0.7145595119360447	0.9276246890559013	1.7241576062294948	0.1276772490705731	7.923660685399934	101.35476204529267	1.997209988894857	0.9950214574282794	29.281334793233803	244.77675112609904	-1.8822554854653966
3.7217416387959865	6.996655518394649	1.853685941532823	0.005088849323374039	0.7118580582554277	0.9254207153305571	1.7111461381280335	0.13065275122047895	7.92002164519623	100.32088842565648	1.9874170500395956	0.9949381295261203	29.178663381486096	244.92200758501806	-1.882529505415448
3.7217416387959865	7.033444816053512	1.8477949424878408	0.00529580350147933	0.7092165440535544	0.9231640894787535	1.6982819133279359	0.13361705858534473	7.91597128016812	99.29879116056394	1.9777433317084434	0.9948543053682928	29.077099022023074	245.07113298162662	-1.8828518173120066
3.7217416387959865	7.070234113712375	1.841924373090825	0.005509928962199227	0.706634714889707	0.9208542180209861	1.6855700587027285	0.13656723469175044	7.911506421627529	98.28896847707092	1.9681870578866643	0.9947700238671188	28.976630208120163	245.22416146272235	-1.8832299316445222
3.7217416387959865	7.107023411371237	1.836073266623789	0.005731435697269052	0.704112347890263	0.9184904776056394	1.673015116197527	0.13950051491703255	7.906625936139891	97.2918703066275	1.9587464893337843	0.9946853223787028	28.877245503849636	245.38112714251324	-1.8836703847799334
3.7217416387959865	7.1438127090301	1.8302406014094426	0.005960541199012598	0.7016492528080587	0.9160722130557117	1.660621060949015	0.14241430832472343	7.901330584984791	96.30789894617337	1.9494199235772847	0.9946002367217883	28.778933554371633	245.54206432695852	-1.884178806984118
3.7217416387959865	7.1806020066889635	1.8244253031407038	0.006197470871612416	0.6992452729422837	0.9135987358417051	1.648391324511691	0.1453061970895819	7.8956228758847935	95.33741024133049	1.9402056947682182	0.9945148012237437	28.681683096549726	245.70700771133986	-1.8847599938221313
3.7217416387959865	7.217391304347826	1.8186262472350387	0.00644245845052758	0.6969002859375745	0.9110693229347342	1.6363288220171046	0.1481739338704196	7.889506910837762	94.38071519653552	1.9311021734085185	0.9944290487886549	28.58548296952791	245.87599255126395	-1.885417979029006
3.7217416387959865	7.254180602006689	1.8128422611357158	0.0066957464321099145	0.6946142044827907	0.9084832159906767	1.6244359821817886	0.1510154374850041	7.882988233369629	93.43808192116079	1.9221077659620585	0.9943430109827678	28.490322124973584	246.0490548079656	-1.8861561072347246
3.7217416387959865	7.290969899665551	1.8070721264952743	0.006957586515757234	0.6923869769308038	0.9058396208152938	1.6127147791897325	0.15382878722567686	7.876073677986435	92.50973782726572	1.9132209143629777	0.9942567181329143	28.396189636756418	246.2262312693133	-1.8869771052184208
3.7217416387959865	7.327759197324415	1.8013145811891604	0.007228240061174305	0.6902185878606619	0.9031377070613001	1.6011667655972917	0.1566122161301465	7.868771224075362	91.59587200281268	1.9044400954353793	0.9941701994340166	28.30307470989223	246.40755964826465	-1.8878831506461489
3.7217416387959865	7.364548494983278	1.7955683211191762	0.007507978563497143	0.6881090586029588	0.900376608110742	1.5897931055343155	0.15936410349213967	7.861089856004398	90.69663769326095	1.895763820238544	0.9940834830622611	28.21096668863473	246.59307866076142	-1.8888759375027506
3.7217416387959865	7.40133779264214	1.7898320017767289	0.00779708414918993	0.6860584477482583	0.8975554210994073	1.5785946075988166	0.16208296686378157	7.853039430714834	89.81215483383625	1.887190633351296	0.9939965962910429	28.119855063642458	246.7828280851519	-1.8899567376571187
3.7217416387959865	7.438127090301004	1.784104239544866	0.008095850095755874	0.6840668516572179	0.8946732070439098	1.5675717569595644	0.1647674537675846	7.844630553697003	88.94251258404101	1.878719112108314	0.9939095656072664	28.029729478186763	246.97684880524804	-1.891126458197871
3.7217416387959865	7.474916387959866	1.778383612725527	0.008404581378426536	0.6821344049896999	0.8917289910362706	1.5567247462880447	0.16741633330253947	7.835874463892722	88.08777182475644	1.8703478658001202	0.9938224168260522	27.94057973339677	247.1751828390758	-1.8923856943428226
3.7217416387959865	7.511705685618729	1.7726686622845305	0.008723595247118944	0.6802612812688119	0.8887217624750067	1.5460535052369309	0.17002848779700294	7.826782927777022	87.24796758639671	1.8620755348473188	0.993735175202308	27.852395792562007	247.37787335528304	-1.8937347778615221
3.7217416387959865	7.548494983277592	1.7669578923114697	0.009053221837086073	0.678447693494497	0.8856504753057793	1.5355577282654005	0.1726029046317472	7.817368142634886	86.42311138384977	1.8539007899583264	0.9936478655379971	27.76516778453009	247.58496467901233	-1.895173821058253
3.7217416387959865	7.585284280936455	1.761249770195275	0.009393804816835825	0.6766938948201374	0.8825140482483823	1.5252369006827757	0.1751386683300113	7.807642648861328	85.61319344034949	1.8458223312787025	0.993560512284253	27.678886006251144	247.79650228891688	-1.896702756445605
3.7217416387959865	7.622073578595318	1.7555427265185424	0.009745702077076696	0.6750001793045944	0.8793113649902358	1.5150903228409296	0.17763495298805893	7.797619250970168	84.81818478791641	1.8378388875389016	0.9934731396377592	27.59354092452811	248.01253280680965	-1.8983213722997583
3.7217416387959865	7.65886287625418	1.7498351546752862	0.010109286464654622	0.6733668827512959	0.8760412743294839	1.5051171324541313	0.1800910150994903	7.787310946892363	84.03803923664839	1.8299492152062027	0.993385771631039	27.509123177037413	248.23310398127566	-1.9000293443308178
3.7217416387959865	7.695652173913044	1.7441254102175057	0.010484946565692205	0.6717943836453363	0.8727025902533516	1.4953163250634245	0.1825061868092733	7.7767308650727625	83.27269520899173	1.8221520976455543	0.993298432216482	27.42562357268675	248.4582646664148	-1.9018262637287415
3.7217416387959865	7.7324414715719065	1.738411809936011	0.010873087542430994	0.6702831041991612	0.8692940919394603	1.4856867726921552	0.18487986961910388	7.765892208829658	82.52207743821972	1.8144463442931613	0.9932111453440793	27.343033091376903	248.68806479673023	-1.9037116618596999
3.7217416387959865	7.769230769230769	1.732692630680511	0.011274132028612589	0.6688335115171657	0.865814523669538	1.4762272407616002	0.18721152855380027	7.754808207418456	81.78609853282097	1.8068307898458045	0.9931239350329526	27.261342883232093	248.92255535902044	-1.9056850318926728
3.7217416387959865	7.806020066889632	1.7269661079230894	0.01168852108862146	0.6674461188895824	0.8622625946461961	1.4669364033514982	0.18950068678889914	7.743492073235672	81.06466041039623	1.7993042934682564	0.993036825436846	27.180544267361665	249.16178836202286	-1.907745847633085
3.7217416387959865	7.842809364548495	1.721230434067937	0.012116715246059909	0.666121487226203	0.8586369787044067	1.457812856901012	0.19174692073204	7.731956964607294	80.35765560608563	1.791865738020488	0.9929498409038136	27.10062873021142	249.405816804422	-1.90989357983216
3.7217416387959865	7.879598662207358	1.7154837565086987	0.012559195587935702	0.6648602266409331	0.8549363139098881	1.4488551324520742	0.1939498555448901	7.72021595362369	79.6649684615641	1.7845140293059036	0.9928630060303726	27.021587923559146	249.6546946417401	-1.9121277102280507
3.7217416387959865	7.916387959866221	1.7097241754330175	0.013016464951226029	0.6636629981987652	0.851159202036906	1.4400617065401282	0.1961091610879626	7.708281998508448	78.9864762013291	1.7772480953414078	0.9927763457104267	26.943413662204602	249.90847675253926	-1.9144477435601857
3.7217416387959865	7.953177257525083	1.7039497413719031	0.013489049199244004	0.6625305158376048	0.8473042079179989	1.431431010837671	0.19822454826751315	7.696167920038431	78.3220499034141	1.7700668856497532	0.9926898851792691	26.866097921399593	250.167218904279	-1.916853217781369
3.7217416387959865	7.989966555183947	1.6981584524894178	0.013977498595986553	0.6614635484784063	0.8433698586578973	1.4229614406543554	0.20029576576153665	7.683886381565549	77.6715553718592	1.7629693705743592	0.9926036500529866	26.7896328340596	250.4309777191137	-1.9193437126750803
3.7217416387959865	8.02675585284281	1.6923482516058501	0.014482389287495538	0.6604629223383373	0.8393546427033866	1.414651362394217	0.20232259710054903	7.671449872225026	77.0348539182869	1.7559545406165709	0.9925176663635767	26.714010687794342	250.699810639862	-1.9219188570675774
3.7217416387959865	8.063545150501673	1.6865170229450612	0.01500432490023348	0.6595295234631339	0.8352570087602068	1.4064991200664392	0.20430485807810259	7.6588706929500185	76.41180305983393	1.749021405795067	0.9924319605900899	26.63922392178965	250.97377589630327	-1.9245783348078507
3.7217416387959865	8.100334448160535	1.6806625885940956	0.015543938267568738	0.6586643004965966	0.8310753645470473	1.3985030409410146	0.2062423944658678	7.646160944946658	75.80225714047278	1.7421689950271753	0.9923465596860834	26.56526512357137	251.25293247197297	-1.927321889670938
3.7217416387959865	8.137123745819398	1.6747827046602033	0.016101893296713788	0.6578682677070895	0.8268080753756148	1.390661440435259	0.20813508000828934	7.633332520316934	75.2060678824843	1.7353963555315062	0.9922614911036728	26.492127025675927	251.53734007152715	-1.93014932932542
3.7217416387959865	8.173913043478262	1.6688750571074649	0.016678886989868174	0.6571425082932456	0.8224534625443162	1.3829726263115232	0.2099828146723752	7.620397094548594	74.623084874516	1.7287025522514885	0.9921767828144391	26.419802502251596	251.82705908878495	-1.933060528490542
3.7217416387959865	8.210702341137123	1.6629372572518002	0.01727565163492975	0.656488177993667	0.8180098015314576	1.3754349022606405	0.21178552312893678	7.607366120621039	74.05315600229802	1.7220866672991675	0.9920924633274375	26.348284565609983	252.12215057549247	-1.936055431395053
3.7217416387959865	8.247491638795987	1.656966836889534	0.017892957182962896	0.6559065090283773	0.8134753199720124	1.368046570939956	0.21354315344253455	7.594250824504066	73.49612782770892	1.7155477994186372	0.9920085617045341	26.27756636274485	252.4226762108463	-1.939134053637427
3.7217416387959865	8.284280936454849	1.6509612430307563	0.018531613831700013	0.6553988144032131	0.8088481953998019	1.3608059365293865	0.2152556759483725	7.581062201852269	72.95184592151047	1.7090850634685564	0.9919251075732809	26.207641171834506	252.72869827182248	-1.9422964835356489
3.7217416387959865	8.321070234113712	1.6449178322042028	0.01919247483674012	0.6549664926121873	0.8041265527344647	1.353711306863406	0.21692308229556917	7.56781101572128	72.4201551546681	1.7026975899230077	0.9918421311375183	26.138502398739618	253.0402796043034	-1.9455428830445431
3.7217416387959865	8.357859531772576	1.6388338642955742	0.019876439574836063	0.6546110327773293	0.7993084614897514	1.3467609951919985	0.2185453846373268	7.554507795154044	71.90089995281488	1.6963845243901747	0.9917596631858854	26.070143573509032	253.35748359503845	-1.948873488309315
3.7217416387959865	8.394648829431437	1.6327064958755966	0.020584456886802285	0.6543340202705532	0.7943919326764185	1.339953321618656	0.22012261494973365	7.5411628345045205	71.39392451803718	1.6901450271481266	0.9916777350983935	26.002558346902166	253.6803741444197	-1.9522886099157681
3.7217416387959865	8.431438127090301	1.6265327729680061	0.021317528731178984	0.6541371428679638	0.7893749153692878	1.3332866142591915	0.22165482446205612	7.527786193384326	70.89907302182625	1.6839782726971761	0.9915963788512147	25.935740486937387	254.0090156400918	-1.9557886328903478
3.7217416387959865	8.468227424749164	1.620309623200458	0.022076714183960063	0.6540221974937022	0.7842552929037288	1.3267592101606496	0.22314208318264314	7.514387697133313	70.41618977268176	1.6778834493281543	0.9915156270198137	25.869683875472408	254.34347293137225	-1.9593740164963656
3.7217416387959865	8.505016722408026	1.6140338472734337	0.02286313382449979	0.6539910976181758	0.7790308786619353	1.3203694560160695	0.22458447950556595	7.500976937729741	69.94511936156876	1.6718597587061033	0.9914355127805488	25.804382504823806	254.6838113044968	-1.9630452938674527
3.7217416387959865	8.54180602006689	1.607702109672829	0.023677974553314555	0.6540458813844575	0.7736994114036411	1.3141157087068278	0.22598211988438655	7.487563275067977	69.4857067880996	1.6659064154687626	0.9913560699108496	25.739830474429606	255.0300964586632	-1.9668030715137397
3.7217416387959865	8.578595317725753	1.6013109285413747	0.024522494893985988	0.6541887205470392	0.768258550089336	1.3079963357013151	0.22733512856038335	7.474155838543132	69.03779757006293	1.6600226468393644	0.9912773327880736	25.676021987559793	255.38239448287186	-1.9706480287322732
3.7217416387959865	8.615384615384615	1.5948566646116098	0.025398030838974486	0.6544219303191919	0.762705868136385	1.302009715335361	0.2286436473337205	7.460763528891834	68.60123783864208	1.654207692253208	0.9911993363871344	25.612951348078116	255.74077183355308	-1.9745809169489779
3.7217416387959865	8.652173913043478	1.588335509088791	0.026306002308035117	0.6547479802393186	0.7570388470394454	1.2961542369970622	0.22990783536701628	7.447395020247007	68.17587442142869	1.6484608029975099	0.991122116276984	25.55061295725761	256.1052953129621	-1.9786025590163174
3.7217416387959865	8.688963210702342	1.581743470355376	0.027247920298371447	0.6551695061832162	0.7512548692761234	1.2904283012361217	0.231127869011726	7.434058762372157	67.76155491511815	1.6427812418640542	0.9910457086160287	25.48900131065244	256.4760320483306	-1.9827138484878253
3.7217416387959865	8.725752508361204	1.5750763593489658	0.028225394817983574	0.6556893236686224	0.7453512104064126	1.2848303198152915	0.23230394164872484	7.420762983047163	67.35812774955471	1.637168282814144	0.9909701501465485	25.42811099502708	256.8530494717482	-1.9869157488882703
3.7217416387959865	8.762541806020067	1.5683297734424955	0.029240143708230144	0.6563104426214176	0.7393250302598309	1.2793587157194357	0.23343626353534933	7.407515690583291	66.96544224461215	1.6316212106554535	0.9908954781881876	25.36793668534493	257.23641530077276	-1.9912092929958862
3.7217416387959865	8.799331103678929	1.5614990786279146	0.03029400247894699	0.6570360838000524	0.7331733630868692	1.2740119231356348	0.23452506165202816	7.394324676449986	66.58334866121069	1.6261393207302506	0.9908217306305745	25.308473141816037	257.62619751972136	-1.9955955821515712
3.7217416387959865	8.836120401337793	1.5545793897720177	0.03138893530011649	0.6578696971072067	0.7268931065306636	1.2687883874159214	0.23557057954246993	7.3811975179999925	66.21169824760852	1.6207219186145945	0.9907489459251332	25.249715207004783	258.0224643616308	-2.0000757856081286
3.7217416387959865	8.872909698996656	1.5475655486741466	0.03252704731881127	0.6588149820564357	0.7204810092500382	1.2636865650326274	0.2365730771421291	7.368141581282967	65.8503432819619	1.6153683198280464	0.9906771630761337	25.19165780299736	258.4252842908512	-2.004651139931496
3.7217416387959865	8.909698996655518	1.5404520996086584	0.03371059849992115	0.6598759107080575	0.7139336569953565	1.2587049235346566	0.2375328305904768	7.355164023940426	65.49913711199895	1.6100778495534442	0.9906064216310377	25.134295928628397	258.8347259862322	-2.009322948464761
3.7217416387959865	8.946488294314381	1.5332332619788016	0.03494201922513542	0.6610567534446945	0.7072474569025669	1.2538419415117592	0.23845013202324522	7.3422717981772365	65.15793419254017	1.604849842366298	0.9905367616701821	25.077624656765945	259.2508583248624	-2.014092580864895
3.7217416387959865	8.983277591973245	1.5259028996402477	0.03622392792839125	0.6623621080249094	0.7004186197272019	1.249096108572465	0.23932528934156336	7.329471653806802	64.8265901214715	1.5996836419733553	0.9904682237958484	25.021639131653682	259.67375036631	-2.018961472721378
3.7217416387959865	9.020066889632107	1.5184544863694251	0.03755915109936322	0.663796932436336	0.6934431396866741	1.244465925340261	0.2401586259554977	7.316770141368322	64.50496167467759	1.5945786009598812	0.990400849120759	24.966334566308664	260.1034713373069	-2.0239311252652326
3.7217416387959865	9.05685618729097	1.5108810668498511	0.03895074605212661	0.6653665821713316	0.6863167715137399	1.2399499034715664	0.2409504805001092	7.3041736153157935	64.1929068403506	1.5895340805451839	0.9903346792560416	24.911706239972908	260.5400906168155	-2.0290031051767214
3.7217416387959865	9.093645484949834	1.5031752124241144	0.040402026937070686	0.6670768526734895	0.6790350042430633	1.2355465656980595	0.24170120652273355	7.291688237279043	63.89028485299761	1.5845494503459128	0.9902697562986992	24.85774949561627	260.98367772139335	-2.034179044499305
3.7217416387959865	9.130434782608695	1.4953289707034474	0.04191659457472396	0.6689340278587229	0.671593031152292	1.231254445895077	0.24241117214070182	7.279319979397574	63.59695622739743	1.5796240881466375	0.9902061228186234	24.80445973748834	261.434302290783	-2.0394606406674485
3.7217416387959865	9.167224080267559	1.4873338079326441	0.043498370815926064	0.6709449358086311	0.6639857151533163	1.2270720891771651	0.2430807596691654	7.267074627728402	63.31278279269419	1.5747573796772347	0.9901438218451842	24.75183242871637	261.8920340736323	-2.04484965665557
3.7217416387959865	9.20401337792642	1.4791805427637474	0.045151638291211604	0.6731170129776911	0.6562075487710083	1.2229980520209718	0.2437103652192269	7.254957785728827	63.03762772673974	1.5699487183965226	0.9900828968534299	24.699863088945673	262.35694291322625	-2.0503479212552214
3.7217416387959865	9.240802675585284	1.470859269783017	0.04688108661317957	0.6754583785645747	0.6482526076459005	1.2190309024153427	0.24430039826687258	7.242974877815398	62.77135559076399	1.5651975052816651	0.9900233917499262	24.648547292019273	262.82909873313304	-2.055957329487818
3.7217416387959865	9.277591973244148	1.462359270741097	0.048691866352550024	0.6779779210919723	0.6401144962403691	1.2151692200377238	0.24485128119368213	7.231131152999662	62.513832364384655	1.5605031486227612	0.989965350858266	24.597880663692344	263.3085715226172	-2.061679843159911
3.7217416387959865	9.31438127090301	1.4536689109288896	0.05058965243979847	0.6806853997464732	0.6317862840967324	1.211411596455744	0.24536344880051947	7.219431688601279	62.26492548094687	1.5558650638220946	0.9899088189042735	24.547858879377532	263.7954313216938	-2.0675174915682564
3.7217416387959865	9.351170568561873	1.4447755174825065	0.05258071907511907	0.683591563688588	0.6232604305649647	1.2077566353522613	0.24583734779579816	7.207881394038486	62.02450386313063	1.5512826731974163	0.9898538410009275	24.498477661915846	264.28974820564747	-2.0734723723620916
3.7217416387959865	9.387959866220736	1.4356652355368553	0.05467202879531598	0.686708293406573	0.614528695351836	1.2042029527720506	0.24627343626007492	7.1964850146955675	61.79243795875323	1.5467554057887174	0.9898004626330275	24.44973277936846	264.7915922688652	-2.079546652569955
3.7217416387959865	9.424749163879598	1.426322857002859	0.05687133909716541	0.6900487693317107	0.6055820314924043	1.2007491773878736	0.24667218308901098	7.18524713586631	61.568599776655276	1.5422826971678476	0.9897487296416199	24.40162004282384	265.3010336077898	-2.0857425697988363
3.7217416387959865	9.461538461538462	1.4167316152100775	0.059187331024551176	0.6936276744653221	0.5964104563372055	1.1973939507835407	0.24703406741689152	7.174172186772071	61.352862922547516	1.5378639892503128	0.9896986882082032	24.354135304213564	265.8181423027767	-2.0920624336135574
3.7217416387959865	9.498327759197325	1.4068729365776458	0.06162976549548548	0.6974614398463385	0.5870028947795526	1.1941359277514163	0.24735957802303865	7.163264444652443	61.14510263468017	1.5334987301086578	0.9896503848387244	24.307274454131502	266.3429883986615	-2.0985086271045414
3.7217416387959865	9.535117056856187	1.3967261376196882	0.06420967502914618	0.7015685445441762	0.5773469870635349	1.1909737766016755	0.2476492127235725	7.152528038926084	60.945195819184114	1.5291863737867037	0.9896038663473786	24.261033419648815	266.8756418837812	-2.1050836086526
3.7217416387959865	9.57190635451505	1.3862680516096846	0.06693960116348568	0.705969885842946	0.5674288508828196	1.1879061794805437	0.24790347775105284	7.141966955418686	60.753021084926885	1.5249263801139494	0.9895591798402209	24.21540816211767	267.41617266719896	-2.111789913899595
3.7217416387959865	9.608695652173912	1.3754725635894558	0.06983389158502837	0.7106892409209211	0.557232783749463	1.1849318326947291	0.2481228871245843	7.131585040654697	60.56845877772248	1.5207182145194373	0.9895163726985933	24.170394674956363	267.9646505538642	-2.11863015793432
3.7217416387959865	9.645484949832776	1.364310024284344	0.07290907637676687	0.7157538494528666	0.5467408862274921	1.1820494470392067	0.24830796201299715	7.121386006208929	60.391391013731244	1.516561347844301	0.9894754925623692	24.125988981407268	268.5211452174038	-2.125607037703477
3.7217416387959865	9.68227424749164	1.3527465015533922	0.07618435071081867	0.7211951584943754	0.5359325787056459	1.1792577481255797	0.2484592300936957	7.111373433113859	60.221701711890255	1.5124552561522355	0.9894365873130152	24.082187132259058	269.0857261702287	-2.1327233346581145
3.7217416387959865	9.719063545150501	1.3407428101003955	0.07968220321483978	0.7270497889100402	0.524783972480845	1.1765554767082547	0.24857722490975906	7.101550776318064	60.059276625214665	1.5083994205370999	0.9893997050564602	24.03898520352437	269.6584627306233	-2.139981917646427
3.7217416387959865	9.755852842809364	1.328253232661227	0.08342924755854393	0.7333608101162324	0.5132670376072157	1.1739413890057306	0.24866248522781834	7.091921369191013	59.90400337081758	1.5043933269268175	0.9893648941057668	23.996379294063093	270.2394239864497	-2.147385746064639
3.7217416387959865	9.792642140468228	1.315223802459091	0.08745734376345494	0.7401794533324989	0.5013484810082601	1.1714142570143957	0.24871555439917095	7.08248842806919	59.75577145850142	1.5004364658827012	0.989332202963588	23.95436552314089	270.8286787550704	-2.154937873278319
3.7217416387959865	9.82943143812709	1.3015899460503024	0.09180514293413998	0.7475674642032092	0.4889882011550496	1.1689728688122831	0.2487369797265258	7.073255056838378	59.61447231777999	1.496528332393343	0.989301680304395	23.91294002791256	271.4262955390872	-2.162641450327271
3.7217416387959865	9.866220735785953	1.2872731665763457	0.09652026876987053	0.7556004147572475	0.4761371059521904	1.1666160288504532	0.24872731183861177	7.064224251546868	59.479999323206776	1.4926684256621134	0.98927337495645	23.872098960818644	272.0323424774342	-2.1704997299282334
3.7217416387959865	9.903010033444817	1.272176238372961	0.1016624892453161	0.7643725037365424	0.4627339404443096	1.164342558229584	0.24868710407488306	7.055398905044237	59.35224781787917	1.4888562488873378	0.9892473358835024	23.831838486883427	272.64688729136293	-2.1785160707903892
3.7217416387959865	9.939799331103679	1.256175998998889	0.10730849001547833	0.7740037592121054	0.4487005127883488	1.1621512949597188	0.2486169118823018	7.0467818116404874	59.231115135017006	1.4850913090341449	0.9892236121661756	23.79215478090177	273.26999722480537	-2.1866939422599407
3.7217416387959865	9.976588628762542	1.2391120746763202	0.11355936493525608	0.7846513074738096	0.43393420310287345	1.1600410942009538	0.2485172922261867	7.03837567178015	59.11650061750145	1.481373116596893	0.9892022529830085	23.75304402450074	273.90173897855067	-2.1950369293112906
3.7217416387959865	10.013377926421406	1.2207683086314363	0.12055299283086578	0.7965279386840743	0.4182955860575418	1.1580108284832924	0.24838880301684732	7.0301830967263905	59.00830563529424	1.4777011853511741	0.9891833075911147	23.714502403062983	274.5421786376864	-2.2035487379034664
3.7217416387959865	10.050167224080267	1.2008400951858162	0.12848587225506636	0.8099347664197296	0.40158659547222786	1.1560593879037049	0.24823200255370198	7.022206613250017	58.90643360064438	1.4740750320941651	0.9891668253064125	23.676526102495977	275.19138159164527	-2.2122332007222827
3.7217416387959865	10.08695652173913	1.178871745655066	0.1376551090823499	0.825323855019823	0.383508536070592	1.1541856802987285	0.2480474489883739	7.014448668318587	58.81078998101121	1.4704941763721475	0.9891528554833775	23.63911130583132	275.84941244619586	-2.2210942833300757
3.7217416387959865	10.123745819397993	1.1541211619994713	0.1485493908007865	0.8434335387667905	0.3635711085320582	1.152388631391008	0.24783569980813477	7.00691163378112	58.72128230963844	1.4669581401939684	0.989141447494262	23.602254189638003	276.5163349266707	-2.230136090746731
3.7217416387959865	10.160535117056856	1.1252102404262059	0.1620846629343389	0.8656380106704095	0.3408567324098665	1.1506671849082246	0.24759731134093751	6.999597811043952	58.63782019371787	1.4634664477290344	0.9891326507077245	23.565950920230645	277.19221177163206	-2.2393628744879104
3.7217416387959865	10.19732441471572	1.0888952728773271	0.18043541993870185	0.8951769128873892	0.3131892545731119	1.1490203026729795	0.2473328382831493	6.992509435733784	58.56031532009001	1.4600186249884832	0.9891265144667997	23.530197649654607	277.877104616167	-2.2487790400882677
3.7217416387959865	10.234113712374581	1.0302973579854164	0.2136623358313084	0.9469249171583143	0.2705063179136595	1.1474469646622982	0.24704283325093093	6.985648682344081	58.48868145843742	1.4566141994879955	0.9891230880661422	23.494990511427137	278.57107386390186	-2.2583891551401116
3.7217416387959865	10.270903010033445	0.9872683336615281	0.240616527489412	0.98726833366128	0.2406165274895914	1.1459281190288668	0.24673505768530052	6.97895859354867	58.421308725925776	1.4532461940795336	0.9891215992477859	23.460224617941048	279.27135228005005	-2.26812942062554
3.7217416387959865	10.307692307692308	1.0223757422448154	0.21687435729643256	1.0223757422447999	0.21687435729644236	1.1453077758929775	0.24606903452023057	6.972782691064002	58.42094690420898	1.4504740857003922	0.9891151107976112	23.432980480569892	280.19105443154524	-2.2765036614273773
3.7217416387959865	10.34448160535117	1.1223568529655414	0.1609455426584285	1.1223568529655397	0.1609455426584294	1.152189996708836	0.24242694878285947	6.972346398731798	58.98638966124113	1.4524794622337471	0.9890963017156864	23.467045164272612	282.954801232182	-2.2765036614273773
3.7217416387959865	10.381270903010034	1.1680836213762154	0.1394366579210827	1.1680836213762134	0.13943665792108367	1.1606904887919374	0.23824252270118573	6.974329246641949	59.675484711745675	1.455556648963245	0.9890960480368055	23.515125763730097	286.1658373830959	-2.2765036614273773
3.7217416387959865	10.418060200668897	1.2008331231483824	0.125486110043799	1.2008331231483798	0.12548611004380003	1.169981666579342	0.23386720625328605	6.977663152950528	60.42394220531021	1.4592622817981171	0.9891077267027952	23.57131421392838	289.6576366009433	-2.2765036614273773
3.7217416387959865	10.454849498327759	1.22707466560666	0.11514963827469948	1.2270746656066587	0.11514963827470004	1.1796829217315357	0.22945869990762396	6.9818535596872175	61.202309743093394	1.463388463133254	0.989128186362823	23.632835193302178	293.353188436547	-2.2765036614273773
3.7217416387959865	10.491638795986622	1.2491865029836544	0.10700243583576598	1.2491865029836555	0.1070024358357655	1.1895504937070835	0.22511117012636056	6.986577207820684	61.991829918899676	1.4677938140835332	0.9891551883136199	23.697806210932463	297.199717885018	-2.2765036614273773
3.7217416387959865	10.528428093645484	1.2683456063166985	0.10034707770005157	1.2683456063166973	0.100347077700052	1.1994166579288874	0.22088303465866233	6.991605024395481	62.7796787293221	1.4723730768037007	0.9891869798389931	23.76483256554388	301.15722713648876	-2.2765036614273773
3.7217416387959865	10.565217391304348	1.2852413041891255	0.09478079784606545	1.285241304189125	0.09478079784606556	1.209165417027437	0.21680917824571033	6.996772187909445	63.55705240192943	1.4770463622296794	0.9892221614263405	23.83286242568756	305.1946410740224	-2.2765036614273773
3.7217416387959865	10.602006688963211	1.300324761748074	0.09004547095439266	1.300324761748076	0.09004547095439193	1.21871840869094	0.2129083519860177	7.001961145770815	64.31805789901088	1.4817533694424336	0.989259621551705	23.901107959702593	309.2878445136112	-2.2765036614273773
3.7217416387959865	10.638795986622073	1.3139149568462154	0.08596368506883557	1.3139149568462136	0.08596368506883612	1.2280250021606198	0.20918829179591275	7.007089749173178	65.05893614242886	1.486449273109235	0.9892984890486403	23.968988959017686	313.4183158918638	-2.2765036614273773
3.7217416387959865	10.675585284280936	1.3262500106222181	0.08240740525712172	1.3262500106222197	0.08240740525712127	1.2370548283691858	0.20564939241758273	7.01210225598446	65.77747917788732	1.4911014222705636	0.9893380915165482	24.036087672212496	317.57202184092233	-2.2765036614273773
3.7217416387959865	10.7123745819398	1.3375146689769857	0.07928092415147862	1.3375146689769877	0.07928092415147803	1.2457920785947854	0.20228733715717642	7.0169623885844805	66.47258765190807	1.4956866219630842	0.9893779180674706	24.102111791769524	321.73848890678005	-2.2765036614273773
3.7217416387959865	10.749163879598662	1.3478562847098354	0.07651080042953813	1.3478562847098354	0.07651080042953805	1.2542311962949562	0.19909494822696258	7.021648015734124	67.14393805129224	1.5001889181561825	0.9894175867800667	24.166864462431775	325.9100303833971	-2.2765036614273773
3.7217416387959865	10.785953177257525	1.3573947908569086	0.07403952735221472	1.357394790856909	0.07403952735221464	1.262373673403945	0.19606346047231962	7.026147135455429	67.79173637933589	1.5045978274750278	0.9894568171764387	24.230220447937395	330.081115090172	-2.2765036614273773
3.7217416387959865	10.822742474916389	1.3662293070797673	0.0718213411815481	1.3662293070797666	0.07182134118154833	1.2702257065704743	0.19318337711465178	7.030454883890806	68.4165387474734	1.5089069487947553	0.9894954075972522	24.29210754379045	334.2478621816267	-2.2765036614273773
3.7217416387959865	10.85953177257525	1.3744427369403838	0.06981933304666355	1.3744427369403835	0.06981933304666366	1.2777965083642202	0.1904450289577651	7.034571336190266	69.01912268302893	1.5131128912994134	0.989533217010683	24.352492306841008	338.4076434308011	-2.2765036614273773
3.7217416387959865	10.896321070234114	1.3821050964506467	0.0680033950876343	1.3821050964506465	0.0680033950876343	1.285097107612409	0.18783892735942925	7.03849990717021	69.60039614782144	1.517214457059403	0.9895701506263422	24.41136923475296	342.55877406822975	-2.2765036614273773
3.7217416387959865	10.933110367892976	1.3892760005201	0.06634872267946347	1.3892760005201	0.06634872267946348	1.2921395091994285	0.1853559763643828	7.042246199203147	70.16133416025012	1.5212120236633555	0.9896061486551798	24.46875264150404	346.7002747105728	-2.2765036614273773
3.7217416387959865	10.96989966555184	1.3960065662307626	0.064834699735393	1.396006566230763	0.06483469973539287	1.2989361146755076	0.18298759035067558	7.045817179681402	70.7029353685868	1.525107081465807	0.9896411776039513	24.52467060532908	350.83168928590084	-2.2765036614273773
3.7217416387959865	11.006688963210703	1.4023408978191971	0.06344405508696754	1.4023408978191976	0.06344405508696743	1.3054993301434645	0.18072574948099082	7.049220599201929	71.22619289569711	1.5289018888944712	0.9896752235752481	24.579160490911374	354.95294647882207	-2.2765036614273773
3.7217416387959865	11.043478260869565	1.408317262976419	0.06216221494651611	1.408317262976419	0.062162214946516116	1.311841307438109	0.17856301513903902	7.0524645843868194	71.7320753006681	1.5325992171348521	0.9897082871349095	24.63226565727643	359.06425468575617	-2.2765036614273773
3.7217416387959865	11.080267558528428	1.4139690361076704	0.06097679981240368	1.41396903610767	0.06097679981240376	1.3179737793975668	0.17649252039812816	7.055557356715102	72.22151465100025	1.5362021620734274	0.989740379394048	24.684033053363198	363.16602261217986	-2.2765036614273773
3.7217416387959865	11.117056856187292	1.4193254624218015	0.05987722942209204	1.4193254624218015	0.05987722942209205	1.3239079609907278	0.17450794560919866	7.0585070418554325	72.69539954714037	1.5397140066418318	0.9897715190270139	24.73451147526436	367.2587994116842	-2.2765036614273773
3.7217416387959865	11.153846153846153	1.4244122822260523	0.0588544095979147	1.4244122822260528	0.05885440959791455	1.3296544960884495	0.17260348578410706	7.06132154370067	73.15457155955022	1.5431381208160464	0.9898017300079359	24.78375031505996	371.3432296810121	-2.2765036614273773
3.7217416387959865	11.190635451505017	1.429252244824403	0.05790048187758896	1.4292522448244036	0.05790048187758877	1.3352234354803414	0.1707738141246547	7.064008464425953	73.59982398521267	1.5464778896825717	0.9898310398977053	24.831798673896262	375.4200197327305	-2.2765036614273773
3.7217416387959865	11.22742474916388	1.4338655343523017	0.05700862177135357	1.4338655343523015	0.057008621771353615	1.3406242359268237	0.16901404447483764	7.0665750570823	74.03190215126372	1.549736662382805	0.989859478552054	24.878704744267086	379.48991242301105	-2.2765036614273773
3.7217416387959865	11.264214046822742	1.4382701247551248	0.056172875025833395	1.4382701247551248	0.05617287502583338	1.3458657730376984	0.16731969441828703	7.069028201003861	74.45150472268053	1.5529177165554344	0.989887077151538	24.924515390696747	383.55366846695813	-2.2765036614273773
3.7217416387959865	11.301003344481606	1.4424820773260794	0.05538802384192386	1.44248207732608	0.05538802384192371	1.350956362914271	0.16568665004043331	7.0713743930350095	74.85928563435844	1.5560242342544597	0.9899138674774961	24.969275876145453	387.6120526726874	-2.2765036614273773
3.7217416387959865	11.33779264214047	1.446515791367643	0.054649476881081675	1.4465157913676436	0.05464947688108148	1.3559037890217662	0.16411113291259427	7.073619749555865	75.25585638404631	1.5590592863366595	0.9899398813759037	25.013029694963826	391.66582390366364	-2.2765036614273773
3.7217416387959865	11.37458193979933	1.4503842163661653	0.053953178297738116	1.4503842163661644	0.053953178297738304	1.3607153318472132	0.16258966955519388	7.07577001571016	75.64178850497814	1.5620258230719715	0.9899651503646874	25.055818483277907	395.7157278653076	-2.2765036614273773
3.7217416387959865	11.411371237458194	1.4540990323930023	0.05329553208964512	1.4540990323930016	0.05329553208964531	1.3653977996713949	0.16111906344639584	7.077830579269952	76.0176160953691	1.5649266692983073	0.989989705350494	25.097681985173267	399.76249202894223	-2.2765036614273773
3.7217416387959865	11.448160535117056	1.4576708041395932	0.05267333885732457	1.4576708041395932	0.052673338857324566	1.3699575593309252	0.15969636952471689	7.079806487315664	76.38383832307387	1.5677645228666903	0.9900135764288652	25.138658058616592	403.8068221703555	-2.2765036614273773
3.7217416387959865	11.48494983277592	1.4611091129686433	0.05208374267494379	1.4611091129686429	0.05208374267494391	1.374400566233417	0.1583188710648733	7.081702464447566	76.74092185264456	1.5705419554403643	0.990036792747844	25.178782709205866	407.8494001249027	-2.2765036614273773
3.7217416387959865	11.521739130434783	1.4644226705523555	0.0515241862459126	1.4644226705523558	0.05152418624591252	1.3787323931606492	0.15698405876871263	7.083522931633046	77.08930316226683	1.5732614149494253	0.9900593824196854	25.21809014293449	411.8908824556151	-2.2765036614273773
3.7217416387959865	11.558528428093645	1.4676194170225711	0.050992372882055825	1.4676194170225716	0.0509923728820557	1.3829582575846828	0.1556896118963264	7.085272025073731	77.42939073210812	1.5759252291809682	0.9900813724689017	25.256612831465077	415.93189980276514	-2.2765036614273773
3.7217416387959865	11.595317725752508	1.4707066060398573	0.05048623413090322	1.4707066060398566	0.05048623413090335	1.387083047353343	0.15443338125882378	7.086953614677745	77.76156709526502	1.5785356101184953	0.9901027888075898	25.294381585131255	419.9730567380317	-2.2765036614273773
3.7217416387959865	11.632107023411372	1.4736908787717276	0.05000390210023827	1.4736908787717278	0.05000390210023825	1.3911113446917123	0.15321337389861042	7.088571321867061	78.08619074905754	1.5810946587451018	0.9901236562310891	25.33142563017623	424.0149319883596	-2.2765036614273773
3.7217416387959865	11.668896321070234	1.476578328432308	0.049543685706778307	1.4765783284323073	0.0495436857067785	1.3950474485265996	0.15202773929215754	7.090128536552737	78.4035979287462	1.5836043701003957	0.9901439984286206	25.36777268769748	428.0580789264873	-2.2765036614273773
3.7217416387959865	11.705685618729097	1.4793745567610248	0.049104050217238224	1.4793745567610237	0.04910405021723851	1.3988953951806533	0.15087475692182248	7.091628433184147	78.71410424854609	1.5860666384380642	0.9901638380048002	25.403449052486998	432.10302624968875	-2.2765036614273773
3.7217416387959865	11.74247491638796	1.4820847235932637	0.04868359956311314	1.482084723593264	0.04868359956311316	1.402658977507498	0.14975282507597712	7.093073985829479	79.01800621650222	1.5884832623736274	0.9901831965088747	25.438479670491606	436.1502787870054	-2.2765036614273773
3.7217416387959865	11.779264214046822	1.4847135904914852	0.048281061001458014	1.484713590491485	0.04828106100145808	1.40634176255373	0.1486604507495474	7.094467982280294	79.31558263072775	1.5908559499439825	0.9902020944692643	25.472888214016805	440.2003183896854	-2.2765036614273773
3.7217416387959865	11.816053511705686	1.4872655592535866	0.04789527176735128	1.4872655592535873	0.047895271767351116	1.4099471078411911	0.14759624052946832	7.095813037197425	79.60709586494761	1.5931863235245483	0.9902205514315753	25.506697154096024	444.253604870726	-2.2765036614273773
3.7217416387959865	11.852842809364548	1.4897447059891336	0.04752516742342707	1.4897447059891331	0.04752516742342721	1.4134781763648974	0.14655889236140615	7.0971116043306575	79.89279305131988	1.5954759245674481	0.9902385859986744	25.539927829661693	448.3105769677609	-2.2765036614273773
3.7217416387959865	11.889632107023411	1.4921548113501055	0.0471697716604057	1.4921548113501055	0.047169771660405695	1.4169379504016257	0.14554718810488515	7.098365987855489	80.17290716838225	1.5977262181379437	0.9902562158717748	25.572600513320463	452.37165331033714	-2.2765036614273773
3.7217416387959865	11.926421404682275	1.4944993874153925	0.04682818734241652	1.4944993874153925	0.04682818734241652	1.4203292442207642	0.14455998679397117	7.099578352875268	80.44765804162466	1.5999385972358862	0.9902734578917346	25.604734473647568	456.43723337747	-2.2765036614273773
3.7217416387959865	11.963210702341136	1.4967817016557474	0.046499588623604156	1.4967817016557476	0.046499588623604114	1.4236547157849606	0.14359621852962157	7.100750735140304	80.71725326381012	1.6021143868964771	0.990290328079985	25.636348034002598	460.50769843539314	-2.2765036614273773
3.7217416387959865	12.	1.4990047983445316	0.046183213989570225	1.4990047983445323	0.04618321398957009	1.42691687752274	0.1426548789379554	7.101885050035881	80.9818890416937	1.604254848069687	0.9903068416786561	25.667458627925903	464.5834124482881	-2.2765036614273773