2.5205	1.5150501672240804	3.9377788505321436	0.000026601345789997393	3.1478952284867496	0.9998070955620294	4.884921612356775	0.007750976988516785	11.369363351059212	257.53685084265703	9.055894180972304	0.9988166957209795	63.89160538650915	240.33363971024224	1.707436814364995
2.524714882943144	1.5150501672240804	3.937876205742617	0.000025723146383839774	3.147945611544855	0.9998122169977518	4.885468542995654	0.007579062572742044	11.367499056522767	258.0261874569939	9.056473751778215	0.9988336483781841	63.96701549239524	240.35752698705645	1.706927879155257
2.528929765886288	1.5150501672240804	3.937971801170828	0.00002487408299432707	3.1479952274848944	0.9998172012742312	4.88600523164687	0.007411197001603278	11.365674805703243	258.5146228540984	9.057045104562807	0.9988503398781317	64.04233499863683	240.38105196547238	1.7064302765791652
2.5331446488294316	1.5150501672240804	3.938065672473665	0.000024053181436649072	3.148044088863167	0.9998220521202515	4.886531887740695	0.007247276379977792	11.363889659118122	259.0021772856824	9.057608365930033	0.9988667746808461	64.1175646287687	240.40422048631288	1.7059437418996515
2.5373595317725752	1.5150501672240804	3.938157854489173	0.000023259500501410162	3.148092208012123	0.9998267731606081	4.887048715811236	0.007087199787881164	11.362142702068367	259.48887047039346	9.058163660270324	0.9988829571589748	64.19270509479512	240.4270382862886	1.7054680170449077
2.5415744147157193	1.5150501672240804	3.938248381257791	0.000022492130816544846	3.148139597044822	0.99983136791913	4.887555915631923	0.006930869184201382	11.36043304389788	259.974721610499	9.058711109806541	0.9988988915997972	64.26775709744709	240.4495110001491	1.7050028504249184
2.545789297658863	1.5150501672240804	3.9383372860429264	0.00002175019374972129	3.1481862678592485	0.9998358398216147	4.888053682346505	0.006778189313935212	11.358759817277416	260.45974940795605	9.059250834638535	0.9989145822071789	64.34272132643106	240.4716441627698	1.7045479967534414
2.550004180602007	1.5150501672240804	3.9384246013510045	0.000021032840349719025	3.1482322321425773	0.999840192198665	4.888542206595851	0.00662906761878597	11.357122177512238	260.9439720798999	9.059782952786891	0.9989300331034745	64.41759846067217	240.4934432112008	1.7041032168753265
2.5542190635451507	1.5150501672240804	3.9385103589508974	0.000020339250325339856	3.1482775013752957	0.9998444282884421	4.88902167464058	0.006483414150988825	11.355519301872546	261.42740737356775	9.060307580235358	0.9989452483313797	64.49238916854956	240.51491348665581	1.7036682775989376
2.5584339464882944	1.5150501672240804	3.9385945898928463	0.000019668631060456402	3.1483220868352833	0.999848551239337	4.889492268479811	0.0063411414902349314	11.353950388946043	261.91007258068845	9.060824830972434	0.9989602318557327	64.56709410812623	240.53606023646205	1.7032429515336047
2.5626488294314385	1.5150501672240804	3.9386773245268203	0.00001902021666386879	3.1483659996017583	0.9998525641125507	4.889954165966056	0.00620216466357133	11.35241465801171	262.39198455135363	9.061334817031815	0.9989749875652703	64.64171392737177	240.55688861595712	1.7028270169318402
2.566863712374582	1.5150501672240804	3.938758592520359	0.000018393267052681504	3.148409250559152	0.9998564698846066	4.890407540916454	0.006066401068158519	11.350911348434126	262.87315970739314	9.061837648531887	0.9989895192743358	64.71624926437946	240.5774036903422	1.7024202575362695
2.5710785953177258	1.5150501672240804	3.938838422875931	0.00001778706706796998	3.148451850400908	0.9998602714497768	4.890852563220506	0.005933770396773334	11.349439719077628	263.3536140552793	9.062333433714313	0.9990038307245427	64.79070074757739	240.59761043649377	1.7020224624310825
2.57529347826087	1.5150501672240804	3.9389168439477644	0.000017200925621554323	3.1484938096331665	0.9998639716224414	4.891289398944356	0.005804194565948706	11.347999047739517	263.8333631985698	9.06282227898158	0.9990179255863951	64.86506899593344	240.61751374472604	1.701633425897844
2.5795083612040135	1.5150501672240804	3.938993883458265	0.000016634174872736687	3.148535138578414	0.9998675731393717	4.891718210431839	0.005677597646646881	11.346588630601746	264.3124223499179	9.06330428893384	0.999031807460866	64.93935461915581	240.63711842052277	1.701252947275634
2.583723244147157	1.5150501672240804	3.9390695685138932	0.00001608616943391452	3.1485758473789924	0.9998710786619467	4.892139156402323	0.005553905797367138	11.345207781700392	264.7908063426594	9.06377956640455	0.9990454798809333	65.01355821788624	240.65642918621052	1.700880830825157
2.5879381270903012	1.5150501672240804	3.939143925620686	0.00001555628560400925	3.1486159460005974	0.9998744907783015	4.892552392045569	0.005433047199592995	11.343855832412324	265.2685296419993	9.064248212495682	0.999058946313078	65.08768038389073	240.6754506826164	1.7005168855970245
2.592153010033445	1.5150501672240804	3.93921698069926	0.000015043920628709529	3.148655444235639	0.9998778120054124	4.892958069113566	0.005314951995488246	11.342532130958341	265.74560635580735	9.064710326611682	0.9990722101587423	65.16172170024232	240.69418747066297	1.700160925303741
2.596367892976589	1.5150501672240804	3.939288759099459	0.000014548491986545284	3.148694351706574	0.9998810447911176	4.893356336009608	0.0051995522277543975	11.341236041922414	266.22205024504507	9.065166006492904	0.9990852747557508	65.23568274150122	240.71264403294305	1.6998127681955204
2.6005827759197326	1.5150501672240804	3.939359285614571	0.000014069436699864698	3.148732677869151	0.99988419151608	4.893747337874624	0.005086781781566316	11.339966945786289	266.6978747338346	9.065615348248205	0.9990981433796957	65.30956407388926	240.7308247752526	1.699472236939712
2.6047976588628763	1.5150501672240804	3.9394285844951225	0.000013606210669812766	3.148770432015558	0.9998872544956867	4.894131216670804	0.004976576328506356	11.338724238478914	267.1730929191804	9.066058446386581	0.9991108192452857	65.38336625545924	240.7487340280812	1.6991391585036977
2.6090125418060204	1.5150501672240804	3.9394966794623625	0.000013158288034441772	3.148807623277572	0.9998902359818984	4.894508111262835	0.004868873272419835	11.337507330940433	267.6477175803706	9.066495393848474	0.9991233055076619	65.4570898362617	240.76637604808664	1.698813364041264
2.613227424749164	1.5150501672240804	3.939563593721292	0.000012725160549127926	3.14884426062956	0.9998931381650389	4.894878157496503	0.00476361169711952	11.33631564869979	268.1217611880483	9.066926282035872	0.9991356052636796	65.53073535850496	240.7837550195131	1.698494688782197
2.6174423076923077	1.5150501672240804	3.9396293499733828	0.000012306336988487608	3.148880352891463	0.9998959631755314	4.895241488275063	0.004660732315867356	11.335148631465875	268.59523591298824	9.06735120084204	0.9991477215531577	65.6043033567127	240.80087505559243	1.698182971925106
2.6216571906354518	1.5150501672240804	3.939693970428941	0.000011901342569022972	3.1489159087317162	0.9998987130855884	4.895598233633275	0.004560177422567358	11.334005732731582	269.06815363457684	9.067770238680472	0.9991596573600974	65.67779435787708	240.81774019991002	1.6978780565333367
2.6258720735785954	1.5150501672240804	3.939757476819117	0.000011509718391758922	3.1489509366700843	0.9999013899108445	4.895948520809236	0.004461890844604628	11.33288641939026	269.54052594900827	9.06818348251314	0.9991714156138704	65.75120888160741	240.83435442773649	1.6975797894338678
2.6300869565217395	1.5150501672240804	3.939819890407594	0.000011131020904151381	3.1489854450804557	0.9999039956119489	4.896292474314087	0.004365817897268107	11.331790171364258	270.0123641772131	9.068591017878123	0.9991829991903763	65.8245474402758	240.85072164733253	1.6972880211191161
2.634301839464883	1.5150501672240804	3.9398812320019734	0.000010764821380584378	3.1490194421935818	0.9999065320961045	4.896630215999687	0.004271905339698247	11.330716481245073	270.483679372524	9.068992928916703	0.9991944109131737	65.89781053915893	240.86684570122713	1.6970026056515974
2.638516722408027	1.5150501672240804	3.9399415219648066	0.000010410705420792572	3.149052936099726	0.9999090012185646	4.896961865124256	0.004180101332302599	11.329664853944736	270.9544823280905	9.06938929839959	0.9992056535545801	65.97099867657522	240.8827303674563	1.6967234005711858
2.642731605351171	1.5150501672240804	3.940000780224388	0.000010068272465570538	3.1490859347513083	0.9999114047840878	4.897287538416164	0.0040903553955843434	11.328634806357991	271.42478358405293	9.069780207752917	0.9992167298367479	66.04411234402068	240.89837936079164	1.696450266805201
2.6469464882943146	1.5150501672240804	3.940059026285186	9.737135329159219e-6	3.1491184459654376	0.9999137445483461	4.897607350135799	0.0040026183703318	11.327625867034971	271.8945934344823	9.07016573708324	0.999227642432712	66.11715202629857	240.91379633391992	1.6961830685808525
2.651161371237458	1.5150501672240804	3.9401162792380715	9.416919747713697e-6	3.149150477426453	0.999916022219295	4.897921412135733	0.003916842379118296	11.326637575863993	272.36392193410046	9.070545965202449	0.9992383939674127	66.1901182016491	240.92898487862325	1.6959216733403475
2.6553762541806023	1.5150501672240804	3.940172557770186	9.10726394328955e-6	3.149182036688351	0.999918239458504	4.898229833919061	0.00383298078906446	11.325669483764047	272.8327789047787	9.070920969651612	0.9992489870186928	66.26301134187247	240.94394852690422	1.6956659516582475
2.659591137123746	1.5150501672240804	3.940227880174616	8.807818202794167e-6	3.1492131311772122	0.9999203978824464	4.898532722696152	0.0037509881758166106	11.324721152386775	273.3011739418338	9.071290826724729	0.9992594241182723	66.3358319124518	240.95869075211058	1.6954157771612732
2.6638060200668896	1.5150501672240804	3.940282264359759	8.518244471379281e-6	3.1492437681935415	0.9999224990637527	4.898830183439739	0.0036708202886967245	11.323792153827524	273.7691164201215	9.071655611491671	0.9992697077526975	66.40858037267118	240.97321497002054	1.695171026450274
2.6680209030100337	1.5150501672240804	3.9403357278584727	8.238215959764274e-6	3.149273954914591	0.999924544532429	4.899122318938481	0.0035924340169813823	11.322882070345221	274.23661549993994	9.072015397820792	0.9992798403642689	66.48125717573187	240.98752453991284	1.6949315790244444
2.6722357859531773	1.5150501672240804	3.940388287836956	7.96741676500208e-6	3.1493036983966127	0.9999265357770379	4.899409229848985	0.0035157873572689673	11.321990494090706	274.7036801327439	9.072370258400932	0.9992898243519455	66.55386276886512	241.0016227656088	1.6946973172076614
2.6764506688963214	1.5150501672240804	3.9404399611034195	7.705541504213451e-6	3.149333005577083	0.999928474245848	4.899691014746393	0.0034408393818957344	11.321117026843305	275.17031906668416	9.07272026476304	0.9992996620722286	66.6263975934428	241.01551289649572	1.6944681260768306
2.680665551839465	1.5150501672240804	3.94049076411648	7.45229496083927e-6	3.149361883276853	0.999930361347947	4.8999677701735305	0.003367550208362901	11.32026127975534	275.63654085197004	9.073065487301161	0.9993093558400247	66.6988620850844	241.02919812852187	1.6942438933922608
2.6848804347826087	1.5150501672240804	3.9405407129933967	7.207391742966796e-6	3.149390338202297	0.9999321984543269	4.900239590688739	0.0032958809697387153	11.319422873104315	276.10235384607165	9.073405995293188	0.9993189079294864	66.77125667376276	241.04268160517958	1.69402450952997
2.689095317725753	1.5150501672240804	3.940589823518033	6.9705559533135305e-6	3.1494183769473802	0.9999339868989354	4.900506568912321	0.0032257937860007448	11.318601436052468	276.56776621875554	9.073741856920996	0.9993283205748353	66.8435817839064	241.0559664184592	1.6938098674158562
2.6933102006688965	1.5150501672240804	3.940638111148644	6.741520870458352e-6	3.149446005995705	0.9999357279796965	4.900768795571767	0.0031572517362847895	11.317796606413568	277.0327859569703	9.074073139290219	0.9993375959711649	66.9158378344996	241.06905560978714	1.6935998624616757
2.69752508361204	1.5150501672240804	3.940685591025452	6.520028640928224e-6	3.1494732317225207	0.9999374229595059	4.901026359545724	0.0030902188320084383	11.317008030426573	277.49742086958287	9.074399908449623	0.9993467362752239	66.98802523918063	241.0819521709454	1.6933943925028323
2.7017399665551842	1.5150501672240804	3.9407322779780087	6.30582998176381e-6	3.1495000603966643	0.9999390730671927	4.901279347906742	0.00302465999083846	11.316235362536009	277.96167859196737	9.074722229409991	0.9993557436061823	67.06014440633689	241.0946590449659	1.6931933577377922
2.705954849498328	1.5150501672240804	3.9407781865323797	6.098683893198273e-6	3.1495264981824946	0.9999406794984591	4.901527845962895	0.002960541011472291	11.315478265178825	278.4255665904589	9.075040166162621	0.9993646200463796	67.1321957391981	241.1071791270093	1.6929966606692217
2.7101697324414715	1.5150501672240804	3.9408233309181617	5.898357381097851e-6	3.149552551141785	0.9999422434167886	4.901771937298295	0.002897828549205063	11.314736408577557	278.8890921666749	9.075353781697617	0.999373367642055	67.20417963592844	241.1195152652333	1.6928042060467399
2.7143846153846156	1.5150501672240804	3.940867725075252	5.704625188827581e-6	3.149578225235537	0.9999437659543323	4.90201170381243	0.002836490092255107	11.314009470539403	279.3522624616992	9.075663138021417	0.9993819884040611	67.27609648971418	241.13167026162378	1.6926159008111468
2.7185994983277593	1.5150501672240804	3.94091138266053	5.517269538212115e-6	3.1496035263258224	0.9999452482127672	4.902247225758581	0.0027764939388211065	11.313297136261388	279.81508446015243	9.075968296174363	0.9993904843085618	67.34794668885188	241.14364687283032	1.6924316540402595
2.7228143812709034	1.5150501672240804	3.9409543170543055	5.336079879280272e-6	3.1496284601775435	0.9999466912641313	4.90247858178111	0.0027178091748460546	11.31259909814096	280.27756499413357	9.076269316247673	0.999398857297713	67.41973061683322	241.15544781097162	1.692251376896191
2.727029264214047	1.5150501672240804	3.9409965413666126	5.160852648487526e-6	3.149653032460167	0.9999480961516362	4.902705848951809	0.0026604056524633366	11.31191505559223	280.73971074704804	9.07656625740006	0.9994071092803289	67.49144865242769	241.16707574442495	1.6920749825740014
2.7312441471571907	1.5150501672240804	3.941038068443352	4.991391035124297e-6	3.1496772487494304	0.9999494638904571	4.902929102805285	0.0026042539691016535	11.311244714867453	281.20152825732396	9.076859177874077	0.9994152421325327	67.56310116976412	241.17853329860336	1.691902386251774
2.7354590301003348	1.5150501672240804	3.9410789108722963	4.8275047556270775e-6	3.1497011145290292	0.9999507954684943	4.903148417373433	0.0025493254472262064	11.310587788883657	281.66302392202147	9.077148135012203	0.9994232576983924	67.63468853841073	241.1898230567202	1.6917335050420803
2.7396739130434784	1.5150501672240804	3.941119080988885	4.669009835521534e-6	3.149724635192235	0.9999520918471256	4.903363865218968	0.0024955921146945937	11.309943997054232	282.1242040003316	9.077433185272373	0.9994311577905424	67.70621112345194	241.2009475605266	1.6915682579446227
2.743888795986622	1.5150501672240804	3.941158590881913	4.51572839873299e-6	3.149747816043494	0.999953353961923	4.903575517468105	0.0024430266857063667	11.30931306512531	282.5850746169788	9.077714384243317	0.9994389441907915	67.77766928556436	241.21190931104127	1.6914065658002244
2.748103678929766	1.5150501672240804	3.9411974523990985	4.367488464011537e-6	3.1497706623000443	0.9999545827233609	4.903783443842444	0.0023916025423262217	11.30869472501687	283.04564176552583	9.077991786659757	0.9994466186507167	67.84906338109221	241.22271076927422	1.6912483512460936
2.75231856187291	1.5150501672240804	3.941235677152441	4.224123748228432e-6	3.1497931790934124	0.9999557790174985	4.903987712689946	0.002341293716561692	11.308088714668248	283.5059113115804	9.07826544641692	0.9994541828922443	67.92039376211862	241.2333543569151	1.6910935386721324
2.7565334448160534	1.5150501672240804	3.9412732765235106	4.085473476305836e-6	3.14981537147096	0.9999569437066466	4.90418839101518	0.0022920748729764627	11.307494777888083	283.9658889959127	9.078535416585137	0.9994616386082175	67.99166077653771	241.24384245702964	1.690942054178547
2.7607483277591975	1.5150501672240804	3.9413102616685687	3.951382197554165e-6	3.1498372443973603	0.99995807763001	4.904385544508779	0.002243921291821543	11.306912664208483	284.4255804374852	9.078801749423889	0.9994689874629517	68.06286476812379	241.25417741472666	1.6907938255344854
2.764963210702341	1.5150501672240804	3.9413466435235596	3.821699608197031e-6	3.1498588027560452	0.9999591816043201	4.904579237576136	0.0021968088526671996	11.306342128743209	284.88499113639364	9.07906449639567	0.999476231092778	68.13400607659922	241.26436153781842	1.6906487821377898
2.7691780936454853	1.5150501672240804	3.941382432809004	3.696280379871011e-6	3.149880051350652	0.9999602564244424	4.904769533365404	0.002150714018518641	11.305782932049949	285.34412647672985	9.079323708179585	0.9994833711065739	68.2050850377014	241.27439709746773	1.6905068549758355
2.773392976588629	1.5150501672240804	3.9414176400347456	3.5749839938975296e-6	3.1499009949064143	0.9999613028639724	4.904956493794759	0.002105613820399906	11.305234839996274	285.8029917293598	9.07957943468469	0.9994904090862833	68.27610198324788	241.28428632882327	1.6903679765873705
2.7776078595317726	1.5150501672240804	3.941452275504588	3.457674581128042e-6	3.149921638071541	0.9999623216758119	4.905140179579004	0.0020614858423902427	11.304697623629437	286.2615920546278	9.079831725062983	0.999497346587424	68.34705724120006	241.29403143163734	1.6902320810253422
2.7818227424749167	1.5150501672240804	3.9414863493208148	3.3442207671735597e-6	3.14994198541856	0.9999633135927296	4.905320650255492	0.0020183082070982716	11.30417105904972	286.7199325049835	9.08008062772221	0.9995041851395853	68.41795113572563	241.30363457087643	1.6900991038207147
2.7860376254180603	1.5150501672240804	3.9415198713886097	3.2344955228336034e-6	3.149962041445652	0.9999642793279077	4.905497964209425	0.0019760595615595645	11.303654927287269	287.17801802753866	9.08032619033845	0.9995109262469142	68.48878398725996	241.31309787732025	1.6899689819472206
2.790252508361204	1.5150501672240804	3.9415528514203437	3.1283760195485457e-6	3.149981810577932	0.9999652195754714	4.905672178698505	0.00193471906354396	11.30314901418232	287.6358534665502	9.080568459868324	0.9995175713885913	68.55955611256573	241.32242344814333	1.6898416537870147
2.794467391304348	1.5150501672240804	3.941585298939786	3.0257434897031515e-6	3.1500012971687443	0.9999661350110073	4.905843349877	0.0018942663682591566	11.3026531102687	288.0934435658394	9.080807482561122	0.9995241220192963	68.63026782479162	241.33161334749198	1.6897170590972335
2.7986822742474917	1.5150501672240804	3.9416172232861926	2.9264830916169284e-6	3.1500205055008927	0.9999670262920606	4.906011532819202	0.0018546816154378948	11.302167010660483	288.5507929711416	9.081043303970617	0.9995305795696634	68.70091943353007	241.34066960704862	1.6895951389774295
2.8028971571906354	1.5150501672240804	3.941648633618299	2.8304837790617665e-6	3.150039439787878	0.9999678940586267	4.906176781542324	0.0018159454167964155	11.301690514941775	289.0079062323951	9.081275968966612	0.9995369454467278	68.7715112448731	241.34959422658036	1.689475835837781
2.8071120401337795	1.5150501672240804	3.941679538918218	2.7376381751527856e-6	3.1500581041750984	0.9999687389336234	4.90633914902883	0.0017780388438521663	11.301223427059403	289.46478780596556	9.081505521746356	0.9995432210343613	68.84204356146768	241.35838917448376	1.6893590933682148
2.811326923076923	1.5150501672240804	3.9417099479952395	2.647842450464216e-6	3.150076502741023	0.9999695615233526	4.90649868724824	0.0017409434160893225	11.300765555218605	289.9214420568135	9.081732005845659	0.9995494076936999	68.91251668256959	241.36705638831413	1.6892448565082012
2.815541806020067	1.5150501672240804	3.9417398694895533	2.5609962052263706e-6	3.1500946394983647	0.9999703624179486	4.9066554471784025	0.0017046410894611072	11.300316711781417	290.37787326060226	9.081955464149885	0.9995555067635615	68.98293090409666	241.37559777531013	1.6891330714174544
2.819756688963211	1.5150501672240804	3.9417693118758494	2.477002355466421e-6	3.150112518395199	0.9999711421918137	4.906809478826237	0.0016691142452181873	11.299876713167828	290.83408560574793	9.082175938904596	0.9995615195608558	69.05328651867995	241.3840152128997	1.6890236854472538
2.8239715719063545	1.5150501672240804	3.9417982834668743	2.3957670229578376e-6	3.150130143316096	0.9999719014040443	4.906960831248021	0.0016343456790527183	11.299445379759606	291.29008319542015	9.08239347172618	0.9995674473809841	69.12358381571545	241.39231054920802	1.6889166471125785
2.8281864548494986	1.5150501672240804	3.9418267924168644	2.3171994288509256e-6	3.150147518083205	0.9999726405988411	4.907109552569154	0.0016003185905483573	11.299022535806603	291.7458700494841	9.082608103612078	0.999573291498232	69.19382308141296	241.4004856035437	1.6888119060649145
2.8324013377926422	1.5150501672240804	3.94185484672492	2.241211790859042e-6	3.15016464645733	0.9999733603059102	4.90725569000348	0.0015670165729264186	11.298608009335638	292.20145010639607	9.082819874951015	0.9995790531661538	69.26400459884574	241.40854216688768	1.6887094130657436
2.836616220735786	1.5150501672240804	3.9418824542382813	2.167719223880485e-6	3.150181532138977	0.9999740610408551	4.907399289872126	0.001534423603078988	11.29820163206168	292.65682722504545	9.08302882553281	0.9995847336179479	69.33412864799747	241.41648200235943	1.68860911996071
2.84083110367893	1.5150501672240804	3.9419096226555634	2.096639643939837e-6	3.150198178769415	0.9999747433055551	4.907540397621956	0.001502524031879988	11.297803239301496	293.11200518655426	9.083234994558312	0.9995903340668255	69.40419550581026	241.424306845692	1.688510979654456
2.8450459866220736	1.5150501672240804	3.9419363595298536	2.0278936753370744e-6	3.150214589931656	0.999975407588534	4.907679057843497	0.001471302574765877	11.297412669889423	293.5669876960222	9.083438420648804	0.999595855706371	69.47420544622969	241.43201840567926	1.6884149460860411
2.8492608695652173	1.5150501672240804	3.941962672271803	1.961404560895366e-6	3.1502307691514853	0.9999760543653198	4.907815314288558	0.0014407443025769937	11.297029766095479	294.0217783842357	9.083639141855526	0.9996012997108958	69.54415874025055	241.4396183646304	1.6883209742050376
2.8534757525083614	1.5150501672240804	3.941988568152581	1.8970980752039942e-6	3.1502467198984054	0.9999766840987925	4.90794920988733	0.0014108346326523501	11.296654373545486	294.47638080932364	9.083837195668783	0.9996066672357838	69.61405565596057	241.44710837880365	1.6882290199481522
2.857690635451505	1.5150501672240804	3.9420140543068274	1.8349024407543218e-6	3.1502624455866353	0.9999772972395252	4.908080786765198	0.0013815593201693093	11.296286341143379	294.9307984583796	9.08403261902714	0.9996119594178301	69.68389645858454	241.45449007884528	1.6881390402165093
2.861905518394649	1.5150501672240804	3.9420391377354633	1.7747482468724971e-6	3.150277949576018	0.9999778942261149	4.90821008625905	0.0013529044497212145	11.2959255209954	295.3850347490337	9.084225448326144	0.9996171773755739	69.75368141052604	241.4617650702043	1.6880509928534149
2.8661204013377928	1.5150501672240804	3.942063825308501	1.7165683713536578e-6	3.1502932351729704	0.999978475485501	4.908337148933332	0.0013248564271253944	11.295571768336414	295.83909303099426	9.084415719427195	0.9996223222096225	69.82341077140991	241.46893493355654	1.6879648366227475
2.8703352842809364	1.5150501672240804	3.942088123767746	1.6602979047073098e-6	3.15030830563138	0.9999790414332812	4.908462014595627	0.0012974019714546378	11.295224941457908	296.29297658754064	9.084603467666001	0.9996273950029712	69.89308479812281	241.4760012252068	1.6878805311878318
2.8745501672240805	1.5150501672240804	3.942112039729455	1.605874076925926e-6	3.1503231641535017	0.9999795924740135	4.908584722311962	0.001270528107285438	11.294884901638047	296.7466886369864	9.084788727861074	0.9996323968213146	69.96270374485368	241.48296547749396	1.687798037090856
2.878765050167224	1.5150501672240804	3.9421355796869224	1.5532361866918351e-6	3.150337813890827	0.9999801290015115	4.908705310421707	0.0012442221571563688	11.294551513073378	297.200232334101	9.08497153432188	0.999637328713353	70.03226786313284	241.48982919917944	1.687717315732782
2.882979933110368	1.5150501672240804	3.942158750013027	1.5023255329403663e-6	3.15035225794496	0.9999806513991357	4.908823816552187	0.0012184717342302593	11.294224642812312	297.65361077149845	9.085151920857076	0.999642191711092	70.1017774018713	241.49659387584006	1.687638329353773
2.887194816053512	1.5150501672240804	3.942181556962688	1.4530853487004256e-6	3.15036649936844	0.9999811600400687	4.908940277632911	0.0011932647351542071	11.293904160690293	298.1068269809885	9.085329920782355	0.9996469868301364	70.17123260739822	241.50326097024197	1.6875610410140691
2.8914096989966556	1.5150501672240804	3.9422040066752913	1.4054607371357793e-6	3.1503805411655845	0.9999816552875901	4.909054729909539	0.0011685893331112886	11.293589939266635	298.55988393489883	9.085505566928317	0.999651715069978	70.24063372349842	241.50983192271448	1.6874854145753568
2.895624581939799	1.5150501672240804	3.9422261051770584	1.3593986097130914e-6	3.150394386293309	0.999982137495342	4.909167208957498	0.0011444339710585036	11.293281853762888	299.01278454736007	9.085678891648193	0.9996563774142777	70.30998099144942	241.51630815152038	1.6874114146825883
2.8998394648829433	1.5150501672240804	3.942247858383334	1.3148476264258397e-6	3.150408037661904	0.9999826070075851	4.909277749695286	0.001120787355145227	11.29297978200281	299.4655316755612	9.085849926825242	0.9996609748311426	70.37927465005639	241.52269105320565	1.6873390067461993
2.904054347826087	1.5150501672240804	3.9422692721008556	1.271758138004713e-6	3.150421498135837	0.9999830641594503	4.9093863863975145	0.001097638448306997	11.292683604353801	299.9181281209739	9.086018703880296	0.9996655082733963	70.44851493568844	241.5289820029614	1.6872681569248404
2.908269230769231	1.5150501672240804	3.9422903520299513	1.2300821300480512e-6	3.1504347705345217	0.9999835092771832	4.909493152707648	0.0010749764640292838	11.292393203669869	300.37057663054895	9.086185253778947	0.9996699786788454	70.51770208231267	241.53518235496455	1.6871988321084441
2.9124841137123747	1.5150501672240804	3.942311103766708	1.1897731690081588e-6	3.1504478576330732	0.9999839426783794	4.909598081650463	0.0010527908602764632	11.292108465235902	300.8228798978796	9.086349607038795	0.9996743869705401	70.58683632152892	241.54129344272388	1.6871309999017825
2.9166989966555183	1.5150501672240804	3.942331532805056	1.1507863499712582e-6	3.1504607621630467	0.9999843646722185	4.909701205644212	0.001031071333580936	11.291829276713417	301.2750405643399	9.086511793736333	0.9996787340570287	70.65591788260227	241.54731657940772	1.6870646286083282
2.9209138795986624	1.5150501672240804	3.9423516445388365	1.1130782461710442e-6	3.150473486813173	0.999984775559687	4.909802556512553	0.001009807813287972	11.291555528087626	301.7270612201944	9.086671843513946	0.9996830208326092	70.72494699249664	241.55325305817712	1.68699968721458
2.925128762541806	1.5150501672240804	3.942371444263816	1.0766068601777946e-6	3.1504860342300716	0.9999851756337953	4.9099021654962005	0.0009889904559514811	11.291287111615775	302.1789444056806	9.086829785586648	0.9996872481775742	70.79392387590671	241.559104152507	1.686936145374736
2.9293436454849497	1.5150501672240804	3.942390937179647	1.0413315767071381e-6	3.1504984070189574	0.999985565179795	4.9100000632643255	0.0009686096398765117	11.291023921776803	302.630692612068	9.086985648748719	0.9996914169584521	70.8628487552896	241.56487111650125	1.6868739733957192
2.933558528428094	1.5150501672240804	3.9424101283917956	1.0072131169942083e-6	3.150510607744335	0.999985944475382	4.910096279925717	0.0009486559598042246	11.29076585522219	303.08230828268785	9.0871394613803	0.9996955280282429	70.93172185089624	241.57055518520798	1.6868131422225987
2.9377734113712375	1.5150501672240804	3.9424290229134127	9.742134946810295e-7	3.1505226389306578	0.9999863137908973	4.910190845039672	0.0009291202217351735	11.290512810728014	303.53379381394126	9.087291251453744	0.99969958222665	71.00054338080156	241.57615757492076	1.6867536234243128
2.941988294314381	1.5150501672240804	3.942447625667189	9.422959731663864e-7	3.1505345030630334	0.999986673389528	4.910283787626712	0.0009099934378869322	11.290264689148238	303.98515155628485	9.08744104654004	0.9997035803803073	71.0693135609352	241.58167948348475	1.686695389179779
2.9462031772575252	1.5150501672240804	3.9424659414871246	9.114250243695804e-7	3.150546202587834	0.9999870235274924	4.910375136178976	0.0008912668217823247	11.290021393368981	304.43638381518684	9.087588873814864	0.9997075233030018	71.1380326051101	241.58712209058388	1.686638412264277
2.950418060200669	1.5150501672240804	3.9424839751203127	8.815662888606883e-7	3.150557739913372	0.9999873644542286	4.910464918670497	0.000872931783464349	11.289782828264093	304.88749285206904	9.087734760064821	0.9997114117958926	71.20670072505234	241.59248655803924	1.6865826660362206
2.954632943143813	1.5150501672240804	3.9425017312286537	8.526865373118035e-7	3.150569117410528	0.9999876964125752	4.910553162567188	0.0008549799248343851	11.28954890065165	305.33848088522086	9.087878731693422	0.9997152466477247	71.27531813042975	241.5977740300923	1.686528124424203
2.9588478260869566	1.5150501672240804	3.9425192143905146	8.247536332253654e-7	3.150580337413348	0.9999880196389445	4.910639894836614	0.0008374030351100791	11.28931951925153	305.7893500906922	9.088020814726848	0.9997190286350394	71.34388502887892	241.60298563367843	1.6864747619143245
2.9630627090301003	1.5150501672240804	3.9425364291024074	7.97736496896598e-7	3.150591402219688	0.999988334363496	4.910725141957615	0.0008201930863995374	11.289094594644064	306.24010260317067	9.088161034819922	0.9997227585223804	71.41240162603404	241.60812247871274	1.686422553537894
2.9672775919732444	1.5150501672240804	3.9425533797805636	7.716050705694229e-7	3.1506023140917834	0.9999886408103028	4.910808929929653	0.0008033422293885765	11.28887403922961	306.6907405168312	9.088299417261664	0.9997264370624969	71.48086812555319	241.61318565835222	1.6863714748593261
2.971492474916388	1.5150501672240804	3.9425700707625215	7.463302847457102e-7	3.1506130752568455	0.9999889391975109	4.910891284282006	0.000786842789137856	11.288657767189095	307.1412658861709	9.088435986980894	0.9997300649965409	71.54928472914487	241.61817624926258	1.6863215019643991
2.975707357859532	1.5150501672240804	3.9425865063086816	7.218840256095378e-7	3.150623687907663	0.9999892297375003	4.910972230082793	0.0007706872609867862	11.288445694445576	307.5916807268259	9.088570768551884	0.9997336430542634	71.6176516365953	241.6230953118881	1.6862726114487665
2.9799222408026758	1.5150501672240804	3.942602690603773	6.982391035295771e-7	3.1506341542031264	0.9999895126370354	4.911051791947711	0.000754868306561293	11.288237738626574	308.0419870163624	9.088703786199531	0.9997371719542042	71.68596904579263	241.62794389069504	1.6862247804066812
2.9841371237458194	1.5150501672240804	3.9426186277583675	6.753692226032536e-7	3.1506444762688237	0.9999897880974157	4.911129994048712	0.0007393787498824461	11.288033819027433	308.49218669505814	9.088835063804877	0.9997406524038805	71.75423715275355	241.63272301443587	1.6861779864200845
2.988352006688963	1.5150501672240804	3.942634321810289	6.532489512085587e-7	3.1506546561975703	0.9999900563146211	4.911206860122413	0.0007242115735733025	11.287833856575451	308.94228166666045	9.088964624910222	0.9997440850999704	71.82245615164751	241.63743369639062	1.6861322075478655
2.992566889632107	1.5150501672240804	3.9426497767260407	6.318536935295064e-7	3.1506646960499505	0.999990317479452	4.911282413478369	0.0007093599151610923	11.287637773794911	309.3922737991291	9.089092492724285	0.9997474707284932	71.89062623482135	241.64207693461276	1.6860874223153925
2.996781772575251	1.5150501672240804	3.9426649964021787	6.111596620232115e-7	3.150674597854846	0.9999905717776679	4.911356677007154	0.0006948170634722332	11.28744549477287	309.8421649253617	9.08921869012729	0.9997508099649881	71.95874759282363	241.64665371217026	1.6860436097043225
3.000996655518395	1.5150501672240804	3.9426799846666634	5.911438507970909e-7	3.150684363609965	0.9999908193901226	4.911429673188311	0.000680576455117566	11.287256945125844	310.29195684390413	9.089343239675893	0.9997541034746861	72.02682041442796	241.6511649973793	1.6860007491425826
3.0052115384615385	1.5150501672240804	3.9426947452801775	5.717840098660032e-7	3.1506939952823334	0.9999910604928905	4.911501424098083	0.0006666316710653706	11.287072051967144	310.74165131964213	9.089466163608094	0.9997573519126827	72.09484488665663	241.65561174403715	1.685958820494639
3.009426421404682	1.5150501672240804	3.9427092819374203	5.530586202601092e-7	3.1507034948088144	0.9999912952573977	4.911571951417029	0.0006529764332997215	11.286890743875077	311.1912500844805	9.089587483848012	0.9997605559241042	72.16282119480326	241.65999489164878	1.685917804051959
3.0136413043478263	1.5150501672240804	3.9427235982683833	5.349468699551189e-7	3.150712864096597	0.9999915238505418	4.911641276437485	0.0006396046015619123	11.28671295086184	311.6407548380058	9.08970722201068	0.9997637161442728	72.23074952245588	241.66431536565463	1.6858776805237181
3.01785618729097	1.5150501672240804	3.942737697839564	5.174286305977632e-7	3.1507221050236693	0.9999917464348149	4.911709420070826	0.0006265101701726431	11.286538604343107	312.0901672481329	9.08982539940658	0.9997668331988683	72.29863005151834	241.66857407764434	1.6858384310276815
3.022071070234114	1.5150501672240804	3.9427515841552094	5.004844349998676e-7	3.1507312194393178	0.9999919631684193	4.911776402854651	0.0006136872649328195	11.286367637108414	312.539488951741	9.08994203704632	0.999769907704086	72.36646296223292	241.67277192557958	1.6858000370813273
3.0262859531772577	1.5150501672240804	3.942765260658472	4.840954553757744e-7	3.1507402091645655	0.9999921742053806	4.911842244959739	0.0006011301401008387	11.286199983292061	312.98872155528943	9.090057155645047	0.9997729402667932	72.4342484332012	241.67690979400237	1.685762480593164
3.0305008361204013	1.5150501672240804	3.9427787307325968	4.682434822982201e-7	3.1507490759926586	0.9999923796956595	4.911906966196948	0.0005888331754442371	11.286035578344864	313.4378666354277	9.09017077562693	0.999775931484681	72.50198664140578	241.68098855424765	1.6857257438542532
3.034715719063545	1.5150501672240804	3.9427919977020474	4.529109043489745e-7	3.1507578216895022	0.9999925797852587	4.911970586023917	0.0005767908733638299	11.285874359006419	313.8869257395849	9.090282917129487	0.9997788819464156	72.56967776223074	241.68500906464791	1.6856898095299055
3.038930602006689	1.5150501672240804	3.9428050648336064	4.380806884412003e-7	3.1507664479940996	0.9999927746163279	4.912033123551631	0.0005649978560882889	11.285716263278045	314.3359003865495	9.090393600007795	0.9997817922317845	72.63732196948186	241.68897217073237	1.6856546606515688
3.0431454849498327	1.5150501672240804	3.9428179353374966	4.237363607911179e-7	3.150774956619013	0.9999929643272678	4.912094597550918	0.0005534488629373054	11.285561230396377	314.78479206703827	9.09050284383884	0.999784662911842	72.70491943540767	241.69287870543306	1.6856202806089409
3.047360367892977	1.5150501672240804	3.9428306123684305	4.098619885176328e-7	3.1507833492507706	0.9999931490528254	4.9121550264587395	0.0005421387476515502	11.285409200807491	315.23360224424937	9.090610667925569	0.9997874945490505	72.77247033071879	241.6967294892768	1.6855866531422183
3.0515752508361205	1.5150501672240804	3.9428430990266388	3.964421618490525e-7	3.150791627550285	0.9999933289241955	4.912214428384381	0.0005310624757876421	11.285260116141668	315.68233235440357	9.090717091300883	0.999790287697421	72.83997482460671	241.70052533057233	1.6855537623344925
3.055790133779264	1.5150501672240804	3.942855398358934	3.834619769166629e-7	3.1507997931532894	0.9999935040691109	4.91227282111555	0.0005202151221763391	11.285113919188673	316.1309838072769	9.090822132731848	0.999793042902649	72.90743308476472	241.70426702561136	1.6855215926044353
3.060005016722408	1.5150501672240804	3.9428675133596673	3.709070191159334e-7	3.150807847670715	0.9999936746119362	4.912330222124298	0.000509591868442403	11.28497055387367	316.5795579867186	9.090925810723396	0.9997957607022501	72.97484527740505	241.70795535884204	1.6854901286989845
3.064219899665552	1.5150501672240804	3.942879446971751	3.587633470163463e-7	3.1508157926891207	0.9999938406737564	4.912386648572883	0.0004991880005844069	11.284829965233614	317.0280562511601	9.091028143522408	0.9997984416256912	73.04221156727886	241.71159110306246	1.6854593556863555
3.068434782608696	1.5150501672240804	3.9428912020875937	3.4701747680182944e-7	3.1508236297710632	0.999994002372463	4.912442117319463	0.0004889989066129521	11.284692099394176	317.47647993411107	9.091129149121421	0.9998010861945212	73.10953211769399	241.71517501959536	1.685429258949097
3.0726496655518396	1.5150501672240804	3.9429027815500444	3.356563672241751e-7	3.150831360455492	0.9999941598228412	4.9124966449237	0.00047902007424579975	11.284556903547207	317.9248303446456	9.091228845262362	0.9998036949224977	73.1768070905329	241.71870785846417	1.6853998241773431
3.0768645484949833	1.5150501672240804	3.9429141881533365	3.246674050524102e-7	3.150838986258136	0.9999943131366473	4.912550247652286	0.00046924708865833876	11.28442432592871	318.37310876788047	9.091327249440361	0.9998062683157127	73.24403664627118	241.72219035857364	1.6853710373622488
3.081079431438127	1.5150501672240804	3.9429254246439593	3.1403839100184697e-7	3.150846508671861	0.9999944624226939	4.912602941484283	0.0004596756302880666	11.284294315797283	318.82131646543866	9.09142437890724	0.9998088068727156	73.31122094399412	241.7256232478733	1.6853428847894745
3.085294314381271	1.5150501672240804	3.9429364937215636	3.037575261267838e-7	3.150853929167047	0.9999946077869235	4.91265474211643	0.00045030147269156326	11.284166823413011	319.2694546759059	9.091520250675169	0.9998113110846335	73.37836014141462	241.72900724353065	1.685315353032952
3.0895091973244146	1.5150501672240804	3.9429473980398266	2.93813398661615e-7	3.150861249191948	0.9999947493324884	4.912705664968314	0.00044112048045270565	11.284041800016912	319.7175246152775	9.091614881520197	0.9998137814352909	73.44545439489012	241.73234305209715	1.6852884289486776
3.0937240802675587	1.5150501672240804	3.9429581402072937	2.8419497129552327e-7	3.150868470173043	0.9999948871598217	4.912755725187438	0.00043212860714069286	11.283919197810723	320.16552747739485	9.091708287985659	0.9998162184013255	73.51250385943906	241.73563136966874	1.6852620996686936
3.0979389632107024	1.5150501672240804	3.942968722788214	2.748915688663599e-7	3.150875593515384	0.9999950213667091	4.912804937654204	0.0004233218933166956	11.283798969937266	320.61346443437316	9.091800486385619	0.9998186224523031	73.57950868875758	241.73887288204773	1.6852363525951843
3.102153846153846	1.5150501672240804	3.9429791483033667	2.6589286645988894e-7	3.1508826206029474	0.9999951520483613	4.912853316986798	0.0004146964645878008	11.283681070461109	321.06133663702093	9.09189149280826	0.99982099405083	73.64646903523604	241.74206826490337	1.68521117539475
3.10636872909699	1.5150501672240804	3.94298941923084	2.5718887790103034e-7	3.1508895527989575	0.9999952792974791	4.912900877545955	0.0004062485297070901	11.283565454349732	321.5091452152483	9.09198132311911	0.9998233336526637	73.71338504997436	241.74521818392188	1.6851865559927302
3.110583612040134	1.5150501672240804	3.942999538006825	2.487699446240702e-7	3.150896391446221	0.999995403204322	4.912947633439657	0.0003979743787186654	11.283452077455092	321.9568912784692	9.09206999296432	0.999825641706822	73.7802568827983	241.748323294962	1.685162482567708
3.114798494983278	1.5150501672240804	3.9430095070263804	2.406267249093811e-7	3.1509031378674583	0.9999955238567712	4.91299359852775	0.00038987038114641966	11.283340896495599	322.4045759159949	9.09215751777388	0.9998279186556889	73.84708468227471	241.75138424420555	1.6851389435461237
3.1190133779264215	1.5150501672240804	3.9430193286441866	2.3275018347451508e-7	3.150909793365617	0.9999956413403942	4.913038786426431	0.00038193298422553514	11.283231869038437	322.8522001974174	9.092243912764745	0.9998301649351203	73.91386859572708	241.75440166830455	1.6851159275970087
3.123228260869565	1.5150501672240804	3.943029005175283	2.2513158140795594e-7	3.1509163592241896	0.9999957557385033	4.913083210512686	0.0003741587111755356	11.283124953482316	323.2997651729878	9.092329192943968	0.999832380974547	73.9806087692505	241.7573761945281	1.685093423626843
3.127443143812709	1.5150501672240804	3.943038538895786	2.177624664342637e-7	3.1509228367075255	0.9999958671322182	4.913126883928637	0.00036654415951388946	11.283020109040626	323.74727187398497	9.092413373111714	0.9998345671970754	74.04730534772652	241.76030844090414	1.685071420774489
3.131658026755853	1.5150501672240804	3.9430479320435894	2.1063466349961055e-7	3.1509292270611167	0.9999959756005213	4.913169819585766	0.00035908599940912684	11.282917295724822	324.1947213130744	9.092496467864237	0.9998367240195883	74.11395847483756	241.76319901635856	1.6850499084062696
3.1358729096989966	1.5150501672240804	3.943057186819076	2.0374026566714266e-7	3.150935531511922	0.9999960812203157	4.9132120301691335	0.00035178097207246256	11.282816474328374	324.64211448466654	9.092578491596903	0.9998388518528415	74.18056829308173	241.766048520858	1.6850288761111722
3.1400877926421407	1.5150501672240804	3.9430663053857855	1.9707162531197054e-7	3.1509417512686464	0.9999961840664793	4.913253528141442	0.0003446258881869811	11.282717606410854	325.0894523652602	9.09265945850707	0.9998409511015609	74.24713494378686	241.76885754554374	1.6850083136961114
3.1443026755852843	1.5150501672240804	3.9430752898710777	1.9062134560588582e-7	3.1509478875220274	0.9999962842119186	4.913294325747056	0.0003376176263734267	11.282620654282498	325.53673591378225	9.092739382596934	0.9998430221645366	74.31365856712443	241.771626672866	1.6849882111813264
3.148517558528428	1.5150501672240804	3.9430841423667986	1.843822722822095e-7	3.1509539414451306	0.9999963817276213	4.913334435015959	0.00033075313169165556	11.282525580989088	325.9839660719226	9.092818277676376	0.9998450654347159	74.38013930212358	241.77435647671652	1.6849685587958747
3.152732441471572	1.5150501672240804	3.943092864929896	1.7834748567159653e-7	3.1509599141936104	0.9999964766827064	4.913373867767592	0.0003240294141769349	11.282432350297084	326.4311437644569	9.092896157365665	0.9998470812992948	74.44657728668415	241.77704752255536	1.684949346973183
3.1569473244147157	1.5150501672240804	3.943101459583079	1.7251029299977925e-7	3.150965806906002	0.9999965691444719	4.91341263561467	0.0003174435474101347	11.282340926679142	326.87826989956807	9.092973035098312	0.9998490701398077	74.51297265759095	241.7797003675447	1.6849305663468035
3.16116220735786	1.5150501672240804	3.9431099283154087	1.668642209386749e-7	3.1509716207039817	0.9999966591784462	4.913450749966886	0.0003109926671210157	11.28225127529993	327.32534536915773	9.093048924123668	0.9998510323322158	74.57932555052633	241.7823155606698	1.6849122077461272
3.1653770903010034	1.5150501672240804	3.9431182730829217	1.6140300840246104e-7	3.150977356692646	0.9999967468484328	4.913488222034583	0.0003046739698237978	11.282163362002237	327.7723710491545	9.093123837509648	0.9998529682469934	74.64563610008382	241.78489364286722	1.6848942621923084
3.169591973244147	1.5150501672240804	3.9431264958091896	1.5612059958058163e-7	3.1509830159607386	0.999996832216555	4.913525062832282	0.0002984847114841952	11.282077153293327	328.2193477998099	9.093197788145188	0.9998548782492139	74.71190443977976	241.78743514713852	1.6848767208941553
3.1738068561872907	1.5150501672240804	3.943134598385929	1.510111371998036e-7	3.150988599580944	0.9999969153433029	4.913561283182252	0.0002924222062171235	11.281992616331689	328.6662764659965	9.09327078874299	0.999856762698633	74.77813070206736	241.78994059867895	1.6848595752442475
3.178021739130435	1.5150501672240804	3.94314258267357	1.4606895600784494e-7	3.1509941086101256	0.9999969962875729	4.913596893717943	0.0002864838250143709	11.281909718914022	329.1131578774966	9.093342851841992	0.9998586219497716	74.84431501834864	241.79241051499318	1.6848428168150393
3.1822366220735785	1.5150501672240804	3.9431504505017823	1.41288576471246e-7	3.15099954408956	0.9999970751067125	4.913631904887335	0.00028066699450145374	11.281828429462402	329.55999284927964	9.09341398980976	0.9998604563519965	74.91045751898608	241.7948454060058	1.6848264373550599
3.1864515050167226	1.5150501672240804	3.943158203670063	1.3666469868037895e-7	3.1510049070452095	0.9999971518565611	4.9136663269563	0.0002749691957229652	11.28174871701187	330.0067821817848	9.093484214845116	0.9998622662496006	74.97655833331612	241.79724577418534	1.6848104287852719
3.1906663879598662	1.5150501672240804	3.943165843948235	1.3219219645486177e-7	3.1510101984879313	0.9999972265914882	4.913700170011822	0.00026938796295570574	11.281670551198197	330.4535266611873	9.093553538980368	0.9998640519818807	75.04261758965959	241.7996121146462	1.6847947831953591
3.19488127090301	1.5150501672240804	3.943173373077011	1.2786611164266065e-7	3.1510154194137416	0.9999972993644333	4.913733443965229	0.000263920882548919	11.281593902245906	330.90022705966896	9.093621974083867	0.9998658138832147	75.10863541533496	241.80194491527027	1.6847794928402933
3.199096153846154	1.5150501672240804	3.943180792768471	1.2368164860661736e-7	3.1510205708040195	0.9999973702269421	4.913766158555294	0.00025856559179099543	11.28151874095658	331.34688413567426	9.093689531862177	0.9998675522831377	75.17461193666865	241.80424465680537	1.6847645501367676
3.2033110367892976	1.5150501672240804	3.943188104706589	1.1963416889212474e-7	3.151025653625754	0.9999974392292064	4.913798323351322	0.00025331977780195783	11.281445038697345	331.7934986341672	9.093756223862483	0.999869267506416	75.24054727900736	241.80651181297904	1.684749947659868
3.2075259197324417	1.5150501672240804	3.943195310547734	1.1571918607003887e-7	3.1510306688317673	0.9999975064200957	4.913829947756194	0.0002481811764511432	11.281372767389733	332.24007128688385	9.09382206147487	0.9998709598731207	75.30644156672923	241.80874685060402	1.6847356781397316
3.2117408026755854	1.5150501672240804	3.9432024119211344	1.1193236074906268e-7	3.151035617360921	0.9999975718471958	4.91386104100929	0.0002431475712994495	11.281301899498596	332.68660281257377	9.093887055934468	0.9998726296986995	75.37229492325449	241.81095022967708	1.6847217344583034
3.215955685618729	1.5150501672240804	3.9432094104293833	1.0826949575197138e-7	3.1510405001383535	0.9999976355568395	4.913891612189435	0.00023821679256555604	11.28123240802139	333.13309391724346	9.093951218323776	0.9998742772940478	75.43810747105726	241.81312240348907	1.684708109646165
3.220170568561873	1.5150501672240804	3.943216307648879	1.0472653145034753e-7	3.15104531807567	0.9999976975941418	4.913921670217725	0.00023338671611554775	11.281164266477623	333.57954529439024	9.094014559574703	0.999875902965578	75.50387933167558	241.81526381871728	1.6846947968794086
3.2243854515050168	1.5150501672240804	3.9432231051303095	1.0129954125254715e-7	3.1510500720711825	0.9999977580030323	4.913951223860359	0.00022865526247536837	11.281097448898544	334.0259576252354	9.094077090470842	0.9998775070152887	75.56961062572293	241.81737491553284	1.6846817894766242
3.2286003344481604	1.5150501672240804	3.9432298043990768	9.798472723991132e-8	3.1510547630100754	0.9999978168262829	4.91398028173135	0.00022402039586557403	11.281031929817011	334.47233157894743	9.094138821649416	0.9998790897408308	75.63530147289774	241.81945612768925	1.6846690808958775
3.2328152173913045	1.5150501672240804	3.943236406955763	9.477841594627789e-8	3.151059391764651	0.9999978741055432	4.91400885229526	0.00021948012325781913	11.280967684257604	334.9186678128674	9.094199763603495	0.9998806514355755	75.70095199199484	241.82150788262666	1.6846566647318453
3.237030100334448	1.5150501672240804	3.9432429142765493	9.167705427614359e-8	3.1510639591944956	0.9999979298813657	4.914036943869834	0.00021503249345259547	11.28090468772694	335.36496697272503	9.094259926683954	0.9998821923886778	75.76656230091508	241.8235306015619	1.684644534712932
3.241244983277592	1.5150501672240804	3.943249327813647	8.867720555686456e-8	3.151068466146698	0.9999979841932382	4.914064564628602	0.00021067559617768134	11.280842916204156	335.8112296928523	9.09431932110151	0.999883712885142	75.8321325166757	241.8255246995829	1.684632684698486
3.245459866220736	1.5150501672240804	3.943255648995704	8.577554572050878e-8	3.151072913456024	0.9999980370796098	4.914091722603423	0.00020640756120683803	11.280782346131627	336.2574565963925	9.094377956928652	0.9998852132058837	75.89766275541986	241.8274905857371	1.684621108676061
3.2496747491638796	1.5150501672240804	3.9432618792282415	8.296885961107962e-8	3.1510773019451297	0.9999980885779184	4.914118425687022	0.0002022265574982418	11.280722954405851	336.70364829550726	9.094435844101733	0.9998866936277926	75.96315313242755	241.82942866313022	1.6846098007587822
3.2538896321070236	1.5150501672240804	3.943268019894011	8.025403741301282e-8	3.151081632424711	0.9999981387246173	4.914144681635393	0.00019813079235221108	11.280664718368508	337.14980539157426	9.09449299242266	0.999888154423793	76.02860376212372	241.83133932900176	1.6845987551826567
3.2581045150501673	1.5150501672240804	3.9432740723534474	7.762807119690753e-8	3.1510859056937415	0.9999981875552025	4.914170498070298	0.00019411851058774872	11.28060761579778	337.59592847539005	9.094549411561074	0.9998895958629039	76.09401475808974	241.83322297482846	1.6845879663041041
3.262319397993311	1.5150501672240804	3.9432800379449957	7.508805157870508e-8	3.151090122539599	0.9999982351042371	4.9141958824815495	0.00019018799373747778	11.280551624899719	338.042018127357	9.094605111055932	0.9998910182102985	76.15938623307106	241.83507998639493	1.6845774285973603
3.266534280936455	1.5150501672240804	3.9432859179855244	7.263116448851157e-8	3.15109428373827	0.9999982814053744	4.9142208422293905	0.00018633755926050828	11.280496724299896	338.48807491767815	9.0946601003175	0.9998924217273617	76.22471829898747	241.83691074388636	1.6845671366520778
3.2707491638795987	1.5150501672240804	3.9432917137707015	7.025468804550789e-8	3.151098390054528	0.9999983264913836	4.914245384546772	0.00018256555977284373	11.280442893035179	338.934099406541	9.094714388629187	0.9998938066717474	76.29001106694251	241.83871562197427	1.6845570851709353
3.274964046822743	1.5150501672240804	3.943297426575343	6.795598953544239e-8	3.1511024422420943	0.999998370394173	4.91426951654159	0.00017887038229488864	11.280390110545707	339.38009214430144	9.09476798514924	0.9998951732974353	76.35526464723199	241.84049498989262	1.6845472689672427
3.2791789297658864	1.5150501672240804	3.9433030576537704	6.573252248733393e-8	3.1511064410438046	0.9999984131448119	4.914293245198883	0.00017525044751566865	11.280338356666977	339.8260536716609	9.09482089891248	0.9998965218547851	76.42047914935276	241.84224921151898	1.684537682962648
3.28339381270903	1.5150501672240804	3.9433086082401854	6.358182384611204e-8	3.1511103871917934	0.9999984547735536	4.914316577383006	0.00017170420907337597	11.280287611622112	340.27198451984316	9.094873138832178	0.9998978525905917	76.4856546820126	241.84397864546068	1.684528322184945
3.2876086956521737	1.5150501672240804	3.943314079548996	6.150151123806436e-8	3.151114281407642	0.9999984953098557	4.914339519839755	0.00016823015285184162	11.280237856014354	340.71788521076763	9.094924713701616	0.9998991657481389	76.55079135313792	241.84568364512677	1.6845191817657994
3.291823578595318	1.5150501672240804	3.9433194727751557	5.948928032602464e-8	3.1511181244025375	0.9999985347824011	4.914362079198434	0.00016482679629258476	11.280189070819576	341.1637562572158	9.094975632195823	0.9999004615672512	76.61588926988276	241.84736455880676	1.6845102569386083
3.2960384615384615	1.5150501672240804	3.9433247890945022	5.75429022513454e-8	3.151121916877443	0.9999985732191208	4.91438426197392	0.0001614926877220563	11.280141237379075	341.60959816299896	9.095025902873193	0.9999017402843466	76.68094853863701	241.84902172974654	1.6845015430364019
3.3002533444816056	1.5150501672240804	3.94333002966409	5.56602211598178e-8	3.151125659523248	0.9999986106472096	4.914406074568668	0.00015822640569373124	11.28009433739241	342.05541142311944	9.095075534177194	0.999903002132487	76.74596926503536	241.85065549622507	1.6844930354897814
3.304468227424749	1.5150501672240804	3.9433351956224967	5.383915180877647e-8	3.1511293530209206	0.99999864709315	4.9144275232746795	0.0001550265583447133	11.280048352910454	342.5011965239311	9.095124534437904	0.9999042473414281	76.81095155396507	241.85226619162682	1.6844847298248755
3.308683110367893	1.5150501672240804	3.9433402880901465	5.20776772527088e-8	3.151132998041654	0.9999986825827262	4.91444861427544	0.0001518917827664948	11.280003266328563	342.9469539432947	9.095172911873583	0.99990547613767	76.87589550957408	241.85385414451136	1.6844766216613594
3.312897993311037	1.5150501672240804	3.9433453081696195	5.0373846604805985e-8	3.151136595247028	0.9999987171410473	4.914469353647837	0.00014882074438956938	11.279959060379888	343.3926841507332	9.095220674592294	0.9999066887445045	76.94080123527952	241.85541967869045	1.6844687067105226
3.3171128762541806	1.5150501672240804	3.943350256945958	4.8725772871948576e-8	3.1511401452891477	0.9999987507925613	4.9144897473640095	0.00014581213638155597	11.27991571812875	343.8383876075796	9.09526783059342	0.9999078853820634	77.00566883377537	241.85696311329505	1.6844609807733983
3.3213277591973247	1.5150501672240804	3.9433551354869483	4.713163086072298e-8	3.151143648810772	0.9999987835610733	4.914509801293188	0.0001428646790585339	11.279873222964316	344.28406476712667	9.095314387769095	0.9999090662673655	77.07049840703996	241.85848476284215	1.684453439738826
3.3255426421404684	1.5150501672240804	3.9433599448434298	4.5589655152123186e-8	3.1511471064454835	0.9999988154697648	4.9145295212035	0.0001399771193092845	11.279831558594195	344.7297160747706	9.095360353905805	0.9999102316143633	77.13529005634429	241.85998493730736	1.6844460795817067
3.329757525083612	1.5150501672240804	3.9433646860495917	4.409813814269056e-8	3.1511505188178197	0.999998846541207	4.914548912763759	0.00013714823003213152	11.27979070903835	345.17534196815603	9.095405736685896	0.9999113816339877	77.20004388225993	241.86146394219463	1.6844388963612178
3.3339724080267557	1.5150501672240804	3.9433693601232043	4.265542814991947e-8	3.1511538865433715	0.9999988767973779	4.914567981545129	0.00013437680958411442	11.279750658622945	345.62094287730844	9.095450543688726	0.9999125165341938	77.2647599846647	241.86292207858716	1.6844318862189789
3.3381872909698997	1.5150501672240804	3.943373968065971	4.1259927579779176e-8	3.1511572102289915	0.9999989062596796	4.914586733022948	0.00013166168124217613	11.279711391974546	346.0665192247817	9.095494782392546	0.9999136365200042	77.32943846275309	241.86435964323547	1.6844250453774834
3.3424021739130434	1.5150501672240804	3.9433785108637305	3.99100911543701e-8	3.1511604904728503	0.9999989349489502	4.91460517257829	0.00012900169267613534	11.279672894014185	346.5120714257817	9.095538460175499	0.999914741793553	77.39407941504079	241.8657769286011	1.6844183701382909
3.3466170568561875	1.5150501672240804	3.9433829894867727	3.860442419767925e-8	3.1511637278646263	0.9999989628854822	4.914623305499691	0.00012639571543312454	11.279635149951744	346.95759988830594	9.095581584317268	0.9999158325541285	77.45868293937383	241.8671742229328	1.6844118568804949
3.350831939799331	1.5150501672240804	3.943387404890071	3.7341480977577e-8	3.151166922985592	0.9999989900890335	4.91464113698472	0.0001238426444332837	11.279598145280337	347.4031050132679	9.095624162000293	0.9999169089982146	77.52324913293465	241.86855181032132	1.6844055020590434
3.355046822742475	1.5150501672240804	3.9433917580135485	3.611986310217414e-8	3.151170076408762	0.9999990165788439	4.9146586721415755	0.00012134139747640477	11.279561865770827	347.84858719462613	9.095666200311182	0.9999179713195335	77.58777809224966	241.86990997076384	1.684399302203217
3.359261705685619	1.5150501672240804	3.943396049782343	3.493821796876898e-8	3.1511731886990186	0.9999990423736472	4.914675915990673	0.00011889091475930797	11.279526297466516	348.29404681950984	9.095707706242056	0.999919019709085	77.65226991319635	241.87124898022532	1.6843932539150728
3.3634765886287625	1.5150501672240804	3.943400281107027	3.379523726366219e-8	3.1511762604132176	0.9999990674916867	4.914692873466124	0.00011649015840370853	11.279491426677804	348.73948426833635	9.095748686691753	0.9999200543551877	77.71672469100939	241.87256911069255	1.6843873538679293
3.3676914715719066	1.5150501672240804	3.943404452883887	3.268965551115191e-8	3.1511792921003283	0.9999990919507242	4.914709549417298	0.00011413811199430296	11.27945723997713	349.18489991493817	9.095789148467276	0.9999210754435178	77.78114252028867	241.87387063024124	1.6843815988049289
3.3719063545150503	1.5150501672240804	3.9434085659951204	3.162024867011813e-8	3.1511822843015285	0.999999115768057	4.914725948610239	0.00011183378012689512	11.27942372419383	349.6302941266721	9.095829098284867	0.9999220831571487	77.84552349500447	241.87515380308287	1.6843759855375409
3.376121237458194	1.5150501672240804	3.943412621309117	3.058583277660757e-8	3.1511852375503477	0.9999991389605265	4.914742075729182	0.00010957618796627843	11.279390866409267	350.07566726454354	9.095868542771456	0.9999230776765883	77.9098677085057	241.87641888963236	1.6843705109441987
3.3803361204013376	1.5150501672240804	3.9434166196806584	2.9585262630935212e-8	3.1511881523727716	0.9999991615445342	4.914757935377934	0.00010736438081369595	11.27935865395194	350.52101968331425	9.09590748846578	0.9999240591798176	77.97417525352539	241.87766614655737	1.6843651719688968
3.3845510033444817	1.5150501672240804	3.9434205619511387	2.8617430527824073e-8	3.15119102928733	0.9999991835360479	4.9147735320812584	0.00010519742368365404	11.279327074392677	350.96635173161224	9.095945941819544	0.9999250278423273	78.038446222187	241.87889582683096	1.6843599656198103
3.3887658862876253	1.5150501672240804	3.9434244489488166	2.7681265028172382e-8	3.1511938688052497	0.9999992049506184	4.914788870286307	0.00010307440088985497	11.27929611554007	351.41166375204637	9.095983909198772	0.999925983837154	78.1026807060117	241.88010817979378	1.6843548889680189
3.3929807692307694	1.5150501672240804	3.943428281489017	2.6775729771089506e-8	3.1511966714305366	0.9999992258033867	4.9148039543639275	0.0001009944156400759	11.27926576543584	351.8569560813099	9.096021396884892	0.999926927334917	78.16687879592412	241.88130345120197	1.6843499391461787
3.397195652173913	1.5150501672240804	3.943432060374341	2.5899822324874587e-8	3.1511994376600927	0.9999992461090974	4.914818788610005	0.00009895658963977209	11.27923601235037	352.30222905028654	9.096058411075898	0.9999278585038527	78.23104058225843	241.88248188328066	1.6843451133472358
3.4014105351170567	1.5150501672240804	3.9434357863948803	2.5052573075658507e-8	3.1512021679838105	0.9999992658821065	4.9148333772467465	0.00009696006270422108	11.279206844778288	352.7474829841518	9.096094957887487	0.9999287775098502	78.29516615476459	241.88364371477402	1.6843404088232006
3.405625418060201	1.5150501672240804	3.943439460328441	2.4233044152473025e-8	3.1512048628847005	0.9999992851363944	4.914847724424002	0.00009500399237900048	11.279178251434223	353.19271820247917	9.096131043354289	0.9999296845164852	78.3592556026149	241.88478918100205	1.6843358228839467
3.4098403010033445	1.5150501672240804	3.9434430829407128	2.3440328387559507e-8	3.151207522838965	0.9999993038855736	4.914861834220463	0.00009308755356863853	11.279150221248477	353.63793501933264	9.096166673430817	0.9999305796850537	78.42330901440904	241.88591851390274	1.6843313528959662
3.4140551839464885	1.5150501672240804	3.9434466549855105	2.267354831074775e-8	3.151210148316127	0.9999993221428994	4.914875710644964	0.00009120993817322166	11.279122743363017	354.08313374337155	9.096201853992742	0.9999314631746054	78.48732647818106	241.88703194208986	1.684326996281252
3.418270066889632	1.5150501672240804	3.9434501772049226	2.193185517680241e-8	3.1512127397790954	0.9999993399212789	4.914889357637626	0.00008937035473281992	11.279095807127288	354.5283146779396	9.096236590837778	0.9999323351419763	78.55130808140392	241.88812969089201	1.6843227505160956
3.422484949832776	1.5150501672240804	3.9434536503295488	2.1214428024638598e-8	3.151215297684301	0.9999993572332809	4.914902779071103	0.00008756802807951572	11.27906940209431	354.9734781211638	9.096270889686934	0.9999331957418212	78.6152539109965	241.8892119824098	1.6843186131300196
3.4266998327759195	1.5150501672240804	3.9434570750786673	2.052047276737634e-8	3.151217822481769	0.9999993740911437	4.914915978751733	0.00008580219899689901	11.27904351801675	355.41862436604526	9.096304756185475	0.9999340451266447	78.67916405332883	241.8902790355593	1.6843145817046614
3.4309147157190636	1.5150501672240804	3.943460452160424	1.984922131221473e-8	3.1512203146152173	0.9999993905067841	4.914928960420682	0.0000840721238868505	11.279018144843114	355.86375370054924	9.096338195903959	0.9999348834468336	78.74303859422733	241.891331066117	1.6843106538726742
3.4351295986622072	1.5150501672240804	3.9434637822720187	1.919993070914731e-8	3.151222774522156	0.9999994064918066	4.914941727755088	0.00008237707444344472	11.278993272713977	356.30886640769535	9.096371214339293	0.9999357108506862	78.80687761898109	241.89236828676962	1.6843068273167134
3.4393444816053513	1.5150501672240804	3.943467066099871	1.8571882327575435e-8	3.1512252026339667	0.9999994220575105	4.914954284369147	0.00008071633733382813	11.278968891958298	356.75396276564254	9.096403816915664	0.9999365274844438	78.87068121234638	241.89339090715333	1.684303099768352
3.443559364548495	1.5150501672240804	3.943470304319807	1.7964381059903034e-8	3.1512275993759977	0.9999994372148986	4.914966633815215	0.00007908921388590863	11.278944993089832	357.1990430477767	9.096436008985581	0.99993733349232	78.93444945855272	241.8943991339017	1.6842994690071054
3.4477742474916386	1.5150501672240804	3.9434734975972527	1.737675455122405e-8	3.151229965167673	0.9999994519746853	4.914978779584907	0.00007749501978270499	11.2789215668036	357.64410752279605	9.09646779583093	0.9999381290165298	78.9981824413086	241.89539317069404	1.6842959328594584
3.4519891304347827	1.5150501672240804	3.9434766465873654	1.680835245425881e-8	3.1512323004225484	0.9999994663473036	4.914990725110102	0.00007593308476322268	11.27889860397238	358.0891564547906	9.096499182663802	0.9999389141973191	79.06188024380587	241.8963732182901	1.6842924891978568
3.4562040133779264	1.5150501672240804	3.9434797519352354	1.6258545708695808e-8	3.1512346055484164	0.9999994803429115	4.915002473764013	0.000074402752329691	11.278876095643376	358.5341901033266	9.09653017462754	0.9999396891729926	79.1255429487256	241.89733947457884	1.6842891359397765
3.4604188963210705	1.5150501672240804	3.943482814276018	1.572672584415052e-8	3.1512368809473816	0.9999994939714023	4.915014028862166	0.00007290337946104085	11.278854033034799	358.9792087235221	9.096560776797583	0.9999404540799424	79.18917063824253	241.89829213461462	1.6842858710467834
3.464633779264214	1.5150501672240804	3.943485834235122	1.5212304305958596e-8	3.1512391270159483	0.999999507242408	4.9150253936634325	0.0000714343363324721	11.278832407532658	359.42421256612863	9.09659099418248	0.9999412090526749	79.25276339403096	241.89923139066397	1.6842826925236334
3.4688486622073578	1.5150501672240804	3.943488812428375	1.4714711803059452e-8	3.1512413441451224	0.9999995201653084	4.91503657137102	0.00006999500604098145	11.278811210687573	359.8692018776099	9.096620831724842	0.9999419542238386	79.31632129726982	241.90015743224734	1.6842795984173997
3.4730635451505014	1.5150501672240804	3.943491749462133	1.4233397677249087e-8	3.1512435327204393	0.9999995327492364	4.915047565133363	0.00006858478433672834	11.278790434211531	360.3141769002089	9.096650294302018	0.9999426897242506	79.37984442864632	241.90107044616855	1.6842765868165364
3.4772784280936455	1.5150501672240804	3.94349464593349	1.3767829293088605e-8	3.1512456931221053	0.9999995450030864	4.915058378045154	0.0000672030793600918	11.278770069974922	360.7591378720314	9.096679386727242	0.9999434156829229	79.44333286836248	241.90197061656684	1.6842736558500981
3.481493311036789	1.5150501672240804	3.9434975024303887	1.3317491447806997e-8	3.1512478257250343	0.999999556935519	4.915069013148224	0.00006584931138431402	11.278750110003436	361.20408502711246	9.096708113750342	0.9999441322270883	79.50678669613896	241.90285812494844	1.6842708036868332
3.4857081939799333	1.5150501672240804	3.943500319531795	1.2881885800531133e-8	3.151249930898946	0.9999995685549667	4.91507947343247	0.00006452291256358995	11.278730546475133	361.6490185954911	9.096736480058686	0.9999448394822267	79.57020599122039	241.90373315022794	1.6842680285344358
3.489923076923077	1.5150501672240804	3.9435030978078207	1.2460530320216492e-8	3.151252009008425	0.9999995798696412	4.915089761836744	0.0000632233266865033	11.278711371717513	362.0939388032779	9.09676449027795	0.9999455375720888	79.63359083237954	241.904595868763	1.684265328638675
3.4941379598662206	1.5150501672240804	3.943505837819883	1.2052958751658915e-8	3.1512540604130104	0.9999995908875385	4.915099881249743	0.0000619500089346696	11.27869257820469	362.53884587272523	9.096792148973009	0.9999462266187225	79.69694129792238	241.90544645439365	1.684262702282633
3.4983528428093646	1.5150501672240804	3.943508540120836	1.1658720099001974e-8	3.151256085467262	0.9999996016164452	4.91510983451087	0.00006070242564649573	11.278674158554576	362.98374002229497	9.096819460648756	0.9999469067424962	79.76025746569266	241.9062850784785	1.6842601477859493
3.5025677257525083	1.5150501672240804	3.9435112052551187	1.1277378126159668e-8	3.151258084520836	0.9999996120639429	4.9151196244110915	0.000059480054085925544	11.278656105526153	363.42862146672434	9.096846429750912	0.9999475780621234	79.82353941307639	241.9071119099309	1.6842576635040436
3.5067826086956524	1.5150501672240804	3.943513833758885	1.0908510873604718e-8	3.151260057918558	0.9999996222374142	4.915129253693772	0.00005828238221607405	11.278638412016777	363.8734904170917	9.096873060666839	0.9999482406946865	79.88678721700653	241.90792711525535	1.6842552478273989
3.510997491638796	1.5150501672240804	3.9435164261601336	1.0551710190984674e-8	3.1512620060004872	0.9999996321440487	4.915138725055487	0.00005710890847764199	11.278621071059543	364.31834708087973	9.096899357726295	0.9999488947556592	79.95000095396709	241.90873085857996	1.6842528991808035
3.5152123745819397	1.5150501672240804	3.943518982978838	1.0206581285045278e-8	3.151263929101985	0.9999996417908472	4.915148041146824	0.00005595914157200094	11.278604075820674	364.76319166203723	9.096925325202204	0.9999495403589309	80.01318069999745	241.90952330169088	1.6842506160226614
3.5194272575250833	1.5150501672240804	3.9435215047270815	9.872742282361178e-9	3.1512658275537873	0.9999996511846255	4.9151572045731955	0.000054832600248856864	11.278587419597017	365.208024361043	9.096950967311477	0.999950177616828	80.07632653069719	241.91030460406864	1.6842483968443025
3.5236421404682274	1.5150501672240804	3.9435239919091982	9.549823806387811e-9	3.151267701682085	0.9999996603320223	4.915166217895624	0.000053728813098382655	11.278571095813566	365.6528453749674	9.096976288215796	0.9999508066401374	80.13943852123049	241.91107492292383	1.6842462401693048
3.5278570234113715	1.5150501672240804	3.9435264450218606	9.237468568368133e-9	3.1512695518085554	0.9999996692395003	4.915175083631468	0.000052647318347735644	11.278555098020968	366.0976548975273	9.09700129202223	0.9999514275381272	80.20251674632942	241.91183441322192	1.6842441445527967
3.532071906354515	1.5150501672240804	3.943528864554233	8.935330971633348e-9	3.15127137825046	0.999999677913354	4.915183804255209	0.00005158766366185015	11.278539419893175	366.542453119148	9.097025982784082	0.9999520404185696	80.26556128029891	241.9125832277226	1.6842421085808323
3.536286789297659	1.5150501672240804	3.9435312509880713	8.643076728866452e-9	3.151273181320689	0.9999996863597125	4.915192382199166	0.00005054940594842332	11.278524055225054	366.987240227019	9.097050364501545	0.999952645387761	80.32857219702038	241.91332151700732	1.6842401308697341
3.5405016722408025	1.5150501672240804	3.9435336047978744	8.360382491896854e-9	3.151274961327843	0.9999996945845431	4.915200819854264	0.00004953211116700069	11.278508997930167	367.43201640515395	9.097074441122537	0.9999532425505442	80.39154956995688	241.9140494295179	1.6842382100654962
3.5447165551839466	1.5150501672240804	3.9435359264509597	8.086935493622528e-9	3.151276718576277	0.9999997025936579	4.915209119570694	0.00004853535414207183	11.278494242038411	367.87678183444046	9.097098216543259	0.999953832010328	80.45449347215572	241.91476711157878	1.6842363448431392
3.54893143812709	1.5150501672240804	3.9435382164076	7.82243320165539e-9	3.151278453366164	0.9999997103927152	4.915217283658643	0.00004755871838009248	11.278479781693859	368.32153669269763	9.097121694608973	0.9999544138691082	80.51740397625332	241.9154747074331	1.6842345339061133
3.5531463210702343	1.5150501672240804	3.943540475121135	7.566582983310255e-9	3.1512801659935694	0.9999997179872259	4.9152253143889855	0.00004660179589034206	11.27846561115259	368.76628115473017	9.097144879114671	0.9999549882274876	80.58028115447893	241.91617235927043	1.6842327759857258
3.557361204013378	1.5150501672240804	3.9435427030380676	7.319101781564127e-9	3.1512818567504857	0.9999997253825553	4.915233213993934	0.00004566418700954345	11.278451724780528	369.21101539237713	9.097167773805712	0.9999555551846955	80.64312507865817	241.9168602072558	1.6842310698405336
3.5615760869565216	1.5150501672240804	3.9435449005982033	7.079715801625709e-9	3.151283525924925	0.9999997325839288	4.915240984667758	0.00004474550023015291	11.27843811705141	369.6557395745698	9.097190382378622	0.9999561148386075	80.70593582021804	241.91753838956524	1.6842294142558263
3.5657909698996653	1.5150501672240804	3.943547068234719	6.8481602077700526e-9	3.1512851738009418	0.9999997395964336	4.915248628567362	0.000043845352032257224	11.27842478254463	370.1004538673743	9.097212708481575	0.9999566672857643	80.76871345018921	241.918207042405	1.6842278080430293
3.5700058528428094	1.5150501672240804	3.9435492063742963	6.624178830098178e-9	3.151286800658712	0.9999997464250246	4.9152561478129995	0.000042963366718978306	11.278411715943365	370.54515843404846	9.097234755715156	0.9999572126213909	80.83145803921074	241.91886630004663	1.6842262500391738
3.5742207357859535	1.5150501672240804	3.94355131543721	6.407523880900248e-9	3.1512884067745786	0.9999997530745258	4.915263544488855	0.000042099176255332674	11.278398912032495	370.9898534350856	9.097256527632954	0.9999577509394154	80.89416965753354	241.9195162948522	1.6842247391063696
3.578435618729097	1.5150501672240804	3.943553395837439	6.197955680304999e-9	3.1512899924211157	0.9999997595496357	4.915270820643689	0.00004125242011045644	11.278386365696697	371.43453902826514	9.097278027742242	0.9999582823324865	80.95684837502407	241.9201571573042	1.6842232741312992
3.5826505016722408	1.5150501672240804	3.943555447982748	5.99524239091265e-9	3.1512915578671628	0.9999997658549283	4.915277978291424	0.000040422745103129824	11.278374071918574	371.8792153686977	9.097299259504483	0.9999588068919928	81.01949426116752	241.92078901602687	1.6842218540246576
3.5868653846153844	1.5150501672240804	3.9435574722748155	5.7991597611158665e-9	3.1512931033779044	0.999999771994858	4.915285019411779	0.000039609805250529024	11.278362025776762	372.32388260887353	9.097320226336127	0.9999593247080794	81.08210738507252	241.92141199782256	1.6842204777207332
3.5910802675585285	1.5150501672240804	3.9435594691093057	5.609490876825627e-9	3.151294629214907	0.9999997779737627	4.9152919459508295	0.000038813261620137395	11.278350222444141	372.7685408987074	9.097340931609043	0.9999598358696661	81.14468781547338	241.92202622768892	1.684219144176838
3.595295150501672	1.5150501672240804	3.943561438875972	5.4260259213256386e-9	3.1512961356361706	0.9999997837958657	4.915298759821589	0.000038032782184750636	11.278338657185996	373.21319038558084	9.097361378651216	0.9999603404644649	81.20723562073447	241.92263182885006	1.6842178523728821
3.5995100334448162	1.5150501672240804	3.943563381958744	5.248561942988597e-9	3.151297622896181	0.9999997894652805	4.915305462904577	0.00003726804168049962	11.278327325358282	373.65783121438875	9.09738157074726	0.9999608385789962	81.26975086885304	241.92322892277852	1.6842166013108808
3.60372491638796	1.5150501672240804	3.943565298735837	5.076902630597954e-9	3.151299091245972	0.9999997949860122	4.9153120570484	0.000036518721467842166	11.27831622240593	374.1024635275822	9.097401511139118	0.9999613302986063	81.33223362746351	241.92381762922645	1.684215390014507
3.6079397993311035	1.5150501672240804	3.9435671895798188	4.910858096025582e-9	3.151300540933148	0.9999998003619599	4.91531854407026	0.000035784509395449326	11.278305343861112	374.5470874652083	9.097421203026485	0.9999618157074838	81.39468396383981	241.9243980662426	1.6842142175286223
3.612154682274247	1.5150501672240804	3.9435690548577176	4.750244664023679e-9	3.1513019722019644	0.9999998055969221	4.915324925756528	0.00003506509966692494	11.278294685341596	374.99170316495446	9.097440649567492	0.9999622948886753	81.45710194489953	241.9249703502034	1.6842130829188728
3.6163695652173913	1.5150501672240804	3.943570894931088	4.59488466889934e-9	3.1513033852933456	0.9999998106945966	4.9153312038632455	0.00003436019271030412	11.27828424254912	375.436310762187	9.09745985387916	0.9999627679241024	81.51948763720664	241.92553459583166	1.6842119852712047
3.6205844481605354	1.5150501672240804	3.943572710156126	4.444606257844407e-9	3.151304780444958	0.9999998156585843	4.915337380116678	0.00003366949505026735	11.278274011267825	375.88091038999374	9.097478819038066	0.9999632348945768	81.58184110697529	241.92609091622583	1.6842109236914906
3.624799331103679	1.5150501672240804	3.943574500883731	4.299243200704914e-9	3.1513061578912445	0.9999998204923918	4.9153434562138	0.000032992719183011584	11.278263987362653	376.3255021792213	9.097497548080804	0.999963695879816	81.64416242007279	241.9266394228802	1.6842098973050914
3.6290142140468227	1.5150501672240804	3.943576267459579	4.15863470597754e-9	3.1513075178634535	0.9999998251994335	4.915349433822781	0.00003232958345372649	11.278254166777774	376.7700862585115	9.097516044004463	0.9999641509584589	81.70645164202216	241.9271802257041	1.6842089052564397
3.6332290969899663	1.5150501672240804	3.9435780102242513	4.022625242828736e-9	3.1513088605897273	0.9999998297830349	4.915355314583552	0.0000316798119366133	11.278244545535225	377.2146627543478	9.097534309767346	0.9999646002080805	81.76870883800689	241.92771343305589	1.684207946708677
3.6374439799331104	1.5150501672240804	3.943579729513252	3.8910643689421256e-9	3.1513101862950963	0.9999998342464328	4.915361100108197	0.00003104313431740244	11.278235119733257	377.65923179108165	9.097552348289257	0.9999650437052072	81.83093407287207	241.92823915175202	1.6842070208432205
3.641658862876254	1.5150501672240804	3.943581425657145	3.763806563999055e-9	3.1513114952015693	0.9999998385927806	4.915366791981509	0.000030419285778304193	11.278225885544998	378.1037934909779	9.097570162452222	0.9999654815253316	81.89312741112931	241.92875748710054	1.6842061268594333
3.645873745819398	1.5150501672240804	3.9435830989815854	3.6407110686120393e-9	3.1513127875281337	0.9999998428251476	4.9153723917614025	0.000029808006885355347	11.278216839216999	378.54834797424576	9.097587755100827	0.9999659137429261	81.95528891695841	241.92926854291414	1.6842052639741956
3.650088628762542	1.5150501672240804	3.9435847498074104	3.5216417285295296e-9	3.151314063490822	0.9999998469465244	4.915377900979387	0.000029209043478097168	11.2782079770678	378.99289535907417	9.097605129042742	0.9999663404314582	82.01741865421052	241.92977242153327	1.6842044314215605
3.6543035117056855	1.5150501672240804	3.943586378450742	3.4064668439399193e-9	3.1513153233027618	0.9999998509598215	4.915383321141063	0.000028622146561544166	11.278199295486653	379.43743576167157	9.097622287049374	0.9999667616634039	82.07951668641232	241.9302692238547	1.6842036284524269
3.658518394648829	1.5150501672240804	3.943587985223023	3.295059023709822e-9	3.151316567174196	0.9999998548678731	4.9153886537265095	0.00002804707220039392	11.2781907909321	379.88196929629447	9.097639231856153	0.999967177510262	82.14158307676769	241.93075904934358	1.684202854334142
3.662733277591973	1.5150501672240804	3.9435895704311066	3.1872950443923028e-9	3.1513177953125333	0.9999998586734404	4.915393900190745	0.000027483581415428986	11.278182459930676	380.3264960752834	9.0976559661631	0.9999675880425671	82.20361788816093	241.93124199605688	1.6842021083501824
3.6669481605351173	1.5150501672240804	3.9435911343773196	3.083055713850533e-9	3.151319007922388	0.9999998623792116	4.915399061964154	0.000026931440082063093	11.278174299075626	380.7710162090949	9.097672492635265	0.9999679933299038	82.2656211831598	241.93171816066317	1.684201389799802
3.671163043478261	1.5150501672240804	3.9435926773595456	2.982225739345015e-9	3.151320205205613	0.9999998659878031	4.915404140452915	0.000026390418830991373	11.27816630502564	381.2155298063351	9.097688813903224	0.9999683934409193	82.32759302401817	241.9321876384635	1.6842006979977109
3.6753779264214046	1.5150501672240804	3.943594199671293	2.884693599938626e-9	3.1513213873613592	0.9999998695017642	4.915409137039421	0.000025860292950894174	11.278158474503611	381.660036973792	9.09770493256358	0.9999687884433367	82.38953347267946	241.93265052341377	1.684200032273779
3.6795928093645482	1.5150501672240804	3.9435957016017404	2.790351423078278e-9	3.1513225545860792	0.9999998729235765	4.915414053082654	0.000025340842293157945	11.278150804295377	382.1045378164626	9.09772085117926	0.9999691784039683	82.45144259077824	241.93310690813533	1.6841993919726561
3.6838076923076923	1.5150501672240804	3.943597183435835	2.6990948652154418e-9	3.151323707073601	0.9999998762556569	4.915418889918634	0.000024831851178563386	11.278143291248602	382.54903243759014	9.097736572280132	0.9999695633887272	82.51332043964405	241.93355688394402	1.6841987764535142
3.688022575250836	1.5150501672240804	3.943598645454327	2.61082299633463e-9	3.1513248450151337	0.9999998795003588	4.9154236488607586	0.000024333108305906323	11.278135932271516	382.99352093868714	9.097752098363317	0.9999699434626412	82.57516708030333	241.93400054086078	1.6841981850897143
3.69223745819398	1.5150501672240804	3.9436000879338606	2.525438188260495e-9	3.1513259685993282	0.9999998826599743	4.915428331200233	0.000023844406662503843	11.278128724331797	383.43800341957024	9.097767431893695	0.999970318689864	82.63698257348257	241.93443796763526	1.6841976172685418
3.6964523411371237	1.5150501672240804	3.9436015111470337	2.4428460066210966e-9	3.1513270780123075	0.9999998857367347	4.915432938206453	0.000023365543436553076	11.278121664455515	383.88247997838926	9.097782575304358	0.9999706891336876	82.69876697961121	241.9348692517646	1.6841970723908766
3.7006672240802674	1.5150501672240804	3.943602915362443	2.3629551063470403e-9	3.151328173437688	0.9999998887328124	4.915437471127334	0.000022896319931298273	11.278114749725873	384.32695071165125	9.097797530996944	0.9999710548565544	82.76052035882357	241.93529447950758	1.6841965498709393
3.704882107023411	1.5150501672240804	3.9436043008447577	2.285677130590443e-9	3.151329255056632	0.9999998916503243	4.915441931189714	0.00002243654148097121	11.278107977282247	384.7714157142527	9.09781230134209	0.9999714159200692	82.82224277096164	241.93571373590294	1.6841960491359835
3.709096989966555	1.5150501672240804	3.9436056678547833	2.2109266129522448e-9	3.1513303230478713	0.9999998944913302	4.9154463195997105	0.000021986017368465067	11.278101344319065	385.2158750795063	9.09782688867988	0.9999717723850106	82.88393427557811	241.93612710478988	1.6841955696260444
3.713311872909699	1.5150501672240804	3.943607016649507	2.138620882909497e-9	3.1513313775877423	0.999999897257837	4.9154506375430564	0.000021544560744709803	11.27809484808477	385.66032889916613	9.097841295320157	0.9999721243113421	82.94559493193798	241.9365346688204	1.684195110793642
3.717526755852843	1.5150501672240804	3.943608347482184	2.0686799743372914e-9	3.1513324188502327	0.9999998999517984	4.915454886185484	0.00002111198854970604	11.278088485880792	386.10477726345766	9.097855523543087	0.9999724717582238	83.00722479902252	241.93693650948435	1.6841946721035783
3.7217416387959865	1.5150501672240804	3.9436096606023643	2.001026537025109e-9	3.151333447006997	0.9999999025751167	4.915459066673031	0.00002068812143519317	11.278082255060543	386.5492202611013	9.09786957559938	0.9999728147840237	83.06882393553028	241.93733270711684	1.684194253032608
3.72595652173913	1.5150501672240804	3.943610956255952	1.9355857510886258e-9	3.1513344622273856	0.9999999051296452	4.915463180132379	0.000020272783688906306	11.278076153028419	386.993657979337	9.097883453710695	0.999973153446328	83.13039239987972	241.93772334091648	1.6841938530692
3.7301714046822743	1.5150501672240804	3.9436122346853004	1.872285244181928e-9	3.15133546467851	0.9999999076171872	4.915467227671236	0.000019865803160395836	11.278070177238874	387.43809050395595	9.097897160070225	0.9999734878019525	83.19193025021328	241.93810848897172	1.6841934717133613
3.734386287625418	1.5150501672240804	3.943613496129204	1.811055011420273e-9	3.1513364545252234	0.9999999100394997	4.915471210378573	0.00001946701118837697	11.278064325195372	387.8825179193149	9.097910696842757	0.999973817906953	83.25343754439703	241.93848822825947	1.6841931084762858
3.738601170568562	1.5150501672240804	3.9436147408230156	1.7518273379219574e-9	3.151337431930206	0.9999999123982936	4.915475129325038	0.000019076242529571687	11.278058594449577	388.32694030837195	9.097924066165357	0.9999741438166361	83.31491434002587	241.93886263467869	1.6841927628802142
3.7428160535117057	1.5150501672240804	3.943615968998651	1.6945367238861523e-9	3.1513383970539532	0.9999999146952351	4.91547898556319	0.00001869333528901874	11.278052982600345	388.7713577527015	9.097937270147494	0.9999744655855688	83.37636069442357	241.9392317830514	1.6841924344581332
3.7470309364548493	1.5150501672240804	3.94361718088466	1.6391198121218976e-9	3.1513393500548155	0.9999999169319449	4.915482780127855	0.00001831813085181655	11.27804748729285	389.2157703325219	9.097950310871518	0.9999747832675894	83.43777666464628	241.93959574714557	1.6841921227535737
3.751245819397993	1.5150501672240804	3.9436183767062962	1.585515317948642e-9	3.151340291089057	0.9999999191100037	4.915486514036429	0.000017950473816269513	11.27804210621774	389.6601781267198	9.097963190393072	0.9999750969158173	83.4991623074851	241.93995459969182	1.6841918273204206
3.755460702341137	1.5150501672240804	3.943619556685527	1.5336639613913003e-9	3.151341220310841	0.9999999212309496	4.915490188289137	0.00001759021192841176	11.278036837110212	390.1045812128689	9.09797591074128	0.9999754065826632	83.5605176794671	241.94030841239055	1.684191547722623
3.759675585284281	1.5150501672240804	3.943620721041111	1.4835084015933526e-9	3.1513421378722826	0.9999999232962801	4.915493803869364	0.00001723719601787484	11.2780316777492	390.5489796672547	9.09798847391921	0.9999757123198378	83.62184283685839	241.94065725593185	1.6841912835340362
3.763890468227425	1.5150501672240804	3.943621869988663	1.4349931733765236e-9	3.1513430439234917	0.9999999253074533	4.91549736174395	0.000016891279935074393	11.278026625956564	390.99337356489895	9.098000881904309	0.9999760141783635	83.68313783566711	241.94100120001525	1.6841910343382223
3.7681053511705684	1.5150501672240804	3.9436230037406506	1.3880646258767263e-9	3.151343938612561	0.9999999272658903	4.915500862863424	0.000016552320489688526	11.278021679596229	391.4377629795756	9.098013136648447	0.9999763122085812	83.74440273164338	241.94134031334798	1.684190799728164
3.772320234113712	1.5150501672240804	3.943624122506485	1.3426708631873403e-9	3.1513448220856253	0.9999999291729734	4.91550430816232	0.00001622017739039893	11.278016836573377	391.8821479838349	9.098025240078554	0.9999766064601621	83.80563758028366	241.94167466367557	1.684190579306167
3.776535117056856	1.5150501672240804	3.943625226492562	1.2987616869451679e-9	3.1513456944868854	0.9999999310300495	4.915507698559457	0.000015894713185869516	11.278012094833741	392.3265286490268	9.098037194096822	0.9999768969821153	83.86684243683203	241.94200431778822	1.6841903726835956
3.78075	1.5150501672240804	3.9436263159022857	1.2562885407951773e-9	3.1513465559586185	0.9999999328384302	4.915511034958167	0.000015575793206937933	11.27800745236271	392.7709050453151	9.098049000580978	0.9999771838227978	83.9280173562819	241.9423293415319	1.684190179480704