2.5205	1.588628762541806	3.8452917492486054	0.000041336539723875766	3.0014293645569685	0.999672908981688	4.748940626020829	0.009909661572706535	11.229836100449276	248.22515862208112	8.629497250656243	0.9985811613430083	61.837551222744615	239.99150689847175	1.5823750484285684
2.524714882943144	1.588628762541806	3.8454087346118957	0.00003999958050878596	3.001485363125089	0.9996812339803638	4.749616463016751	0.009690050956400612	11.227518562883871	248.71028439602438	8.630123279741117	0.9986010367207212	61.91123235997058	240.019364893173	1.5817165349908398
2.528929765886288	1.588628762541806	3.845523586619528	0.00003870614413322014	3.001540533059102	0.9996893444451006	4.7502795045249036	0.009475658594746365	11.22525116577237	249.19428395234888	8.630740631411639	0.9986206090210327	61.98482163769063	240.04681198777618	1.5810726092970846
2.5331446488294316	1.588628762541806	3.8456363493519756	0.00003745479909518971	3.001594887530527	0.9996972460248698	4.750930019903382	0.00926634788428277	11.223032711442501	249.67718339275595	8.631349438621868	0.9986398834568603	62.058319828608106	240.07385472825766	1.5804429298115
2.5373595317725752	1.588628762541806	3.845747065853196	0.000036244161756032214	3.0016484394821434	0.9997049442143543	4.751568271916998	0.009061986248147563	11.220862034559854	250.15900810095698	8.631949831955925	0.9986588651363788	62.131727692287875	240.10049954244832	1.5798271636541827
2.5415744147157193	1.588628762541806	3.8458557781579765	0.0000350728946979603	3.0017012016325153	0.9997124443584187	4.7521945169291895	0.008862445001618237	11.218738001145436	250.63978276619844	8.632541939679319	0.9986775590655138	62.20504597547155	240.12675274257276	1.5792249863626011
2.545789297658863	1.588628762541806	3.8459625273183793	0.00003393970514027981	3.0017531864803115	0.9997197516564408	4.7528090050872756	0.008667599222670245	11.216659507625371	251.11953140588324	8.633125887788319	0.9986959701503678	62.27827541237976	240.15262052769	1.578636081659771
2.550004180602007	1.588628762541806	3.8460673534295697	0.00003284334341202845	3.001804406308631	0.999726871166502	4.753411980501618	0.008477327627346345	11.214625479912009	251.59827738735132	8.63370180005869	0.9987141031995785	62.351416725009464	240.17810898610622	1.5780601412293906
2.5542190635451507	1.588628762541806	3.8461702956548054	0.00003178260147893205	3.001854873189136	0.999733807809449	4.754003681418601	0.00829151244974673	11.212634872515096	252.07604344883003	8.634269798092667	0.9987319629266123	62.42447062341946	240.2032240976989	1.577496864497386
2.5584339464882944	1.588628762541806	3.846271392249798	0.00003075631152261704	3.001904598986164	0.9997405663728296	4.754584340387927	0.00811003932645102	11.210686667682255	252.55285171960907	8.634830001365112	0.998749553951995	62.49743780600986	240.22797173620273	1.5769459584199188
2.5626488294314385	1.588628762541806	3.846370680586347	0.000029763344570131538	3.001953595360712	0.9997471515147047	4.755154184424267	0.007932797185195874	11.208779874567666	253.02872373945843	8.635382527268291	0.9987668808054821	62.570318959792445	240.25235767142732	1.576407137277567
2.566863712374582	1.588628762541806	3.8464681971753154	0.00002880260917189063	3.002001873774331	0.9997535677673395	4.755713435163546	0.007759678137636439	11.20691352842803	253.5036804773287	8.635927491155599	0.9987839479281692	62.643114760653425	240.27638757142324	1.5758801224755068
2.5710785953177258	1.588628762541806	3.8465639776889606	0.000027873050126239255	3.002049445492949	0.9997598195407855	4.756262309014067	0.007590577376028329	11.205086689844936	253.97774234936008	8.636465006384217	0.9988007596745451	62.715825873609134	240.3000670045974	1.5753646423495673
2.57529347826087	1.588628762541806	3.8466580569826423	0.00002697364724890322	3.0020963215906056	0.9997659111263482	4.756801017302645	0.007425393073673593	11.203298443972699	254.45092923623068	8.636995184356643	0.9988173203144904	62.78845295305396	240.32340144177152	1.5748604319779362
2.5795083612040135	1.588628762541806	3.8467504691158965	0.00002610341418566486	3.0021425129530943	0.9997718466999513	4.757329766415931	0.007264026288979945	11.201547899810812	254.9232604998678	8.637518134561212	0.9988336340352212	62.86099664300149	240.3463962581926	1.5743672329983827
2.583723244147157	1.588628762541806	3.8468412473729265	0.000025261397266665745	3.0021880302815296	0.9997776303253956	4.7578487579371185	0.007106380872990203	11.1998341895002	255.3947549995529	8.638033964611575	0.9988497049431801	62.933457577318414	240.36905673549097	1.57388479343078
2.5879381270903012	1.588628762541806	3.8469304242825166	0.00002444667440080056	3.002232884095831	0.9997832659575193	4.758358188778205	0.006952363380243053	11.198156467642395	255.86543110744137	8.638542780285235	0.9988655370658786	63.005836379952406	240.39138806359438	1.573412867504879
2.592153010033445	1.588628762541806	3.847018031637401	0.000023658354008730712	3.002277084738157	0.9997887574452631	4.758858251307979	0.00680188298283415	11.196513910640949	256.3353067235241	8.63904468556119	0.9988811343536876	63.07813366515358	240.41339534259674	1.5729512154930707
2.596367892976589	1.588628762541806	3.8471041005130577	0.00002289557399310392	3.0023206423762216	0.9997941085346413	4.759349133475849	0.00665485138755053	11.194905716064273	256.8043992900512	8.639539782656497	0.998896500681583	63.15035003768915	240.4350835845742	1.5724996035480234
2.6005827759197326	1.588628762541806	3.847188661285988	0.000022157500744616238	3.0023635670065714	0.9997993228716263	4.759831018931706	0.006511182755957215	11.19333110202908	257.2727258054385	8.640028172062038	0.9989116398508424	63.22248609305247	240.45645771536286	1.5720578035450374
2.6047976588628763	1.588628762541806	3.8472717436514867	0.000021443328182611757	3.002405868457773	0.9998044040049404	4.760304087141959	0.00637079362732011	11.1917893066039	257.74030283768286	8.640509952577403	0.9989265555906993	63.29454241766638	240.47752257629307	1.5716255929290293
2.6090125418060204	1.588628762541806	3.847353376640921	0.00002075227682896314	3.0024475563935504	0.99980935538877	4.7607685135018745	0.006233602844254062	11.190279587231823	258.207146537301	8.64098522134493	0.9989412515599523	63.366519589080795	240.49828292588165	1.5712027545659346
2.613227424749164	1.588628762541806	3.8474335886385074	0.00002008359291402758	3.00248864031584	0.9998141803853954	4.761224469444362	0.006099531480989187	11.188801220171888	258.6732726498128	8.641454073882885	0.9989557313485325	63.43841817616483	240.51874344148345	1.5707890765984232
2.6174423076923077	1.588628762541806	3.8475124073976246	0.000019436547513514698	3.0025291295677747	0.9998188822677425	4.761672122545304	0.0059685027741539585	11.187353499958443	259.1386965277874	8.641916604117837	0.9989699984790303	63.51023873929349	240.53890872090204	1.5703843523057819
2.6216571906354518	1.588628762541806	3.8475898600566945	0.000018810435715151453	3.002569033336639	0.9998234642218613	4.7621116366256215	0.005840442055976889	11.185935738877856	259.6034331424697	8.642372904416336	0.9989840564081818	63.58198183052981	240.55878328396705	1.5699883799679255
2.6258720735785954	1.588628762541806	3.8476659731545753	0.000018204575814074184	3.002608360656701	0.9998279293493262	4.762543171850097	0.005715276689813532	11.184547266461985	260.06749709500167	8.642823065615648	0.9989979085283174	63.65364799380101	240.5783715740651	1.5696009627332042
2.6300869565217395	1.588628762541806	3.84774077264558	0.000017618308535908702	3.002647120412058	0.9998322806695714	4.762966884823184	0.0055929360079083525	11.18318742899786	260.530902627259	8.643267177054014	0.9990115581687722	63.725237765071164	240.59767795964734	1.569221908490173
2.634301839464883	1.588628762541806	3.8478142839140346	0.000017050996286553244	3.002685321339357	0.9998365211221509	4.76338292868181	0.005473351251306191	11.18185558905295	260.9936636323138	8.643705326599925	0.9990250085972612	63.79675167250804	240.61670673568835	1.568851029742935
2.638516722408027	1.588628762541806	3.8478865317884563	0.000016502022427704495	3.0027229720304973	0.999840653568939	4.763791453185324	0.005356455511830561	11.18055112501553	261.45579366453916	8.644137600680898	0.9990382630212177	63.8681902366462	240.6354621251215	1.5684881434901272
2.642731605351171	1.588628762541806	3.847957540555334	0.000015970790577209747	3.0027600809352646	0.9998446807962615	4.764192604802718	0.005242183676049628	11.179273430649609	261.9173059493714	8.644564084311462	0.9990513245890987	63.939553970545354	240.65394828023454	1.5681330711073587
2.6469464882943146	1.588628762541806	3.848027333972524	0.000015456723933360956	3.0027966563639064	0.9998486055169662	4.764586526797141	0.005130472371154572	11.178021914663926	262.37821339274046	8.644984861120522	0.9990641963916572	64.01084337994462	240.67216928403516	1.567785638233017
2.651161371237458	1.588628762541806	3.848095935282297	0.00001495926462227833	3.0028327064896696	0.999852430372434	4.7649733593079056	0.005021259912677039	11.176796000294537	262.8385285901848	8.64540001337813	0.9990768814631809	64.08205896341296	240.69012915158743	1.5674456746573575
2.6553762541806023	1.588628762541806	3.848163367223986	0.00001447787306756883	3.0028682393512565	0.9998561579345308	4.765353239429943	0.0049144862539769575	11.175595124900463	263.29826383565717	8.645809622021474	0.9990893827827012	64.15320121249471	240.70783183130936	1.5671130142146843
2.659591137123746	1.588628762541806	3.8482296520463333	0.000014012027381465323	3.0029032628552654	0.999859790707503	4.7657263012909485	0.004810092937433077	11.174418739572106	263.7574311300419	8.646213766680487	0.9991017032751707	64.22427061185269	240.7252812062521	1.5667874946786904
2.6638060200668896	1.588628762541806	3.848294811519477	0.000013561222776693237	3.0029377847785597	0.9998633311298178	4.76609267612617	0.004708023047273057	11.173266308751774	264.21604218938484	8.6466125257027	0.999113845812612	64.2952676394064	240.7424810953425	1.5664689576607118
2.6680209030100337	1.588628762541806	3.8483588669465987	0.000013124970998330848	3.002971812770582	0.9998667815759518	4.766452492350956	0.004608221163981127	11.172137309866086	264.67410845285355	8.647005976177505	0.9991258132152366	64.36619276646685	240.75943525459516	1.566157248510848
2.6722357859531773	1.588628762541806	3.84842183917529	0.000012702799774960342	3.0030053543556536	0.9998701443581279	4.766805875631221	0.0045106333202247495	11.171031232969789	265.1316410904373	8.64739419396006	0.999137608252538	64.4370464578687	240.7761473783088	1.5658522162219501
2.6764506688963214	1.588628762541806	3.84848374860856	0.000012294252288433796	3.0030384169351803	0.9998734217280011	4.767152948951745	0.004415206958243778	11.169947580400562	265.5886510103924	8.64777725369434	0.999149233644355	64.5078291720974	240.79262110021804	1.565553713336209
2.680665551839465	1.588628762541806	3.848544615215605	0.000011898886661598848	3.0030710077898655	0.9998766158782976	4.767493832682555	0.00432189088864789	11.168885866444489	266.0451488664486	8.648155228836	0.9991606920619116	64.57854136141506	240.80885999463922	1.5652615958544753
2.6848804347826087	1.588628762541806	3.848604458542241	0.000011516275463358637	3.0031031340818397	0.9998797289444059	4.7678286446433145	0.004230635250570359	11.167845617011817	266.5011450647807	8.648528191674483	0.9991719861288292	64.64918347198147	240.82486757757613	1.5649757231480665
2.689095317725753	1.588628762541806	3.848663297721062	0.000011146005230459262	3.00313480285676	0.9998827630059249	4.768157500165838	0.0041413914731284335	11.166826369322616	266.95664977075484	8.648896213354671	0.9991831184221149	64.71975594397271	240.84064730780435	1.5646959578730155
2.6933102006688965	1.588628762541806	3.848721151481343	0.00001078767600542128	3.0031660210458715	0.9998857200881658	4.768480512154834	0.004054112238142215	11.165827671602077	267.4116729154598	8.649259363898125	0.9991940914731261	64.79025921169658	240.856202587935	1.5644221658867914
2.69752508361204	1.588628762541806	3.848778038158658	0.000010440900890053746	3.0031967954680208	0.9998886021636113	4.768797791146869	0.003968751444066086	11.164849082785059	267.8662242020306	8.649617712223751	0.9992049077685102	64.86069370370535	240.87153676545137	1.564154216167256
2.7017399665551842	1.588628762541806	3.8488339757042698	0.000010105305614009093	3.0032271328316495	0.9998914111533372	4.769109445367678	0.0038852641710891093	11.163890172229642	268.3203131117712	8.649971326168188	0.9992155697511236	64.93105984290597	240.88665313372994	1.5638919807339515
2.705954849498328	1.588628762541806	3.848888981694223	9.780528117859226e-6	3.0032570397367095	0.9998941489283886	4.769415580787781	0.0038036066473613747	11.162950519439253	268.7739489100817	8.650320272505457	0.9992260798209266	65.00135804666633	240.90155493302623	1.5636353345714937
2.7101697324414715	1.588628762541806	3.848943073338241	9.466218150185596e-6	3.0032865226765812	0.9998968173111216	4.76971630117659	0.0037237362163060482	11.162029713793274	269.22714065220345	8.650664616966434	0.9992364403358582	65.07158872692031	240.91624535145144	1.5633841555551338
2.7143846153846156	1.588628762541806	3.8489962674883533	9.16203687820362e-6	3.0033155880399267	0.9998994180765062	4.770011708154942	0.0036456113049780393	11.161127354285652	269.6798971887806	8.651004424257751	0.9992466536126892	65.14175229026924	240.93072752592064	1.5631383243783306
2.7185994983277593	1.588628762541806	3.8490485806473096	8.867656511450479e-6	3.0033442421125134	0.9999019529533902	4.770301901246163	0.0035691913934319413	11.160243049271369	270.1322271712507	8.651339758080313	0.9992567219278551	65.2118491380811	240.94500454308252	1.5628977244823539
2.7228143812709034	1.588628762541806	3.8491000289767894	8.582759938087239e-6	3.0033724910790283	0.9999044236257342	4.770586977925756	0.0034944369850625533	11.15937641622052	270.584139057071	8.651670681147534	0.9992666475182695	65.28187966658834	240.95907944023534	1.5626622419878171
2.727029264214047	1.588628762541806	3.849150628305354	8.30704037338246e-6	3.003400341024812	0.9999068317338037	4.770867033669614	0.003421309577884572	11.158527081479587	271.0356411147771	8.651997255202957	0.9992764325821182	65.35184426698139	240.9729552062113	1.5624317656280418
2.7312441471571907	1.588628762541806	3.8492003941362065	8.040201019956563e-6	3.0034277979375754	0.9999091788753345	4.771142162000958	0.0033497716367171123	11.157694680039889	271.4867414288928	8.652319541037569	0.9992860792796341	65.42174332550094	240.98663478224628	1.5622061866842334
2.7354590301003348	1.588628762541806	3.8492493416547933	7.781954739383412e-6	3.003454867709122	0.9999114666066632	4.77141245453601	0.0032797865662416103	11.156878855312833	271.93744790468867	8.652637598506985	0.9992955897338547	65.49157722352926	241.00012106284478	1.561985398922544
2.7396739130434784	1.588628762541806	3.849297485736117	7.53202373476271e-6	3.003481556136969	0.9999136964438264	4.771678001028323	0.003211318684902667	11.156079258911749	272.38776827279355	8.652951486547822	0.9993049660313612	65.56134633767637	241.0134168966017	1.5617692985326472
2.743888795986622	1.588628762541806	3.8493448409519533	7.290139243883215e-6	3.003507868926003	0.999915869863631	4.771938889411996	0.0031443331996215728	11.155295550440187	272.8377100936715	8.653261263194148	0.9993142102230008	65.63105103986724	241.02652508702997	1.5615577840681467
2.748103678929766	1.588628762541806	3.8493914215778027	7.056041242619017e-6	3.003533811690049	0.9999179883046927	4.772195205843629	0.003078796181295007	11.154527397286294	273.28728076195864	8.653566985593251	0.9993233243245923	65.70069169742469	241.0394483933537	1.5613507563884825
2.75231856187291	1.588628762541806	3.849437241599718	6.8294781582069e-6	3.003559389953449	0.9999200531684456	4.772447034743225	0.003014674541051148	11.153774474423304	273.73648751067554	8.653868710021326	0.9993323103176145	65.77026867315158	241.05218953129787	1.5611481186024718
2.7565334448160534	1.588628762541806	3.8494823147209245	6.610206592068521e-6	3.0035846091525924	0.9999220658201291	4.772694458833925	0.0029519360072369004	11.153036464215704	274.1853374153106	8.65416649189867	0.9993411701498804	65.83978232541061	241.06475117385273	1.560949776013309
2.7607483277591975	1.588628762541806	3.849526654368279	6.3979910518535376e-6	3.0036094746374244	0.9999240275897409	4.772937559180722	0.0028905491031113724	11.152313056231078	274.63383739778516	8.65446038580462	0.9993499057361945	65.90923300820235	241.07713595202532	1.5607556360650778
2.764963210702341	1.588628762541806	3.8495702736985624	6.192603692388503e-6	3.0036339916729147	0.9999259397729667	4.773176415228111	0.0028304831252212326	11.151603947057318	275.08199423029845	8.654750445492184	0.9993585189589955	65.97862107124138	241.0893464555774	1.5605656082906856
2.7691780936454853	1.588628762541806	3.8496131856046234	5.993824065229691e-6	3.0036581654405237	0.9999278036320872	4.77341110483678	0.0027717081224343312	11.150908840125146	275.5298145390645	8.655036723902388	0.9993670116689847	66.04794686003106	241.10138523374727	1.5603796042611715
2.773392976588629	1.588628762541806	3.8496554027213317	5.801438876529044e-6	3.0036820010396053	0.9999296203968555	4.773641704319278	0.002714194875609588	11.150227445535624	275.97730480793444	8.655319273178232	0.9993753856857398	66.11721071593593	241.1132547959531	1.5601975375363646
2.7776078595317726	1.588628762541806	3.8496969374314114	5.615241752929465e-6	3.003705503488811	0.9999313912653549	4.773868288474781	0.002657914877881195	11.149559479892648	276.4244713819175	8.655598144678446	0.9993836427983146	66.18641297625278	241.12495761248613	1.5600193236168396
2.7818227424749167	1.588628762541806	3.8497378018711284	5.4350330152188365e-6	3.0037286777274685	0.9999331174048287	4.774090930622973	0.00260284031553647	11.148904666140233	276.87132047060084	8.655873388990994	0.9993917847658262	66.25555397428073	241.13649611519142	1.5598448798971838
2.7860376254180603	1.588628762541806	3.849778007935796	5.260619459481591e-6	3.003751528616908	0.9999347999524923	4.774309702636952	0.002548944049467501	11.148262733404229	277.31785815146486	8.656145055946158	0.999399813318028	66.32463403938829	241.14787269812774	1.5596741256204345
2.790252508361204	1.588628762541806	3.8498175672851813	5.091814145491706e-6	3.0037740609417893	0.9999364400163205	4.774524674975392	0.0024961995971769244	11.147633416838751	277.7640903731115	8.656413194629483	0.9994077301558699	66.3936534970803	241.1590897182198	1.5595069818337437
2.794467391304348	1.588628762541806	3.8498564913487687	4.9284361921056836e-6	3.0037962794114095	0.9999380386758132	4.774735916713808	0.0024445811153197662	11.14701645747671	278.2100229583957	8.656677853394495	0.9994155369520471	66.46261266906299	241.17014949590097	1.5593433713452516
2.7986822742474917	1.588628762541806	3.849894791330867	4.770310579417995e-6	3.003818188660955	0.999939596982742	4.774943495575037	0.0023940633827631503	11.146411602084664	278.6556616074691	8.65693907987498	0.9994232353515357	66.53151187330705	241.18105431573122	1.5591832186819816
2.8028971571906354	1.588628762541806	3.8499324782156106	4.617267957452061e-6	3.003839793252756	0.999941115961874	4.775147477958929	0.0023446217841468437	11.14581860302164	279.10101190073686	8.657196920997192	0.9994308269721163	66.60035142410986	241.1918064270143	1.5590264500489248
2.8071120401337795	1.588628762541806	3.849969562771832	4.469144461166099e-6	3.003861097677513	0.9999425966116808	4.775347928971288	0.0022962322939279432	11.145237218101917	279.54607930173387	8.657451422991723	0.9994383134048875	66.6691316321562	241.20240804439672	1.558872993289135
2.811326923076923	1.588628762541806	3.85000605555781	4.325781531562908e-6	3.0038821063555003	0.9999440399050232	4.775544912452095	0.0022488714608939553	11.144667210461618	279.99086915991757	8.657702631405193	0.9994456962147666	66.73785280457777	241.2128613484576	1.558722777844906
2.815541806020067	1.588628762541806	3.8500419669259047	4.187025742697275e-6	3.0039028236377465	0.9999454467898202	4.775738491002991	0.0022025163931286016	11.144108348428967	280.43538671338536	8.65795059111168	0.9994529769409802	66.80651524501123	241.22316848628626	1.5585757347199103
2.819756688963211	1.588628762541806	3.8500773070270644	4.0527286343846526e-6	3.003923253807185	0.9999468181896991	4.775928726014077	0.002157144743415906	11.143560405398118	280.87963709151404	8.658195346323891	0.9994601570975437	66.87511925365489	241.233331572046	1.55843179644232
2.8239715719063545	1.588628762541806	3.850112085815241	3.922746550418793e-6	3.003943401079805	0.9999481550046301	4.776115677690057	0.0021127346950678815	11.143023159706429	281.32362531752955	8.658436940604188	0.9994672381737304	66.94366512732459	241.24335268753111	1.5582908970289129
2.8281864548494986	1.588628762541806	3.8501463130516833	3.7969404821147362e-6	3.003963269605761	0.9999494581115398	4.776299405075724	0.002069264948162414	11.142496394515167	281.76735631100416	8.658675416875347	0.9994742216345314	67.0121531595081	241.2532338827111	1.5581529719500498
2.8324013377926422	1.588628762541806	3.8501799983091236	3.6751759169989156e-6	3.003982863470469	0.9999507283649133	4.776479966080784	0.002026714706177924	11.141979897693309	282.21083489028393	8.6589108174311	0.9994811089211039	67.08058364041817	241.26297717626238	1.5580179580955777
2.836616220735786	1.588628762541806	3.850213150975873	3.5573226924739725e-6	3.0040021866956903	0.9999519665973763	4.776657417504129	0.0019850636630118755	11.141473461704681	282.65406577485464	8.659143183946513	0.9994879014512115	67.14895685704501	241.2725845560935	1.557885793741601
2.84083110367893	1.588628762541806	3.8502457802598107	3.443254854292666e-6	3.004021243240585	0.9999531736202629	4.776831815057444	0.0019442919903711925	11.140976883497979	283.09705358763875	8.65937255748816	0.9994946006196541	67.21727309320742	241.28205797985936	1.5577564185181083
2.8450459866220736	1.588628762541806	3.8502778951922627	3.3328505196804504e-6	3.0040400370027456	0.9999543502241701	4.777003213388275	0.0019043803255222565	11.140489964399862	283.5398028572321	8.65959897852398	0.9995012077986889	67.28553262960202	241.29139937545892	1.5576297733773643
2.8492608695652173	1.588628762541806	3.850309504631817	3.225991744950934e-6	3.0040585718192316	0.9999554971794942	4.7771716661025385	0.0018653097593893746	11.14001251001087	283.9823180200823	8.659822486933185	0.9995077243384428	67.35373574385335	241.30061064153702	1.5575058005632019
2.8534757525083614	1.588628762541806	3.850340617268025	3.12256439746581e-6	3.0040768514675613	0.9999566152369538	4.777337225786472	0.0018270618249903515	11.139544330104167	284.42460342260756	8.660043122015797	0.9995141515673154	67.42188271056133	241.30969364796638	1.557384443581
2.857690635451505	1.588628762541806	3.850371241625006	3.0224580317939623e-6	3.0040948796667	0.9999577051281027	4.777499944028034	0.0017896184861988353	11.139085238526906	284.8666633232566	8.660260922501974	0.9995204907923738	67.48997380134794	241.31865023631912	1.5572656471684607
2.861905518394649	1.588628762541806	3.8504013860649837	2.9255657699299696e-6	3.004112660078018	0.9999587675658235	4.777659871437826	0.00175296212682278	11.1386350531043	285.3085018945182	8.660475926561292	0.99952674329974	67.55800928490342	241.32748222033604	1.5571493572670987
2.8661204013377928	1.588628762541806	3.8504310587917328	2.831784185437449e-6	3.004130196306255	0.9999598032448119	4.777817057669482	0.0017170755399893926	11.138193595546154	285.7501232248746	8.660688171811799	0.9995329103549684	67.62598942703163	241.33619138638517	1.5570355209944957
2.8703352842809364	1.588628762541806	3.850460267853942	2.741013191386813e-6	3.0041474919004436	0.9999608128420469	4.777971551439604	0.0016819419178267959	11.13776069135597	286.19153132070613	8.660897695328886	0.9995389932034169	67.69391449069398	241.34477949391032	1.5569240866171774
2.8745501672240805	1.588628762541806	3.8504890211484932	2.6531559319615384e-6	3.0041645503548304	0.9999617970172487	4.778123400547184	0.0016475448414332151	11.13733616974231	286.6327301081433	8.661104533653992	0.9995449930706095	67.76178473605283	241.35324827587186	1.5568150035242254
2.878765050167224	1.588628762541806	3.8505173264236534	2.568118677611488e-6	3.0041813751097637	0.9999627564133234	4.778272651892583	0.0016138682711247564	11.136919863532594	287.0737234348716	8.66130872280309	0.9995509111625923	67.82960042051346	241.36159943917522	1.5567082222014905
2.882979933110368	1.588628762541806	3.8505451912822246	2.48581072363492e-6	3.0041979695525933	0.999963691656799	4.778419351496075	0.0015808965369531918	11.13651160908907	287.5145150718908	8.661510298275195	0.9995567486662805	67.89736179876638	241.36983466510262	1.556603694206522
2.887194816053512	1.588628762541806	3.850572623184586	2.4061442920769634e-6	3.004214337018539	0.9999646033582474	4.778563544515946	0.0015486143294852566	11.136111246227053	287.9551087152279	8.661709295060524	0.9995625067498003	67.9650691228277	241.37795560972577	1.556501372144054
2.8914096989966556	1.588628762541806	3.850599629451667	2.3290344368338083e-6	3.0042304807915263	0.9999654921126948	4.778705275266144	0.001517006690835695	11.135718618135169	288.39550798760376	8.661905747648543	0.9995681865628221	68.03272264207878	241.3859639043125	1.556401209642097
2.895624581939799	1.588628762541806	3.8506262172678776	2.254398951856834e-6	3.004246404105045	0.9999663585000227	4.778844587233562	0.0014860590059460055	11.135333571297798	288.83571644006196	8.662099690035996	0.9995737892368876	68.10032260330604	241.39386115573376	1.5563031613286813
2.8998394648829433	1.588628762541806	3.850652393683935	2.1821582823544538e-6	3.0042621101429594	0.9999672030853582	4.778981523094888	0.0014557569941015455	11.134955955419416	289.27573755355144	8.662291155734605	0.9995793158857303	68.16786925073895	241.4016489468534	1.5562071828090842
2.904054347826087	1.588628762541806	3.8506781656196565	2.1122354388923677e-6	3.004277602040332	0.9999680264194547	4.779116124733087	0.0014260867006797356	11.134585623350917	289.7155747404717	8.662480177778777	0.9995847676055901	68.23536282608782	241.40932883691863	1.5561132306437129
2.908269230769231	1.588628762541806	3.850703539866646	2.0445559142969505e-6	3.0042928828841964	0.99996882903906	4.7792484332534535	0.0013970344891223161	11.13422243101778	290.1552313461763	8.662666788733036	0.9995901454755192	68.30280356858059	241.41690236193494	1.556021262326424
2.9124841137123747	1.588628762541806	3.850728523090976	1.9790476032685577e-6	3.0043079557143653	0.9999696114672777	4.779378488999381	0.0013685870331248884	11.13386623735018	290.5947106504428	8.662851020699483	0.9995954505576848	68.37019171499942	241.42437103504605	1.5559312362634685
2.9166989966555183	1.588628762541806	3.8507531218357443	1.9156407246164365e-6	3.004322823524174	0.999970374213917	4.779506331567678	0.001340731309037192	11.133516904214703	291.0340158689001	8.663032905324936	0.9996006838976641	68.43752749971571	241.43173634689308	1.5558431117528793
2.9209138795986624	1.588628762541806	3.8507773425236214	1.8542677460278653e-6	3.0043374892612524	0.9999711177758356	4.7796319998236045	0.0013134545884679284	11.133174296347978	291.4731501544259	8.663212473808128	0.9996058465247329	68.50481115472557	241.4389997659807	1.5557568489643963
2.925128762541806	1.588628762541806	3.850801191459316	1.7948633112887495e-6	3.0043519558282625	0.9999718426372708	4.779755531915542	0.0012867444310877838	11.132838281291843	291.9121165985052	8.663389756906627	0.9996109394521504	68.57204290968365	241.44616273902633	1.5556724089198726
2.9293436454849497	1.588628762541806	3.8508246748319763	1.7373641698746517e-6	3.004366226083617	0.9999725492701643	4.779876965289304	0.0012605886776249208	11.13250872933021	292.3509182325565	8.663564784943677	0.9996159636774358	68.63922299193658	241.4532266913079	1.555589753474131
2.933558528428094	1.588628762541806	3.850847798717565	1.6817091088342999e-6	3.004380302842209	0.9999732381344768	4.779996336702185	0.0012349754430472353	11.13218551342749	292.7895580292262	8.663737587814996	0.9996209201826417	68.70635162655651	241.46019302700637	1.555508845296333
2.9377734113712375	1.588628762541806	3.8508705690811538	1.627838886890391e-6	3.004394188876112	0.9999739096784959	4.780113682236636	0.0012098931099257006	11.131868509168585	293.228038903649	8.663908194995358	0.9996258099346209	68.773429036373	241.46706312954063	1.5554296478517537
2.941988294314381	1.588628762541806	3.8508929917791614	1.5756961706846733e-6	3.0044078869152613	0.9999745643391355	4.780229037313657	0.001185330321973628	11.131557594700352	293.66636371467985	8.664076635545008	0.9996306338852876	68.84045544200453	241.47383836189087	1.5553521253839622
2.9462031772575252	1.588628762541806	3.8509150725615786	1.5252254730966918e-6	3.0044213996481473	0.9999752025422262	4.780342436705902	0.0011612759777565424	11.131252650674515	294.10453526609365	8.664242938116187	0.9996353929718748	68.90743106189036	241.4805200669303	1.555276242897542
2.950418060200669	1.588628762541806	3.850936817074096	1.476373093568624e-6	3.004434729722477	0.9999758247028004	4.780453914550475	0.0011377192245677966	11.130953560192028	294.54255630775737	8.664407130959269	0.9996400881171852	68.97435611232044	241.48710956773456	1.555201966141102
2.954632943143813	1.588628762541806	3.8509582308602193	1.4290870603698257e-6	3.004447879745831	0.9999764312253673	4.780563504361455	0.001114649452464949	11.130660208748777	294.98042953677407	8.664569241929021	0.9996447202298384	69.041230807466	241.49360816789996	1.5551292615907746
2.9588478260869566	1.588628762541806	3.8509793193633177	1.3833170747378818e-6	3.004460852286314	0.999977022504183	4.780671239042135	0.0010920562884623884	11.13037248418264	295.4181575985973	8.664729298490599	0.9996492902045123	69.10805535940872	241.500017151846	1.5550580964340581
2.9630627090301003	1.588628762541806	3.8510000879286226	1.3390144568344354e-6	3.004473649873175	0.9999775989235127	4.780777150896987	0.0010699295908755118	11.13009027662181	295.85574308811897	8.664887327725472	0.9996537989221806	69.17482997816954	241.50633778511582	1.554988438554072
2.9672775919732444	1.588628762541806	3.8510205418052004	1.2961320934563403e-6	3.004486274997443	0.9999781608578857	4.7808812716433815	0.0010482594438122042	11.12981347843444	296.29318855073444	8.665043356337296	0.9996582472503452	69.24155487173739	241.5125713146735	1.55492025651416
2.971492474916388	1.588628762541806	3.8510406861478828	1.254624387444661e-6	3.0044987301125494	0.9999787086723451	4.7809836324230695	0.0010270361518072788	11.12954198417949	296.7304964833798	8.665197410657722	0.9996626360432642	69.30823024609747	241.5187189691979	1.554853519542911
2.975707357859532	1.588628762541806	3.851060526019112	1.2144472087361272e-6	3.004511017634905	0.9999792427226881	4.781084263813335	0.0010062502345958982	11.129275690558716	297.16766933554214	8.665349516651919	0.999666966142176	69.37485630525786	241.5247819593624	1.5547881975194522
2.9799222408026758	1.588628762541806	3.851080066390786	1.1755578470029687e-6	3.0045231399445	0.9999797633557048	4.7811831958379845	0.0009858924220218328	11.129014496369907	297.6047095102491	8.665499699924105	0.999671238375518	69.44143325127656	241.5307614781141	1.5547242609591168
2.9841371237458194	1.588628762541806	3.851099312146077	1.1379149658292356e-6	3.0045350993855093	0.9999802709094062	4.781280457978102	0.0009659536490768367	11.128758302461243	298.041619365038	8.665647985723208	0.9996754535591427	69.50796128428922	241.5366587009623	1.5546616809995424
2.988352006688963	1.588628762541806	3.851118268081149	1.1014785583737822e-6	3.0045468982668364	0.9999807657132492	4.7813760791824995	0.0009464250510673864	11.128507011686647	298.4784012128931	8.665794398947972	0.9996796124965278	69.5744406025336	241.54247478623418	1.5546004293869322
2.992566889632107	1.588628762541806	3.8511369389068952	1.0662099044706757e-6	3.004558538862688	0.9999812480883538	4.781470087878011	0.0009272979589051432	11.12826052886237	298.9150573231705	8.665938964152376	0.9996837159789844	69.64087140237605	241.54821087535115	1.554540478462756
2.996781772575251	1.588628762541806	3.8511553292505996	1.0320715291206406e-6	3.0045700234131223	0.9999817183477167	4.781562511979527	0.0009085638945176708	11.12801876072445	299.3515899224942	8.666081705550722	0.9996877647858591	69.70725387833615	241.55386809308524	1.5544818011507222
3.000996655518395	1.588628762541806	3.851173443657599	9.990271623276215e-7	3.0045813541246047	0.9999821767964175	4.781653378899862	0.0008902145663759964	11.127781615887365	299.78800119563846	8.66622264702284	0.999691759684734	69.7735882231121	241.55944754782257	1.5544243709440675
3.0052115384615385	1.588628762541806	3.8511912865928535	9.670417002371164e-7	3.0045925331705177	0.9999826237318212	4.781742715559323	0.0008722418651357722	11.127549004803456	300.2242932863805	8.666361812118918	0.999695701431622	69.83987462760392	241.56495033180778	1.5543681618930933
3.009426421404682	1.588628762541806	3.851208862442555	9.360811675331021e-7	3.0046035626917207	0.9999830594437744	4.7818305483952015	0.0008546378593888087	11.127320839723543	300.6604682983437	8.666499224064612	0.9996995907711591	69.90611328093854	241.57037752140272	1.5543131485930837
3.0136413043478263	1.588628762541806	3.8512261755156296	9.061126810532078e-7	3.004614444797035	0.9999834842147971	4.78191690337094	0.0008373947915219544	11.127097034658288	301.09652829581347	8.666634905765735	0.9997034284367919	69.97230437049222	241.5757301773227	1.5542593061724055
3.01785618729097	1.588628762541806	3.851243230045259	8.77104414581892e-7	3.004625181563766	0.9999838983202672	4.78200180598519	0.0008205050736802952	11.126877505340568	301.5324753045385	8.66676887981308	0.9997072151509632	70.03844808191423	241.58100934488158	1.554206610280949
3.022071070234114	1.588628762541806	3.851260030190346	8.490255647834316e-7	3.004635775038214	0.9999843020286066	4.7820852812806525	0.0008039612838317886	11.12666216918871	301.9683113125132	8.66690116848713	0.9997109516252929	70.1045445991495	241.58621605422897	1.554155037078814
3.0262859531772577	1.588628762541806	3.8512765800369366	8.218463182376364e-7	3.004646227236131	0.9999846956014521	4.782167353852702	0.0007877561619305644	11.12645094527055	302.40403827073953	8.667031793762526	0.9997146385607559	70.1705941044603	241.5913513205764	1.5541045632252264
3.0305008361204013	1.588628762541806	3.8512928835996547	7.955378195421489e-7	3.0046565401432472	0.9999850792938346	4.782248047857902	0.0007718826061761169	11.126243754268422	302.83965809397694	8.667160777312766	0.9997182766478573	70.23659677844918	241.59641614443473	1.554055165867789
3.034715719063545	1.588628762541806	3.8513089448230495	7.700721404468997e-7	3.0046667157157074	0.9999854533543412	4.782327387022269	0.0007563336693657865	11.126040518444864	303.2751726614698	8.667288140514502	0.9997218665668034	70.30255280007955	241.60141151183126	1.5540068226318764
3.038930602006689	1.588628762541806	3.8513247675829625	7.454222499868102e-7	3.0046767558805625	0.9999858180252827	4.782405394649408	0.0007411025553379809	11.125841161609168	303.7105838176618	8.667413904451998	0.9997254089876697	70.3684623466975	241.6063383945355	1.553959511610361
3.0431454849498327	1.588628762541806	3.8513403556878276	7.215619855805107e-7	3.0046866625362143	0.9999861735428527	4.78248209362847	0.0007261826155036566	11.125645609084735	304.145893372893	8.667538089921376	0.999728904570567	70.43432559405218	241.61119775027237	1.553913211353498
3.047360367892977	1.588628762541806	3.851355712879987	6.984660250634075e-7	3.0046964375528824	0.999986520137281	4.782557506441952	0.0007115673454636146	11.12545378767712	304.5811031040829	8.667660717434945	0.9997323539658027	70.50014271631716	241.61599052294247	1.5538679008591383
3.0515752508361205	1.588628762541806	3.8513708428369227	6.761098596250079e-7	3.0047060827730268	0.9999868580329861	4.782631655173312	0.000697250381709354	11.125265625642866	305.01621475539514	8.667781807225246	0.9997357578140408	70.56591388610963	241.62071764282544	1.553823559563046
3.055790133779264	1.588628762541806	3.851385749172515	6.544697676207803e-7	3.004715600011804	0.9999871874487243	4.782704561514456	0.0006832254984051654	11.12508105265901	305.4512300388906	8.667901379249226	0.9997391167464571	70.63163927451082	241.6253800267901	1.5537801673295337
3.060005016722408	1.588628762541806	3.851400435438236	6.335227892303738e-7	3.004724991057481	0.9999875085977308	4.782776246773053	0.0006694866042492941	11.124899999793344	305.8861506351645	8.668019453192203	0.9997424313848939	70.69731905108517	241.62997857849598	1.5537377044422427
3.064219899665552	1.588628762541806	3.851414905124347	6.132467019345561e-7	3.004734257671871	0.999987821687862	4.782846731879717	0.000656027739412037	11.124722399475303	306.32097819396904	8.668136048471915	0.99974570234201	70.7629533839002	241.6345141885967	1.553696151595195
3.068434782608696	1.588628762541806	3.8514291616610485	5.936199967843206e-7	3.004743401590736	0.9999881269217301	4.782916037395028	0.0006428430725487293	11.124548185467553	306.75571433482423	8.668251184242337	0.9997489302214287	70.82854243954468	241.6389877349326	1.5536554898839732
3.0726496655518396	1.588628762541806	3.851443208419614	5.746218554364619e-7	3.0047524245242045	0.9999884244968387	4.782984183516413	0.0006299268978855858	11.124377292838187	307.1903606476128	8.668364879397554	0.9997521156178831	70.89408638314771	241.6434000827268	1.5536157007971796
3.0768645484949833	1.588628762541806	3.851457048713506	5.562321279306886e-7	3.0047613281571635	0.999988714605708	4.783051190084898	0.0006172736323764893	11.12420965793361	307.62491869316403	8.668477152575523	0.9997552591173591	70.95958537839678	241.64775208477394	1.5535767662080093
3.081079431438127	1.588628762541806	3.851470685799461	5.384313111841955e-7	3.0047701141496663	0.9999889974360074	4.783117076591713	0.0006048778129288004	11.124045218351963	308.0593900038238	8.668588022161808	0.999758361297235	71.02503958755608	241.6520445816292	1.5535386683660821
3.085294314381271	1.588628762541806	3.851484122878555	5.212005281804924e-7	3.0047787841373057	0.9999892731706712	4.783181862184779	0.0005927340936963789	11.123883912917243	308.4937760840139	8.668697506293215	0.9997614227264197	71.09044917148402	241.65627840179124	1.553501389889398
3.0895091973244146	1.588628762541806	3.8514973630972436	5.045215078298913e-7	3.0047873397316067	0.999989541988025	4.783245565675023	0.0005808372434380888	11.123725681653879	308.9280784107749	8.66880562286138	0.9997644439654872	71.15581428965076	241.66045436188332	1.553464913756527
3.0937240802675587	1.588628762541806	3.8515104095483887	4.883765654798852e-7	3.0047957825204032	0.9999898040618989	4.783308205542641	0.0005691821429399199	11.12357046576199	309.36229843430414	8.668912389516347	0.9997674255668101	71.22113510015556	241.66457326683337	1.553429223298943
3.0979389632107024	1.588628762541806	3.851523265272242	4.7274858405438957e-7	3.0048041140681887	0.9999900595617417	4.783369799943145	0.0005577637824992358	11.123418207593161	309.7964375784747	8.669017823669957	0.9997703680746891	71.2864117597432	241.6686359100441	1.5533943021934828
3.102153846153846	1.588628762541806	3.8515359332574475	4.576209958013719e-7	3.0048123359165033	0.9999903086527326	4.783430366713375	0.0005465772594693596	11.123268850626731	310.2304972413498	8.669121942499391	0.999773272025482	71.35164442382134	241.67264307357243	1.5533601344550974
3.10636872909699	1.588628762541806	3.8515484164419913	4.4297776462923113e-7	3.0048204495842845	0.9999905514958896	4.783489923377345	0.0005356177758630138	11.12312233944665	310.664478795682	8.669224762950503	0.9997761379477291	71.41683324647664	241.67659552829718	1.5533267044296615
3.110583612040134	1.588628762541806	3.8515607177141273	4.288033690128814e-7	3.004828456568203	0.9999907882481736	4.783548487151948	0.0005248806360130761	11.122978619718808	311.0983835894011	8.669326301741068	0.9997789663622766	71.48197838049063	241.68049403408133	1.5532939967869464
3.114798494983278	1.588628762541806	3.8515728399133136	4.150827854509263e-7	3.0048363583430278	0.9999910190625919	4.783606074952629	0.0005143612442890784	11.12283763816892	311.5322129460972	8.669426575364128	0.9997817577823982	71.54707997735599	241.68433933994208	1.5532619965137913
3.1190133779264215	1.588628762541806	3.8515847858311107	4.018014724562498e-7	3.004844156361956	0.9999912440882988	4.783662703398866	0.0005040551028681079	11.122699342560848	311.9659681654863	8.669525600091204	0.9997845127139148	71.61213818729222	241.68813218421113	1.5532306889074277
3.123228260869565	1.588628762541806	3.851596558212066	3.8894535506266496e-7	3.004851852056957	0.9999914634706911	4.7837183888196035	0.0004939578095586381	11.122563681675468	312.3996505238732	8.66962339197545	0.9997872316553108	71.67715315926104	241.69187329469395	1.5532000595689026
3.127443143812709	1.588628762541806	3.8516081597545657	3.7650080983094105e-7	3.004859446839084	0.9999916773515057	4.783773147258508	0.0004840650556759497	11.122430605289862	312.83326127459617	8.669719966854718	0.9997899150978504	71.74212504098124	241.69556338882316	1.5531700943966915
3.131658026755853	1.588628762541806	3.8516195931116926	3.6445465033803295e-7	3.0048669420988094	0.9999918858689103	4.7838269944792025	0.00047437262396779993	11.122300064157185	313.26680164847147	8.669815340354678	0.9997925635256899	71.80705397894404	241.6992031738165	1.5531407795804066
3.1358729096989966	1.588628762541806	3.8516308608920613	3.5279411313385097e-7	3.004874339206346	0.9999920891575933	4.7838799459703525	0.00046487638658905035	11.12217200998675	313.7002728542219	8.669909527891871	0.9997951774159893	71.87194011842801	241.7027933468292	1.5531121015947402
3.1400877926421407	1.588628762541806	3.8516419656606113	3.41506844150532e-7	3.0048816395119466	0.9999922873488544	4.7839320169506365	0.0004555723031240262	11.122046395424691	314.13367607889836	8.670002544676544	0.9997977572390213	71.93678360351272	241.70633459509617	1.5530840471933773
3.1443026755852843	1.588628762541806	3.8516529099394368	3.3058088554947114e-7	3.0048888443462327	0.9999924805706871	4.78398322237368	0.0004464564186553508	11.121923174035	314.5670124882942	8.670094405715774	0.9998003034582791	72.00158457709435	241.70982759609007	1.5530566034032467
3.148517558528428	1.588628762541806	3.85166369620853	3.2000466299204497e-7	3.0048959550204732	0.999992668947864	4.784033576932828	0.0004375248618780922	11.121802300280997	315.0002832273489	8.670185125816174	0.9998028165305815	72.06634318089868	241.71327301765612	1.5530297575186833
3.152732441471572	1.588628762541806	3.8516743269065703	3.0976697332027214e-7	3.0049029728269	0.9999928526020185	4.784083095065866	0.00042877384325807846	11.121683729507154	315.4334894205438	8.6702747195868	0.9998052969061767	72.13105955549547	241.71667151815825	1.553003497095897
3.1569473244147157	1.588628762541806	3.8516848044316734	2.998569726341621e-7	3.0049098990389935	0.9999930316517218	4.78413179095964	0.0004201996532332482	11.121567417921348	315.8666321722898	8.670363201441978	0.9998077450288445	72.19573384031216	241.72002374662083	1.552977809947478
3.16116220735786	1.588628762541806	3.8516951311421086	2.902641647529813e-7	3.0049167349117716	0.9999932062125637	4.784179678554575	0.0004117986604569391	11.121453322577521	316.2997125673077	8.670450585603966	0.9998101613359964	72.26036617364714	241.72333034286206	1.5529526841369883
3.1653770903010034	1.588628762541806	3.851705309357046	2.8097839004796144e-7	3.00492348168208	0.999993376397225	4.784226771549134	0.0004035673100820982	11.12134140135866	316.73273167100007	8.670536886105758	0.9998125462587737	72.32495669268339	241.72659193763488	1.5529281079737751
3.169591973244147	1.588628762541806	3.851715341357235	2.719898146345124e-7	3.0049301405688573	0.9999935423155517	4.784273083404157	0.00039550212208533213	11.121231612960171	317.1656905298147	8.670622116793675	0.9998149002221448	72.3895055335012	241.7298091527566	1.5529040700077992
3.1738068561872907	1.588628762541806	3.851725229385711	2.632889199122813e-7	3.0049367127734237	0.9999937040746283	4.784318627347138	0.00038759968962984176	11.121123916873616	317.5985901716021	8.670706291330012	0.9998172236449999	72.45401283109125	241.73298260124093	1.5528805590246224
3.178021739130435	1.588628762541806	3.8517349756484762	2.5486649244183736e-7	3.00494319947974	0.9999938617788438	4.7843634163764275	0.0003798566774662392	11.121018273370781	318.0314316059656	8.670789423195655	0.9998195169402452	72.51847871936751	241.73611288743012	1.5528575640405056
3.1822366220735785	1.588628762541806	3.8517445823151544	2.4671361414714005e-7	3.004949601854687	0.999994015529964	4.784407463265331	0.00037226982037032115	11.120914643488105	318.4642158246025	8.670871525692576	0.9998217805148938	72.58290333117937	241.73920060711853	1.552835074297584
3.1864515050167226	1.588628762541806	3.8517540515196482	2.3882165283322216e-7	3.00495592104831	0.9999941654271949	4.784450780566143	0.00036483592161686826	11.120812989011391	318.89694380163996	8.670952611946376	0.999824014770157	72.64728679832442	241.74224634768126	1.552813079259189
3.1906663879598662	1.588628762541806	3.851763385360769	2.311822530089656e-7	3.0049621581940804	0.9999943115672478	4.784493380614103	0.0003575518514885721	11.120713272460923	319.32961649396304	8.671032694908696	0.9998262201015332	72.71162925156004	241.74525068819327	1.5527915686052012
3.19488127090301	1.588628762541806	3.8517725859028875	2.2378732700504875e-7	3.0049683144091666	0.9999944540444031	4.784535275531294	0.00035041454581922923	11.120615457076843	319.76223484153905	8.671111787359775	0.9998283968988942	72.77593082061641	241.7482141995582	1.5527705322276233
3.199096153846154	1.588628762541806	3.85178165517652	2.1662904637766045e-7	3.00497439079466	0.9999945929505698	4.784576477230426	0.0003434210045703479	11.12051950680483	320.19479976773016	8.671189901910715	0.9998305455465726	72.84019163420746	241.75113744462195	1.5527499602261043
3.2033110367892976	1.588628762541806	3.851790595178941	2.0969983358862816e-7	3.004980388435827	0.9999947283753476	4.7846169974185795	0.00033656829044036363	11.12042538628213	320.6273121796038	8.671267051005872	0.9998326664234449	72.9044118200427	241.75402097829053	1.5527298429036496
3.2075259197324417	1.588628762541806	3.8517994078747746	2.0299235395313473e-7	3.004986308402353	0.9999948604060842	4.784656847600866	0.0003298535275056062	11.120333060823793	321.05977296823437	8.671343246925217	0.9998347599030155	72.96859150483894	241.7568653476492	1.5527101707624347
3.2117408026755854	1.588628762541806	3.851808095196572	1.9649950784634733e-7	3.0049921517485783	0.9999949891279307	4.784696039084042	0.0003232738998923107	11.120242496409343	321.4921830090023	8.671418501786574	0.9998368263534979	73.03273081433147	241.75967109207403	1.5526909344996231
3.215955685618729	1.588628762541806	3.8518166590453906	1.9021442316062162e-7	3.004997919513737	0.9999951146238989	4.784734582980027	0.00031682665047886395	11.120153659669587	321.9245431618836	8.671492827547976	0.9998388661378951	73.09682987328583	241.7624387433496	1.5526721250033948
3.220170568561873	1.588628762541806	3.8518251012913236	1.8413044800523043e-7	3.005003612722174	0.9999952369749148	4.784772490209355	0.00031050907962756403	11.12006651787377	322.35685427173445	8.671566236009719	0.9998408796140786	73.16088880550768	241.7651688257703	1.5526537333489214
3.2243854515050168	1.588628762541806	3.851833423774069	1.782411436407387e-7	3.0050092323835793	0.9999953562598702	4.78480977150458	0.0003043185439451705	11.119981038916967	322.78911716857084	8.671638738816688	0.9998428671348663	73.22490773385466	241.76786185625753	1.5526357507945534
3.2286003344481604	1.588628762541806	3.8518416283034473	1.7254027764050798e-7	3.0050147794932016	0.999995472555675	4.7848464374136075	0.0002982524550715379	11.119897191307782	323.22133266784203	8.671710347460403	0.9998448290480981	73.28888678024647	241.77051834446092	1.5526181687779848
3.2328152173913045	1.588628762541806	3.8518497166599563	1.670218172719752e-7	3.005020255032087	0.9999955859373065	4.784882498302982	0.00029230827849566904	11.119814944156277	323.6535015707012	8.671781073281304	0.9998467656967122	73.35282606567638	241.7731387928731	1.5526009789126178
3.237030100334448	1.588628762541806	3.8518576905952506	1.6167992309068463e-7	3.0050256599672744	0.9999956964778586	4.784917964361077	0.00028648353239850514	11.119734267162142	324.08562466426594	8.671850927470656	0.9998486774188177	73.41672571022052	241.77572369692297	1.552584172983864
3.241244983277592	1.588628762541806	3.851865551832663	1.5650894274013235e-7	3.0050309952520116	0.9999958042485889	4.784952845601252	0.0002807757865218164	11.119655130603116	324.5177027218769	8.671919921072703	0.9998505645477681	73.4805858330488	241.77827354508415	1.5525677429456355
3.245459866220736	1.588628762541806	3.8518733020677	1.5150340495085344e-7	3.005036261825965	0.9999959093189649	4.7849871518649385	0.0002751826610625703	11.119577505323651	324.9497365033501	8.67198806498669	0.9998524274122328	73.54440655243502	241.78078881897505	1.5525516809168636
3.2496747491638796	1.588628762541806	3.8518809429685277	1.4665801373231762e-7	3.0050414606154283	0.9999960117567089	4.7850208928246944	0.0002697018255921385	11.119501362723849	325.3817267552264	8.672055369968852	0.9998542663362666	73.60818798576672	241.78326999345788	1.5525359791780886
3.2538896321070236	1.588628762541806	3.8518884761764496	1.4196764275140715e-7	3.005046592533525	0.9999961116278429	4.785054077987171	0.0002643309979997724	11.119426674748544	325.81367421101356	8.672121846634418	0.9998560816393798	73.67193024955544	241.78571753673836	1.5525206301681618
3.2581045150501673	1.588628762541806	3.851895903306354	1.3742732989151306e-7	3.005051658480389	0.9999962089967308	4.785086716696007	0.0002590679434597736	11.119353413876652	326.24557959142186	8.672187505459425	0.9998578736366055	73.73563345944542	241.78813191045495	1.5525056264809252
3.262319397993311	1.588628762541806	3.851903225947212	1.3303227198634866e-7	3.0050566593433916	0.9999963039261197	4.785118818134771	0.00025391047342173816	11.11928155311083	326.6774436046036	8.672252356782824	0.999859642638567	73.79929773022472	241.79051356978505	1.5524909608620996
3.266534280936455	1.588628762541806	3.851910445662498	1.2877781972295765e-7	3.005061595997308	0.9999963964771807	4.785150391329707	0.00024885644462339647	11.119211065967148	327.10926694637664	8.672316410808245	0.9998613889515432	73.86292317583373	241.79286296353112	1.5524766262061218
3.2707491638795987	1.588628762541806	3.8519175639906256	1.24659472708407e-7	3.0050664693045066	0.9999964867095494	4.785181445152525	0.00024390375812547002	11.119141926465156	327.5410503004504	8.672379677605802	0.9998631128775337	73.92650990937425	241.79518053421057	1.5524626155530623
3.274964046822743	1.588628762541806	3.8519245824454065	1.206728746948855e-7	3.0050712801151547	0.9999965746813638	4.785211988323125	0.00023905035836800932	11.119074109118051	327.97279433864736	8.672442167114056	0.9998648147143223	73.99005804311962	241.79746671815346	1.5524489220857085
3.2791789297658864	1.588628762541806	3.8519315025164595	1.1681380895816093e-7	3.0050760292673897	0.9999966604493032	4.785242029412249	0.00023429423224774593	11.119007588923107	328.40449972111793	8.672503889141732	0.9998664947555395	74.05356768852322	241.79972194558744	1.5524355391265634
3.28339381270903	1.588628762541806	3.851938325669627	1.1307819382441833e-7	3.005080717587493	0.9999967440686224	4.7852715768441	0.00022963340821592504	11.118942341352255	328.8361670965521	8.67256485336951	0.9998681532907246	74.11703895622757	241.8019466407261	1.5524224601350172
3.2876086956521737	1.588628762541806	3.8519450533473845	1.094620783407177e-7	3.0050853458900733	0.9999968255931894	4.785300638898908	0.00022506595539614838	11.118878342342864	329.26779710238714	8.672625069351762	0.9998697906053862	74.18047195607315	241.8041412218551	1.552409678704526
3.291823578595318	1.588628762541806	3.8519516869692527	1.0596163808445442e-7	3.0050899149782535	0.9999969050755206	4.785329223715459	0.00022058998272176384	11.118815568288733	329.69939036501216	8.67268454651832	0.9998714069810614	74.24386679710736	241.8063061014204	1.5523971885598824
3.2960384615384615	1.588628762541806	3.8519582279321787	1.0257317110734466e-7	3.0050944256438217	0.9999969825668138	4.785357339293561	0.00021620363809232376	11.11875399603125	330.1309474999665	8.67274329417614	0.9998730026953753	74.30722358759287	241.8084416861089	1.5523849835545018
3.3002533444816056	1.588628762541806	3.851964677610916	9.929309400961262e-8	3.0050988786674058	0.9999970581169819	4.7853849934964545	0.00021190510754868648	11.118693602850689	330.5624691121348	8.672801321510917	0.9998745780220982	74.37054243501589	241.81054837692977	1.5523730576677839
3.304468227424749	1.588628762541806	3.8519710373584393	9.611793814017249e-8	3.005103274818659	0.9999971317746841	4.785412194053257	0.00020769261446628804	11.118634366457792	330.99395579594324	8.672858637588932	0.999876133231203	74.43382344609576	241.81262656930542	1.552361405002596
3.308683110367893	1.588628762541806	3.851977308506267	9.304434591879888e-8	3.005107614856393	0.99999720358736	4.785438948561236	0.00020356441876621584	11.118576264985405	331.4254081355432	8.672915251358416	0.9998776685889201	74.49706672679154	241.8146766531383	1.5523500197826439
3.312897993311037	1.588628762541806	3.8519834923648615	9.006906727630628e-8	3.0051118995287625	0.9999972736012576	4.785465264488146	0.00019951881614360716	11.118519276980326	331.85682670499796	8.67297117165132	0.9998791843577942	74.56027238231124	241.81669901289806	1.5523388963500848
3.3171128762541806	1.588628762541806	3.8519895902239893	8.718895620897285e-8	3.005116129573419	0.9999973418614638	4.785491149174495	0.00019555413731301593	11.11846338139536	332.28821206846567	8.673026407184919	0.9998806807967365	74.6234405171202	241.8186940277021	1.5523280291631016
3.3213277591973247	1.588628762541806	3.851995603353048	8.440096744354649e-8	3.0051203057176616	0.9999974084119357	4.785516609835737	0.00019166874727032283	11.11840855758147	332.7195647803749	8.673080966563248	0.9998821581610797	74.6865712349481	241.82066207138502	1.5523174127934685
3.3255426421404684	1.588628762541806	3.852001533001423	8.170215320925483e-8	3.0051244286785845	0.9999974732955256	4.785541653564442	0.00018786104457082972	11.118354785280085	333.1508853855987	8.67313485827866	0.9998836167026294	74.749664638797	241.82260351257534	1.5523070419242853
3.329757525083612	1.588628762541806	3.85200738039884	7.90896601133739e-8	3.00512849916325	0.9999975365540117	4.7855662873324745	0.00018412946062313233	11.118302044615653	333.58217441962887	8.673188090713436	0.9998850566697159	74.81272083094989	241.8245187147758	1.5522969113476985
3.3339724080267557	1.588628762541806	3.85201314675568	7.656072611706327e-8	3.0051325178688195	0.9999975982281237	4.785590517993052	0.00018047245899844208	11.11825031608821	334.01343240874036	8.673240672141182	0.9998864783072458	74.87573991297756	241.8264080364309	1.5522870159626645
3.3381872909698997	1.588628762541806	3.8520188332633203	7.411267760820187e-8	3.0051364854827063	0.9999976583575692	4.785614352282837	0.00017688853475497188	11.118199580566221	334.44465987015974	8.673292610728344	0.999887881856751	74.93872198574661	241.82827183100295	1.5522773507727796
3.3424021739130434	1.588628762541806	3.85202444109444	7.17429265681465e-8	3.0051404026827173	0.99999771698106	4.7856377968239325	0.00017337621377705727	11.118149819279473	334.87585731222265	8.67334391453561	0.9998892675564386	75.00166714942645	241.83011044703912	1.5522679108841295
3.3466170568561875	1.588628762541806	3.8520299714033452	6.944896782935475e-8	3.0051442701371984	0.9999977741363368	4.7856608581258895	0.00016993405212865806	11.118101013812158	335.3070252345356	8.67339459151938	0.9998906356412388	75.06457550349712	241.83192422824516	1.5522586915032148
3.350831939799331	1.588628762541806	3.8520354253262807	6.722837642098723e-8	3.0051480885051696	0.9999978298601923	4.785683542587653	0.000166560635420922	11.118053146096067	335.7381641281302	8.673444649533154	0.9998919863428536	75.12744714675637	241.83371351355308	1.5522496879349108
3.355046822742475	1.588628762541806	3.852040803981722	6.507880499964242e-8	3.0051518584364683	0.9999978841884979	4.785705856499477	0.00016325457819348866	11.118006198403954	336.16927447561585	8.673494096328925	0.9998933198898025	75.19028217732682	241.8354786371893	1.552240895580442
3.359261705685619	1.588628762541806	3.8520461084706903	6.299798136249696e-8	3.005155580571887	0.9999979371562246	4.785727806044821	0.00016001452330920637	11.117960153343018	336.600356751331	8.673542939558557	0.9998946365074693	75.25308069266323	241.83721992874248	1.5522323099354411
3.3634765886287625	1.588628762541806	3.8520513398770175	6.098370604020307e-8	3.0051592555432847	0.9999979887974655	4.785749397302166	0.00015683914136197877	11.117914993848453	337.031411421487	8.67359118677506	0.9998959364181483	75.31584278955891	241.8389377132258	1.552223926587998
3.3676914715719066	1.588628762541806	3.8520564992676745	5.90338499669701e-8	3.0051628839737603	0.99999803914546	4.785770636246881	0.00015372713009740267	11.11787070317726	337.4624389443171	8.673638845434066	0.9998972198410876	75.37856856415375	241.84063231115007	1.552215741216825
3.3719063545150503	1.588628762541806	3.8520615876930115	5.7146352225379057e-8	3.005166466477737	0.9999980882326123	4.785791528752959	0.00015067721384596182	11.117827264902028	337.8934397702132	8.673685922894975	0.9998984869925343	75.4412581119398	241.84230403857842	1.5522077495893618
3.376121237458194	1.588628762541806	3.852066606187055	5.531921786349525e-8	3.005170003661113	0.9999981360905155	4.785812080594781	0.0001476881429684369	11.11778466290493	338.32441434186643	8.673732426422331	0.9998997380857776	75.5039115277687	241.8439532071947	1.5521999475599986
3.3803361204013376	1.588628762541806	3.852071555767792	5.3550515781978e-8	3.005173496121393	0.9999981827499688	4.785832297448871	0.00014475869331327779	11.117742881371875	338.7553630944066	8.673778363187123	0.9999009733311914	75.56652890585845	241.84558012436744	1.552192331068316
3.3845510033444817	1.588628762541806	3.852076437437405	5.1838376688943126e-8	3.0051769444477876	0.9999982282410002	4.785852184895532	0.00014188766568568636	11.117701904786626	339.1862864555308	8.673823740267931	0.9999021929362767	75.62911033979925	241.84718509320405	1.5521848961373113
3.3887658862876253	1.588628762541806	3.8520812521825705	5.018099112038218e-8	3.0051803492213645	0.9999982725928841	4.785871748420555	0.0001390738853281042	11.117661717925209	339.6171848456391	8.673868564652313	0.9999033971057022	75.69165592256107	241.8487684126215	1.5521776388717647
3.3929807692307694	1.588628762541806	3.852086000974685	4.85766075240587e-8	3.005183711015136	0.9999983158341607	4.785890993416813	0.00013631620141187883	11.117622305850302	340.0480586779609	8.673912843237861	0.9999045860413464	75.75416574649883	241.85033037739458	1.5521705554565073
3.397195652173913	1.588628762541806	3.852090684770134	4.702353040482228e-8	3.0051870303942003	0.9999983579926548	4.785909925185872	0.00013361348653984615	11.117583653905761	340.4789083586811	8.673956582833517	0.9999057599423362	75.81663990335959	241.85187127822246	1.5521636421548604
3.4014105351170567	1.588628762541806	3.8520953045105446	4.55201185293778e-8	3.005190307915854	0.999998399095494	4.7859285489395855	0.000130964636259582	11.117545747711345	340.90973428706724	8.673999790160735	0.9999069190050879	75.87907848428864	241.85339140178507	1.5521568953069935
3.405625418060201	1.588628762541806	3.852099861123023	4.4064783188605814e-8	3.0051935441296997	0.9999984391691252	4.785946869801622	0.00012836856858707975	11.117508573157428	341.3405368555892	8.67404247185464	0.9999080634233448	75.94148157983555	241.85489103079817	1.5521503113283956
3.4098403010033445	1.588628762541806	3.852104355520384	4.2655986515582394e-8	3.0051967395777517	0.9999984782393316	4.785964892808967	0.00012582422354064026	11.11747211639984	341.7713164500378	8.674084634465121	0.9999091933882167	76.00384927995984	241.85637044406812	1.5521438867083073
3.4140551839464885	1.588628762541806	3.8521087886014067	4.1292239857499743e-8	3.0051998947945666	0.999998516331251	4.785982622913449	0.00012333056268470788	11.117436363854875	342.2020734496446	8.674126284458094	0.9999103090882165	76.06618167403794	241.8578299165527	1.5521376180082702
3.418270066889632	1.588628762541806	3.8521131612510575	3.997210219978185e-8	3.0052030103073415	0.9999985534693909	4.7860000649831855	0.00012088656868347289	11.11740130219432	342.63280822719673	8.67416742821653	0.9999114107092983	76.1284788508685	241.85926971941146	1.5521315018606328
3.422484949832776	1.588628762541806	3.8521174743407034	3.869417864069634e-8	3.005206086636008	0.9999985896776431	4.78601722380401	0.00011849124486398539	11.117366918340599	343.0635211491475	8.674208072041553	0.9999124984348935	76.19074089867816	241.86069012005845	1.5521255349671075
3.4266998327759195	1.588628762541806	3.8521217287283593	3.745711891485603e-8	3.0052091242933625	0.9999986249793026	4.7860341040809145	0.00011614361478859497	11.117333199462067	343.4942125757311	8.67424822215358	0.9999135724459466	76.2529679051276	241.86209138221776	1.5521197140973764
3.4309147157190636	1.588628762541806	3.8521259252588873	3.6259615964037706e-8	3.0052121237851517	0.9999986593970783	4.786050710439413	0.0001138427218364897	11.11730013296831	343.92488286106936	8.67428788469335	0.9999146329209512	76.31515995731722	241.8634737659743	1.5521140360877086
3.4351295986622072	1.588628762541806	3.852130064764226	3.51004045537969e-8	3.0052150856101814	0.9999986929531113	4.7860670474269185	0.00011158762879414817	11.117267706505592	344.35553235327905	8.674327065723022	0.9999156800359847	76.37731714179284	241.86483752782652	1.552108497839612
3.4393444816053513	1.588628762541806	3.8521341480635947	3.3978259934413655e-8	3.0052180102604233	0.9999987256689865	4.786083119514088	0.00010937741745448727	11.117235907952395	344.78616139457876	8.67436577122721	0.9999167139647428	76.43943954455132	241.86618292073607	1.5521030963185107
3.443559364548495	1.588628762541806	3.852138175963696	3.289199654474825e-8	3.0052208982210984	0.9999987575657495	4.786098931096113	0.0001072111882245405	11.117204725414974	345.21677032138814	8.674404007113951	0.9999177348785729	76.50152725104566	241.8675101941756	1.5520978285524354
3.4477742474916386	1.588628762541806	3.85214214925893	3.184046675762074e-8	3.005223749970786	0.9999987886639167	4.786114486494049	0.00010508805974144148	11.117174147223125	345.64735946443403	8.674441779215794	0.9999187429465083	76.56358034619086	241.86881959418085	1.5520926916307578
3.4519891304347827	1.588628762541806	3.852146068731597	3.082255966539225e-8	3.0052265659815225	0.9999988189834903	4.786129789956063	0.00010300716849656427	11.117144161925896	346.0779291488465	8.674479093290811	0.9999197383353	76.6255989143695	241.87011136340018	1.5520876827029766
3.4562040133779264	1.588628762541806	3.852149935152076	2.983719990446022e-8	3.0052293467188824	0.9999988485439724	4.786144845658679	0.00010096766846762102	11.117114758287466	346.50847969425683	8.674515955023464	0.9999207212094501	76.68758303943615	241.87138574113575	1.5520827989774502
3.4604188963210705	1.588628762541806	3.8521537492790547	2.8883346517400992e-8	3.005232092642102	0.9999988773643756	4.786159657708047	0.00009896873075853375	11.117085925283135	346.9390114148974	8.674552370025813	0.999921691731243	76.74953280472428	241.87264296340328	1.552078037720261
3.464633779264214	1.588628762541806	3.852157511859664	2.7959991851584294e-8	3.0052348042041186	0.9999989054632362	4.786174230141065	0.0000970095432469481	11.117057652095225	347.3695246196875	8.67458834383813	0.999922650060777	76.81144829304904	241.87388326295923	1.5520733962539686
3.4688486622073578	1.588628762541806	3.852161223629721	2.706616049305181e-8	3.0052374818517116	0.9999989328586246	4.786188566926658	0.00009508931023915546	11.117029928109305	347.8000196123351	8.67462388193019	0.9999235963559951	76.87332958671473	241.87510686936608	1.5520688719565368
3.4730635451505014	1.588628762541806	3.852164885313875	2.620090823456303e-8	3.0052401260255666	0.9999989595681611	4.786202671966863	0.00009320725213233171	11.117002742910243	348.2304966914202	8.67465898970195	0.999924530772716	76.93517676751826	241.87631400902268	1.5520644622601683
3.4772784280936455	1.588628762541806	3.8521684976258053	2.5363321076688616e-8	3.005242737160366	0.9999989856090217	4.786216549098026	0.00009136260508388211	11.11697608627854	348.6609561504891	8.674693672484647	0.9999254534646629	76.99698991675513	241.87750490521879	1.5520601646502283
3.481493311036789	1.588628762541806	3.8521720612684	2.455251426090642e-8	3.005245315684881	0.9999990109979532	4.786230202091899	0.00008955462068775555	11.116949948186585	349.0913982781384	8.674727935541602	0.9999263645834944	77.05876911522391	241.87867977817282	1.5520559766641617
3.4857081939799333	1.588628762541806	3.8521755769339285	2.3767631333664333e-8	3.005247862022062	0.9999990357512835	4.786243634656768	0.00008778256565757196	11.116924318795107	349.5218233581052	8.674761784069188	0.9999272642788325	77.12051444323144	241.87983884507932	1.5520518958904335
3.489923076923077	1.588628762541806	3.8521790453041813	2.3007843240428154e-8	3.005250376589082	0.9999990598849287	4.786256850438471	0.00008604572151642885	11.116899188449498	349.95223166934306	8.674795223197533	0.9999281526982922	77.18222598059654	241.88098232014113	1.5520479199674686
3.4941379598662206	1.588628762541806	3.8521824670507008	2.227234744873368e-8	3.005252859797487	0.9999990834144096	4.786269853021562	0.00008434338429320089	11.116874547676508	350.3826234861157	8.674828257991681	0.9999290299875087	77.24390380665668	241.88211041462787	1.5520440465827028
3.4983528428093646	1.588628762541806	3.852185842834885	2.1560367099339568e-8	3.0052553120532135	0.9999991063548552	4.7862826459302745	0.00008267486422524645	11.116850387180712	350.8129990780702	8.674860893452179	0.9999298962901663	77.30554800027089	241.88322333690107	1.5520402734715142
3.5025677257525083	1.588628762541806	3.852189173308205	2.0871150184554318e-8	3.005257733756719	0.9999991287210166	4.786295232629619	0.00008103948546733183	11.116826697841224	351.24335871032235	8.674893134516175	0.9999307517480248	77.36715863982613	241.88432129247008	1.5520365984163473
3.5067826086956524	1.588628762541806	3.8521924591123073	2.020396875288797e-8	3.0052601253030167	0.9999991505272762	4.786307616526314	0.0000794365858066723	11.116803470708357	351.6737026435287	8.67492498605796	0.9999315965009473	77.42873580323982	241.88540448401506	1.5520330192456433
3.510997491638796	1.588628762541806	3.852195700879215	1.9558118139166074e-8	3.005262487081779	0.9999991717876534	4.786319800969851	0.0000778655163839339	11.116780697000472	352.10403113397064	8.674956452890036	0.9999324306869263	77.4902795679661	241.88647311144015	1.5520295338329968
3.5152123745819397	1.588628762541806	3.8521988992314666	1.8932916219303406e-8	3.0052648194774148	0.9999991925158199	4.786331789253437	0.00007632564142008279	11.116758368100788	352.53434443362545	8.67498753976383	0.9999332544421099	77.55179001099974	241.8875273719071	1.5520261400962034
3.5194272575250833	1.588628762541806	3.852202054782263	1.832770268894079e-8	3.005267122869129	0.9999992127251012	4.786343584614954	0.00007481633794894652	11.116736475554278	352.96464279024195	8.675018251370492	0.9999340679008277	77.61326720888033	241.88856745987346	1.5520228359963697
3.5236421404682274	1.588628762541806	3.8522051681356313	1.7741838365180285e-8	3.0052693976310167	0.9999992324284915	4.786355190237922	0.00007333699555536299	11.11671501106466	353.3949264474153	8.675048592341728	0.9999348711956165	77.67471123769721	241.8895935671323	1.5520196195370488
3.5278570234113715	1.588628762541806	3.852208239886549	1.717470451068143e-8	3.0052716441321135	0.9999992516386583	4.786366609252388	0.00007188701611880846	11.116693966491383	353.82519564465497	8.675078567250496	0.9999356644572449	77.73612217309301	241.8906058828457	1.5520164887633439
3.532071906354515	1.588628762541806	3.852211270621111	1.6625702179397654e-8	3.005273862736487	0.9999992703679524	4.786377844735877	0.00007046581356236483	11.11667333384673	354.2554506174581	8.675108180611897	0.999936447814738	77.79750009026894	241.89160459358752	1.5520134417611204
3.536286789297659	1.588628762541806	3.8522142609166545	1.609425158326394e-8	3.0052760538032968	0.9999992886284151	4.786388899714254	0.00006907281360693343	11.11665310529294	354.6856915973776	8.675137436883794	0.999937221395402	77.85884506398794	241.8925898833721	1.5520104766561194
3.5405016722408025	1.588628762541806	3.852217211341904	1.5579791479159405e-8	3.0052782176868633	0.9999993064317851	4.786399777162619	0.00006770745353056337	11.116633273139385	355.11591881209	8.675166340467674	0.9999379853248478	77.92015716857972	241.89356193369665	1.5520075916131963
3.5447165551839466	1.588628762541806	3.85222012245711	1.5081778575500126e-8	3.0052803547367435	0.9999993237895077	4.786410480006171	0.00006636918193280227	11.116613829839842	355.54613248546246	8.675194895709312	0.9999387397270152	77.98143647794438	241.89452092357163	1.552004784835503
3.54893143812709	1.588628762541806	3.852222994814188	1.4599686957829055e-8	3.0052824652977996	0.9999993407127418	4.786421011121056	0.00006505745850394148	11.116594767989758	355.97633283761905	8.675223106899583	0.9999394847241951	78.04268306555709	241.89546702956068	1.5520020545637354
3.5531463210702343	1.588628762541806	3.8522258289568345	1.4133007532797374e-8	3.0052845497102543	0.9999993572123665	4.786431373335189	0.0000637717537990711	11.116576080323602	356.4065200850032	8.675250978275061	0.9999402204370538	78.10389700447124	241.89640042580817	1.551999399075331
3.557361204013378	1.588628762541806	3.852228625420663	1.3681247489946081e-8	3.005286608309758	0.9999993732989884	4.786441569429076	0.00006251154901682606	11.116557759712252	356.83669444044097	8.675278514018776	0.9999409469846539	78.1650783673227	241.89732128407493	1.5519968166837521
3.5615760869565216	1.588628762541806	3.852231384733357	1.3243929780715503e-8	3.0052886414274775	0.9999993889829479	4.786451602136659	0.00006127633578272388	11.116539799160488	357.2668561132082	8.67530571826104	0.999941664484478	78.22622722633493	241.8982297737796	1.5519943057377779
3.5657909698996653	1.588628762541806	3.8522341074147524	1.2820592614139293e-8	3.0052906493901244	0.9999994042743275	4.786461474146041	0.00006006561593701266	11.116522191804396	357.6970053090834	8.6753325950799	0.9999423730524498	78.28734365332097	241.8991260620175	1.5519918646207305
3.5700058528428094	1.588628762541806	3.8522367939769957	1.2410788968676123e-8	3.0052926325200375	0.9999994191829554	4.786471188100314	0.00005887890132690876	11.116504930908995	358.12714223041394	8.67535914850201	0.9999430728029564	78.34842771968879	241.90001031360367	1.5519894917498251
3.5742207357859535	1.588628762541806	3.8522394449246393	1.2014086119672837e-8	3.0052945911352418	0.9999994337184154	4.786480746598295	0.000057715713603146096	11.116488009865758	358.5572670761714	8.675385382503181	0.9999437638488682	78.4094794964441	241.90088269109825	1.5519871855754421
3.578435618729097	1.588628762541806	3.852242060754791	1.1630065181950004e-8	3.0052965255495145	0.9999994478900504	4.786490152195309	0.000056575584020739944	11.116471422190305	358.98738004201243	8.67541130100915	0.9999444463015614	78.47049905419499	241.90174335484372	1.5519849445804992
3.5826505016722408	1.588628762541806	3.8522446419571907	1.1258320667034239e-8	3.0052984360724233	0.9999994617069694	4.78649940740388	0.00005545805324387941	11.116455161520017	359.41748132033126	8.67543690789608	0.9999451202709381	78.53148646315452	241.902592462987	1.5519827672797284
3.5868653846153844	1.588628762541806	3.8522471890143715	1.0898460054556903e-8	3.0053003230094197	0.9999994751780537	4.786508514694507	0.000054362671154848954	11.116439221611806	359.8475711003209	8.675462206991389	0.9999457858654459	78.59244179314587	241.9034301715209	1.551980652219106
3.5910802675585285	1.588628762541806	3.852249702401744	1.0550103377377014e-8	3.0053021866618708	0.9999994883119608	4.786517476496353	0.00005328899666691113	11.116423596339873	360.27764956802423	8.675487202074269	0.9999464431920992	78.65336511360486	241.90425663430727	1.5519785979751677
3.595295150501672	1.588628762541806	3.852252182587706	1.0212882819981407e-8	3.005304027327118	0.9999995011171329	4.786526295197932	0.00005223659754105118	11.116408279693484	360.7077169063875	8.675511896876296	0.9999470923564983	78.71425649358362	241.90507200310523	1.55197660315438
3.5995100334448162	1.588628762541806	3.8522546300337677	9.886442329738141e-9	3.005305845298548	0.9999995136017994	4.786534973147824	0.00005120505020650573	11.116393265774837	361.1377732953156	8.675536295082114	0.9999477334628486	78.77511600175464	241.9058764276051	1.5519746663925769
3.60372491638796	1.588628762541806	3.8522570451946594	9.570437240592378e-9	3.0053076408656456	0.9999995257739853	4.786543512655352	0.000050193939585000304	11.116378548796982	361.5678189117241	8.675560400330053	0.9999483666139805	78.83594370641424	241.90667005545694	1.5519727863543265
3.6079397993311035	1.588628762541806	3.852259428518412	9.264533908808465e-9	3.0053094143140267	0.9999995376415132	4.786551915991205	0.00004920285891861171	11.116364123081661	361.9978539295858	8.6755842162126	0.9999489919113678	78.8967396754852	241.90745303229184	1.5519709617323623
3.612154682274247	1.588628762541806	3.8522617804465003	8.968409360365764e-9	3.005311165925526	0.9999995492120104	4.786560185388164	0.00004823140960117561	11.116349983057413	362.4278785199885	8.675607746277194	0.9999496094551465	78.95750397652144	241.90822550176082	1.5519691912470037
3.6163695652173913	1.588628762541806	3.852264101413907	8.6817509496437e-9	3.0053128959782147	0.9999995604929124	4.7865683230416645	0.00004727920101317562	11.116336123257412	362.857892851176	8.675630994026601	0.9999502193441334	79.01823667671029	241.90898760555135	1.5519674736455982
3.6205844481605354	1.588628762541806	3.852266391849257	8.404256029026733e-9	3.0053146047464896	0.9999995714914697	4.786576331110499	0.00004634585036002744	11.116322538317656	363.28789708860324	8.675653962919677	0.9999508216758437	79.07893784287674	241.9097394834239	1.5519658077019778
3.624799331103679	1.588628762541806	3.852268652174887	8.135631629084786e-9	3.0053162925010892	0.9999995822147498	4.786584211717385	0.00004543098251369398	11.116309222974966	363.71789139497963	8.675676656371785	0.9999514165465091	79.13960754148594	241.9104812732315	1.5519641922159053
3.6290142140468227	1.588628762541806	3.85227088280697	7.875594148987469e-9	3.0053179595091772	0.9999995926696449	4.786591966949612	0.000044534229857556895	11.116296172065121	364.14787593031804	8.675699077755471	0.9999520040510959	79.20024583864726	241.91121311095088	1.5519626260125698
3.6332290969899663	1.588628762541806	3.852273084155587	7.623869056826576e-9	3.005319606034363	0.9999996028628733	4.786599598859618	0.00004365523213448213	11.116283380521029	364.5778508519795	8.675721230400939	0.999952584283321	79.26085280011687	241.91193513070573	1.5519611079420375
3.6374439799331104	1.588628762541806	3.8522752566248415	7.3801905995272226e-9	3.005321232336777	0.9999996128009856	4.786607109465591	0.000042793636298004014	11.116270843370883	365.0078163147197	8.675743117596665	0.9999531573356707	79.32142849130145	241.9126474647947	1.5519596368787827
3.641658862876254	1.588628762541806	3.852277400612941	7.144301522043312e-9	3.0053228386730986	0.9999996224903682	4.786614500752048	0.00004194909636656659	11.116258555736406	365.4377724707318	8.675764742589875	0.9999537232994161	79.38197297726099	241.91335024371438	1.5519582117211526
3.645873745819398	1.588628762541806	3.8522795165122847	6.915952795537615e-9	3.0053244252966134	0.9999996319372475	4.786621774670385	0.000041121273280759975	11.11624651283106	365.8677194696895	8.675786108587097	0.9999542822646306	79.44248632271201	241.91404359618468	1.5519568313909176
3.650088628762542	1.588628762541806	3.852281604709565	6.694903354259898e-9	3.00532599245726	0.9999996411476941	4.786628933139468	0.00004030983476348245	11.116234709958402	366.2976574587922	8.675807218754704	0.9999548343202056	79.50296859203078	241.91472764917413	1.5519554948327614
3.6543035117056855	1.588628762541806	3.8522836655858437	6.480919840845212e-9	3.005327540401676	0.9999996501276265	4.786635978046159	0.000039514455182973265	11.116223142510345	366.72758658280503	8.675828076219405	0.9999553795538673	79.56341984925618	241.91540252792353	1.5519542010138343
3.658518394648829	1.588628762541806	3.852285699516656	6.273776359760891e-9	3.0053290693732486	0.9999996588828152	4.786642911245876	0.00003873481541865109	11.116211805965548	367.15750698410216	8.67584868406881	0.9999559180521918	79.62384015809316	241.91606835597207	1.5519529489232908
3.662733277591973	1.588628762541806	3.85228770687207	6.073254238644132e-9	3.0053305796121466	0.9999996674188862	4.786649734563097	0.00003797060272970383	11.116200695887752	367.58741880270395	8.675869045351835	0.9999564499006216	79.68422958191498	241.9167252551758	1.551951737571838
3.6669481605351173	1.588628762541806	3.852289688016801	5.879141797274176e-9	3.0053320713553826	0.9999996757413239	4.786656449791923	0.00003722151062636483	11.116189807924238	368.01732217632093	8.675889163079333	0.9999569751834804	79.7445881837671	241.91737334573776	1.5519505659913075
3.671163043478261	1.588628762541806	3.85229164331027	5.691234123938175e-9	3.0053335448368435	0.9999996838554767	4.786663058696549	0.000036487238743830123	11.116179137804243	368.44721724039056	8.675909040224472	0.9999574939839886	79.80491602636943	241.91801274622506	1.5519494332342074
3.6753779264214046	1.588628762541806	3.852293573106685	5.509332858951351e-9	3.005335000287328	0.9999996917665579	4.786669563011783	0.000035767492718750354	11.11616868133741	368.87710412811407	8.675928679723205	0.9999580063842785	79.86521317211886	241.91864357359051	1.551948338373293
3.6795928093645482	1.588628762541806	3.8522954777551397	5.333245985103295e-9	3.00533643793461	0.9999996994796506	4.786675964443558	0.000035061984068249185	11.116158434412338	369.3069829704992	8.675948084474879	0.9999585124654083	79.92547968309339	241.91926594320208	1.551947280501184
3.6838076923076923	1.588628762541806	3.8522973575996873	5.162787624809147e-9	3.005337858003474	0.9999997069997112	4.786682264669416	0.00003437043007141634	11.116148392995083	369.73685389639405	8.675967257342624	0.9999590123073777	79.98571562105411	241.91987996886007	1.551946258729953
3.688022575250836	1.588628762541806	3.8522992129793985	4.997777843751256e-9	3.0053392607157376	0.9999997143315712	4.786688465338961	0.00003369255365322017	11.116138553127694	370.166717032523	8.675986201153785	0.9999595059891417	80.04592104744786	241.92048576281724	1.551945272190692
3.69223745819398	1.588628762541806	3.852301044228462	4.838042460801811e-9	3.0053406462903176	0.9999997214799414	4.7866945680743616	0.00003302808327079097	11.116128910926822	370.5965725035252	8.676004918700453	0.9999599935886248	80.10609602341053	241.9210834358042	1.551944320033173
3.6964523411371237	1.588628762541806	3.852302851676233	4.683412864027698e-9	3.005342014943246	0.9999997284494149	4.78670057447078	0.000032376752802028345	11.116119462582303	371.02642043198585	8.676023412739818	0.9999604751827347	80.166240609769	241.9216730970442	1.5519434014254119
3.7006672240802674	1.588628762541806	3.8523046356473367	4.533725832580769e-9	3.0053433668877325	0.9999997352444695	4.786706486096868	0.000031738301436474875	11.116110204355811	371.45626093847574	8.676041685994743	0.999960950847377	80.2263548670448	241.92225485428128	1.5519425155533513
3.704882107023411	1.588628762541806	3.852306396461731	4.388823364286739e-9	3.0053447023342015	0.9999997418694709	4.786712304495203	0.000031112473568421026	11.116101132579551	371.88609414158384	8.67605974115418	0.9999614206574676	80.28643885545668	241.9228288138001	1.5519416616204715
3.709096989966555	1.588628762541806	3.852308134434756	4.248552508750242e-9	3.0053460214903027	0.9999997483286758	4.786718031182689	0.000030499018692188924	11.11609224365484	372.3159201579473	8.676077580873473	0.9999618846869471	80.34649263492223	241.92339508043707	1.55194083884741
3.713311872909699	1.588628762541806	3.852309849877235	4.112765205797821e-9	3.005347324560984	0.9999997546262339	4.786723667651044	0.00002989769129954706	11.116083534050933	372.7457391022885	8.676095207774951	0.999962343008793	80.4065162650616	241.92395375761092	1.5519400464716366
3.717526755852843	1.588628762541806	3.852311543095521	3.9813181290899725e-9	3.0053486117485053	0.9999997607661915	4.786729215367188	0.00002930825077921547	11.11607500030369	373.1755510874459	8.676112624448255	0.9999627956950338	80.46650980519956	241.9245049473359	1.5519392837470916
3.7217416387959865	1.588628762541806	3.8523132143915726	3.8540725347360205e-9	3.005349883252482	0.9999997667524928	4.7867346757736655	0.00002873046131841796	11.116066639014319	373.6053562244042	8.676129833450759	0.9999632428167606	80.52647331436793	241.92504875024144	1.5519385499438625
3.72595652173913	1.588628762541806	3.8523148640630307	3.7308941147509735e-9	3.005351139269932	0.9999997725889843	4.786740050289082	0.000028164091806437408	11.116058446848227	374.03515462232934	8.67614683730808	0.9999636844441409	80.58640685130892	241.92558526559728	1.5519378443478522
3.7301714046822743	1.588628762541806	3.8523164924032605	3.611652855201345e-9	3.0053523799952897	0.9999997782794158	4.786745340308468	0.0000276089157401322	11.116050420533757	374.4649463885951	8.676163638514332	0.9999641206464301	80.64631047447644	241.92611459132226	1.5519371662604293
3.734386287625418	1.588628762541806	3.8523180997014475	3.4962228988873774e-9	3.0053536056204644	0.999999783827442	4.786750547203717	0.000027064711131376073	11.11604255686104	374.8947316288165	8.676180239532682	0.9999645514919847	80.7061842420398	241.92663682401306	1.5519365149981603
3.738601170568562	1.588628762541806	3.8523196862426277	3.384482412418849e-9	3.005354816334858	0.9999997892366287	4.786755672323934	0.000026531260416376835	11.116034852680833	375.324510446877	8.676196642795611	0.9999649770482734	80.76602821188507	241.92715205895394	1.5519358898924387
3.7428160535117057	1.588628762541806	3.8523212523077794	3.2763134575420675e-9	3.0053560123254077	0.9999997945104496	4.7867607169958575	0.00002600835036683998	11.116027304903419	375.7542829449597	8.676212850705422	0.9999653973818898	80.82584244161839	241.92766039014109	1.5519352902892252
3.7470309364548493	1.588628762541806	3.8523227981738577	3.171601866583259e-9	3.0053571937766104	0.9999997996522934	4.786765682524198	0.00002549577200293536	11.116019910497423	376.18404922357297	8.676228865634513	0.999965812558564	80.88562698856758	241.9281619102949	1.5519347155487204
3.751245819397993	1.588628762541806	3.8523243241138845	3.070237121875546e-9	3.0053583608705767	0.9999998046654635	4.786770570192052	0.000024993320508031085	11.116012666488823	376.6138093815835	8.676244689925875	0.9999662226431739	80.94538190978527	241.9286567108833	1.5519341650450946
3.755460702341137	1.588628762541806	3.852325830396974	2.972112239043428e-9	3.0053595137870293	0.9999998095531799	4.786775381261213	0.00002450079514515935	11.116005569959768	377.04356351623727	8.676260325893331	0.9999666276997573	81.00510726205034	241.92914488213123	1.5519336381661777
3.759675585284281	1.588628762541806	3.85232731728843	2.877123654019373e-9	3.0053606527033745	0.9999998143185828	4.78678011697259	0.000024017999175174535	11.115998618047641	377.47331172319366	8.67627577582208	0.9999670277915221	81.06480310187159	241.92962651304842	1.551933134313203
3.763890468227425	1.588628762541806	3.8523287850497745	2.785171113675433e-9	3.005361777794709	0.999999818964733	4.786784778546512	0.00002354473977657432	11.115991807943946	377.9030540965474	8.676291041968918	0.9999674229808586	81.12446948548856	241.9301016914361	1.551932652900517
3.7681053511705684	1.588628762541806	3.8523302339388086	2.6961575699521166e-9	3.005362889233852	0.9999998234946161	4.786789367183091	0.00002308082796694356	11.115985136893347	378.3327907288568	8.676306126562638	0.9999678133293498	81.18410646887466	241.93057050390786	1.5519321933552928
3.772320234113712	1.588628762541806	3.8523316642096743	2.6099890773740742e-9	3.0053639871913833	0.9999998279111417	4.786793884062555	0.000022626078525993132	11.11597860219263	378.7625217111678	8.676321031804385	0.9999681988977823	81.24371410773895	241.93103303590448	1.5519317551172818
3.776535117056856	1.588628762541806	3.852333076112919	2.5265746938430256e-9	3.0053650718356746	0.9999998322171461	4.7867983303456025	0.00002218030992015372	11.115972201189768	379.19224713304214	8.676335759868088	0.999968579746157	81.3032924575292	241.93148937171463	1.5519313376385864
3.78075	1.588628762541806	3.8523344698955193	2.44582638460468e-9	3.00536614333291	0.9999998364153965	4.7868027071736945	0.00002174334422870269	11.115965931282942	379.6219670825786	8.676350312900636	0.9999689559336997	81.36284157343265	241.93193959448163	1.5519309403833312