2.5205	10.528428093645484	2.4269570600224952	0.048978688445373814	2.4269570600224943	0.048978688445373904	2.725981127117211	0.10090638069127045	8.931240491208623	122.7181179630648	3.783354919944787	0.9635689685932203	36.55673356408225	1888.9286308796177	-0.04341288711442112
2.524714882943144	10.528428093645484	2.428250823343519	0.04854229785698589	2.428250823343519	0.04854229785698587	2.726493654063052	0.10066703543400357	8.933084883852962	122.964010638998	3.786389805466359	0.9641597069292739	36.62721228538276	1894.0736769989633	-0.04341288711442112
2.528929765886288	10.528428093645484	2.4295687945976576	0.04810417537448872	2.429568794597657	0.048104175374488724	2.7270320813411244	0.10042521370611936	8.93495612602119	123.2116142540866	3.7893898383473728	0.9647352268252761	36.69728084488243	1899.139697890351	-0.04341288711442112
2.5331446488294316	10.528428093645484	2.4309106920337427	0.04766441464403375	2.4309106920337427	0.047664414644033766	2.7275962048864066	0.10018096682584626	8.936853997515186	123.46092450899704	3.792357590015897	0.9652961676908318	36.766966756313835	1904.1310246596317	-0.04341288711442112
2.5373595317725752	10.528428093645484	2.4322762434253833	0.047223107229107913	2.4322762434253833	0.04722310722910795	2.728185836744661	0.0999343432445749	8.938778291394971	123.71193798130506	3.7952954999579873	0.9658431313256007	36.83629603635923	1909.0517672767191	-0.04341288711442112
2.5415744147157193	10.528428093645484	2.4336651848777544	0.046780342842346785	2.4336651848777544	0.0467803428423468	2.72880080376865	0.09968538876755252	8.940728812643526	123.96465205546319	3.7982058848500104	0.966376684740056	36.90529331420274	1913.9058298488173	-0.04341288711442112
2.545789297658863	10.528428093645484	2.435077259727465	0.04633620955711546	2.435077259727465	0.046336209557115475	2.729440946423115	0.09943414675542142	8.942705376934128	124.21906485847362	3.8010909468830705	0.9668973627186568	36.973981931106444	1918.696924563655	-0.04341288711442112
2.550004180602007	10.528428093645484	2.436512217525716	0.045890794000862295	2.4365122175257166	0.045890794000862295	2.7301061176867374	0.09918065830862187	8.944707809488948	124.47517520063656	3.803952781362286	0.9674056701530255	37.04238403106175	1923.428584438143	-0.04341288711442112
2.5542190635451507	10.528428093645484	2.437969813096235	0.04544418153199615	2.4379698130962346	0.04544418153199617	2.730796182040809	0.09892496243642968	8.946735944019128	124.73298252082492	3.8067933836540355	0.9679020841693547	37.11052064344117	1928.104174992126	-0.04341288711442112
2.5584339464882944	10.528428093645484	2.4394498056605127	0.04499645640182499	2.4394498056605127	0.04499645640182499	2.7315110145355312	0.0986670962121952	8.94878962173775	124.99248683580105	3.809614655545694	0.9683870560713431	37.17841175846506	1932.7269049529364	-0.04341288711442112
2.5626488294314385	10.528428093645484	2.440951958023771	0.0445477019029068	2.440951958023771	0.044547701902906786	2.732250499925916	0.09840709491616201	8.950868690438003	125.2536886931453	3.8124184110749444	0.9688610131174396	37.24607639620214	1937.2998360843571	-0.04341288711442112
2.566863712374582	10.528428093645484	2.4424760358158872	0.04409800050500157	2.442476035815887	0.04409800050500165	2.7330145318702033	0.09814499216709048	8.952973003629884	125.51658912741877	3.81520638187943	0.9693243601489968	37.313532669740304	1941.8258922232667	-0.04341288711442112
2.5710785953177258	10.528428093645484	2.444021806782263	0.04364743397966497	2.4440218067822626	0.04364743397966502	2.73380301218455	0.0978808200437673	8.955102419729506	125.78118961922604	3.8179802221118306	0.9697774810840225	37.38079784309233	1946.307867597965	-0.04341288711442112
2.57529347826087	10.528428093645484	2.4455890401201104	0.04319608351441113	2.44558904012011	0.04319608351441118	2.7346158501483395	0.09761460919736917	8.957256801295639	126.04749205687553	3.820741512960452	0.9702207402895644	37.447888384336764	1950.748434494085	-0.04341288711442112
2.5795083612040135	10.528428093645484	2.447177505856302	0.04274402981725215	2.4471775058563026	0.04274402981725214	2.73545296185522	0.09734638895553538	8.959436014308903	126.31549870037588	3.823491766811276	0.9706544838443221	37.51482001444116	1955.1501503271352	-0.04341288711442112
2.583723244147157	10.528428093645484	2.4487869742632937	0.04229135321233272	2.4487869742632937	0.04229135321233271	2.7363142696053844	0.09707618741891741	8.961639927489356	126.58521214752811	3.82623243108349	0.971079040701808	37.58160775216506	1959.5154641743743	-0.04341288711442112
2.5879381270903012	10.528428093645484	2.4504172153101607	0.041838133727289034	2.4504172153101607	0.041838133727289006	2.737199701335243	0.09680403155088563	8.963868411648976	126.85663530190867	3.828964891767322	0.9714947237632697	37.648265955399246	1963.846722813407	-0.04341288711442112
2.592153010033445	10.528428093645484	2.452067998146028	0.04138445117289252	2.4520679981460285	0.04138445117289249	2.738109190080863	0.09652994726100858	8.966121339075482	127.12977134254744	3.8316904766898854	0.9719018308686075	37.71480835925879	1968.1461763098664	-0.04341288711442112
2.596367892976589	10.528428093645484	2.4537390906136056	0.040930385215469156	2.4537390906136056	0.040930385215469156	2.7390426734720656	0.0962539594828536	8.968398582944774	127.40462369513587	3.8344104585322945	0.9723006457126646	37.78124811121599	1972.4159831924976	-0.04341288711442112
2.6005827759197326	10.528428093645484	2.455430258790828	0.04047601544252509	2.455430258790828	0.040476015442525076	2.740000093254423	0.09597609224659516	8.970700016759384	127.6811960046172	3.8371260576190553	0.972691438693507	37.84759780353036	1976.6582152501755	-0.04341288711442112
2.6047976588628763	10.528428093645484	2.457141266558787	0.040021421421964555	2.457141266558787	0.04002142142196456	2.7409813948365342	0.0956963687468799	8.973025513810567	127.95949210901827	3.8398384444985005	0.9730744676986361	37.91386950320614	1980.8748619818762	-0.04341288711442112
2.6090125418060204	10.528428093645484	2.4588718751944447	0.03956668275523447	2.4588718751944447	0.03956668275523448	2.741986526860353	0.09541481140634236	8.97537494666196	128.2395160144038	3.842548742331329	0.9734499788344804	37.98007477968484	1985.0678347277023	-0.04341288711442112
2.613227424749164	10.528428093645484	2.4606218429868183	0.03911187912469217	2.4606218429868183	0.03911187912469216	2.743015440792571	0.0951314419351307	8.977748186653116	128.52127187084673	3.845258029102877	0.9738182071039979	38.046224730462924	1989.2389705066767	-0.04341288711442112
2.6174423076923077	10.528428093645484	2.4623909248754985	0.03865709033545581	2.462390924875499	0.03865709033545579	2.7440680905351873	0.09484628138676461	8.980145103421222	128.80476394931492	3.8479673396729726	0.9741793770367332	38.11233000480282	1993.3900355841943	-0.04341288711442112
2.6216571906354518	10.528428093645484	2.4641788721105224	0.038202396351967566	2.464178872110522	0.03820239635196761	2.7451444320536442	0.09455935021061881	8.982565564439552	129.0899966193865	3.8506776676762087	0.9745337032752668	38.17840082569215	1997.5227287902644	-0.04341288711442112
2.6258720735785954	10.528428093645484	2.4659854319328467	0.037747877329467154	2.4659854319328463	0.03774787732946719	2.7462444230211225	0.09427066830129191	8.98500943457161	129.37697432772157	3.853389967284321	0.9748813911216233	38.24444701019174	2001.6386846077783	-0.04341288711442112
2.6300869565217395	10.528428093645484	2.4678103472746686	0.0372936136405559	2.4678103472746686	0.03729361364055592	2.7473680224775614	0.09398025504510435	8.987476575639567	129.66570157721137	3.8561051548410736	0.9752226370468611	38.310477988298025	2005.7394760479867	-0.04341288711442112
2.634301839464883	10.528428093645484	2.469653356479125	0.036839685897000575	2.469653356479125	0.03683968589700055	2.748515190502365	0.09368812936393431	8.989966846006325	129.95618290675117	3.8588241103795333	0.9755576291667807	38.37650282043724	2009.8266173294069	-0.04341288711442112
2.638516722408027	10.528428093645484	2.471514193038897	0.03638617496691485	2.4715141930388973	0.03638617496691485	2.7496858878996635	0.0933943097565909	8.99248010017028	130.2484228715781	3.8615476790304544	0.9758865476864131	38.44253021369599	2013.9015663745217	-0.04341288711442112
2.642731605351171	10.528428093645484	2.473392585353373	0.0359331619874369	2.473392585353374	0.03593316198743679	2.7508800758952003	0.09309881433790036	8.995016188372032	130.5424260241232	3.864276672329899	0.9762095653157131	38.508568536884546	2017.96572713764	-0.04341288711442112
2.6469464882943146	10.528428093645484	2.4752882565041894	0.03548072837300365	2.475288256504189	0.03548072837300367	2.75209771584408	0.0928016608756617	8.997574956212654	130.8381968953406	3.8670118694337	0.9765268476586708	38.574625834522344	2022.0204517763427	-0.04341288711442112
2.651161371237458	10.528428093645484	2.4772009240488964	0.03502895581931924	2.477200924048896	0.03502895581931923	2.7533387689485433	0.09250286682562146	9.000156244282804	131.13573997646841	3.869754018245385	0.9768385535778517	38.64070983982485	2026.0670426774595	-0.04341288711442112
2.6553762541806023	10.528428093645484	2.4791302998327303	0.034577926303094	2.479130299832731	0.034577926303093934	2.7546031959851893	0.09220244936459547	9.002759887802426	131.43505970119318	3.8725038364640936	0.9771448355362107	38.706827986767145	2030.1067543481759	-0.04341288711442112
2.659591137123746	10.528428093645484	2.4810760898184294	0.034127722077630485	2.48107608981843	0.03412772207763046	2.7558909570410495	0.09190042542185638	9.005385716270746	131.73616042818804	3.8752620125582236	0.9774458399178619	38.77298742129225	2034.1407951816927	-0.04341288711442112
2.6638060200668896	10.528428093645484	2.4830379939341385	0.03367842566432016	2.4830379939341385	0.03367842566432017	2.7572020112580367	0.09159681170889494	9.00803355312631	132.03904642400164	3.8780292066702673	0.9777417073293457	38.83919501172698	2038.1703291063034	-0.04341288711442112
2.6680209030100337	10.528428093645484	2.485015705939443	0.03323011984011587	2.485015705939442	0.03323011984011589	2.7585363165852734	0.09129162474765405	9.010703215416845	132.34372184627244	3.8808060514577702	0.9780325728828045	38.90545735846302	2042.1964771259677	-0.04341288711442112
2.6722357859531773	10.528428093645484	2.487008913309723	0.03278288762103149	2.4870089133097233	0.03278288762103148	2.759893829539055	0.09098488089731849	9.013394513479078	132.6501907272605	3.8835931528752083	0.9783185664623647	38.971780802957866	2046.2203187600528	-0.04341288711442112
2.6764506688963214	10.528428093645484	2.489017297138856	0.032336812241733195	2.489017297138856	0.03233681224173317	2.7612745049699527	0.09067659637974829	9.016107250628162	132.95845695767073	3.8863910909008954	0.9785998129749114	39.03817143610345	2050.2428933890583	-0.04341288711442112
2.680665551839465	10.528428093645484	2.4910405320606133	0.031891977131264564	2.4910405320606137	0.031891977131264536	2.762678295837031	0.09036678730361598	9.018841222857183	133.26852427077304	3.8892004202132804	0.9788764325863536	39.104635106011116	2054.2652015131284	-0.04341288711442112
2.6848804347826087	10.528428093645484	2.4930782861887657	0.0314484658849732	2.493078286188766	0.03144846588497314	2.7641051529887286	0.09005546968732504	9.02159621854643	133.5803962267957	3.892021670820039	0.9791485409443811	39.17117742525277	2058.288205929066	-0.04341288711442112
2.689095317725753	10.528428093645484	2.4951302210762734	0.03100636223268455	2.495130221076273	0.031006362232684555	2.765555024950441	0.08974265948075723	9.024372018182898	133.8940761976012	3.8948553486438366	0.9794162493886437	39.23780377760065	2062.3128328318367	-0.04341288711442112
2.6933102006688965	10.528428093645484	2.4971959916936415	0.0305657500031914	2.497195991693641	0.03056575000319146	2.767027857718512	0.08942837258591026	9.027168394089978	134.20956735163108	3.897701936067808	0.9796796651492036	39.304519324300855	2066.3399728455875	-0.04341288711442112
2.69752508361204	10.528428093645484	2.4992752464268175	0.030126713085111657	2.499275246426817	0.030126713085111705	2.768523594560737	0.08911262487646311	9.02998511016789	134.52687263913288	3.9005618924441263	0.979938891534052	39.37132900991736	2070.3704819893946	-0.04341288711442112
2.7017399665551842	10.528428093645484	2.50136762709467	0.029689335384195104	2.5013676270946696	0.02968933538419513	2.770042175823114	0.08879543221632379	9.032821921644715	134.84599477765715	3.9034356545683377	0.9801940281064135	39.43823756777672	2074.405182582099	-0.04341288711442112
2.705954849498328	10.528428093645484	2.5034727689864185	0.029253700777142237	2.5034727689864185	0.02925370077714227	2.7715835387430205	0.08847681047718522	9.035678574838764	135.166936237843	3.9063236371224526	0.9804451708525138	39.50524952504598	2078.444864090834	-0.04341288711442112
2.7101697324414715	10.528428093645484	2.505590300919131	0.028819893062021158	2.5055903009191316	0.02881989306202113	2.773147617268744	0.08815677555513027	9.038554806932439	135.48969922949289	3.909226233089341	0.9806924123404311	39.57236920747169	2082.490283927284	-0.04341288711442112
2.7143846153846156	10.528428093645484	2.5077198453154232	0.028387995905373845	2.507719845315423	0.02838799590537391	2.774734341885357	0.08783534338631721	9.04145034575784	135.8142856879418	3.912143814140793	0.980935841870605	39.63960074380591	2086.5421681953903	-0.04341288711442112
2.7185994983277593	10.528428093645484	2.509861018301605	0.027958092786102843	2.5098610183016046	0.027958092786102867	2.776343639447155	0.08751252996176617	9.04436490959489	136.14069726074163	3.9150767310018604	0.9811755456185384	39.70694806994686	2090.601212394473	-0.04341288711442112
2.7228143812709034	10.528428093645484	2.512013429826274	0.027530266936251078	2.5120134298262746	0.027530266936251047	2.7779754330165813	0.08718835134127759	9.047298206981974	136.46893529466251	3.918025313793416	0.981411606770184	39.77441493281583	2094.6680820808688	-0.04341288711442112
2.727029264214047	10.528428093645484	2.5141766837995188	0.027104601278787895	2.514176683799519	0.027104601278787853	2.779629641709898	0.08686282366649954	9.050249936539952	136.79900082303232	3.920989872355345	0.9816441056504753	39.84200489399501	2098.7434134917135	-0.04341288711442112
2.7312441471571907	10.528428093645484	2.516350378252654	0.026681178362532153	2.5163503782526537	0.026681178362532202	2.7813061805495902	0.08653596317316697	9.053219786809587	137.1308945534226	3.9239706965520926	0.9818731198454239	39.90972133314562	2102.8278141335954	-0.04341288711442112
2.7354590301003348	10.528428093645484	2.5185341055185986	0.026260080294345935	2.518534105518598	0.026260080294345952	2.783004960323833	0.08620778620252219	9.056207436103328	137.46461685570713	3.9269680565628455	0.9820987243181817	39.977567451229305	2106.9218633394403	-0.04341288711442112
2.7396739130434784	10.528428093645484	2.5207274524326437	0.02584138866875673	2.520727452432643	0.025841388668756786	2.7847258874529386	0.08587830921194557	9.059212552371413	137.80016775049532	3.9299822031577847	0.9823209915194311	40.04554627354876	2111.026112795991	-0.04341288711442112
2.743888795986622	10.528428093645484	2.522930000553658	0.02542518449516118	2.522930000553658	0.025425184495161207	2.7864688638632327	0.08554754878479211	9.06223479308328	138.1375468979767	3.933013367962568	0.9825399914924466	40.113660652629406	2115.141087044952	-0.04341288711442112
2.748103678929766	10.528428093645484	2.5251413264053633	0.02501154812279299	2.5251413264053633	0.025011548122792972	2.7882337868682807	0.08521552163946321	9.065273805124292	138.47675358717842	3.936061763712362	0.9827557919731419	40.18191327095636	2119.2672839599823	-0.04341288711442112
2.75231856187291	10.528428093645484	2.527361001737515	0.024600559163635773	2.5273610017375145	0.024600559163635793	2.790020549057842	0.08488224463771286	9.068329224708657	138.81778672566725	3.9391275844972826	0.9829684584854006	40.25030664358538	2123.405175202204	-0.04341288711442112
2.7565334448160534	10.528428093645484	2.5295885938066065	0.024192296413482108	2.529588593806606	0.024192296413482122	2.7918290381946442	0.08454773479220315	9.071400677308699	139.16064482971117	3.9422110060005964	0.9831780544319616	40.31884312064226	2127.555206656367	-0.04341288711442112
2.7607483277591975	10.528428093645484	2.5318236656756876	0.023786837771348587	2.531823665675688	0.023786837771348546	2.7936591371192137	0.08421200927331834	9.074487777601133	139.50532601492202	3.945312185731243	0.9833846411811187	40.38752488972636	2131.7177988499393	-0.04341288711442112
2.764963210702341	10.528428093645484	2.534065776532781	0.02338426015747196	2.5340657765327808	0.023384260157471987	2.7955107236629133	0.0838750854152463	9.077590129430618	139.85182798739734	3.9484312632519325	0.9835882781494676	40.456353978231256	2135.8933473571014	-0.04341288711442112
2.7691780936454853	10.528428093645484	2.536314482027379	0.022984639430116267	2.536314482027379	0.022984639430116284	2.797383670569455	0.08353698072133338	9.080707325791181	140.20014803538854	3.9515683604043033	0.9837890228809273	40.52533225559769	2140.0822231897896	-0.04341288711442112
2.773392976588629	10.528428093645484	2.538569334624271	0.022588050301443185	2.5385693346242717	0.022588050301443143	2.799277845424945	0.08319771286872708	9.0838389488256	140.5502830215046	3.954723581532123	0.9839869311222382	40.594461435509146	2144.2847731773877	-0.04341288711442112
2.7776078595317726	10.528428093645484	2.5408298839740957	0.02219456625269315	2.5408298839740953	0.022194566252693157	2.801193110596827	0.08285729971230542	9.08698456984353	140.90222937548668	3.9578970137040304	0.984182056895134	40.66374307804475	2148.501320337218	-0.04341288711442112
2.7818227424749167	10.528428093645484	2.54309567729968	0.021804259448950473	2.54309567729968	0.021804259448950446	2.8031293231817225	0.08251575928791012	9.090143749358292	141.25598308755949	3.961088726936638	0.9843744525653629	40.73317859179864	2152.7321642371935	-0.04341288711442112
2.7860376254180603	10.528428093645484	2.5453662597973103	0.021417200653764172	2.5453662597973103	0.021417200653764182	2.805086334962391	0.08217310981488941	9.093316037142756	141.61153970238402	3.964298774419156	0.9845641689087303	40.802769235977344	2156.977581352353	-0.04341288711442112
2.790252508361204	10.528428093645484	2.547641175051975	0.021033459143905475	2.5476411750519747	0.021033459143905513	2.8070639923739993	0.08182936969795673	9.096500972304634	141.96889431363257	3.9675271927405187	0.9847512551743156	40.87251612248542	2161.2378254168216	-0.04341288711442112
2.794467391304348	10.528428093645484	2.549919965465497	0.020653102624553832	2.549919965465497	0.020653102624553846	2.809062136479785	0.08148455752837831	9.099698083381327	142.3280415592003	3.9707740021199216	0.9849357591450136	40.942420218008586	2165.513127772589	-0.04341288711442112
2.7986822742474917	10.528428093645484	2.552202172696378	0.020276197145207165	2.5522021726963775	0.020276197145207186	2.8110806029561948	0.08113869208450099	9.10290688845432	142.68897561706675	3.9740392066414665	0.9851177271955311	41.012482346102175	2169.8036977162838	-0.04341288711442112
2.8028971571906354	10.528428093645484	2.5544873381102398	0.019902807016611488	2.55448733811024	0.019902807016611436	2.8131192220876966	0.08079179233162544	9.10612689528355	143.05169020183072	3.977322794493927	0.9852972043479736	41.08270318929493	2174.109722845473	-0.04341288711442112
2.8071120401337795	10.528428093645484	2.556775003239479	0.0195329947290168	2.5567750032394785	0.019532994729016824	2.815177818771231	0.08044387742124406	9.109357601461436	143.4161785619233	3.9806247382160764	0.9854742343251339	41.15308329121346	2178.4313694053126	-0.04341288711442112
2.811326923076923	10.528428093645484	2.559064710250851	0.01916682087206055	2.559064710250851	0.019166820872060553	2.8172562125304235	0.0800949666896507	9.11259849458681	143.78243347751703	3.9839449949483936	0.9856488596015993	41.223623058735875	2182.7687826368606	-0.04341288711442112
2.815541806020067	10.528428093645484	2.5613560024195516	0.018804344056581785	2.561356002419551	0.018804344056581813	2.8193542175395474	0.07974507965593983	9.115849052458564	144.15044725913904	3.9872835066915813	0.9858211214527773	41.294322764179604	2187.1220871278397	-0.04341288711442112
2.819756688963211	10.528428093645484	2.563648424608336	0.018445620838668665	2.563648424608336	0.01844562083866867	2.8214716426572406	0.07939423601940898	9.11910874328883	144.5202117469957	3.990640200572415	0.9859910600019408	41.36518254752948	2191.4913871667927	-0.04341288711442112
2.8239715719063545	10.528428093645484	2.565941523750204	0.018090705646234575	2.565941523750204	0.01809070564623457	2.82360829147001	0.07904245565637716	9.1223770259357	144.89171831102178	3.994014989117432	0.9861587142653796	41.43620241871157	2195.876767101541	-0.04341288711442112
2.8281864548494986	10.528428093645484	2.5682348493330194	0.01773965070841968	2.5682348493330194	0.017739650708419687	2.825763962345344	0.07868975861644498	9.125653350154918	145.26495785164818	3.9974077705345747	0.986324122195746	41.50738225991526	2200.2782917023433	-0.04341288711442112
2.8324013377926422	10.528428093645484	2.5705279538845978	0.017392505988097537	2.5705279538845978	0.01739250598809751	2.8279384484945065	0.0783361651182046	9.128937156870528	145.63992080130228	4.000818429003341	0.9864873207236737	41.578721827969474	2204.696006530729	-0.04341288711442112
2.836616220735786	10.528428093645484	2.5728203934565737	0.017049319117767258	2.5728203934565737	0.017049319117767286	2.8301315380447836	0.0779816955444267	9.132227878463862	146.016597126634	4.004246834973439	0.9866483457977437	41.650220756774615	2209.129938314288	-0.04341288711442112
2.84083110367893	10.528428093645484	2.5751117281054716	0.016710135339094805	2.575111728105472	0.016710135339094805	2.832343014121106	0.0776263704367415	9.135524939080577	146.39497633146914	4.007692845472146	0.9868072324228667	41.721878559793	2213.580095327932	-0.04341288711442112
2.8450459866220736	10.528428093645484	2.5774015223693185	0.01637499744635838	2.577401522369318	0.016374997446358387	2.8345726549368004	0.07727021048984048	9.13882775495498	146.77504746048092	4.0111563044203775	0.9869640146971476	41.793694632599184	2218.0464677819045	-0.04341288711442112
2.8492608695652173	10.528428093645484	2.5796893457382626	0.01604394573403294	2.579689345738262	0.016043945734032956	2.836820233893411	0.07691323654521377	9.14213573475143	147.15679910358375	4.014637042957623	0.9871187258472962	41.86566825549281	2222.5290282170276	-0.04341288711442112
2.8534757525083614	10.528428093645484	2.581974773117484	0.01571701794874228	2.5819747731174845	0.01571701794874224	2.839085519689184	0.07655546958445732	9.145448279921785	147.54021940102825	4.0181348797754195	0.9872713982626368	41.93779859617254	2227.0277319070374	-0.04341288711442112
2.857690635451505	10.528428093645484	2.584257385280925	0.015394249245779508	2.5842573852809254	0.015394249245779477	2.841368276436114	0.07619693072216686	9.148764785078491	147.925296049196	4.02164962145948	0.9874220635277745	42.01008471247302	2231.5425172684395	-0.04341288711442112
2.861905518394649	10.528428093645484	2.5865367693141743	0.01507567215038792	2.586536769314174	0.015075672150387914	2.8436682637851205	0.0758376411984524	9.152084638382275	148.31201630707295	4.025181062840005	0.9875707524539689	42.082525555162455	2236.073306277581	-0.04341288711442112
2.8661204013377928	10.528428093645484	2.588812519045141	0.014761316523964037	2.5888125190451405	0.014761316523964065	2.8459852370591916	0.07547762237109316	9.15540722194398	148.70036700339514	4.02872898735023	0.9877174951092622	42.15511997080215	2240.620004895247	-0.04341288711442112
2.8703352842809364	10.528428093645484	2.5910842354608983	0.014451209535334554	2.5910842354608987	0.014451209535334537	2.8483189473939685	0.07511689570736996	9.158731912239206	149.09033454443548	4.032293167392495	0.9878623208474072	42.22786670466328	2245.182503498211	-0.04341288711442112
2.8745501672240805	10.528428093645484	2.59335152710946	0.014145375637225316	2.5933515271094594	0.01414537563722534	2.8506691418855787	0.0747554827755955	9.162058080535326	149.4819049224257	4.035873364711831	0.9880052583356393	42.30076440370196	2249.7606773179673	-0.04341288711442112
2.878765050167224	10.528428093645484	2.5956140104850447	0.013843836548027118	2.5956140104850447	0.013843836548027118	2.8530355637452027	0.07439340523637783	9.165385093329535	149.8750637245805	4.0394693307763685	0.9881463355813327	42.373811619587855	2254.354386886059	-0.04341288711442112
2.882979933110368	10.528428093645484	2.5978713103956506	0.013546611238932048	2.5978713103956506	0.013546611238932058	2.8554179524599856	0.07403068483364685	9.168712312797124	150.26979614270311	4.0430808071641735	0.9882855799575782	42.44700681178404	2258.9634784857963	-0.04341288711442112
2.887194816053512	10.528428093645484	2.600123060311744	0.013253715926494339	2.600123060311744	0.013253715926494351	2.857816043959904	0.07366734338547082	9.172039097248925	150.66608698334832	4.046707525955994	0.9884230182277217	42.52034835067493	2263.5877846099306	-0.04341288711442112
2.8914096989966556	10.528428093645484	2.6023689026949985	0.012965164070642911	2.602368902694998	0.01296516407064294	2.8602295707900427	0.07330340277469949	9.175364801596746	151.0639206785092	4.0503492101333025	0.9885586765688971	42.59383452073789	2268.227124423843	-0.04341288711442112
2.895624581939799	10.528428093645484	2.604608489306107	0.012680966378148134	2.6046084893061074	0.012680966378148128	2.8626582622878773	0.0729388849394613	9.178688777825837	151.463281296802	4.054005573981019	0.9886925805945855	42.66746352375454	2272.88130423366	-0.04341288711442112
2.8998394648829433	10.528428093645484	2.6068414814907843	0.012401130811521765	2.6068414814907848	0.012401130811521752	2.8651018447650176	0.07257381186354853	9.182010375473142	151.86415255511434	4.0576763234942606	0.9888247553762367	42.74123348205705	2277.5501179587945	-0.04341288711442112
2.904054347826087	10.528428093645484	2.6090675504432563	0.012125662603300799	2.6090675504432563	0.012125662603300807	2.8675600416930105	0.07220820556671681	9.185328942110418	152.26651783069082	4.06136115678856	0.9889552254639807	42.815142441805655	2282.2333476083877	-0.04341288711442112
2.908269230769231	10.528428093645484	2.6112863774464667	0.011854564275649248	2.6112863774464663	0.011854564275649265	2.8700325738925145	0.07184208809493979	9.18864382383074	152.67036017360934	4.06505976451259	0.9890840149064596	42.88918837629017	2286.9307637607485	-0.04341288711442112
2.9124841137123747	10.528428093645484	2.6134976540885804	0.01158783566517899	2.6134976540885804	0.01158783566517899	2.872519159725497	0.07147548151063988	9.19195436573755	153.07566231962443	4.068771830262918	0.9892111472698082	42.96336918925225	2291.6421260453512	-0.04341288711442112
2.9166989966555183	10.528428093645484	2.615701082455285	0.01132547395287579	2.615701082455285	0.01132547395287579	2.875019515289822	0.07110840788293196	9.195259912434976	153.48240670333595	4.072497030999892	0.9893366456558125	43.037682718221745	2296.3671836265644	-0.04341288711442112
2.9209138795986624	10.528428093645484	2.617896375297629	0.011067473698989937	2.617896375297629	0.011067473698989949	2.8775333546157684	0.07074088927790605	9.198559808518295	153.8905754716484	4.076235037464016	0.9894605327192713	43.112126737862205	2301.105675688423	-0.04341288711442112
2.925128762541806	10.528428093645484	2.6200832561751586	0.010813826882734644	2.620083256175158	0.010813826882734662	2.88006038986386	0.07037294774898425	9.20185339906339	154.300150497479	4.079985514591921	0.9895828306845873	43.18669896331895	2305.8573319196125	-0.04341288711442112
2.9293436454849497	10.528428093645484	2.622261459574342	0.010564522946609636	2.622261459574342	0.010564522946609622	2.8826003315236037	0.07000460532737034	9.205140030114164	154.71111339368485	4.0837481219312695	0.9897035613616134	43.26139705356485	2310.6218729979673	-0.04341288711442112
2.933558528428094	10.528428093645484	2.6244307310022412	0.010319548845158073	2.6244307310022412	0.010319548845158075	2.885152888612457	0.06963588401263249	9.208419049166674	155.12344552716033	4.0875225140537745	0.9898227461607795	43.336218614736886	2315.3990110736427	-0.04341288711442112
2.9377734113712375	10.528428093645484	2.626590827055686	0.010078889097938278	2.626590827055686	0.010078889097938273	2.887717768874709	0.06926680576343218	9.211689805649204	155.53712803307977	4.091308340965654	0.9899404061075218	43.41116120345921	2320.1884502503053	-0.04341288711442112
2.941988294314381	10.528428093645484	2.6287415154660705	0.009842525846487423	2.6287415154660705	0.009842525846487416	2.890294678979518	0.06889739248843851	9.214951651396822	155.95214182923215	4.095105248514556	0.9900565618560411	43.48622233014446	2324.9898870632696	-0.04341288711442112
2.9462031772575252	10.528428093645484	2.6308825751203	0.009610438915030191	2.6308825751203	0.009610438915030179	2.892883324717885	0.06852766603743811	9.218203941119919	156.3684676304272	4.098912878792569	0.9901712337024114	43.56139946227046	2329.803010954221	-0.04341288711442112
2.950418060200669	10.528428093645484	2.6330137960581843	0.009382605874684695	2.633013796058184	0.009382605874684705	2.8954834111978354	0.06815764819267754	9.221446032865325	156.78608596292	4.102730870534223	0.9902844415970625	43.63669002762413	2334.6275047413305	-0.04341288711442112
2.954632943143813	10.528428093645484	2.6351349794469723	0.009159002110898045	2.6351349794469723	0.009159002110898056	2.8980946430375387	0.06778736066044656	9.22467728846947	157.20497717883225	4.106558859509096	0.9903962051566577	43.71209141750896	2339.4630450843647	-0.04341288711442112
2.9588478260869566	10.528428093645484	2.637245937533555	0.008939600893845063	2.637245937533555	0.008939600893845056	2.9007167245557617	0.06741682506293478	9.22789707400239	157.6251214705212	4.110396478908104	0.9905065436753899	43.787600989909	2344.309302943755	-0.04341288711442112
2.9630627090301003	10.528428093645484	2.6393464935751365	0.00872437345150977	2.639346493575136	0.008724373451509785	2.9033493599593374	0.06704606293037081	9.231104760202037	158.04649888487305	4.114243359723026	0.9906154761357174	43.86321607260575	2349.165944033156	-0.04341288711442112
2.9672775919732444	10.528428093645484	2.641436481749155	0.008513289045169844	2.6414364817491554	0.008513289045169839	2.905992253527224	0.06667509569346455	9.234299722898035	158.46908933748415	4.11809913111857	0.9907230212185605	43.93893396624224	2354.0326292647105	-0.04341288711442112
2.971492474916388	10.528428093645484	2.6435157470432418	0.00830631504700145	2.6435157470432418	0.00830631504700146	2.90864510979065	0.06630394467617365	9.237481343424015	158.89287262668972	4.121963420796277	0.9908291973129779	44.014751947328634	2358.9090151862088	-0.04341288711442112
2.975707357859532	10.528428093645484	2.6455841451262865	0.008103417019515469	2.6455841451262865	0.008103417019515462	2.911307633709212	0.06593263108879507	9.240649009018249	159.31782844742716	4.125835855350037	0.9909340225253486	44.090667271187456	2363.7947544099143	-0.04341288711442112
2.9799222408026758	10.528428093645484	2.64764154220141	0.007904558796546394	2.64764154220141	0.007904558796546389	2.9139795308423255	0.06556117602141046	9.24380211321157	159.7439364048847	4.129716060612311	0.9910375146880722	44.16667717483087	2368.689496031981	-0.04341288711442112
2.9841371237458194	10.528428093645484	2.6496878148419944	0.0077097025655075155	2.649687814841994	0.007709702565507539	2.916660507515918	0.06518960043768163	9.246940056202344	160.17117602792337	4.133603661990888	0.9911396913678145	44.242778879768856	2373.5928860422578	-0.04341288711442112
2.988352006688963	10.528428093645484	2.651722849811767	0.007518808950637176	2.6517228498117666	0.0075188089506371784	2.9193502709839843	0.06481792516901455	9.25006224521794	160.59952678223908	4.137498284795647	0.9912405698733133	44.318969594743244	2378.504567723878	-0.04341288711442112
2.992566889632107	10.528428093645484	2.653746543869982	0.007331837096963528	2.653746543869982	0.007331837096963535	2.9220485295846887	0.06444617090909903	9.253168094862112	161.0289680832373	4.141399554554805	0.9913401672627639	44.395246518383765	2383.424182041952	-0.04341288711442112
2.996781772575251	10.528428093645484	2.6557588035629123	0.007148744754719643	2.6557588035629127	0.007148744754719626	2.924754992890959	0.06407435820882235	9.256257027448319	161.45947930861007	4.145307097320625	0.9914385003508073	44.4716068417854	2388.3513680213878	-0.04341288711442112
3.000996655518395	10.528428093645484	2.657759545002643	0.006969488363953568	2.6577595450026434	0.006969488363953557	2.927469371855146	0.06370250747157118	9.259328473318241	161.89103981058022	4.149220539963881	0.9915355857151329	44.548047751001256	2393.2857631128854	-0.04341288711442112
3.0052115384615385	10.528428093645484	2.659748693634352	0.00679402313908307	2.6597486936343517	0.006794023139083096	2.9301913789476877	0.0633306389489208	9.262381871145532	162.3236289278007	4.153139510457068	0.9916314397027192	44.62456642945035	2398.227003547159	-0.04341288711442112
3.009426421404682	10.528428093645484	2.6617261839932387	0.006622303153154193	2.6617261839932387	0.006622303153154176	2.9329207282896617	0.06295877273670827	9.26541666822467	162.75722599689777	4.157063638146166	0.9917260784357275	44.701160060238884	2403.1747246770224	-0.04341288711442112
3.0136413043478263	10.528428093645484	2.6636919594520947	0.006454281421578867	2.6636919594520942	0.006454281421578869	2.9356571357789023	0.06258692877150275	9.26843232074442	163.19181036362488	4.160992554010482	0.9918195178170659	44.77782582839049	2408.128561306817	-0.04341288711442112
3.01785618729097	10.528428093645484	2.665645971960784	0.006289909985130158	2.665645971960784	0.00628990998513016	2.938400319209849	0.06221512682745413	9.271428294046355	163.6273613936381	4.164925890910838	0.991911773535642	44.85456092298753	2413.0881480093694	-0.04341288711442112
3.022071070234114	10.528428093645484	2.6675881817785583	0.006129139991994364	2.667588181778558	0.006129139991994372	2.9411499983867606	0.06184338651353597	9.274404062867886	164.0638584828564	4.168863283825574	0.9920028610713174	44.931362539218824	2418.0531194298683	-0.04341288711442112
3.0262859531772577	10.528428093645484	2.6695185572004134	0.005971921778684407	2.669518557200414	0.005971921778684396	2.9439058952304866	0.06147172727116295	9.27735911157027	164.50128106741815	4.172804370074708	0.9920927956995845	45.00822788033617	2423.023110576953	-0.04341288711442112
3.0305008361204013	10.528428093645484	2.6714370742784297	0.005818204949637603	2.6714370742784297	0.005818204949637598	2.946667733878583	0.0611001683721896	9.280292934351378	164.93960863321115	4.176748789531898	0.9921815924959766	45.085154159516485	2427.997757100547	-0.04341288711442112
3.034715719063545	10.528428093645484	2.6733437165391254	0.005667938455331633	2.673343716539125	0.0056679384553316526	2.9494352407788362	0.060728728917278714	9.28320503544342	165.37882072497462	4.180696184824364	0.9922692663402282	45.16213860163054	2432.976695556571	-0.04341288711442112
3.038930602006689	10.528428093645484	2.675238474697847	0.005521070668764692	2.675238474697847	0.005521070668764699	2.952208144776228	0.060357427834633104	9.286094929295913	165.81889695497205	4.184646201520867	0.992355831920201	45.239178444918785	2437.959563658587	-0.04341288711442112
3.0431454849498327	10.528428093645484	2.677121346371039	0.00537754946016372	2.677121346371039	0.005377549460163714	2.9549861771932773	0.059986283879085556	9.288962140743836	166.2598170112224	4.188598488307623	0.9924413037355878	45.31627094257273	2442.9460005161045	-0.04341288711442112
3.047360367892977	10.528428093645484	2.678992335787387	0.0052373222697926405	2.678992335787387	0.005237322269792639	2.957769071903946	0.05961531563153299	9.291806205161516	166.7015606652998	4.19255269715253	0.9925256961014087	45.393413364224955	2447.935646860026	-0.04341288711442112
3.0515752508361205	10.528428093645484	2.680851453498585	0.005100336178751312	2.6808514534985846	0.005100336178751313	2.9605565654010184	0.05924454149871263	9.294626668602211	167.1441077796882	4.196508483457547	0.9926090231513123	45.47060299734558	2452.928145254856	-0.04341288711442112
3.055790133779264	10.528428093645484	2.682698716090633	0.004966537977664198	2.682698716090633	0.0049665379776642005	2.9633483968571865	0.05887397971330176	9.297423087923953	167.58743831470468	4.200465506199656	0.9926912988406945	45.54783714854909	2457.9231402982023	-0.04341288711442112
3.060005016722408	10.528428093645484	2.684534145896332	0.004835874233175119	2.6845341458963317	0.0048358742331751185	2.966144308179823	0.05850364833433751	9.300195030901774	168.0315323349838	4.204423428060404	0.9927725369496483	45.625113144810356	2462.920278807444	-0.04341288711442112
3.064219899665552	10.528428093645484	2.686357770709747	0.0047082913521735836	2.6863577707097464	0.004708291352173596	2.968944044059622	0.05813356524794062	9.30294207632678	168.47637001553116	4.2083819155443	0.9928527510857527	45.70242833459235	2467.9192099938286	-0.04341288711442112
3.068434782608696	10.528428093645484	2.688169623503302	0.004583735643692302	2.688169623503302	0.004583735643692305	2.971747352013245	0.05776374816833183	9.305663814092487	168.92193164735372	4.212340639086394	0.9929319546867156	45.779780088887534	2472.919585624331	-0.04341288711442112
3.0726496655518396	10.528428093645484	2.6899697421480653	0.004462153378427402	2.689969742148065	0.004462153378427407	2.9745539824200193	0.05739421463913158	9.308359845268615	169.3681976426628	4.216299273149054	0.9930101610228793	45.85716580217304	2477.9210601711934	-0.04341288711442112
3.0768645484949833	10.528428093645484	2.691758169137886	0.004343490845842223	2.691758169137886	0.00434349084584224	2.977363688552995	0.057024982034925294	9.311029782163047	169.81514853967073	4.220257496308533	0.9930873831995982	45.934582893283746	2482.923290949792	-0.04341288711442112
3.081079431438127	10.528428093645484	2.693534951317804	0.004227694408829357	2.693534951317804	0.004227694408829367	2.980176226604341	0.0566560675630864	9.313673248372071	170.26276500697352	4.224214991331259	0.9931636341594995	46.01202880620274	2487.925938244689	-0.04341288711442112
3.085294314381271	10.528428093645484	2.695300139617302	0.0041147105559121615	2.695300139617302	0.0041147105559121685	2.9829913557054297	0.0562874882658384	9.316289878819633	170.7110278475431	4.228171445240508	0.9932389266846356	46.089501010774214	2492.928665424576	-0.04341288711442112
3.0895091973244146	10.528428093645484	2.6970537887887236	0.00400448595098088	2.6970537887887236	0.0040044859509808925	2.9858088379416072	0.0559192610225494	9.31887931978576	171.15991800232354	4.2321265493733815	0.9933132733985361	46.166997003337485	2497.9311390459325	-0.04341288711442112
3.0937240802675587	10.528428093645484	2.698795957151354	0.003896967480562611	2.698795957151354	0.003896967480562614	2.9886284383620096	0.05555140255223717	9.321441228924883	171.60941655345565	4.2360799994288145	0.9933866867681684	46.24451430728829	2502.933028946233	-0.04341288711442112
3.0979389632107024	10.528428093645484	2.7005267063414	0.003792102298637785	2.7005267063414	0.003792102298637773	2.9914499249844613	0.05518392941627906	9.323975275274297	172.0595047271282	4.240031495506602	0.9934591791058144	46.32205047356672	2507.934008326594	-0.04341288711442112
3.102153846153846	10.528428093645484	2.702246101068226	0.003689837869019654	2.702246101068226	0.003689837869019651	2.994273068795743	0.05481685802130779	9.326481139253326	172.51016389607463	4.243980742137967	0.9935307625708703	46.39960308107566	2512.933753824428	-0.04341288711442112
3.10636872909699	10.528428093645484	2.7039542088771	0.003590122005322478	2.7039542088771	0.0035901220053224845	2.9970976437474115	0.054450204622281194	9.328958512653697	172.96137558172495	4.247927448307998	0.9936014491715763	46.47716973703261	2517.931945576457	-0.04341288711442112
3.110583612040134	10.528428093645484	2.705651099918628	0.003492902908550787	2.705651099918628	0.0034929029085507923	2.999923426747337	0.054083985325712555	9.33140709862144	173.4131214560233	4.25187132747022	0.9936712507666834	46.554748077256164	2522.9282672723098	-0.04341288711442112
3.114798494983278	10.528428093645484	2.7073368467250964	0.003398129202346911	2.7073368467250964	0.003398129202346905	3.0027501976471758	0.05371821609304892	9.333826611630887	173.8653833429233	4.255812097553695	0.9937401790670615	46.63233576639079	2527.9224061991363	-0.04341288711442112
3.1190133779264215	10.528428093645484	2.709011523993853	0.0033057499659404598	2.709011523993854	0.0033057499659404467	3.0055777392260064	0.05335291274418138	9.336216777451199	174.31814321957697	4.259749480963042	0.9938082456372566	46.70993049807248	2532.9140532776687	-0.04341288711442112
3.123228260869565	10.528428093645484	2.71067520837783	0.003215714764847848	2.71067520837783	0.0032157147648478462	3.0084058371702773	0.05298809096107763	9.33857733310581	174.7713832172249	4.26368320457161	0.9938754618970006	46.787529995037005	2537.902903089916	-0.04341288711442112
3.127443143812709	10.528428093645484	2.71232797828332	0.0031279736793738736	2.71232797828332	0.003127973679373874	3.0112342800503553	0.05262376629151879	9.340908026825348	175.22508562180803	4.267612999708319	0.9939418391226794	46.865132009174964	2542.888653899109	-0.04341288711442112
3.131658026755853	10.528428093645484	2.71396991367501	0.003042477330972353	2.71396991367501	0.0030424773309723494	3.014062859293753	0.05225995415293566	9.343208617994298	175.679232874304	4.271538602138318	0.9940073884487638	46.94273432153459	2547.8710076619814	-0.04341288711442112
3.1358729096989966	10.528428093645484	2.7156010958883425	0.002959176906524288	2.7156010958883425	0.0029591769065242797	3.01689136915535	0.05189666983632345	9.34547887709195	176.1338075708097	4.275459752037948	0.9940721208692064	47.020334742275836	2552.849670033969	-0.04341288711442112
3.1400877926421407	10.528428093645484	2.7172216074491655	0.002878024180596422	2.717221607449165	0.0028780241805964266	3.0197196066847236	0.051533928510229005	9.34771858562799	176.5887924623782	4.279376193964277	0.9941360472388098	47.09793111057838	2557.8243503675776	-0.04341288711442112
3.1443026755852843	10.528428093645484	2.718831531900708	0.002798971535743877	2.718831531900708	0.00279897153574388	3.0225473716908815	0.051171745224793154	9.34992753607322	177.0441704546286	4.283287676819621	0.9941991782745687	47.17552129450619	2562.7947617043906	-0.04341288711442112
3.148517558528428	10.528428093645484	2.720430953637739	0.002721971980924326	2.7204309536377393	0.0027219719809243076	3.025374466704425	0.05081013491584406	9.352105531785556	177.4999246071313	4.287193953811198	0.9942615245569892	47.25310319083001	2567.760620760851	-0.04341288711442112
3.152732441471572	10.528428093645484	2.722019957747944	0.002646979168090072	2.722019957747944	0.002646979168090075	3.028200696937513	0.050449112409021855	9.354252386931966	177.95603813259333	4.291094782406458	0.994323096531388	47.33067472481202	2572.721647908454	-0.04341288711442112
3.1569473244147157	10.528428093645484	2.72359862986039	0.002573947407027821	2.72359862986039	0.0025739474070278195	3.0310258702417068	0.050088692423928806	9.356367926406573	178.4124943958508	4.294989924284262	0.9943839045091751	47.40823384995393	2577.6775671484884	-0.04341288711442112
3.16116220735786	10.528428093645484	2.725167056000961	0.0025028316785153867	2.725167056000961	0.002502831678515388	3.033849797063863	0.04972888957829425	9.358451985745159	178.86927691267792	4.2988791452822115	0.9944439586691224	47.48577854771112	2582.628106081723	-0.04341288711442112
3.1653770903010034	10.528428093645484	2.7267253224547128	0.002433587645864845	2.726725322454713	0.0024335876458648356	3.0366722904003334	0.04936971839214052	9.360504411036615	179.326369348432	4.3027622153405325	0.9945032690586176	47.56330682717543	2587.572995873422	-0.04341288711442112
3.169591973244147	10.528428093645484	2.7282735156349545	0.002366171664922666	2.7282735156349545	0.0023661716649226662	3.039493165749548	0.04901119329194463	9.362525058831473	179.78375551654003	4.306638908442652	0.9945618455949108	47.6408167247284	2592.5119712138962	-0.04341288711442112
3.1738068561872907	10.528428093645484	2.7298117219589924	0.0023005407925958325	2.7298117219589924	0.0023005407925958407	3.042312241063255	0.04865332861477979	9.364513796047968	180.24141937684604	4.31050900255295	0.9946196980663501	47.71830630366841	2597.444770275127	-0.04341288711442112
3.178021739130435	10.528428093645484	2.7313400277303113	0.0022366527939740627	2.7313400277303113	0.002236652793974059	3.0451293366964403	0.04829613861243605	9.366470499875723	180.6993450338199	4.314372279551692	0.9946768361336109	47.79577365381156	2602.371134663432	-0.04341288711442112
3.1822366220735785	10.528428093645484	2.7328585190271264	0.0021744661481157223	2.7328585190271264	0.0021744661481157227	3.0479442753562487	0.04793963745550112	9.368395057677581	181.15751673465243	4.318228525167717	0.9947332693309193	47.873216891071415	2607.290809368889	-0.04341288711442112
3.1864515050167226	10.528428093645484	2.7343672815970606	0.00211394005256609	2.7343672815970606	0.0021139400525660925	3.05075688204989	0.0475838392374019	9.370287366889551	181.615918867235	4.32207752890882	0.9947890070672717	47.95063415701666	2612.203542711382	-0.04341288711442112
3.1906663879598662	10.528428093645484	2.735866400757859	0.0020550344266735167	2.7358664007578595	0.0020550344266735123	3.05356698403183	0.047228757978390726	9.37214733491936	182.07453595804478	4.325919083990369	0.9948440586276495	48.02802361841115	2617.109086283959	-0.04341288711442112
3.19488127090301	10.528428093645484	2.7373559613039067	0.0019977099137697654	2.7373559613039067	0.0019977099137697624	3.0563744107502786	0.046874407629475076	9.37397487904367	182.53335266993798	4.3297529872621405	0.9948984331742329	48.105383466736406	2622.007194893426	-0.04341288711442112
3.199096153846154	10.528428093645484	2.738836047418436	0.0019419278822775717	2.7388360474184363	0.0019419278822775717	3.0591789937932408	0.04652080207627636	9.375769926304296	182.9923537998702	4.333579039133834	0.994952139747612	48.18271191769999	2626.8976264987646	-0.04341288711442112
3.2033110367892976	10.528428093645484	2.7403067425911813	0.0018876504258086935	2.7403067425911813	0.0018876504258086909	3.061980566834113	0.04616795514281661	9.377532413403447	183.45152427654213	4.33739704349925	0.9950051872679966	48.26000721072971	2631.780142147303	-0.04341288711442112
3.2075259197324417	10.528428093645484	2.7417681295413607	0.001834840362312509	2.7417681295413607	0.001834840362312509	3.0647789655770903	0.045815880595222104	9.379262286598369	183.91084915799132	4.341206807659543	0.9950575845364263	48.337267608457395	2636.6545059091945	-0.04341288711442112
3.2117408026755854	10.528428093645484	2.743220290145784	0.0017834612323346442	2.7432202901457834	0.0017834612323346499	3.067574027702434	0.04546459214533704	9.38095950159543	184.37031362913353	4.3450081422456535	0.9951093402359796	48.414491396192226	2641.520484810253	-0.04341288711442112
3.215955685618729	10.528428093645484	2.744663305371897	0.0017334772964428748	2.7446633053718967	0.0017334772964428813	3.0703655928117173	0.04511410345424409	9.382624023443835	184.82990299926328	4.3488008611401145	0.9951604629329838	48.491676881386354	2646.3778487634418	-0.04341288711442112
3.220170568561873	10.528428093645484	2.7460972552156124	0.001684853531875665	2.746097255215613	0.0016848535318756642	3.073153502373194	0.044764428135681586	9.384255826429117	185.28960269952307	4.352584781398457	0.9952109610782245	48.56882239309366	2651.22637049926	-0.04341288711442112
3.2243854515050168	10.528428093645484	2.7475222186436983	0.0016375556284671526	2.7475222186436987	0.0016375556284671487	3.07593759966733	0.04441557975935574	9.385854893966453	185.74939828034647	4.3563597231702875	0.9952608430081564	48.64592628142289	2656.0658254951095	-0.04341288711442112
3.2286003344481604	10.528428093645484	2.748938273540653	0.0015915499838996378	2.748938273540653	0.001591549983899639	3.078717729732751	0.044067571854135325	9.387421218494188	186.20927540889346	4.360125509620457	0.9953101169461148	48.722986916988326	2660.8959919041736	-0.04341288711442112
3.2328152173913045	10.528428093645484	2.7503454966597407	0.001546803698334289	2.7503454966597407	0.0015468036983342867	3.081493739312465	0.043720417911133326	9.388954801367175	186.66921986646756	4.363881966850086	0.9953587910035269	48.80000269035631	2665.7166504835122	-0.04341288711442112
3.237030100334448	10.528428093645484	2.751743963578181	0.0015032845684668544	2.751743963578181	0.001503284568466853	3.084265476800709	0.04337413138666078	9.390455652750585	187.1292175459415	4.367628923818027	0.9954068731811243	48.87697201149216	2670.52758452209	-0.04341288711442112
3.241244983277592	10.528428093645484	2.7531337486561895	0.0014609610810547378	2.7531337486561895	0.0014609610810547404	3.0870327921903074	0.04302872570505443	9.391923791513815	187.58925444918444	4.371366212262547	0.9954543713701564	48.95389330920597	2675.3285797684794	-0.04341288711442112
3.245459866220736	10.528428093645484	2.7545149249998206	0.0014198024059590526	2.7545149249998206	0.0014198024059590532	3.0897955370207915	0.04268421426136831	9.39335924512488	188.04931668450783	4.375093666623682	0.9955012933536028	49.03076503060098	2680.1194243587834	-0.04341288711442112
3.2496747491638796	10.528428093645484	2.755887564427337	0.001379778388744044	2.755887564427337	0.001379778388744045	3.092553564327174	0.042340610423932924	9.394762049545049	188.50939046412404	4.378811123966062	0.9955476468073875	49.10758564052275	2684.899908744569	-0.04341288711442112
3.2538896321070236	10.528428093645484	2.7572517374390655	0.0013408595428730946	2.757251737439066	0.0013408595428730926	3.095306728589675	0.04199792753676554	9.396132249124081	188.96946210164063	4.382518423902674	0.9955934393015919	49.184353621013344	2689.669825621359	-0.04341288711442112
3.2581045150501673	10.528428093645484	2.7586075131905075	0.0013030170415403012	2.7586075131905075	0.0013030170415403	3.098054885684284	0.0416561789218405	9.397469896495851	189.42951800957957	4.386215408519433	0.9956386783016683	49.26106747076912	2694.428969857553	-0.04341288711442112
3.262319397993311	10.528428093645484	2.7599549594685833	0.0012662227091733576	2.7599549594685833	0.0012662227091733548	3.100797892834338	0.04131537788120619	9.39877505247453	189.88954469693988	4.389901922300749	0.9956833711696513	49.337725704604104	2699.1771384240087	-0.04341288711442112
3.266534280936455	10.528428093645484	2.7612941426708657	0.0012304490126425868	2.7612941426708657	0.0012304490126425903	3.1035356085631145	0.040975537698951424	9.400047785951218	190.34952876679876	4.393577812056223	0.9957275251653708	49.41432685291991	2703.9141303244746	-0.04341288711442112
3.2707491638795987	10.528428093645484	2.7626251277877065	0.0011956690522082977	2.7626251277877065	0.0011956690522082964	3.106267892647623	0.040636671643010804	9.401288173791297	190.8094569139702	4.397242926848609	0.995771147447661	49.49086946118318	2708.6397465270147	-0.04341288711442112
3.274964046822743	10.528428093645484	2.7639479783870016	0.001161856552238323	2.7639479783870016	0.0011618565522383223	3.1089946060734124	0.040298792966816904	9.402496300732027	191.26931592270475	4.400897117922894	0.99581424507557	49.56735208941007	2713.3537898963086	-0.04341288711442112
3.2791789297658864	10.528428093645484	2.76526275660165	0.0011289858517238899	2.76526275660165	0.0011289858517238892	3.1117156109907973	0.03996191491078194	9.403672259281018	191.7290926644626	4.4045402386370425	0.9958568250095666	49.64377331166144	2718.0560651274723	-0.04341288711442112
3.28339381270903	10.528428093645484	2.766569523119402	0.0010970318946225512	2.766569523119402	0.0010970318946225519	3.1144307706722074	0.03962605070361915	9.404816149614948	192.1887740957385	4.408172144393969	0.9958988941127441	49.72013171554605	2722.7463786808903	-0.04341288711442112
3.2876086956521737	10.528428093645484	2.767868337175095	0.0010659702200535386	2.767868337175095	0.0010659702200535388	3.117139949470956	0.03929121356349335	9.40592807947891	192.64834725595907	4.411792692575189	0.995940459152023	49.79642590173496	2727.4245387186356	-0.04341288711442112
3.291823578595318	10.528428093645484	2.7691592565451044	0.0010357769523704255	2.769159256545105	0.0010357769523704238	3.119843012781339	0.03895741669900207	9.407008164086193	193.10779926545013	4.415401742476042	0.9959815267993495	49.872654483486684	2732.0903550423295	-0.04341288711442112
3.2960384615384615	10.528428093645484	2.77044233754396	0.0010064287911338379	2.77044233754396	0.0010064287911338379	3.122539827000226	0.038624673309980644	9.408056526018568	193.56711732348285	4.418999155242691	0.996022103632891	49.94881608618467	2736.7436390327707	-0.04341288711442112
3.3002533444816056	10.528428093645484	2.771717635022919	0.0009779030010063582	2.771717635022919	0.0009779030010063567	3.1252302594900225	0.03829299658813625	9.409073295126841	194.02628870639202	4.422584793810744	0.9960621961382276	50.02490934688604	2741.384203591083	-0.04341288711442112
3.304468227424749	10.528428093645484	2.7729852023705126	0.0009501774015893343	2.772985202370512	0.0009501774015893375	3.127914178543218	0.03796239971750122	9.410058608431907	194.48530076578356	4.426158522845822	0.9961018107095398	50.10093291388419	2746.011863081853	-0.04341288711442112
3.308683110367893	10.528428093645484	2.7742450915149095	0.0009232303572207531	2.77424509151491	0.0009232303572207491	3.1305914533484627	0.03763289587470803	9.411012610026052	194.9441409268254	4.429720208685956	0.9961409536507915	50.17688544628458	2750.6264332781075	-0.04341288711442112
3.312897993311037	10.528428093645484	2.7754973529279674	0.0008970407667521519	2.7754973529279674	0.0008970407667521523	3.133261953958157	0.03730449822908646	9.41193545097446	195.40279668662313	4.433269719285858	0.9961796311769077	50.252765613593894	2755.2277313082127	-0.04341288711442112
3.3171128762541806	10.528428093645484	2.776742035630983	0.0008715880533204434	2.776742035630983	0.0008715880533204435	3.1359255512577477	0.03697721994257471	9.412827289217029	195.86125561269372	4.4368069241632435	0.9962178494149475	50.32857209532447	2759.815575604915	-0.04341288711442112
3.3213277591973247	10.528428093645484	2.7779791872019794	0.0008468521541304441	2.7779791872019794	0.000846852154130447	3.138582116936605	0.036651074169449904	9.413688289470272	196.31950534152972	4.440331694347165	0.9962556144052716	50.40430358061332	2764.3897858564983	-0.04341288711442112
3.3255426421404684	10.528428093645484	2.779208853784462	0.0008228135102621463	2.7792088537844615	0.0008228135102621466	3.141231523460566	0.03632607405587428	9.414518623129265	196.77753357725953	4.443843902328341	0.9962929321027026	50.47995876785615	2768.9501829600836	-0.04341288711442112
3.329757525083612	10.528428093645484	2.7804310800976038	0.0007994530565158301	2.7804310800976038	0.0007994530565158288	3.143873644046205	0.036002232739254715	9.41531846816969	197.23532809040947	4.447343422011671	0.9963298083776811	50.55553636435772	2773.496588977264	-0.04341288711442112
3.3339724080267557	10.528428093645484	2.7816459094477417	0.0007767522113072915	2.7816459094477417	0.0007767522113072918	3.1465083526367787	0.03567956334741822	9.41608800904972	197.69287671676352	4.450830128670797	0.996366249017413	50.63103508599754	2778.028827091977	-0.04341288711442112
3.3381872909698997	10.528428093645484	2.7828533837411493	0.0007546928666242895	2.7828533837411493	0.0007546928666242897	3.1491355238799357	0.035358078997600385	9.416827436611863	198.15016735632852	4.454303898904904	0.9964022597270109	50.70645365691273	2782.5467215708413	-0.04341288711442112
3.3424021739130434	10.528428093645484	2.7840535434980187	0.0007332573780544207	2.7840535434980187	0.0007332573780544213	3.1517550331071957	0.03503779279524611	9.417536947984594	198.60718797240528	4.4577646105976845	0.9964378461306289	50.78179080919738	2787.050097725897	-0.04341288711442112
3.3466170568561875	10.528428093645484	2.7852464278675435	0.0007124285548941321	2.7852464278675435	0.0007124285548941316	3.154366756315141	0.034718717832625916	9.41821674648362	199.06392659076084	4.461212142878477	0.996473013772588	50.85704528261862	2791.5387818797553	-0.04341288711442112
3.350831939799331	10.528428093645484	2.7864320746441265	0.0006921896503471163	2.7864320746441265	0.000692189650347116	3.156970570148469	0.034400867187263574	9.418867041512941	199.52037129891482	4.464646376085719	0.9965077681184953	50.932215824350585	2796.0126013333825	-0.04341288711442112
3.355046822742475	10.528428093645484	2.787610520284586	0.0006725243518201546	2.7876105202845864	0.0006725243518201531	3.159566351884812	0.034084253920177596	9.419488048465393	199.97651024553286	4.468067191732635	0.9965421145563548	51.00730118872591	2800.471384336405	-0.04341288711442112
3.359261705685619	10.528428093645484	2.7887817999263262	0.0006534167713235392	2.7887817999263262	0.000653416771323537	3.1621539794213422	0.03376889107393861	9.420079988622685	200.43233163992684	4.471474472475134	0.9965760583976686	51.082300137004395	2804.9149600599612	-0.04341288711442112
3.3634765886287625	10.528428093645484	2.7899459474064545	0.0006348514359822341	2.7899459474064545	0.0006348514359822362	3.1647333312632657	0.03345479167053799	9.42064308905493	200.88782375167236	4.474868102082114	0.9966096048785312	51.15721143716063	2809.3431585723047	-0.04341288711442112
3.3676914715719066	10.528428093645484	2.791102995281744	0.0006168132786639239	2.791102995281744	0.0006168132786639249	3.167304286514067	0.03314196870907634	9.421177582519435	201.3429749103336	4.478247965407955	0.9966427591607139	51.23203386368915	2813.7558108169683	-0.04341288711442112
3.3719063545150503	10.528428093645484	2.79225297484945	0.0005992876287287237	2.7922529748494496	0.0005992876287287253	3.169866724867649	0.03283043516326491	9.421683707358856	201.7977735053035	4.481613948367397	0.9966755263327394	51.30676619742832	2818.152748593707	-0.04341288711442112
3.376121237458194	10.528428093645484	2.793395916168895	0.0005822602029053962	2.793395916168895	0.0005822602029053962	3.172420526602273	0.03252020397874773	9.42216170739847	202.25220798575612	4.484965937912707	0.9967079114109492	51.381407225402604	2822.5338045421263	-0.04341288711442112
3.3803361204013376	10.528428093645484	2.7945318480837966	0.0005657170962980389	2.7945318480837966	0.0005657170962980403	3.1749655725763244	0.032211288070242775	9.42261183184259	202.70626686071108	4.488303822013121	0.9967399193405595	51.45595574068323	2826.898812128007	-0.04341288711442112
3.3845510033444817	10.528428093645484	2.7956607982453288	0.0005496447735266466	2.7956607982453288	0.0005496447735266449	3.177501744225965	0.0319037003185031	9.42303433517009	203.15993869921593	4.491627489636683	0.9967715549967077	51.53041054226821	2831.2476056324854	-0.04341288711442112
3.3887658862876253	10.528428093645484	2.7967827931358205	0.0005340300600048339	2.7967827931358205	0.0005340300600048342	3.180028923564552	0.0315974535671047	9.423429477028833	203.6132121306367	4.49493683073435	0.99680282318549	51.604770434980495	2835.5800201439465	-0.04341288711442112
3.3929807692307694	10.528428093645484	2.7978978580931115	0.0005188601333571098	2.7978978580931115	0.0005188601333571108	3.1825469931839243	0.03129256061905651	9.42379752212905	204.0660758450663	4.4982317362263915	0.9968337286449879	51.679034229385266	2839.8958915526623	-0.04341288711442112
3.397195652173913	10.528428093645484	2.799006017335509	0.0005041225149780235	2.7990060173355094	0.0005041225149780245	3.185055836257508	0.03098903423324143	9.42413874013561	204.51851859384496	4.501512097991159	0.9968642760462845	51.7532007417263	2844.195056548319	-0.04341288711442112
3.4014105351170567	10.528428093645484	2.800107293987289	0.0004898050617349727	2.800107293987289	0.0004898050617349734	3.1875553365451665	0.030686887120688566	9.424453405558939	204.97052919018896	4.5047778088560335	0.9968944699944712	51.82726879388045	2848.4773526201916	-0.04341288711442112
3.405625418060201	10.528428093645484	2.8012017101047944	0.0004758959578159878	2.801201710104795	0.00047589595781598456	3.190045378399966	0.030386131940676915	9.424741797644888	205.42209650994138	4.508028762590817	0.9969243150296426	51.90123721333233	2852.742618060288	-0.04341288711442112
3.4098403010033445	10.528428093645484	2.8022892867029716	0.0004623837067238363	2.8022892867029716	0.00046238370672383665	3.1925258467765794	0.030086781296680465	9.425004200262999	205.87320949242144	4.511264853903199	0.996953815627882	51.97510483316615	2856.9906919690698	-0.04341288711442112
3.4140551839464885	10.528428093645484	2.803370043782455	0.0004492571234169763	2.803370043782455	0.0004492571234169767	3.1949966272415797	0.02978884773215121	9.425240901793655	206.32385714139522	4.514485978436643	0.996982976202235	52.04887049207792	2861.2214142641365	-0.04341288711442112
3.418270066889632	10.528428093645484	2.804444000357059	0.00043650532659805867	2.804444000357059	0.0004365053265980592	3.197457605985385	0.029492343726149887	9.425452195013587	206.77402852614665	4.517692032770348	0.9970118011036729	52.122533034404846	2865.434625691504	-0.04341288711442112
3.422484949832776	10.528428093645484	2.8055111744817407	0.0004241177311500351	2.805511174481741	0.00042411773115003413	3.1999086698359998	0.029197281688823115	9.425638376980043	207.22371278266348	4.520882914421547	0.9970402946220448	52.19609131017465	2869.630167839792	-0.04341288711442112
3.4266998327759195	10.528428093645484	2.8065715832809204	0.0004120840407200671	2.8065715832809204	0.0004120840407200677	3.202349706274384	0.02890367395673714	9.425799748913299	207.67289911492162	4.524058521849844	0.9970684609870185	52.269544175171994	2873.8078831569505	-0.04341288711442112
3.4309147157190636	10.528428093645484	2.8076252429772333	0.0004003942404507263	2.8076252429772333	0.0004003942404507272	3.2047806034515807	0.02861153278806705	9.425936616077799	208.12157679628214	4.527218754463826	0.9970963043690103	52.342890491024285	2877.9676149698694	-0.04341288711442112
3.4351295986622072	10.528428093645484	2.808672168920606	0.00038903858985823536	2.808672168920606	0.0003890385898582353	3.2072012502074303	0.028320870357650532	9.426049287661547	208.569735170986	4.5303635126297275	0.9971238288801036	52.416129125305076	2882.109207506566	-0.04341288711442112
3.4393444816053513	10.528428093645484	2.8097123756176554	0.0003780076158570234	2.8097123756176554	0.0003780076158570228	3.2096115360908963	0.02803169875191125	9.426138076653913	209.01736365574783	4.53349269768212	0.9971510385749557	52.489258951654826	2886.2325059209516	-0.04341288711442112
3.443559364548495	10.528428093645484	2.810745876761425	0.000367292105929712	2.8107458767614246	0.00036729210592971256	3.2120113513820163	0.027744029963654267	9.426203299721857	209.46445174145242	4.536606211936741	0.9971779374516937	52.56227884992003	2890.33735632031	-0.04341288711442112
3.4477742474916386	10.528428093645484	2.811772685261401	0.000356883101441574	2.811772685261401	0.00035688310144157384	3.214400587115388	0.027457875886741832	9.426245277084485	209.91098899494668	4.539703958705304	0.9972045294527989	52.635187706309736	2894.423605795335	-0.04341288711442112
3.4519891304347827	10.528428093645484	2.812792813273771	0.0003467718910983638	2.812792813273771	0.00034677189109836416	3.216779135105129	0.02717324831065641	9.426264332385864	210.356965060921	4.542785842312193	0.9972308184659792	52.70798441356827	2898.491102452555	-0.04341288711442112
3.4562040133779264	10.528428093645484	2.8138062722319512	0.00033695000454615754	2.8138062722319512	0.00033695000454615743	3.219146887971356	0.026890158914954648	9.426260792566277	210.80236966388657	4.545851768113174	0.99725680832503	52.78066787116581	2902.5396954493963	-0.04341288711442112
3.4604188963210705	10.528428093645484	2.814813072877318	0.0003274092061118235	2.814813072877318	0.0003274092061118238	3.2215037391680568	0.026608619263620768	9.426234987731712	211.2471926102373	4.54890164251589	0.9972825028106845	52.85323698550451	2906.569235031529	-0.04341288711442112
3.464633779264214	10.528428093645484	2.8158132252901225	0.00031814148868268907	2.8158132252901225	0.00031814148868268907	3.22384958301233	0.026328640799327042	9.426187251021688	211.6914237903954	4.55193537300217	0.9973079056514504	52.92569067014076	2910.579572572576	-0.04341288711442112
3.4688486622073578	10.528428093645484	2.8168067389206355	0.0003091390677235879	2.8168067389206355	0.0003091390677235882	3.22618431471504	0.026050234837604602	9.426117918475569	212.13505318104635	4.554952868152218	0.9973330205244373	52.998027846024314	2914.570560616288	-0.04341288711442112
3.4730635451505014	10.528428093645484	2.8177936226203615	0.00030039437542987225	2.817793622620361	0.00030039437542987187	3.2285078304126253	0.025773412560938458	9.426027328896986	212.57807084744	4.55795403767029	0.9973578510561701	53.07024744175051	2918.5420529206544	-0.04341288711442112
3.4772784280936455	10.528428093645484	2.818773884673465	0.0002919000550143064	2.818773884673465	0.0002919000550143063	3.2308200272002643	0.025498185012787576	9.425915823716903	213.0204669457781	4.560938792412228	0.9973824008233928	53.14234839382942	2922.4939045044625	-0.04341288711442112
3.481493311036789	10.528428093645484	2.819747532828242	0.00028364895512624964	2.819747532828242	0.00028364895512624936	3.2331208031661163	0.025224563091543716	9.42578374685491	213.46223172566397	4.56390704441441	0.997406673353859	53.2143296469678	2926.4259716957245	-0.04341288711442112
3.4857081939799333	10.528428093645484	2.820714574328721	0.0002756341244010073	2.820714574328721	0.0002756341244010069	3.2354100574267606	0.02495255754443287	9.425631444579109	213.90335553262622	4.5668587069243305	0.9974306721271119	53.28619015436588	2930.338112182268	-0.04341288711442112
3.489923076923077	10.528428093645484	2.821675015946295	0.00026784880613754734	2.8216750159462953	0.0002678488061375462	3.2376876901636304	0.02468217896137087	9.425459265364372	214.3438288106999	4.569793694432526	0.9974544005752516	53.357928878026755	2934.2301850641174	-0.04341288711442112
3.4941379598662206	10.528428093645484	2.822628864011415	0.00026028643310243644	2.8226288640114157	0.0002602864331024354	3.239953602660484	0.024413437768780088	9.425267559749264	214.7836421050704	4.572711922705962	0.9974778620836915	53.429544789078996	2938.1020509078153	-0.04341288711442112
3.4983528428093646	10.528428093645484	2.823576124445275	0.00025294062245806106	2.823576124445275	0.0002529406224580606	3.242207697341775	0.024146344223376467	9.425056680191444	215.2227860647693	4.5756133088226365	0.9975010599919027	53.501036868111086	2941.9535718024003	-0.04341288711442112
3.5025677257525083	10.528428093645484	2.8245168027915337	0.00024580517081292146	2.8245168027915337	0.00024580517081292157	3.244449877811956	0.02388090840593537	9.4248269809219	215.66125144542553	4.578497771207546	0.9975239975941473	53.57240410551826	2945.7846114171925	-0.04341288711442112
3.5067826086956524	10.528428093645484	2.825450904247934	0.0002388740493920579	2.825450904247934	0.0002388740493920578	3.2466800488954632	0.023617140215048165	9.42457881779768	216.09902911205248	4.581365229669574	0.9975466781401988	53.64364550185877	2949.5950350608505	-0.04341288711442112
3.510997491638796	10.528428093645484	2.8263784336979483	0.00023214139932527188	2.8263784336979487	0.00023214139932527058	3.248898116677569	0.023355049360874108	9.424312548153706	216.53611004188818	4.584215605439721	0.9975691048360527	53.71476006822245	2953.3847097422404	-0.04341288711442112
3.5152123745819397	10.528428093645484	2.8272993957422705	0.000225601527051192	2.82729939574227	0.00022560152705119226	3.2511039885457635	0.023094645358902353	9.42402853065322	216.9724853272603	4.5870488212100735	0.9975912808446236	53.78574682660723	2957.1535042323153	-0.04341288711442112
3.5194272575250833	10.528428093645484	2.828213794730252	0.0002192488998348839	2.8282137947302526	0.00021924889983488362	3.253297573231813	0.02283593752372928	9.423727125137393	217.40814617849023	4.589864801173844	0.9976132092864333	53.856604810305654	2960.901289127466	-0.04341288711442112
3.5236421404682274	10.528428093645484	2.8291216347911865	0.0002130781413969212	2.8291216347911865	0.00021307814139692123	3.255478780854268	0.022578934962864474	9.423408692473904	217.8430839268193	4.592663471066129	0.997634893240285	53.9273330642994	2964.627936913871	-0.04341288711442112
3.5278570234113715	10.528428093645484	2.8300229198654314	0.00020708402765171467	2.8300229198654314	0.00020708402765171467	3.2576475229614195	0.022323646570572665	9.423073594404705	218.2772900273558	4.59544475820543	0.9976563357439274	53.99793064566107	2968.3333220329037	-0.04341288711442112
3.532071906354515	10.528428093645484	2.830917653735371	0.00020126148255295053	2.830917653735371	0.0002012614825529508	3.2598037125746164	0.02207008102176265	9.422722193393074	218.71075606203974	4.598208591535807	0.9976775397947075	54.06839662396333	2972.0173209474237	-0.04341288711442112
3.536286789297659	10.528428093645484	2.8318058400561585	0.00019560557404394802	2.8318058400561585	0.00019560557404394824	3.261947264231845	0.02181824676593392	9.42235485247006	219.1434737426177	4.600954901669591	0.9976985083502116	54.1387300816938	2975.6798122088617	-0.04341288711442112
3.5405016722408025	10.528428093645484	2.832687482386206	0.0001901115101108665	2.832687482386206	0.0001901115101108664	3.264078094031474	0.021568152021190234	9.421971935080347	219.57543491361798	4.603683620930472	0.9977192443288954	54.20893011467479	2979.3206765248588	-0.04341288711442112
3.5447165551839466	10.528428093645484	2.8335625842174474	0.00018477463493648652	2.8335625842174474	0.000184774634936486	3.26619611967615	0.02131980476832914	9.421573804927814	220.00663155533147	4.606394683397023	0.997739750610703	54.27899583248808	2982.939796827524	-0.04341288711442112
3.54893143812709	10.528428093645484	2.8344311490053067	0.00017959042515255436	2.834431149005307	0.00017959042515255442	3.2683012605167145	0.02107321274501977	9.42116082582085	220.43705578678484	4.609088024946491	0.9977600300376746	54.348926358903505	2986.5370583420977	-0.04341288711442112
3.5531463210702343	10.528428093645484	2.8352931801983274	0.00017455448618854545	2.835293180198328	0.00017455448618854523	3.2703934375960153	0.020828383440078074	9.420733361517428	220.86669986869802	4.611763583298663	0.9977800854145438	54.418720832309575	2990.112348655765	-0.04341288711442112
3.557361204013378	10.528428093645484	2.8361486812674954	0.00016966254871470782	2.8361486812674954	0.00016966254871470768	3.2724725736926303	0.020585324087848363	9.420291775570284	221.29555620642913	4.614421298059873	0.9977999195093229	54.48837840614667	2993.6655577866977	-0.04341288711442112
3.5615760869565216	10.528428093645484	2.836997655735164	0.00016491046517738483	2.836997655735164	0.00016491046517738467	3.274538593364327	0.0203440416627028	9.419836431172172	221.72361735289388	4.617061110766934	0.9978195350538787	54.5578982493412	2997.1965782530333	-0.04341288711442112
3.5657909698996653	10.528428093645484	2.8378401072036286	0.00016029420642447886	2.837840107203628	0.0001602942064244792	3.2765914229912556	0.02010454287366677	9.41936769100147	222.15087601145993	4.619682964931002	0.9978389347444961	54.62727954674043	3000.705305141812	-0.04341288711442112
3.5700058528428094	10.528428093645484	2.8386760393832247	0.00015580985841913536	2.8386760393832247	0.0001558098584191355	3.278630990818676	0.01986683415918268	9.418885917068092	222.5773250388012	4.622286806081103	0.997858121242433	54.696521499545895	3004.191636177492	-0.04341288711442112
3.5742207357859535	10.528428093645484	2.83950545612003	0.00015145361903953381	2.83950545612003	0.00015145361903953376	3.280657226999281	0.019630921682017726	9.418391470560096	223.00295744771933	4.624872581807442	0.9978770971744624	54.7656233257464	3007.655471790205	-0.04341288711442112
3.578435618729097	10.528428093645484	2.8403283614230705	0.0001472217949628758	2.8403283614230705	0.000147221794962876	3.2826700636349044	0.019396811324328817	9.41788471169091	223.42776640991573	4.627440241804231	0.9978958651334058	54.83458426054818	3011.096715183412	-0.04341288711442112
3.5826505016722408	10.528428093645484	2.84114475949103	0.00014311079863160356	2.84114475949103	0.00014311079863160394	3.2846694348176126	0.019164508682891313	9.417365999547512	223.8517452587155	4.629989737911995	0.9979144276786556	54.90340355680211	3014.515272400856	-0.04341288711442112
3.5868653846153844	10.528428093645484	2.8419546547384287	0.00013911714529992613	2.8419546547384287	0.00013911714529992621	3.2866552766700217	0.018934019064501876	9.416835691939502	224.27488749173125	4.63252102415924	0.9979327873366869	54.972080485426524	3017.911052392717	-0.04341288711442112
3.5910802675585285	10.528428093645484	2.842758051821278	0.00013523745015874426	2.8427580518212774	0.00013523745015874466	3.2886275273848686	0.018705347481563373	9.416294145249529	224.69718677347242	4.635034056803479	0.9979509466015606	55.04061433582605	3021.2839670808858	-0.04341288711442112
3.595295150501672	10.528428093645484	2.8435549556621287	0.00013146842553713806	2.843554955662129	0.00013146842553713768	3.290586127263632	0.018478498647860234	9.415741714284867	225.11863693788086	4.637528794371362	0.9979689079354142	55.10900441630388	3024.633931423071	-0.04341288711442112
3.5995100334448162	10.528428093645484	2.8443453714745424	0.00012780687817856223	2.8443453714745424	0.00012780687817856194	3.29253101875421	0.01825347697453283	9.415178752130583	225.5392319907992	4.640005197697935	0.997986673768945	55.177250054467954	3027.960863475742	-0.04341288711442112
3.60372491638796	10.528428093645484	2.845129304786937	0.0001242497065899564	2.845129304786937	0.00012424970658995665	3.294462146487556	0.018030286566258887	9.414605610004347	225.95896611236137	4.642463229964937	0.9980042465018826	55.24535059762986	3031.2646844557603	-0.04341288711442112
3.6079397993311035	10.528428093645484	2.845906761465766	0.00012079389846201066	2.845906761465766	0.00012079389846201076	3.296379457313148	0.017808931217648667	9.41402263711293	226.3778336592986	4.644902856737918	0.9980216285034511	55.31330541319496	3034.5453188004394	-0.04341288711442112
3.612154682274247	10.528428093645484	2.846677747738069	0.0001174365281588049	2.846677747738069	0.00011743652815880481	3.2982829003333247	0.017589414409860827	9.41343018051079	226.79582916716384	4.647324046002308	0.9980388221128229	55.38111388904439	3037.8026942261695	-0.04341288711442112
3.6163695652173913	10.528428093645484	2.847442270213297	0.00011417475427517275	2.847442270213297	0.00011417475427517259	3.3001724269362973	0.017371739307446798	9.412828584960655	227.21294735246096	4.649726768198126	0.9980558296395631	55.4487754339067	3041.036741785199	-0.04341288711442112
3.6205844481605354	10.528428093645484	2.848200335904432	0.00011100581726008317	2.848200335904432	0.00011100581726008307	3.3020479908278313	0.0171559087554304	9.41221819279637	227.6291831146777	4.652110996253365	0.9980726533640634	55.51628947771878	3044.2473959206113	-0.04341288711442112
3.624799331103679	10.528428093645484	2.8489519522484046	0.00010792703710437706	2.848951952248405	0.0001079270371043769	3.3039095480615694	0.016941925276624553	9.41159934378822	228.04453153822428	4.654476705616028	0.9980892955379687	55.58365547197638	3047.4345945194436	-0.04341288711442112
3.6290142140468227	10.528428093645484	2.8496971271257157	0.00010493581109130633	2.8496971271257157	0.00010493581109130646	3.3057570570677974	0.01672979106919782	9.410972375010658	228.45898789425945	4.656823874284544	0.9981057583845934	55.65087289007142	3050.598278963586	-0.04341288711442112
3.6332290969899663	10.528428093645484	2.850435868879334	0.00010202961160822814	2.850435868879334	0.00010202961160822824	3.3075904786807757	0.016519508004487687	9.410337620712868	228.87254764241627	4.6591524828367215	0.9981220440993297	55.71794122761759	3053.738394178669	-0.04341288711442112
3.6374439799331104	10.528428093645484	2.8511681863327722	0.00009920598401797311	2.8511681863327722	0.00009920598401797318	3.309409776164401	0.016311077625071797	9.409695412192034	229.28520643241066	4.66146251445698	0.998138154850047	55.78486000276189	3056.854888680556	-0.04341288711442112
3.641658862876254	10.528428093645484	2.851894088807386	0.00009646254458832165	2.851894088807386	0.0000964625445883217	3.3112149152362655	0.016104501143097208	9.409046077669627	229.69696010553642	4.663753954961888	0.9981540927774823	55.85162875648221	3059.947714619519	-0.04341288711442112
3.645873745819398	10.528428093645484	2.8526135861388524	0.00009379697847813126	2.852613586138852	0.00009379697847813191	3.313005864090023	0.01589977943887255	9.408389942170805	230.10780469604347	4.666026792823977	0.9981698599956235	55.91824705287075	3063.0168278219835	-0.04341288711442112
3.650088628762542	10.528428093645484	2.853326688692805	0.00009120703777867207	2.853326688692805	0.00009120703777867224	3.314782593415981	0.01569691305972701	9.407727327406976	230.51773643239108	4.668281019193639	0.9981854585920831	55.98471447940137	3066.062187829629	-0.04341288711442112
3.6543035117056855	10.528428093645484	2.8540334073796414	0.00008869053960872636	2.8540334073796414	0.00008869053960872616	3.3165450764199207	0.015495902219136881	9.407058551661724	230.92675173837785	4.670516627919164	0.9982008906284652	56.051030647181484	3069.0837579358854	-0.04341288711442112
3.658518394648829	10.528428093645484	2.854733753668472	0.00008624536426208497	2.8547337536684716	0.00008624536426208522	3.318293288840089	0.01529674679612342	9.406383929680208	231.33484723414554	4.672733615564857	0.9982161581407238	56.11719519118775	3072.081505219738	-0.04341288711442112
3.662733277591973	10.528428093645484	2.855427739600211	0.00008386945340607334	2.855427739600211	0.00008386945340607307	3.3200272089623275	0.015099446334922162	9.405703772562147	231.7420197370537	4.674931981427146	0.9982312631395137	56.18320777048461	3075.055400576718	-0.04341288711442112
3.6669481605351173	10.528428093645484	2.8561153777997843	0.00008156080832979134	2.8561153777997843	0.00008156080832979111	3.3217468176332736	0.014904000044926405	9.405018387658403	232.14826626242012	4.6771117275486365	0.9982462076105335	56.24906806842568	3078.0054187470096	-0.04341288711442112
3.671163043478261	10.528428093645484	2.8567966814874586	0.00007931748824075968	2.856796681487458	0.00007931748824075974	3.323452098271635	0.014710406800904163	9.404328078471377	232.55358402412858	4.679272858730089	0.9982609935148621	56.314775792837	3080.9315383406147	-0.04341288711442112
3.6753779264214046	10.528428093645484	2.8574716644893137	0.00007713760860870304	2.8574716644893137	0.00007713760860870288	3.325143036877559	0.014518665143487342	9.403633144559342	232.95797043510694	4.681415382540351	0.9982756227892874	56.38033067618294	3083.8337418596493	-0.04341288711442112
3.6795928093645482	10.528428093645484	2.858140341246793	0.00007501933955525159	2.8581403412467936	0.00007501933955525142	3.3268196220399524	0.01432877327993618	9.40293388144462	233.36142310766206	4.6835393093240985	0.9982900973466279	56.44573247571323	3086.712015717516	-0.04341288711442112
3.6838076923076923	10.528428093645484	2.8588027268253624	0.00007296090428834503	2.858802726825363	0.000072960904288345	3.328481844941822	0.014140729085174454	9.402230580525776	233.76393985367918	4.685644652207352	0.9983044190760475	56.51098097359038	3089.566350254938	-0.04341288711442112
3.688022575250836	10.528428093645484	2.8594588369223124	0.00007096057758014002	2.8594588369223124	0.00007096057758014002	3.330129699363654	0.013954530103095088	9.401523528994069	234.16551868468846	4.6877314271009665	0.9983185898433645	56.57607597699973	3092.396739753095	-0.04341288711442112
3.69223745819398	10.528428093645484	2.86010868787363	0.00006901668428730063	2.86010868787363	0.00006901668428730044	3.3317631816847206	0.013770173548134172	9.400813009753891	234.56615781178755	4.689799652701799	0.9983326114913526	56.641017318239165	3095.203182443455	-0.04341288711442112
3.6964523411371237	10.528428093645484	2.8607522966599945	0.00006712759791253151	2.860752296659994	0.00006712759791253155	3.333382290882371	0.013587656307111565	9.400099301347524	234.9658556454272	4.691849350491677	0.9983464858400364	56.70580485478925	3097.985680514462	-0.04341288711442112
3.7006672240802674	10.528428093645484	2.8613896809118873	0.00006529173920625398	2.8613896809118873	0.00006529173920625404	3.3349870285293304	0.013406974941331971	9.399382677884148	235.36461079506063	4.693880544734205	0.9983602146869812	56.770438469364436	3100.744240115139	-0.04341288711442112
3.704882107023411	10.528428093645484	2.862020858913805	0.00006350757480737036	2.862020858913805	0.0000635075748073703	3.336577398788926	0.013228125688947524	9.398663408973139	235.7624220686512	4.6958932624692915	0.9983737998075758	56.83491806994413	3103.478871355385	-0.04341288711442112
3.709096989966555	10.528428093645484	2.8626458496076177	0.00006177361592205094	2.8626458496076177	0.00006177361592205104	3.338153408408355	0.013051104467573198	9.397941759661789	236.1592884720473	4.697887533505521	0.9983872429553101	56.89924358978433	3106.1895883032066	-0.04341288711442112
3.713311872909699	10.528428093645484	2.86326467259502	0.00006008841703955636	2.8632646725950197	0.00006008841703955637	3.3397150667098843	0.012875906877154212	9.397217990377278	236.55520920821473	4.699863390410241	0.9984005458620469	56.96341498740894	3108.8764089786373	-0.04341288711442112
3.717526755852843	10.528428093645484	2.8638773481391686	0.000058450574684060266	2.8638773481391686	0.000058450574684060496	3.3412623855801407	0.012702528203077044	9.396492356873193	236.9501836763415	4.701820868497559	0.9984137102382881	57.02743224658228	3111.5393553446243	-0.04341288711442112
3.7217416387959865	10.528428093645484	2.8644838971654165	0.00005685872620155533	2.8644838971654165	0.000056858726201555436	3.342795379457343	0.012530963419522697	9.395765110180303	237.34421147080025	4.703760005814041	0.998426737773436	57.09129537626087	3114.1784532945976	-0.04341288711442112
3.72595652173913	10.528428093645484	2.8650843412612312	0.00005531154858085654	2.865084341261231	0.00005531154858085666	3.3443140653166408	0.012361207193052628	9.395036496561818	237.73729237998307	4.705680843122335	0.998439630136049	57.15500441052627	3116.793732637021	-0.04341288711442112
3.7301714046822743	10.528428093645484	2.8656787026752997	0.000053807757307794784	2.8656787026752997	0.00005380775730779479	3.3458184626535434	0.012193253886422685	9.394306757473101	238.12942638500857	4.707583423882655	0.9984523889740922	57.218559408498464	3119.3852270768093	-0.04341288711442112
3.734386287625418	10.528428093645484	2.866267004315777	0.00005234610525172508	2.866267004315777	0.0000523461052517251	3.3473085934653946	0.01202709756262003	9.393576129525636	238.52061365829175	4.709467794232105	0.9984650159151836	57.28196045422957	3121.952974193599	-0.04341288711442112
3.738601170568562	10.528428093645484	2.8668492697477785	0.00005092538158343587	2.8668492697477785	0.00005092538158343583	3.3487844822310624	0.011862731989112899	9.392844844455515	238.91085456199804	4.7113340029620225	0.9984775125668358	57.3452076565791	3124.4970154171237	-0.04341288711442112
3.7428160535117057	10.528428093645484	2.8674255231900494	0.000049544410723648673	2.8674255231900494	0.00004954441072364868	3.350246155888743	0.011700150642309247	9.39211312909617	239.3001496463658	4.713182101493185	0.9984898805166926	57.40830114906965	3127.017395999429	-0.04341288711442112
3.7470309364548493	10.528428093645484	2.8679957895109016	0.000048202051321244465	2.8679957895109016	0.000048202051321244526	3.3516936438120344	0.011539346712214104	9.391381205355492	239.68849964791394	4.715012143849141	0.9985021213327613	57.471241089725034	3129.514164984328	-0.04341288711442112
3.751245819397993	10.528428093645484	2.8685600942233758	0.00004689719526043177	2.8685600942233753	0.00004689719526043186	3.353126977784224	0.011380313107279884	9.390649290197155	240.07590548752734	4.716824186627481	0.9985142365636415	57.53402766088917	3131.987375173825	-0.04341288711442112
3.755460702341137	10.528428093645484	2.8691184634796905	0.0000456287666960572	2.8691184634796905	0.0000456287666960572	3.354546191970916	0.011223042459440393	9.389917595626246	240.4623682684309	4.718618288969309	0.9985262277387488	57.596661069028045	3134.4370830918315	-0.04341288711442112
3.759675585284281	10.528428093645484	2.8696709240649687	0.00004439572111629352	2.8696709240649687	0.00004439572111629339	3.3559513228909883	0.01106752712932033	9.389186328678989	240.84788927404966	4.720394512526775	0.9985380963685361	57.6591415445134	3136.863348945042	-0.04341288711442112
3.763890468227425	10.528428093645484	2.8702175033902866	0.00004319704443195938	2.870217503390286	0.00004319704443195937	3.3573424093859576	0.010913759211612716	9.38845569141663	241.23246996576222	4.722152921428884	0.9985498439447091	57.72146934138993	3139.2662365811852	-0.04341288711442112
3.7681053511705684	10.528428093645484	2.8707582294850638	0.000042031752091734456	2.8707582294850638	0.000042031752091734564	3.358719492587843	0.010761730540613423	9.387725880923432	241.61611198055354	4.72389358224558	0.9985614719404403	57.78364473712597	3141.645813444723	-0.04341288711442112
3.772320234113712	10.528428093645484	2.8712931309887892	0.00004089888822257947	2.8712931309887892	0.00004089888822257949	3.3600826158854593	0.01061143269590748	9.386997089308498	241.99881712855918	4.725616563950071	0.9985729818105782	57.845668032347234	3144.002150529867	-0.04341288711442112
3.776535117056856	10.528428093645484	2.871822237142131	0.000039797524794649	2.871822237142131	0.00003979752479464898	3.361431824889339	0.010462857008194463	9.38626950371161	242.3805873905194	4.7273219378795925	0.9985843749918533	57.907539550555484	3146.33532233127	-0.04341288711442112
3.78075	10.528428093645484	2.8723455777774762	0.00003872676081003452	2.8723455777774762	0.00003872676081003468	3.362767167395289	0.010315994565245717	9.385543306312902	242.76142491514057	4.7290097776946505	0.9985956529030814	57.96925963783212	3148.64540679236	-0.04341288711442112