2.5205	2.0301003344481607	3.3984432668250144	0.0003443681982085457	2.3454869544091683	0.996702910140263	4.057046776741247	0.03624189954742642	10.671854189891867	201.30316892794275	6.718630298932912	0.9967199012030121	52.094124118765855	237.62870703310102	0.9980110359995507
2.524714882943144	2.0301003344481607	3.39876243352255	0.0003341573381856528	2.345555117997393	0.9967733319502305	4.059226324629762	0.03539741448914274	10.664353615137104	201.84511000843295	6.719447854836879	0.9967634123277311	52.15950304057058	237.68123837444648	0.9955026629839916
2.528929765886288	2.0301003344481607	3.3990752319817648	0.0003242575017970286	2.345622602428704	0.9968421455116715	4.061358792178994	0.03457514334455459	10.65702425636406	202.38276047495785	6.7202545517976935	0.9968062311808403	52.224774736908515	237.7330426936866	0.9930481965111971
2.5331446488294316	2.0301003344481607	3.3993817999676876	0.0003146588125336765	2.345689412047623	0.9969093915461791	4.0634453525455125	0.03377443221554617	10.64986201936825	202.91624113889696	6.721050567319629	0.9968483712888173	52.289940621915406	237.78413209582968	0.9906464735705365
2.5373595317725752	2.0301003344481607	3.399682272659797	0.0003053517261971048	2.345755551322056	0.9969751096044585	4.065487148592063	0.03299464713105709	10.642862886529283	203.44566911541727	6.7218360757077775	0.9968898458740892	52.35500207978896	237.83451846386825	0.9882963500338784
2.5415744147157193	2.0301003344481607	3.399976782637673	0.0002963270189777989	2.3458210248304856	0.9970393381034939	4.067485293349582	0.032235173578736405	10.636022918583933	203.9711579151951	6.722611248092015	0.9969306678611332	52.41996046514699	237.8842134608303	0.9859967011150426
2.545789297658863	2.0301003344481607	3.4002654598742983	0.00028757577597585555	2.345885837250102	0.9971021143625897	4.069440870520403	0.03149541602534292	10.629338255954401	204.49281753782714	6.72337625245502	0.9969708498826156	52.484817103420106	237.9332285320703	0.983746421733441
2.550004180602007	2.0301003344481607	3.400548431736327	0.0002790893801489465	2.3459499933459	0.9971634746383001	4.071354935015595	0.030774797429408418	10.622805119680587	205.010754566298	6.724131253664406	0.9970104042855514	52.54957329127774	237.9815749078031	0.9815444267914536
2.5542190635451507	2.0301003344481607	3.4008258229904267	0.00027085950167318	2.3460134979605685	0.9972234541582586	4.073228513519788	0.030072758749258893	10.616419812000741	205.5250722619282	6.7248764135078725	0.9970493431374631	52.614230297078855	238.02926360581372	0.9793896513739478
2.5584339464882944	2.0301003344481607	3.4010977558151216	0.00026287808770239295	2.3460763560051743	0.9972820871539322	4.075062605077884	0.029388758449072912	10.610178716621128	206.03587065932925	6.725611890731309	0.997087678232523	52.67878936134527	238.07630543433706	0.9772810508780094
2.5626488294314385	2.0301003344481607	3.401364349817463	0.000255137352511806	2.3461385724505663	0.9973394068923198	4.076858181698568	0.02872227200530322	10.604078298711272	206.54324666094502	6.726337841079351	0.9971254210976632	52.74325169725338	238.12271099507956	0.9752176010801362
2.566863712374582	2.0301003344481607	3.401625722053971	0.0002476297680121504	2.34620015231944	0.9973954457066184	4.078616188970153	0.028072791415466546	10.598115104658115	207.04729413082595	6.727054417337992	0.9971625829986408	52.80761849114039	238.16849068635423	0.9731982981475735
2.5710785953177258	2.0301003344481607	3.4018819870553414	0.00024034805462074075	2.346261100679035	0.9974502350258777	4.080337546684848	0.027439824711018496	10.592285761609185	207.5481039873345	6.727761769379031	0.997199174946047	52.871890903022866	238.21365470632023	0.9712221585999818
2.57529347826087	2.0301003344481607	3.4021332568543623	0.0002332851724763177	2.3463214226343614	0.9975038054036767	4.082023149467946	0.026822895475772414	10.586586976831839	208.04576429452416	6.7284600442057645	0.9972352077012485	52.9360700671226	238.2582130562844	0.9692882192268182
2.5795083612040135	2.0301003344481607	3.402379641016754	0.00022643431298470987	2.3463811233220064	0.9975561865458341	4.0836738674090745	0.026221542371097813	10.58101553691335	208.54036035199118	6.729149386000152	0.9972706917822556	53.00015709240079	238.30217554408625	0.9673955369658693
2.583723244147157	2.0301003344481607	3.4026212466743835	0.00021978889068290192	2.3464402079043833	0.9976074073371964	4.08529054669273	0.025635318668927112	10.575568306823605	209.03197478301314	6.729829936170676	0.9973056374695058	53.06415306309477	238.34555178751168	0.9655431887472448
2.5879381270903012	2.0301003344481607	3.4028581785605856	0.00021334253540933722	2.346498681564447	0.9976574958675132	4.086874010225946	0.025063791793425202	10.570242228860451	209.5206876208416	6.730501833400994	0.9973400548115608	53.1280590392573	238.38835121774605	0.9637302713072708
2.592153010033445	2.0301003344481607	3.403090539047266	0.00020708908476868972	2.34655654950083	0.9977064794564371	4.088425058261146	0.024506542872012475	10.565034321495405	210.00657639303637	6.731165213699175	0.9973739536307076	53.19187605729653	238.43058308285185	0.961955900976086
2.596367892976589	2.0301003344481607	3.403318428183466	0.0002010225768797484	2.3466138169233575	0.9977543846776725	4.089944469012467	0.023963166296301772	10.559941678135727	210.48971620375082	6.731820210447208	0.997407343528462	53.25560513051433	238.472256451252	0.9602192134423982
2.6005827759197326	2.0301003344481607	3.403541943735128	0.0001951372433954389	2.346670489048917	0.9978012373822984	4.091432999264186	0.023433269293378058	10.55496146581705	210.9701798139076	6.732466954450722	0.997440233890971	53.31924724964218	238.5133802152163	0.9585193634985816
2.6047976588628763	2.0301003344481607	3.4037611812258333	0.0001894275027843376	2.3467265710976486	0.9978470627212908	4.092891384970016	0.022916471507748726	10.550090923839312	211.44803771921661	6.733105573988683	0.9974726338943092	53.38280338337273	238.55396309433462	0.9568555247689468
2.6090125418060204	2.0301003344481607	3.4039762339783257	0.00018388795386345435	2.3467820682894587	0.997891885167274	4.094320341842356	0.022412404594198194	10.545327362357447	211.92335822601117	6.733736194863155	0.9975045525096683	53.44627447888758	238.59401363898553	0.95522688942383
2.613227424749164	2.0301003344481607	3.4041871931565635	0.0001785133695724394	2.34683698584079	0.9979357285355248	4.095720565930569	0.021920711821699204	10.540668160936775	212.3962075248804	6.734358940448711	0.99753599850844	53.50966146237794	238.63354023377124	0.9536326678817706
2.6174423076923077	2.0301003344481607	3.404394147808199	0.0001732986909796752	2.3468913289616666	0.997978616004251	4.0970927341877035	0.021441047688458503	10.536110767082027	212.86664976210346	6.734973931741619	0.9975669804671867	53.572965239559544	238.67255110092995	0.9520720885019224
2.6216571906354518	2.0301003344481607	3.4045971849072925	0.0001682390215111386	2.3469451028529766	0.9980205701341773	4.098437505025125	0.02097307754812289	10.531652694748177	213.33474710889098	6.7355812874087135	0.9975975067725041	53.63618669618023	238.7110543037189	0.9505443972685478
2.6258720735785954	2.0301003344481607	3.404796389397133	0.00016332962139323538	2.346998312703971	0.9980616128874539	4.099755518854601	0.02051647724711053	10.527291522839768	213.8005598284495	6.736181123835704	0.9976275856257724	53.69932669851935	238.7490577497528	0.949048857469311
2.6300869565217395	2.0301003344481607	3.404991844233036	0.0001585659023011496	2.34705096368996	0.9981017656459147	4.101047398617559	0.02007093277299296	10.523024893705019	214.26414634089565	6.736773555174982	0.9976572250477977	53.76238609387871	238.7865691943014	0.9475847493688832
2.634301839464883	2.0301003344481607	3.4051836304250407	0.00015394342220457545	2.3471030609702157	0.9981410492287123	4.102313750301344	0.019636139913813473	10.518850511630175	214.72556328605256	6.737358693392926	0.9976864328833435	53.825365711065345	238.82359624354842	0.9461513698792636
2.638516722408027	2.0301003344481607	3.4053718270803977	0.00014945788040304528	2.3471546096860494	0.9981794839093431	4.1035551634423255	0.019211803928196273	10.514766141338804	215.18486558416524	6.737936648316575	0.9977152168055529	53.88826636086519	238.86014635780205	0.9447480322279521
2.642731605351171	2.0301003344481607	3.4055565114457123	0.00014510511274336277	2.3472056149590155	0.9982170894320923	4.104772211615703	0.01879763922607559	10.510769606500006	215.6421064945693	6.738507527679469	0.9977435843202632	53.95108883650627	238.89622685464337	0.9433740656250525
2.6469464882943146	2.0301003344481607	3.405737758948776	0.00014088108701194272	2.347256081889316	0.9982538850279163	4.105965452912189	0.018393369059846947	10.50685878824935	216.09733767236816	6.739071437167031	0.9977715427702137	54.01383391411405	238.93184491204153	0.9420288149304172
2.651161371237458	2.0301003344481607	3.4059156432399287	0.00013678189849515443	2.347306015554304	0.9982898894297803	4.107135430401463	0.017998725225730955	10.50303162372542	216.55060922315766	6.739628480461042	0.997799099339147	54.076502353155874	238.96700757140226	0.9407116403214505
2.6553762541806023	2.0301003344481607	3.4060902362329446	0.0001328037657010748	2.34735542100714	0.9983251208874774	4.108282672582569	0.017613447775123643	10.499286104624725	217.00196975584944	6.740178759283456	0.9978262610558074	54.139094896876195	239.00172174056797	0.9394219169625327
2.659591137123746	2.0301003344481607	3.406261608145362	0.00012894302623628746	2.3474043032755345	0.9983595971819417	4.109407693821354	0.017237284735692263	10.495620275777139	217.4514664336443	6.740722373439312	0.9978530347978359	54.20161227272128	239.03599419675385	0.9381590346765336
2.6638060200668896	2.0301003344481607	3.4064298275382616	0.0001251961328316301	2.3474526673606357	0.9983933356390783	4.1105109947751695	0.0168699918419725	10.492032233743815	217.8991450232073	6.7412594208590155	0.9978794272955654	54.26405519275494	239.06983158943885	0.936922397619198
2.6680209030100337	2.0301003344481607	3.4065949613554336	0.00012155964951107643	2.347500518236007	0.9984263531431234	4.111593062804994	0.016511332275214154	10.488520125439212	218.3450499420988	6.741789997639754	0.9979054451357167	54.32642435406407	239.1032404431953	0.9357114239567501
2.6722357859531773	2.0301003344481607	3.4067570749618636	0.00011803024789815575	2.347547860846674	0.9984586661495586	4.11265437237515	0.01616107641221761	10.48508214677836	218.78922430450777	6.742314198085997	0.9979310947649965	54.38872043915355	239.136227160453	0.9345255455471669
2.6764506688963214	2.0301003344481607	3.4069162321816022	0.00011460470365452111	2.347594700108292	0.9984902906975878	4.113695385440952	0.01581900158290273	10.481716541350613	219.23170996534884	6.742832114749339	0.9979563824936025	54.45094411633254	239.1687980242178	0.9333642076256168
2.680665551839465	2.0301003344481607	3.4070724953349316	0.00011127989304555693	2.347641040906376	0.998521242422198	4.1147165518244675	0.01548489183634965	10.478421599120601	219.67254756276992	6.7433438384674655	0.9979813144986334	54.51309604009061	239.20095920072924	0.9322268684942685
2.6848804347826087	2.0301003344481607	3.4072259252748207	0.00010805278962807789	2.3476868880956	0.9985515365658206	4.115718309578642	0.015158537715052928	10.47519565515708	220.1117765591227	6.743849458402212	0.9980058968274088	54.575176851463695	239.23271674205316	0.9311129992167576
2.689095317725753	2.0301003344481607	3.407376581422699	0.00010492046105539595	2.347732246499185	0.9985811879896012	4.1167010853401305	0.014839736037130085	10.472037088390104	220.54943528045106	6.744349062076978	0.9980301354007005	54.637187178391784	239.26407658863147	0.9300220833176261
2.6933102006688965	2.0301003344481607	3.4075245218034613	0.0001018800659952498	2.347777120908314	0.9986102111842989	4.1176652946710055	0.01452828968623107	10.468944320396853	220.98556095454157	6.7448427354130835	0.9980540360158761	54.69912763606548	239.29504457175648	0.9289536164867835
2.69752508361204	2.0301003344481607	3.407669803079831	0.00009892885115620785	2.34782151608166	0.9986386202808255	4.1186113423897925	0.01422400740889325	10.465915814216327	221.42018974759605	6.745330562765668	0.998077604349958	54.760998827265844	239.3256264160152	0.9279071062893537
2.7017399665551842	2.0301003344481607	3.407812480585894	0.00009606414841844887	2.347865436744907	0.9986664290604401	4.119539622891893	0.013926703619098976	10.462950073192903	221.85335679956114	6.745812626958381	0.9981008459625997	54.82280134269238	239.35582774164874	0.9268820718807441
2.705954849498328	2.0301003344481607	3.40795260835999	0.00009328337206487519	2.3479088875903704	0.9986936509646079	4.120450520459903	0.013636198209788541	10.46004563984876	222.28509625817503	6.746289009317611	0.9981237662989819	54.884535761284305	239.38565406688087	0.9258780437273353
2.7101697324414715	2.0301003344481607	3.4080902391768286	0.00009058401610877095	2.347951873276637	0.9987202991045405	4.121344409563974	0.013352316371090932	10.457201094785052	222.71544131177095	6.746759789705753	0.9981463706926283	54.946202650531994	239.4151108101798	0.924894563332618
2.7143846153846156	2.0301003344481607	3.408225424578901	0.00008796365171432146	2.347994398428258	0.9987463862704249	4.122221655152552	0.01307488841504156	10.454415055611548	223.14442422088268	6.7472250465537655	0.9981686643681471	55.00780256678016	239.44420329247077	0.9239311829689962
2.7185994983277593	2.0301003344481607	3.4083582149071634	0.00008541992470649405	2.348036467635478	0.9987719249403552	4.123082612933773	0.012803749606557346	10.451686175904568	223.5720763486988	6.747684856892947	0.9981906524438948	55.0693360555226	239.47293673929636	0.922987465415159
2.7228143812709034	2.0301003344481607	3.408488659331006	0.00008295055316689583	2.3480780854539964	0.9987969272889775	4.123927629647793	0.012538740000448396	10.449013144192785	223.998428190406	6.748139296385933	0.9982123399345707	55.13080365168867	239.5013162829218	0.9220629836990756
2.727029264214047	2.0301003344481607	3.4086168058775397	0.00008055332511238717	2.3481192564047872	0.9988214051958577	4.124757043330354	0.012279704284252381	10.446394682970574	224.42350940146454	6.748588439357082	0.9982337317537375	55.19220587992231	239.5293469643994	0.9211573208467083
2.7312441471571907	2.0301003344481607	3.4087427014601452	0.00007822609625335027	2.348159984973913	0.998845370253583	4.125571183567805	0.01202649162667973	10.443829547738503	224.84734882485358	6.74903235882193	0.9982548327162752	55.25354325485206	239.5570337355682	0.9202700696361652
2.7354590301003348	2.0301003344481607	3.4088663919063724	0.00007596678782863796	2.3482002756124	0.9988688337756053	4.126370371743906	0.011778955531469107	10.44131652607037	225.2699745173276	6.7494711265161484	0.9982756475407668	55.314816281354915	239.58438146102188	0.9194008323575796
2.7396739130434784	2.0301003344481607	3.40898792198512	0.00007377338451435922	2.3482401327361155	0.9988918068038393	4.127154921278606	0.01153695369645535	10.438854436706455	225.69141377471706	6.749904812923594	0.9982961808518196	55.376025454811135	239.61139492001206	0.9185492205783907
2.743888795986622	2.0301003344481607	3.4091073354332018	0.00007164393240374608	2.348279560725701	0.9989143001160178	4.127925137859175	0.011300347877658202	10.436442128672475	226.11169315631844	6.750333487303897	0.9983164371823222	55.43717126135343	239.6380788083216	0.9177148549141898
2.748103678929766	2.0301003344481607	3.40922467498119	0.00006957653705550915	2.3483185639264903	0.9989363242328217	4.128681319663759	0.011069003758209111	10.434078480423501	226.53083850839542	6.750757217719148	0.9983364209756412	55.49825417810743	239.66443774007604	0.9168973648048798
2.75231856187291	2.0301003344481607	3.40933998237867	0.00006756936160813244	2.3483571466484836	0.9989578894247837	4.12942375757779	0.010842790821936904	10.431762399012603	226.94887498683732	6.751176071060123	0.9983561365877569	55.559274673426586	239.69047624952412	0.9160963882962643
2.7565334448160534	2.0301003344481607	3.4094532984188337	0.00006562062495770675	2.348395313166327	0.9989790057189811	4.130152735403371	0.010621582231439167	10.42949281928341	227.36582707900018	6.751590113071784	0.9983755882893415	55.620233207119774	239.71619879276804	0.9153115718268509
2.7607483277591975	2.0301003344481607	3.4095646629624436	0.00006372859999698237	2.3484330677193	0.9989996829055192	4.13086853006188	0.010405254710474173	10.427268703086149	227.78171862476242	6.751999408378084	0.9983947802677803	55.681130230672025	239.74160974944735	0.914542570019826
2.764963210702341	2.0301003344481607	3.4096741149612075	0.0000618916119134051	2.3484704145113398	0.9990199305438189	4.131571411790078	0.010193688430511974	10.425089038516582	228.19657283682776	6.752404020506268	0.9984137166291385	55.74196618745935	239.76671342438777	0.913789045480162
2.7691780936454853	2.0301003344481607	3.409781692480551	0.000060108036543999544	2.3485073577110747	0.999039757968708	4.1322616443298825	0.0099867669012895	10.422952839177213	228.6104123203024	6.7528040119105635	0.9984324014000745	55.80274151295763	239.79151404920958	0.9130506685967587
2.773392976588629	2.0301003344481607	3.4098874327217956	0.00005837629878505365	2.348543901451866	0.9990591742963314	4.13293948511205	0.009784376865220127	10.420859143460309	229.02325909157514	6.753199443995199	0.9984508385297008	55.86345663494469	239.81601578388916	0.9123271173494175
2.7776078595317726	2.0301003344481607	3.409991372043766	0.000056694871054623195	2.3485800498318645	0.9990781884298794	4.133605185433931	0.00958640819551474	10.418807013852003	229.43513459652542	6.7535903771368995	0.9984690318913958	55.92411197369693	239.84022271828616	0.9116180771207371
2.7818227424749167	2.0301003344481607	3.4100935459838637	0.00005506227180596061	2.348615806914095	0.9990968090651445	4.134258990631592	0.009392753797873347	10.416795536257094	229.8460597280896	6.753976870706882	0.9984869852845653	55.98470794218065	239.8641388736357	0.9109232405127046
2.7860376254180603	2.0301003344481607	3.41019398927855	0.000053477064090060465	2.3486511767265266	0.999115044695911	4.134901140246365	0.009203309515616175	10.414823819343832	230.2560548432039	6.75435898309217	0.9985047024363575	56.04524494623688	239.8877682039956	0.9102423071679103
2.790252508361204	2.0301003344481607	3.4102927358833393	0.00005193785416555609	2.3486861632621774	0.9991329036191847	4.135531868186132	0.009017974038123055	10.412890993908226	230.66513977915318	6.754736771716527	0.9985221870033321	56.10572338476203	239.9111145976667	0.9095749835953372
2.794467391304348	2.0301003344481607	3.4103898189922446	0.0000504432901542979	2.348720770479218	0.9991503939402655	4.136151402881474	0.008836648812458693	10.410996212257338	231.0733338693477	6.755110293060753	0.9985394425730836	56.16614364988226	239.93418187857054	0.9089209830005501
2.7986822742474917	2.0301003344481607	3.4104852710567175	0.00004899206074099442	2.3487550023010817	0.9991675235776715	4.136759967436826	0.008659237958064224	10.409138647610895	231.4806559585448	6.7554796026825255	0.9985564726658218	56.22650612712336	239.95697380759654	0.9082800251202793
2.8028971571906354	2.0301003344481607	3.4105791238041046	0.000047582893915363396	2.348788862616592	0.9991843002679167	4.137357779776899	0.00848564818440015	10.407317493520905	231.8871244175445	6.755844755235742	0.998573280735911	56.28681119557557	239.97949408391423	0.907651836061206
2.8071120401337795	2.0301003344481607	3.4106714082556135	0.0000462145557552949	2.348822355280096	0.9992007315701505	4.137945052788446	0.008315788711430076	10.40553196330855	232.292757157374	6.7562058044894355	0.9985898701733659	56.347059228053986	240.0017463462584	0.90703614814294
2.811326923076923	2.0301003344481607	3.4107621547437845	0.00004488584924960636	2.348855484111592	0.9992168248706617	4.138521994457552	0.008149571192839941	10.40378128951795	232.6975716429797	6.756562803346031	0.9986062443053103	56.40725059125308	240.0237341741675	0.9064326997449831
2.815541806020067	2.0301003344481607	3.410851392929554	0.000043595613158980687	2.3488882528968875	0.9992325873872475	4.139088808002671	0.00798690964188956	10.402064723386351	233.1015849064519	6.756915803859445	0.998622406397396	56.46738564589875	240.0454610892139	0.9058412351577477
2.819756688963211	2.0301003344481607	3.4109391518188112	0.00004234272091379235	2.3489206653877446	0.9992480261734634	4.139645692003435	0.007827720359799072	10.400381534330075	233.50481355979204	6.757264857252471	0.9986383596551833	56.52746474689405	240.06693055618334	0.905261504437347
2.8239715719063545	2.0301003344481607	3.411025459778558	0.00004112607954751697	2.3489527253020346	0.999263148122745	4.140192840525479	0.007671921866575724	10.398731009445974	233.90727380724593	6.757610013933851	0.9986541072254875	56.587488243461806	240.08814598423487	0.9046932632641826
2.8281864548494986	2.0301003344481607	3.4111103445526254	0.000039944628664507756	2.3489844363239074	0.9992779599724148	4.140730443241392	0.007519434834190038	10.397112453027752	234.30898145721633	6.757951323514946	0.9986696521976876	56.64745647928291	240.10911072803327	0.9041362728052238
2.8324013377926422	2.0301003344481607	3.411193833276979	0.000038797339440954994	2.3490158021039518	0.9992924683075732	4.1412586855478795	0.007370182022014825	10.395525186096757	234.70995193377107	6.758288834825921	0.9986849976050021	56.70736979263034	240.12982808884846	0.9035902995798466
2.836616220735786	2.0301003344481607	3.4112759524946235	0.00003768321365788331	2.349046826259372	0.999306679564881	4.141777748679362	0.007224088214442079	10.39396854594688	235.11020028776463	6.758622595931594	0.9987001464257313	56.767228516499664	240.15030131563176	0.9030551153291698
2.84083110367893	2.0301003344481607	3.4113567281701203	0.00003660128276509644	2.3490775123741714	0.9993206000362317	4.142287809818042	0.007081080160598259	10.392441885702969	235.50974120758428	6.758952654146914	0.9987151015844673	56.82703297873603	240.17053360606883	0.9025304968888227
2.8450459866220736	2.0301003344481607	3.411436185703684	0.00003555060697501601	2.3491078639993117	0.9993342358723251	4.142789042200562	0.006941086516080574	10.390944573892465	235.9085890295335	6.7592790560518905	0.9987298659532716	56.88678350215615	240.19052810759274	0.9020162260649448
2.8492608695652173	2.0301003344481607	3.4115143499449716	0.00003453027438538578	2.349137884652917	0.9993475930861367	4.143281615221495	0.006804037786638406	10.389475994029874	236.30675774787585	6.75960184750641	0.9987444423528241	56.94648040466877	240.2102879183926	0.9015120895135211
2.8534757525083614	2.0301003344481607	3.41159124520646	0.000033539400129877716	2.349167577820458	0.9993606775562935	4.143765694533608	0.0066698662737301895	10.388035544213533	236.70426102453996	6.7599210736645405	0.9987588335535404	57.00612399939044	240.22981608838478	0.9010178786228207
2.857690635451505	2.0301003344481607	3.411666895276468	0.00003257712555564992	2.349196946954926	0.9993734950303537	4.144241442145069	0.006538506021886227	10.38662263673439	237.10111219850248	6.760236778988418	0.9987730422766624	57.0657145947577	240.2491156201576	0.900533389398835
2.861905518394649	2.0301003344481607	3.411741323431876	0.000031642617426941516	2.3492259954770467	0.9993860511279966	4.144709016513804	0.006409892767810781	10.385236697696493	237.49732429486824	6.760549007262018	0.9987870711953188	57.12525249463746	240.26818946990818	0.9000584223538214
2.8661204013377928	2.0301003344481607	3.411814552450472	0.000030735067153846573	2.3492547267754613	0.9993983513441268	4.14516857263892	0.006283963891161258	10.383877166648631	237.89291003364582	6.760857801604366	0.998800922935561	57.184737998432695	240.28704054834012	0.8995927823976486
2.8703352842809364	2.0301003344481607	3.411886604622991	0.000029853690045404555	2.34928314420693	0.9994104010518905	4.145620262149429	0.006160658366942308	10.382543496226933	238.28788183824076	6.76116320448257	0.9988146000773698	57.24417140118623	240.3056717215508	0.899136278732023
2.8745501672240805	2.0301003344481607	3.4119575017648383	0.00002899772458620901	2.349311251096535	0.9994222055056096	4.146064233390329	0.006039916719457006	10.381235151808067	238.6822518436719	6.761465257724501	0.9988281051556392	57.30355299368117	240.32408581189398	0.8986887247474583
2.878765050167224	2.0301003344481607	3.412027265227485	0.00002816643173574541	2.3493390507378673	0.9994337698436402	4.146500631506071	0.005921680977758455	10.379951611172585	239.07603190451894	6.761764002531096	0.9988414406611336	57.36288306253809	240.3422855988168	0.8982499379228867
2.882979933110368	2.0301003344481607	3.412095915909601	0.000027359094249700845	2.3493665463932487	0.9994450990911471	4.1469295985216155	0.005805894632547602	10.378692364178285	239.46923360261837	6.762059479488511	0.9988546090414214	57.42216189031047	240.36027381968742	0.8978197397279395
2.887194816053512	2.0301003344481607	3.4121634742678633	0.000026575016022522077	2.349393741293923	0.9994561981628105	4.1473512734210445	0.005692502594465158	10.377456912443082	239.86186825450852	6.762351728579848	0.9988676127017856	57.48138975557648	240.37805317059278	0.8973979555277187
2.8914096989966556	2.0301003344481607	3.4122299603275	0.000025813521450519183	2.3494206386402716	0.9994670718654559	4.147765792223896	0.005581451153727948	10.376244769037283	240.25394691863985	6.762640789196689	0.9988804540061107	57.54056693302884	240.39562630712464	0.8969844144900425
2.895624581939799	2.0301003344481607	3.412295393692548	0.000025073954814833944	2.349447241602011	0.9994777249006136	4.148173288059222	0.005472687941061411	10.375055458184756	240.64548040235238	6.762926700150288	0.9988931352777483	57.599693693561655	240.41299584514158	0.8965789494950959
2.8998394648829433	2.0301003344481607	3.412359793555852	0.00002435567968362417	2.3494735533184086	0.9994881618670126	4.148573891237519	0.005366161889881612	10.373888514972892	241.03647926863545	6.763209499682568	0.9989056588003606	57.658770304355265	240.4301643615177	0.8961813970474357
2.904054347826087	2.0301003344481607	3.412423178708796	0.00002365807833283384	2.349499576898491	0.9994983872630078	4.148967729320554	0.005261823199683016	10.37274348507103	241.42695384267242	6.763489225476798	0.9989180268187435	57.71779702895848	240.4471343948709	0.8957915971902355
2.908269230769231	2.0301003344481607	3.412485567550794	0.000022980551184935723	2.349525315421256	0.9995084054889403	4.149354927189176	0.005159623300588709	10.371619924457049	241.8169142181819	6.763765914668079	0.9989302415396293	57.77677412736875	240.46390844627697	0.8954093934217597
2.9124841137123747	2.0301003344481607	3.412546978098509	0.00002232251626506988	2.3495507719358764	0.9995182208494412	4.149735607109137	0.005059514819022384	10.370517399151794	242.20637026355567	6.764039603853495	0.9989423051324687	57.83570185610961	240.48048897996148	0.8950346326140032
2.9166989966555183	2.0301003344481607	3.4126074279948537	0.00002168340867400278	2.3495759494619133	0.9995278375556684	4.150109888795074	0.004961451544462107	10.369435484961375	242.59533162781327	6.76431032910209	0.9989542197301956	57.894580468306394	240.49687842398038	0.8946671649333513
2.9209138795986624	2.0301003344481607	3.4126669345177723	0.000021062680077364306	2.3496008509895434	0.9995372597274913	4.150477889472643	0.004865388397238422	10.368373767226752	242.9838077463671	6.76457812596469	0.9989659874299712	57.95341021376048	240.5130791708898	0.8943068437634059
2.925128762541806	2.0301003344481607	3.4127255145887454	0.00002045979821064027	2.3496254794797475	0.9995464913956145	4.1508397239388515	0.004771281397339698	10.367331840580547	243.37180784660956	6.764843029483277	0.9989776102939115	58.0121913390197	240.52909357838465	0.8939535256296441
2.9293436454849497	2.0301003344481607	3.4127831847811314	0.00001987424639940152	2.349649837864545	0.9995555365036481	4.151195504620726	0.0046790876341899655	10.366309308710884	243.75934095333156	6.765105074200386	0.998989090349796	58.070924087448965	240.54492396994118	0.8936070701261235
2.933558528428094	2.0301003344481607	3.4128399613282485	0.000019305523094288624	2.3496739290471886	0.9995643989101254	4.151545341632282	0.004588765237365201	10.365305784131934	244.14641589397272	6.7653642941681	0.9990004295917603	58.12960869929712	240.5605726354294	0.8932673398439596
2.9377734113712375	2.0301003344481607	3.4128958601312873	0.0000187531414202696	2.349697755902395	0.9995730823904679	4.1518893428299295	0.004500273348215581	10.364320887961048	244.53304130371373	6.765620722956985	0.9990116299809713	58.18824541176341	240.57604183172393	0.892934200301719
2.941988294314381	2.0301003344481607	3.412950896766985	0.000018216628739719024	2.3497213212765464	0.9995815906388996	4.152227613866294	0.004413572092362374	10.36335424970224	244.91922563041413	6.765874393664704	0.9990226934462864	58.24683445906117	240.59133378329153	0.8926075198775094
2.9462031772575252	2.0301003344481607	3.4130050864951262	0.000017695526228869927	2.349744627987908	0.9995899272703127	4.152560258242542	0.004328622553039464	10.362405507035731	245.30497713939917	6.766125338924498	0.9990336218848976	58.30537607248023	240.6064506827706	0.8922871697428264
2.950418060200669	2.0301003344481607	3.4130584442658556	0.000017189388467216217	2.349767678826849	0.9995980958220877	4.152887377359291	0.004245386745250382	10.361474305613623	245.69030391810773	6.766373590913502	0.9990444171629592	58.36387048044782	240.62139469153936	0.8919730237980916
2.954632943143813	2.0301003344481607	3.4131109847267664	0.000016697783039451015	2.349790476556038	0.999606099755865	4.153209070566026	0.004163827590712949	10.360560298861095	246.07521388059448	6.766619181360743	0.9990550811162012	58.42231790858705	240.63616794026174	0.8916649586097669
2.9588478260869566	2.0301003344481607	3.4131627222298664	0.000016220290149539585	2.349813023910679	0.9996139424592729	4.153525435209257	0.004083908893564847	10.359663147783436	246.45971477190488	6.766862141555141	0.9990656155505285	58.48071857977488	240.65077252943468	0.8913628533491481
2.9630627090301003	2.0301003344481607	3.413213670838309	0.00001575650224654651	2.3498353235987026	0.9996216272476125	4.153836566679266	0.004005595316804137	10.358782520778348	246.84381417231617	6.7671025023531435	0.999076022242605	58.53907271419745	240.66521052990984	0.8910665897325615
2.9672775919732444	2.0301003344481607	3.4132638443330046	0.000015306023661838496	2.349857378300999	0.9996291573654998	4.154142558455652	0.0039288523594396205	10.357918093453522	247.2275195014561	6.767340294186387	0.9990863029404256	58.597380529405264	240.67948398341747	0.8907760519632325
2.971492474916388	2.0301003344481607	3.4133132562190194	0.000014868470257310035	2.3498791906716154	0.9996365359884677	4.154443502151561	0.0038536463343277587	10.357069548449337	247.6108380222979	6.767575547068979	0.9990964593638727	58.65564224036527	240.69359490306417	0.8904911266744571
2.975707357859532	2.0301003344481607	3.4133619197318468	0.000014443469084277488	2.3499007633379763	0.999643766224526	4.154739487556791	0.0037799443466723106	10.356236575266468	247.99377684504157	6.767808290604793	0.9991064932052623	58.713858059513086	240.70754527383227	0.8902117028743118
2.9799222408026758	2.0301003344481607	3.413409847843509	0.000014030658052709027	2.349922098901098	0.9996508511156864	4.155030602679682	0.00370771427316496	10.355418870098283	248.37634293088075	6.768038553994528	0.9991164061298752	58.77202819680308	240.72133705306305	0.8899376718916744
2.9841371237458194	2.0301003344481607	3.413457053268488	0.000013629685610465895	2.349943199935788	0.9996577936394466	4.155316933787894	0.0036369247417453194	10.354616135667822	248.758543095659	6.768266366042573	0.9991261997764768	58.830152859757	240.73497217092591	0.8896689273236092
2.988352006688963	2.0301003344481607	3.4135035484695426	0.00001324021043223713	2.3499640689908694	0.9996645967102387	4.15559856544811	0.0035675451119598265	10.353828081069382	249.1403840134248	6.768491755163801	0.9991358757578256	58.88823225351179	240.74845253088412	0.8894053649840655
2.992566889632107	2.0301003344481607	3.41354934566335	0.0000128619011178688	2.3499847085893872	0.9996712631808427	4.155875580564667	0.003499545455899608	10.353054421614335	249.52187221988072	6.768714749390189	0.9991454356611686	58.94626658086603	240.76178001014762	0.889146882853864
2.996781772575251	2.0301003344481607	3.4135944568260204	0.000012494435899790033	2.3500051212288158	0.999677795843766	4.156148060417153	0.0034328965396981967	10.352294878681214	249.903014115735	6.768935376377269	0.9991548810487273	59.00425604232504	240.7749564601152	0.8888933810318865
3.000996655518395	2.0301003344481607	3.4136388936984634	0.000012137502359253863	2.350025309381266	0.9996841974325871	4.156416084697024	0.0033675698055706835	10.35154917956991	250.28381596995843	6.769153663410433	0.9991642134581701	59.062200836144676	240.7879837068065	0.8886447616874843
3.0052115384615385	2.0301003344481607	3.413682667791644	0.000011790797151117389	2.350045275493708	0.9996904706232681	4.156679731543269	0.003303537354376488	10.350817057359837	250.66428392295015	6.769369637411198	0.9991734344030767	59.120101158374695	240.80086355129117	0.8884009290140863
3.009426421404682	2.0301003344481607	3.413725790391675	0.000011454025736895863	2.3500650219881627	0.9996966180354363	4.156939077577107	0.00324077192868871	10.350098250771893	251.04442398961064	6.769583324943181	0.9991825453733902	59.17795720289996	240.81359777009845	0.8881617891839078
3.0136413043478263	2.0301003344481607	3.413768272564812	0.000011126902125833565	2.3500845512619204	0.9997026422336323	4.157194197935807	0.003179246896353579	10.349392504034224	251.42424206233218	6.7697947522181	0.9991915478358596	59.23576916148167	240.82618811562878	0.8879272503037894
3.01785618729097	2.0301003344481607	3.4138101251623043	0.000010809148623742985	2.3501038656877378	0.9997085457285303	4.157445166305608	0.0031189362345239576	10.348699566751542	251.8037439139028	6.770003945101517	0.9992004432344724	59.29353722379646	240.83863631654722	0.8876972223721099
3.022071070234114	2.0301003344481607	3.4138513588251502	0.000010500495589370714	2.350122967614061	0.9997143309781286	4.157692054953818	0.0030598145141515873	10.34801919377801	252.18293520033274	6.770210929118592	0.9992092329908777	59.35126157747577	240.85094407817903	0.8874716172367872
3.0262859531772577	2.0301003344481607	3.4138919839887123	0.000010200681198059492	2.3501418593652192	0.9997200003889098	4.1579349347600605	0.0030018568849235513	10.34735114509353	252.5618214635997	6.770415729459622	0.9992179185047992	59.40894240814312	240.86311308288884	0.8872503485542452
3.0305008361204013	2.0301003344481607	3.413932010887209	9.909451212479326e-6	2.3501605432416195	0.9997255563169772	4.158173875246688	0.0029450390606283387	10.346695185683231	252.94040813431778	6.770618370985399	0.9992265011544401	59.46657989945046	240.8751449904487	0.8870333317493686
3.034715719063545	2.0301003344481607	3.4139714495581517	9.626558760209682e-6	2.3501790215199745	0.9997310010691592	4.158408944608511	0.002889337304937879	10.346051085420351	253.31870053433798	6.770818878232695	0.9992349822968783	59.5241742331149	240.88704143841477	0.8868204839765494
3.038930602006689	2.0301003344481607	3.414010309846615	9.351764117963708e-6	2.3501972964534947	0.9997363369040928	4.158640209741682	0.002834728417592483	10.345418618952055	253.69670387927252	6.771017275419411	0.9992433632684531	59.581725588953155	240.89880404248095	0.8866117240815315
3.0431454849498327	2.0301003344481607	3.4140486014094145	9.084834502249004e-6	2.3502153702720774	0.9997415660332752	4.158867736271863	0.002781189720975567	10.344797565588346	254.07442328095112	6.771213586449641	0.9992516453851432	59.63923414491525	240.91043439682608	0.886406972564221
3.047360367892977	2.0301003344481607	3.4140863337192218	8.825543866266546e-6	2.3502332451825363	0.9997466906220981	4.159091588581737	0.002728699047065973	10.344187709193934	254.45186374981526	6.7714078349187945	0.9992598299429373	59.69670007711858	240.9219340744669	0.8862061515424695
3.0515752508361205	2.0301003344481607	3.4141235160685266	8.573672702859121e-6	2.3502509233687765	0.9997517127908501	4.1593118298377565	0.0026772347247561125	10.343588838082875	254.8290301972414	6.771600044118422	0.9992679182181955	59.75412355987963	240.93330462758874	0.8860091847165991
3.055790133779264	2.0301003344481607	3.4141601575735314	8.329007853322152e-6	2.350268406992005	0.9997566346157016	4.159528522016251	0.0026267755675241566	10.34300074491601	255.20592743780574	6.7717902370410235	0.9992759114680034	59.811504765745674	240.94454758787631	0.885815997334869
3.060005016722408	2.0301003344481607	3.4141962671779633	8.091342321897187e-6	2.350285698190935	0.9997614581296626	4.159741725928914	0.0025773008614492815	10.34242322660111	255.58256019148934	6.77197843638484	0.9992838109305192	59.86884386552614	240.95566446684356	0.8856265161597511
3.064219899665552	2.0301003344481607	3.414231853656762	7.860475095777741e-6	2.3503027990819754	0.999766185323521	4.159951501247604	0.0025287903535594508	10.341856084195554	255.95893308582032	6.7721646645583915	0.9992916178253118	59.92614102832215	240.96665675614497	0.88544066943498
3.068434782608696	2.0301003344481607	3.4142669256196982	7.6362109704559e-6	2.3503197117594286	0.9997708181467568	4.160157906528551	0.002481224240501071	10.341299122811563	256.3350506579623	6.772348943685008	0.9992993333536935	59.98339642155594	240.97752592788814	0.885258386853403
3.0726496655518396	2.0301003344481607	3.414301491514907	7.418360380248912e-6	2.3503364382956895	0.9997753585084359	4.160360999235988	0.0024345831575208142	10.340752151523903	256.71091735674776	6.7725312956072905	0.9993069586990435	60.040610210999716	240.98827343493952	0.8850795995256119
3.0768645484949833	2.0301003344481607	3.4143355596323404	7.206739233847653e-6	2.3503529807414454	0.9997798082780844	4.160560835765185	0.0023888481677497423	10.340214983279962	257.08653754465746	6.772711741891474	0.9993144950271271	60.097782560803786	240.99890071122624	0.8849042399493001
3.081079431438127	2.0301003344481607	3.4143691381071064	7.001168754736239e-6	2.350369341125855	0.9997841692865407	4.160757471464895	0.002344000751780692	10.339687434812074	257.4619154997453	6.772890303831604	0.9993219434864052	60.15491363352317	241.00940917202212	0.8847322419793244
3.085294314381271	2.0301003344481607	3.4144022349227794	6.801475326331014e-6	2.35038552145676	0.9997884433267885	4.160950960659314	0.0023000227975295516	10.339169326552208	257.83705541751965	6.773067002453822	0.9993293052083403	60.21200359014522	241.01980021424365	0.8845635407985124
3.0895091973244146	2.0301003344481607	3.4144348579145904	6.6074903417008175e-6	2.3504015237208704	0.9997926321547728	4.1611413566694475	0.0022568965903722177	10.338660482548697	258.2119614127679	6.773241858520403	0.9993365813076933	60.269052590115	241.03007521672774	0.8843980728891412
3.0937240802675587	2.0301003344481607	3.4144670147725416	6.419050057726433e-6	2.35041734988394	0.9997967374901925	4.161328711833979	0.0022146048035484407	10.33816073038519	258.5866375213384	6.7734148925337045	0.9993437728828158	60.32606079136049	241.04023554050383	0.8842357760050378
3.0979389632107024	2.0301003344481607	3.414498713044499	6.235995453565814e-6	2.350433001890989	0.9998007610172812	4.1615130775296825	0.0021731304888245396	10.337669901101643	258.96108770187845	6.77358612474026	0.9993508810159364	60.383028350318334	241.05028252907562	0.8840765891444432
3.102153846153846	2.0301003344481607	3.414529960139137	6.058172093296221e-6	2.3504484816664624	0.9998047043855638	4.161694504191256	0.0021324570674074493	10.337187829117232	259.335315837521	6.773755575134488	0.9993579067734392	60.43995542195714	241.06021750867743	0.8839204525233803
3.10636872909699	2.0301003344481607	3.414560763328872	5.885429992606196e-6	2.3504637911144357	0.9998085692105996	4.161873041330766	0.0020925683211020928	10.3367143521553	259.70932573753504	6.773923263462563	0.999364851206139	60.49684215980165	241.07004178853992	0.8837673075497325
3.110583612040134	2.0301003344481607	3.4145911297527043	5.717623489415146e-6	2.3504789321187993	0.9998123570747092	4.162048737556591	0.002053448383705025	10.336249311170164	260.08312113893123	6.774089209226117	0.9993717153495494	60.553688715955914	241.07975666114675	0.8836170967978852
3.114798494983278	2.0301003344481607	3.4146210664189818	5.5546111183038096e-6	2.3504939065434347	0.999816069527681	4.162221640591889	0.002015081732627347	10.335792550275677	260.4567057080243	6.774253431685825	0.9993785002241447	60.610495241125385	241.0893634024802	0.88346976398397
3.1190133779264215	2.0301003344481607	3.4146505802081424	5.396255488638742e-6	2.3505087162324187	0.9998197080874658	4.162391797292716	0.0019774531807397015	10.335343916675752	260.8300830419633	6.774415949865102	0.9993852068356185	60.6672618846399	241.09886327227767	0.8833252539416847
3.123228260869565	2.0301003344481607	3.4146796778753257	5.242423166282797e-6	2.350523363010183	0.999823274240853	4.162559253665599	0.0019405478684331972	10.334903260596363	261.2032566702133	6.774576782553457	0.9993918361751354	60.72398879447427	241.10825751426216	0.8831835125986319
3.127443143812709	2.0301003344481607	3.4147083660529933	5.092984558780655e-6	2.35053784868172	0.9998267694441337	4.162724054884812	0.001904351255889519	10.33447043521948	261.57623005601084	6.774735948310054	0.9993983892195778	60.780676117270104	241.11754735638823	0.8830444869532699
3.131658026755853	2.0301003344481607	3.414736651253442	4.947813803918394e-6	2.3505521750327514	0.9998301951237465	4.1628862453091715	0.0018688491155541929	10.334045296618461	261.9490065977742	6.774893465467043	0.9994048669317884	60.8373239983562	241.12673401107222	0.8829081250523386
3.1358729096989966	2.0301003344481607	3.4147645398712703	4.80678866155387e-6	2.350566343829908	0.9998335526769108	4.163045868498471	0.001834027524807057	10.333627703695148	262.32158963048374	6.775049352132844	0.9994112702608071	60.893932581768446	241.13581867541842	0.8827743759687962
3.1400877926421407	2.0301003344481607	3.414792038185803	4.669790408620929e-6	2.3505803568209194	0.9998368434722453	4.163202967229537	0.0017998728588239992	10.33321751811841	262.69398242702715	6.775203626195477	0.9994176001421031	60.95050201027017	241.14480253144959	0.8826431897803371
3.1443026755852843	2.0301003344481607	3.414819152363437	4.536703737212818e-6	2.3505942157347812	0.9998400688503726	4.163357583511899	0.0017663717836246553	10.332814604264257	263.06618819950927	6.775356305325668	0.9994238574978035	61.00703242537066	241.15368674632114	0.8825145175483031
3.148517558528428	2.0301003344481607	3.4148458884599506	4.407416655651905e-6	2.35060792228194	0.9998432301245087	4.163509758603124	0.001733511249300251	10.332418829157431	263.43821010053455	6.775507406980046	0.9994300432369153	61.0635239673446	241.1624724725419	0.8823883112971281
3.152732441471572	2.0301003344481607	3.414872252422752	4.281820392457779e-6	2.350621478154462	0.9998463285810435	4.163659533023767	0.001701278483416812	10.332030062414338	263.81005122445305	6.775656948404176	0.999436158255545	61.11997677525014	241.17116084818397	0.8822645239942338
3.1569473244147157	2.0301003344481607	3.414898250093083	4.159809303126344e-6	2.3506348850262246	0.9998493654801048	4.163806946572019	0.001669660984588282	10.331648176187437	264.18171460857957	6.775804946635648	0.9994422034371127	61.17639098694737	241.17975299709582	0.882143109530423
3.16116220735786	2.0301003344481607	3.414923887208161	4.0412807796367625e-6	2.350648144553068	0.9998523420561097	4.163952038337986	0.0016386465162148483	10.331273045110951	264.5532032343825	6.77595141850696	0.999448179652562	61.23276673911553	241.18825002910228	0.8820240227006209
3.1653770903010034	2.0301003344481607	3.4149491694032705	3.926135162605114e-6	2.350661258372976	0.9998552595183069	4.164094846717649	0.0016082231003817788	10.330904546247842	264.92452002864115	6.776096380648437	0.9994540877605668	61.28910416727012	241.19665304020515	0.881907219185132
3.169591973244147	2.0301003344481607	3.4149741022138467	3.8142756560049355e-6	2.350674228106263	0.999858119051303	4.164235409426559	0.0015783790119139312	10.33054255903816	265.29566786458213	6.776239849491212	0.999459928607732	61.34540340578075	241.20496311279064	0.8817926555313235
3.1738068561872907	2.0301003344481607	3.4149986910774435	3.7056082443806252e-6	2.35068705535572	0.9998609218155818	4.164373763513142	0.001549102772581762	10.330186965248517	265.66664956297996	6.776381841269858	0.9994657030287929	61.401664587886465	241.21318131581046	0.8816802891356369
3.178021739130435	2.0301003344481607	3.4150229413357236	3.600041612477056e-6	2.3506997417068054	0.9998636689480073	4.164509945371776	0.0015203831454543993	10.32983764892284	266.0374678932388	6.776522372025309	0.9994714118468082	61.45788784571299	241.22130870498412	0.8815700782261177
3.1822366220735785	2.0301003344481607	3.4150468582363485	3.4974870672161803e-6	2.35071228872779	0.9998663615623192	4.164643990755526	0.0014922091293955756	10.329494496334263	266.408125574442	6.77666145760742	0.9994770558733511	61.51407331028741	241.2293463229762	0.8814619818451996
3.1864515050167226	2.0301003344481607	3.415070446934888	3.3978584619486596e-6	2.3507246979699543	0.9998690007496164	4.164775934788655	0.0014645699536983978	10.329157395938198	266.778625276385	6.776799113677805	0.9994826359086959	61.57022111155517	241.23729519959255	0.8813559598330353
3.1906663879598662	2.0301003344481607	3.415093712496615	3.3010721229156027e-6	2.3507369709677293	0.9998715875788285	4.164905811978778	0.0014374550728552184	10.328826238326428	267.14896962057406	6.7769353557123075	0.9994881527420006	61.62633137839403	241.24515635195138	0.881251972811044
3.19488127090301	2.0301003344481607	3.4151166598983127	3.2070467778529136e-6	2.3507491092388655	0.9998741230971805	4.165033656228814	0.001410854161458508	10.328500916182417	267.51916118120954	6.777070199003613	0.9994936071514875	61.68240423862922	241.25293078466402	0.8811499821658948
3.199096153846154	2.0301003344481607	3.4151392940300225	3.1157034866761163e-6	2.350761114284603	0.999876608330643	4.165159500848642	0.0013847571092293082	10.328181324237518	267.8892024861414	6.777203658663791	0.9994989999046181	61.73843981904819	241.26061949001064	0.8810499500338661
3.2033110367892976	2.0301003344481607	3.4151616196967716	3.0269655741833977e-6	2.3507729875898424	0.9998790442843764	4.165283378566539	0.0013591540161696275	10.32786735922838	268.2590960178079	6.777335749626842	0.9995043317582668	61.7944382454153	241.26822344811742	0.8809518392855388
3.2075259197324417	2.0301003344481607	3.415183641620217	2.9407585647182157e-6	2.3507847306232805	0.9998814319431628	4.165405321540292	0.0013340351878352698	10.327558919855145	268.6288442141434	6.7774664866509955	0.9995096034588902	61.850399642484746	241.27574362711442	0.8808556135107464
3.2117408026755854	2.0301003344481607	3.4152053644403066	2.8570101187326174e-6	2.3507963448375944	0.9998837722718301	4.165525361368156	0.0013093911307259334	10.327255906740808	268.9984494694753	6.777595884321229	0.999514815742693	61.90632413401521	241.2831809833114	0.8807612370039961
3.215955685618729	2.0301003344481607	3.415226792716866	2.7756499711957182e-6	2.3508078316695866	0.9998860662156666	4.165643529099506	0.0012852125477891172	10.32695822239139	269.36791413539225	6.777723957051564	0.9995199693357916	61.96221184278262	241.2905364613557	0.8806686747500899
3.220170568561873	2.0301003344481607	3.415247930931168	2.696609871792983e-6	2.350819192540346	0.9998883147008247	4.165759855245301	0.0012614903340348652	10.326665771157112	269.7372405215981	6.777850719087401	0.9995250649543742	62.018062890593626	241.2978109943944	0.8805778924101169
3.2243854515050168	2.0301003344481607	3.415268783487475	2.6198235268632493e-6	2.3508304288554127	0.9998905186347201	4.165874369788318	0.001238215572258226	10.326378459194448	270.10643089674414	6.777976184507844	0.9995301033048574	62.073877398298706	241.3050055042363	0.8804888563077616
3.2286003344481604	2.0301003344481607	3.4152893547145147	2.54522654302289e-6	2.3508415420049196	0.9998926789064172	4.165987102193127	0.0012153795288665696	10.326096194428981	270.4754874892401	6.778100367227859	0.9995350850840407	62.12965548580419	241.3121209014996	0.8804015334158669
3.2328152173913045	2.0301003344481607	3.415309648866962	2.472756372426754e-6	2.350852533363759	0.9998947963870116	4.166098081415906	0.0011929736498087823	10.325818886519222	270.84441248805103	6.778223281000544	0.9995400109792578	62.18539727208518	241.31915808577108	0.8803158913433311
3.237030100334448	2.0301003344481607	3.4153296701268596	2.402352259618357e-6	2.350863404291721	0.9998968719299984	4.166207335914	0.0011709895566036385	10.325546446821164	271.2132080434724	6.778344939419237	0.999544881668525	62.24110287519715	241.32611794575084	0.8802318983222491
3.241244983277592	2.0301003344481607	3.4153494226050367	2.3339551899222596e-6	2.350874156133667	0.9998989063716388	4.1663148936553265	0.0011494190424646729	10.325278788353728	271.5818762678918	6.778465355919742	0.9995496978206866	62.29677241228866	241.3330013594077	0.8801495231953962
3.245459866220736	2.0301003344481607	3.4153689103424667	2.2675078393335544e-6	2.3508847902196632	0.9999009005313132	4.166420782127535	0.0011282540685189145	10.325015825764906	271.9504192365292	6.778584543782343	0.9995544600955584	62.35240599961236	241.3398091941178	0.880068735403914
3.2496747491638796	2.0301003344481607	3.4153881373116044	2.2029545258605834e-6	2.3508953078651316	0.9999028552118724	4.166525028346982	0.0011074867601169934	10.324757475298723	272.3188389881618	6.778702516133868	0.9995591691440677	62.40800375253638	241.3465423068087	0.8799895049752867
3.2538896321070236	2.0301003344481607	3.4154071074177086	2.1402411622778195e-6	2.350905710371002	0.9999047711999739	4.166627658867539	0.001087109403232098	10.324503654762937	272.68713752583585	6.778819285949754	0.9995638256083916	62.46356578555603	241.3532015441018	0.8799118025115921
3.2581045150501673	2.0301003344481607	3.415425824500125	2.079315210248057e-6	2.3509159990238624	0.99990664926642	4.166728699789208	0.0010671144409454788	10.324254283497483	273.0553168175585	6.7789348660560265	0.9995684301220917	62.51909221230442	241.3597877424497	0.8798355991779925
3.262319397993311	2.0301003344481607	3.4154442923335497	2.0201256357734544e-6	2.350926175096106	0.9999084901664811	4.166828176766548	0.0010474944700161481	10.324009282343606	273.42337879697806	6.779049269131293	0.9995729833102474	62.57458314556375	241.3663017282751	0.8797608666914813
3.266534280936455	2.0301003344481607	3.4154625146292346	1.9626228659370453e-6	2.3509362398460616	0.9999102946402151	4.166926115016911	0.0010282422375325617	10.32376857361365	273.79132536404455	6.779162507708597	0.999577485789586	62.63003869727519	241.37274431809897	0.8796875773098413
3.2707491638795987	2.0301003344481607	3.415480495036219	1.9067587468959376e-6	2.3509461945181553	0.9999120634127819	4.167022539328549	0.0010093506376440975	10.323532081061614	274.1591583856611	6.7792745941774095	0.9995819381686113	62.68545897854995	241.3791163186781	0.8796157038208816
3.274964046822743	2.0301003344481607	3.415498237142489	1.8524865030907347e-6	2.350956040343041	0.9999137971947466	4.167117474068509	0.000990812708370193	10.323299729854256	274.52687969631626	6.779385540785423	0.9995863410477286	62.740844099679016	241.38541852713075	0.8795452195318724
3.2791789297658864	2.0301003344481607	3.4155157444761404	1.7997606976347908e-6	2.3509657785377507	0.9999154966823812	4.167210943190404	0.0009726216284851342	10.323071446542953	274.89449109870753	6.779495359640448	0.9995906950193689	62.79619417014353	241.39165173106716	0.8794760982592209
3.28339381270903	2.0301003344481607	3.4155330205065075	1.7485371938491202e-6	2.350975410305833	0.9999171625579564	4.167302970241995	0.0009547707144765516	10.322847159036083	275.26199436434644	6.779604062712231	0.9995950006681099	62.851509298624684	241.3978167087166	0.8794083143183629
3.2876086956521737	2.0301003344481607	3.4155500686452482	1.6987731179097013e-6	2.3509849368374764	0.9999187954900286	4.167393578372603	0.0009372534175755271	10.32262679657204	275.62939123415174	6.7797116618341295	0.999599258570795	62.90678959301254	241.40391422904273	0.8793418425138448
3.291823578595318	2.0301003344481607	3.415566892247453	1.6504268225740846e-6	2.350994359309675	0.9999203961337205	4.167482790340439	0.0009200633208566448	10.322410289692911	275.9966834190339	6.7798181687050105	0.9996034692966506	62.96203516041674	241.40994505187595	0.8792766581296769
3.2960384615384615	2.0301003344481607	3.4155834946126884	1.6034578519565493e-6	2.3510036788863458	0.9999219651309968	4.167570628519704	0.0009031941364060558	10.322197570218648	276.3638726004607	6.779923594890911	0.9996076334074009	63.017246107175055	241.4159099280284	0.879212736919829
3.3002533444816056	2.0301003344481607	3.41559987898603	1.5578269073206484e-6	2.3510128967184687	0.999923503110932	4.1676571149075885	0.0008866397025557675	10.321988571221844	276.7309604310153	6.780027951826716	0.9996117514573806	63.07242253886264	241.4218095994105	0.8791500550989382
3.304468227424749	2.0301003344481607	3.415616048559084	1.5134958138598061e-6	2.3510220139442217	0.9999250106899746	4.167742271131116	0.0008703939811825377	10.321783227003053	277.0979485349404	6.780131250817867	0.9996158239936462	63.1275645603011	241.42764479914936	0.8790885893332414
3.308683110367893	2.0301003344481607	3.4156320064709784	1.4704274884369147e-6	2.3510310316891183	0.9999264884722051	4.1678261184538625	0.0008544510550696021	10.321581473066653	277.46483850867133	6.780233503042013	0.9996198515560849	63.18267227556739	241.43341625170345	0.8790283167316743
3.312897993311037	2.0301003344481607	3.415647755809331	1.4285859082552577e-6	2.3510399510661313	0.9999279370495865	4.16790867778251	0.0008388051253297075	10.32138324609721	277.8316319213571	6.780334719550598	0.9996238346775213	63.237745788002215	241.43912467297292	0.8789692148371647
3.3171128762541806	2.0301003344481607	3.41566329961121	1.3879360804334718e-6	2.3510487731758336	0.999929357002214	4.167989969673318	0.000823450508887826	10.321188483936409	278.19833031537235	6.780434911270515	0.9996277738838228	63.292785200218965	241.44477077041432	0.8789112616181011
3.3213277591973247	2.0301003344481607	3.415678640864058	1.3484440124582316e-6	2.35105749910652	0.9999307488985554	4.168070014338407	0.0008083816360220225	10.320997125560403	278.5649352068156	6.78053408900562	0.9996316696940034	63.34779061411168	241.45035524314557	0.8788544354599807
3.3255426421404684	2.0301003344481607	3.4156937825066107	1.3100766834891907e-6	2.351066129934344	0.9999321132956883	4.168148831651961	0.0007935930479610469	10.320809111057736	278.93144808600033	6.780632263438339	0.9996355226203244	63.40276213086361	241.4558787820576	0.878798715157252
3.329757525083612	2.0301003344481607	3.4157087274297866	1.2728020164913647e-6	2.351074666723437	0.9999334507395315	4.168226441156279	0.0007790793945371088	10.320624381607647	279.2978704179316	6.780729445131138	0.9996393331683948	63.457699850954974	241.46134206991644	0.8787440799052924
3.3339724080267557	2.0301003344481607	3.415723478477561	1.2365888511709097e-6	2.3510831105260395	0.9999347617650729	4.168302862067722	0.000764835431892563	10.320442879458913	279.66420364277667	6.780825644528059	0.9996431018372695	63.51260387417112	241.4667457814698	0.8786905092925807
3.3381872909698997	2.0301003344481607	3.415738038447833	1.2014069176908122e-6	2.35109146238263	0.9999360468965909	4.168378113282544	0.0007508560202390124	10.32026454790916	280.03044917632513	6.780920871956202	0.9996468291195449	63.56747429961034	241.47209058355008	0.8786379832930026
3.3424021739130434	2.0301003344481607	3.4157524100932597	1.1672268111441042e-6	2.351099723322044	0.9999373066478724	4.168452213382594	0.0007371361216676077	10.320089331284494	280.39660841043644	6.781015137627189	0.9996505155014551	63.62231122569156	241.47737713517557	0.8785864822583803
3.3466170568561875	2.0301003344481607	3.4157665961220682	1.1340199667624276e-6	2.351107894361595	0.9999385415224252	4.168525180640899	0.0007236707980092153	10.319917174919704	280.76268271348084	6.781108451638543	0.9996541614629633	63.67711475016152	241.4826060876467	0.8785359869110414
3.350831939799331	2.0301003344481607	3.4157805991988925	1.101758635838451e-6	2.351115976507214	0.9999397520136889	4.168597033027195	0.0007104552087431707	10.319748025138823	281.1286734307733	6.781200823975236	0.9996577674778546	63.73188497010319	241.48777808465312	0.8784864783366931
3.355046822742475	2.0301003344481607	3.4157944219455207	1.0704158623419126e-6	2.351123970753542	0.999940938605236	4.168667788213239	0.0006974846089534965	10.319581829236052	281.4945818849909	6.781292264510898	0.9996613340138255	63.78662198194162	241.492893762358	0.87843793797728
3.359261705685619	2.0301003344481607	3.41580806694171	1.0399654602085004e-6	2.3511318780840806	0.9999421017709743	4.168737463578151	0.0006847543473312708	10.319418535457224	281.86040937659203	6.781382783009382	0.9996648615325726	63.841325881452605	241.49795374950622	0.8783903476241315
3.3634765886287625	2.0301003344481607	3.4158215367259137	1.0103819912827276e-6	2.351139699471287	0.9999432419753418	4.168806076213532	0.0006722598642221546	10.319258092981478	282.22615718421736	6.78147238912597	0.9996683504898792	63.89599676376865	241.50295866750835	0.8783436894111538
3.3676914715719066	2.0301003344481607	3.4158348337960383	9.816407438953125e-7	2.3511474358767055	0.9999443596734992	4.168873642928563	0.0006599966897177786	10.319100451903472	282.59182656508926	6.781561092408783	0.9996718013357012	63.950634723386486	241.5079091305387	0.8782979458081974
3.3719063545150503	2.0301003344481607	3.415847960610164	9.537177120570207e-7	2.351155088251076	0.9999454553115161	4.168940180254964	0.0006479604417900869	10.318945563215888	282.9574187553998	6.781648902300066	0.999675214514251	64.00523985417365	241.51280574562384	0.8782530996145648
3.376121237458194	2.0301003344481607	3.415860919587267	9.265895752508738e-7	2.3511626575344584	0.9999465293265573	4.169005704451877	0.0006361468244674404	10.318793378792304	283.32293497069134	6.781735828137509	0.9996785904640801	64.05981224937543	241.51764911273486	0.8782091339526477
3.3803361204013376	2.0301003344481607	3.415873713107915	9.002336788055936e-7	2.351170144656347	0.9999475821470613	4.169070231510653	0.0006245516260515033	10.31864385137048	283.68837640623246	6.781821879155536	0.9996819296181608	64.11435200162161	241.52243982487713	0.878166032261699
3.3845510033444817	2.0301003344481607	3.415886343514943	8.746280148333391e-7	2.3511775505357724	0.9999486141929173	4.16913377715952	0.0006131707173739643	10.318496934535906	284.0537442373801	6.78190706448649	0.9996852324039655	64.16885920293242	241.5271784681717	0.8781237782916876
3.3887658862876253	2.0301003344481607	3.4158988131141323	8.497512037154565e-7	2.3511848760814265	0.9999496258756376	4.169196356868206	0.0006020000500919999	10.31835258270576	284.41903961994035	6.781991393161958	0.9996884992435455	64.22333394472554	241.53186562194767	0.878082356097353
3.3929807692307694	2.0301003344481607	3.415911124174869	8.255824761202516e-7	2.3511921221917707	0.9999506175985271	4.169257985852439	0.0005910356550216397	10.318210751113169	284.7842636905194	6.782074874113956	0.999691730553609	64.27777631782223	241.53650185882472	0.8780417500323199
3.397195652173913	2.0301003344481607	3.4159232789307805	8.021016555377033e-7	2.3511992897551424	0.9999515897568497	4.169318679078369	0.0005802736405080884	10.318071395791792	285.1494175668672	6.782157516176121	0.9996949267455963	64.33218641245331	241.54108774479528	0.8780019447433448
3.4014105351170567	2.0301003344481607	3.4159352795803737	7.792891413157595e-7	2.3512063796498683	0.9999525427379885	4.169378451266913	0.0005697101908320394	10.317934473560713	285.5145023482148	6.782239328084926	0.9996980882257548	64.38656431826564	241.545623839309	0.8779629251647132
3.405625418060201	2.0301003344481607	3.4159471282876575	7.571258921840699e-7	2.351213392744377	0.9999534769216067	4.1694373168980245	0.0005593415646512158	10.317799942009708	285.87951911560697	6.782320318480861	0.9997012153952128	64.44091012432811	241.55011069535513	0.8779246765127079
3.4098403010033445	2.0301003344481607	3.4159588271827386	7.355934102509211e-7	2.351220329897297	0.999954392679803	4.1694952902148525	0.0005491640934762235	10.317667759484701	286.24446893222347	6.782400495909543	0.9997043086500516	64.49522391913727	241.55454885953873	0.8778871842802024
3.4140551839464885	2.0301003344481607	3.4159703783624202	7.146737254596559e-7	2.351227191957568	0.999955290377263	4.169552385227844	0.0005391741801798768	10.317537885073591	286.6093528436977	6.782479868822884	0.9997073683813767	64.54950579062346	241.55893887216268	0.8778504342313693
3.418270066889632	2.0301003344481607	3.415981783890795	6.943493804913579e-7	2.35123397976455	0.9999561703714102	4.16960861571878	0.0005293682975392417	10.317410278592403	286.97417187843035	6.782558445580232	0.9997103949753885	64.60375582615652	241.56328126730565	0.8778144123964973
3.422484949832776	2.0301003344481607	3.415993045799804	6.746034161010041e-7	2.3512406941481214	0.9999570330125497	4.16966399524471	0.0005197429868095823	10.317284900571611	287.3389270478916	6.782636234449452	0.9997133888134497	64.65797411255153	241.5675765728982	0.8777791050668944
3.4266998327759195	2.0301003344481607	3.416004166089805	6.55419356874399e-7	2.351247335928789	0.9999578786440144	4.169718537141822	0.0005102948563294619	10.317161712242841	287.7036193469232	6.7827132436080255	0.9997163502721547	64.71216073607428	241.57182531079835	0.8777444987899231
3.4309147157190636	2.0301003344481607	3.4160151467301128	6.367811973938917e-7	2.3512539059177797	0.9999587076023038	4.169772254529239	0.0005010205801562484	10.31704067552576	288.0682497540288	6.782789481144109	0.9997192797233952	64.76631578244665	241.5760279968652	0.8777105803640848
3.4351295986622072	2.0301003344481607	3.4160259896595506	6.186733888009801e-7	2.351260404917155	0.9999595202172208	4.169825160312757	0.0004919168967312843	10.316921753015317	288.432819231665	6.782864955057636	0.9997221775344265	64.82043933685242	241.58018514103549	0.8776773368342717
3.4393444816053513	2.0301003344481607	3.41603669678697	6.010808257444243e-7	2.3512668337199036	0.999960316812008	4.169877267188502	0.000482980607574068	10.316804907969168	288.79732872652215	6.782939673261333	0.9997250440679313	64.87453148394225	241.5842972473934	0.8776447554870506
3.443559364548495	2.0301003344481607	3.4160472699917706	5.839888337027403e-7	2.351273193110042	0.9999610977034783	4.169928587646511	0.0004742085760047072	10.316690104295382	289.1617791698002	6.783013643581757	0.9997278796820839	64.92859230783917	241.58836481424368	0.8776128238460751
3.4477742474916386	2.0301003344481607	3.4160577111244135	5.673831566702189e-7	2.3512794838627182	0.9999618632021446	4.1699791339742704	0.00046559772589400197	10.3165773065404	289.5261714774824	6.783086873760353	0.9997306847306126	64.9826218921439	241.5923883341835	0.877581529667591
3.4519891304347827	2.0301003344481607	3.416068022006909	5.512499451960991e-7	2.3512857067443003	0.9999626136123455	4.170028918260161	0.0004571450404405081	10.316466479877224	289.8905065505992	6.783159371454391	0.9997334595628607	65.03662031993956	241.59636829416874	0.8775508609359957
3.4562040133779264	2.0301003344481607	3.4160782044333136	5.355757447666105e-7	2.351291862512481	0.9999633492323708	4.170077952396858	0.0004488475609739495	10.316357590093832	290.25478527549	6.783231144238008	0.9997362045238479	65.09058767379697	241.6003051755851	0.8775208058595344
3.4604188963210705	2.0301003344481607	3.4160882601702043	5.203474845200837e-7	2.351297951916365	0.9999640703545817	4.170126248084664	0.00044070238578434626	10.316250603581848	290.61900852405955	6.7833021996031615	0.9997389199543291	65.14452403577964	241.60419945431485	0.877491352866027
3.464633779264214	2.0301003344481607	3.416098190957153	5.05552466285491e-7	2.351303975696575	0.9999647772655301	4.170173816834775	0.00043270666897628034	10.316145487325421	290.9831771540281	6.783372544960609	0.9997416061908535	65.19842948744864	241.60805160080457	0.8774624905987483
3.4688486622073578	2.0301003344481607	3.416107998507188	4.911783539351051e-7	2.3513099345853377	0.9999654702460752	4.170220669972507	0.000424857619347666	10.316042208890345	291.3472920091801	6.7834421876408735	0.9997442635658221	65.25230410986751	241.61186208013197	0.8774342079123234
3.4730635451505014	2.0301003344481607	3.4161176845072414	4.772131630422855e-7	2.3513158293065795	0.9999661495714972	4.170266818640426	0.0004171524992925554	10.315940736413337	291.71135391960286	6.783511134895147	0.9997468924075447	65.30614798360695	241.61563135206808	0.8774064938687555
3.4772784280936455	2.0301003344481607	3.4161272506185907	4.6364525083555367e-7	2.3513216605760103	0.9999668155116094	4.170312273801451	0.0004095886237272907	10.315841038591595	292.0753637019242	6.783579393896221	0.9997494930402957	65.35996118874935	241.6193598711427	0.8773793377334614
3.481493311036789	2.0301003344481607	3.4161366984773034	4.504633064404111e-7	2.3513274291012305	0.9999674683308681	4.170357046241899	0.0004021633590395731	10.315743084672546	292.439322159547	6.783646971739433	0.999752065784369	65.41374380489374	241.62304808670862	0.877352728971485
3.4857081939799333	2.0301003344481607	3.416146029694658	4.3765634140068907e-7	2.3513331355818075	0.9999681082884792	4.1704011465744575	0.0003948741220598442	10.315646844443743	292.8032300828754	6.783713875443548	0.9997546109561328	65.46749591116034	241.6266964430041	0.8773266572437107
3.489923076923077	2.0301003344481607	3.4161552458575675	4.2521368047135747e-7	2.3513387807093724	0.9999687356385042	4.170444585241128	0.00038771837905452285	10.315552288223058	293.16708824954	6.78378011195166	0.9997571288680821	65.52121758619496	241.63030537921387	0.8773011124031581
3.4941379598662206	2.0301003344481607	3.4161643485289828	4.1312495267496826e-7	2.3513443651677064	0.9999693506299618	4.1704873725160825	0.00038069364474054864	10.315459386848945	293.530897424616	6.78384568813206	0.9997596198288919	65.57490890817346	241.63387532953013	0.8772760844914049
3.4983528428093646	2.0301003344481607	3.416173339248296	4.0138008261418046e-7	2.35134988963282	0.9999699535069303	4.1705295185084905	0.00037379748132078714	10.315368111670994	293.89465836083974	6.783910610779075	0.9997620841434688	65.62856995480601	241.6374067232103	0.8772515637349718
3.5025677257525083	2.0301003344481607	3.4161822195317484	3.8996928203296507e-7	2.351355354773058	0.9999705445086458	4.170571033165308	0.0003670274975397637	10.315278434540632	294.2583717988197	6.7839748866139935	0.9997645221130014	65.68220080334183	241.64089998464092	0.8772275405419185
3.5067826086956524	2.0301003344481607	3.4161909908728014	3.788830416193928e-7	2.351360761249164	0.9999711238695983	4.170611926273977	0.00036038134775933587	10.315190327801993	294.62203846724447	6.7840385222858375	0.9997669340350112	65.735801530573	241.64435553339175	0.877204005498371
3.510997491638796	2.0301003344481607	3.416199654742533	3.681121230430296e-7	2.351366109714382	0.999971691819628	4.1706522074651176	0.00035385673105376483	10.315103764282993	294.9856590830865	6.7841015243722484	0.9997693202034013	65.78937221283906	241.64777378427576	0.8771809493652202
3.5152123745819397	2.0301003344481607	3.4162082125899973	3.5764755122020944e-7	2.35137140081453	0.9999722485840177	4.17069188621514	0.00034745139032383784	10.315018717286527	295.34923435180065	6.784163899380268	0.9997716809085058	65.84291292603083	241.6511551474043	0.87715836307482
3.5194272575250833	2.0301003344481607	3.4162166658426103	3.474806068005937e-7	2.351376635188091	0.9999727943835826	4.170730971848839	0.0003411631114295219	10.314935160581944	295.712764967523	6.78422565374721	0.9997740164371366	65.89642374559507	241.65450002824696	0.8771362377277888
3.5236421404682274	2.0301003344481607	3.4162250159064853	3.3760281886878476e-7	2.3513818134662867	0.9999733294347618	4.170769473541903	0.0003349897223407853	10.314853068396518	296.0762516132604	6.784286793841375	0.9997763270726315	65.9499047465378	241.6578088276808	0.8771145645898333
3.5278570234113715	2.0301003344481607	3.416233264166807	3.280059578546403e-7	2.3513869362731654	0.9999738539497041	4.170807400323425	0.00032892909230618076	10.314772415407266	296.43969496108144	6.784347325962915	0.9997786130949003	66.00335600342885	241.66108194205046	0.8770933350886749
3.532071906354515	2.0301003344481607	3.4162414119881697	3.1868202864645183e-7	2.351392004225679	0.9999743681363534	4.17084476107833	0.00032297913103873275	10.31469317673278	296.8030956723009	6.784407256344587	0.9997808747804702	66.05677759040569	241.66431976321996	0.8770725408110209
3.536286789297659	2.0301003344481607	3.4162494607149143	3.0962326390107415e-7	2.3513970179337647	0.9999748721985346	4.170881564549778	0.00031713778791880767	10.314615327925301	297.1664543976628	6.78446659115251	0.9997831124025311	66.1101695811772	241.667522678625	0.8770521734995641
3.5405016722408025	2.0301003344481607	3.416257411671474	3.0082211754537965e-7	2.3514019780004256	0.9999753663360337	4.170917819341531	0.00031140305121354374	10.314538844962907	297.52977177751836	6.784525336486967	0.9997853262309805	66.1635320490278	241.67069107132846	0.8770322250501174
3.5447165551839466	2.0301003344481607	3.4162652661626898	2.922712584635607e-7	2.3514068850218033	0.9999758507446792	4.170953533920249	0.0003057729473124999	10.314463704241865	297.893048442002	6.784583498383103	0.9997875165324658	66.21686506682089	241.6738253200687	0.877012687508694
3.54893143812709	2.0301003344481607	3.4162730254741316	2.8396356436492246e-7	2.3514117395872542	0.9999763256164211	4.170988716617776	0.00030024553997912	10.314389882569111	298.2562850112025	6.78464108281168	0.9997896835704289	66.27016870700272	241.67692579931133	0.8769935530687384
3.5531463210702343	2.0301003344481607	3.4162806908724375	2.758921158269729e-7	2.3514165422794426	0.9999767911394082	4.1710233756333865	0.00029481892961770353	10.314317357154911	298.6194820953345	6.7846980956798895	0.9997918276051474	66.32344304160668	241.67999287930562	0.8769748140683984
3.557361204013378	2.0301003344481607	3.416288263605592	2.680501905088592e-7	2.351421293674392	0.9999772474980636	4.171057519035949	0.00028949125255552284	10.314246105605601	298.9826402949015	6.784754542831935	0.9997939488937769	66.37668814225597	241.68302692612497	0.8769564629877709
3.5615760869565216	2.0301003344481607	3.4162957449032425	2.6043125753017737e-7	2.351425994341572	0.9999776948731596	4.171091154766098	0.0002842606803397308	10.31417610591652	299.3457602008604	6.784810430049831	0.9997960476903924	66.42990408016774	241.6860283017208	0.8769384924462875
3.5657909698996653	2.0301003344481607	3.4163031359770173	2.5302897201042164e-7	2.351430644843983	0.9999781334418895	4.171124290638375	0.0002791254190487638	10.314107336465076	299.7088423947833	6.784865763054136	0.999798124246028	66.48309092615708	241.68899736397478	0.8769208952001403
3.5700058528428094	2.0301003344481607	3.4163104380207887	2.458371697645601e-7	2.3514352457382026	0.9999785633779394	4.171156934343271	0.0002740837086178989	10.31403977600389	300.07188744901134	6.78492054750456	0.9998001788087174	66.53624875063959	241.69193446673958	0.8769036641396857
3.5742207357859535	2.0301003344481607	3.416317652210985	2.3884986215012497e-7	2.351439797574489	0.9999789848515588	4.171189093449294	0.0002691338221786625	10.31397340365413	300.4348959268117	6.784974789000739	0.9998022116235331	66.5893776236359	241.69483995989248	0.8768867922870106
3.578435618729097	2.0301003344481607	3.4163247797068546	2.3206123106160343e-7	2.351444300896826	0.9999793980296274	4.171220775404968	0.0002642740654117826	10.313908198898915	300.79786838252727	6.785028493082826	0.9998042229326253	66.64247761477414	241.6977141893767	0.8768702727934169
3.5826505016722408	2.0301003344481607	3.4163318216507603	2.2546562406777664e-7	2.3514487562430126	0.9999798030757233	4.171251987540816	0.0002595027759133752	10.313844141576897	301.16080536172683	6.785081665232244	0.9998062129752597	66.69554879329411	241.70055749725216	0.8768540989370872
3.5868653846153844	2.0301003344481607	3.4163387791684485	2.1905754968804447e-7	2.351453164144725	0.9999802001501888	4.171282737071297	0.0002548183225741081	10.313781211875947	301.5237074013513	6.785134310872308	0.9998081819878555	66.74859122805044	241.70337022173945	0.876838264120678
3.5910802675585285	2.0301003344481607	3.4163456533693064	2.1283167280366037e-7	2.351457525127586	0.9999805894101942	4.171313031096707	0.0002502191049710178	10.313719390326924	301.88657502985654	6.785186435368873	0.9998101302040221	66.80160498751569	241.706152697264	0.8768227618690309
3.595295150501672	2.0301003344481607	3.416352445346639	2.0678281020003327e-7	2.3514618397112366	0.9999809710098011	4.1713428766050535	0.00024570355277173914	10.313658657797605	302.2494087673541	6.785238044030984	0.999812057854596	66.85459013978371	241.7089052545007	0.8768075858269053
3.5995100334448162	2.0301003344481607	3.4163591561779163	2.0090592623636847e-7	2.351466108409398	0.9999813451000239	4.1713722804738955	0.00024127012515083802	10.313598995486704	302.6122091257508	6.785289142111515	0.9998139651676767	66.90754675257304	241.711628220418	0.8767927297567444
3.60372491638796	2.0301003344481607	3.4163657869250406	1.9519612863895733e-7	2.3514703317299523	0.9999817118288923	4.171401249472162	0.00023691731021803543	10.313540384918019	302.97497660888405	6.785339734807827	0.9998158523686618	66.96047489323018	241.71432191832324	0.8767781875365196
3.6079397993311035	2.0301003344481607	3.4163723386345834	1.8964866441462298e-7	2.3514745101749934	0.9999820713415072	4.171429790261915	0.00023264362445801399	10.313482807934673	303.337711712656	6.7853898272623345	0.9998177196802821	67.0133746287325	241.71698666790192	0.8767639531575623
3.612154682274247	2.0301003344481607	3.4163788123380345	1.842589158808396e-7	2.3514786442408986	0.9999824237801019	4.171457909400099	0.00022844761218158844	10.313426246693458	303.7004149251631	6.785439424563158	0.9998195673226367	67.06624602569141	241.71962278526166	0.8767500207224728
3.6163695652173913	2.0301003344481607	3.4163852090520415	1.7902239680920743e-7	2.351482734418399	0.9999827692840987	4.171485613340262	0.00022432784498798068	10.313370683659317	304.0630867268276	6.785488531744711	0.9998213955132258	67.11908915035565	241.7222305829739	0.87673638444307
3.6205844481605354	2.0301003344481607	3.4163915297786516	1.7393474867902766e-7	2.351486781192635	0.999983107990162	4.171512908434244	0.0002202829212379683	10.313316101599902	304.42572759052223	6.785537153788313	0.9998232044669851	67.17190406861415	241.72481037011462	0.8767230386383599
3.624799331103679	2.0301003344481607	3.4163977755055432	1.6899173703783348e-7	2.3514907850432327	0.9999834400322574	4.171539800933836	0.0002163114655376555	10.31326248358022	304.78833798169603	6.7855852956228055	0.9998249943963183	67.22469084599949	241.72736245230803	0.8767099777325738
3.6290142140468227	2.0301003344481607	3.4164039472062373	1.641892479658269e-7	2.3514947464443465	0.9999837655417019	4.171566296992386	0.00021241212823267452	10.313209812957384	305.1509183584939	6.785632962125039	0.9998267655111299	67.27744954768997	241.72988713175897	0.876697196253186
3.6332290969899663	2.0301003344481607	3.4164100458403466	1.595232846412013e-7	2.351498665864743	0.999984084647218	4.171592402666437	0.00020858358491253895	10.313158073375508	305.5134691718802	6.785680158120576	0.9998285180188566	67.33018023851359	241.73238470730172	0.8766846888290507
3.6374439799331104	2.0301003344481607	3.4164160723537904	1.549899640035212e-7	2.3515025437678587	0.9999843974749851	4.171618123917296	0.0002048245359249805	10.313107248760668	305.8759908657559	6.785726888384221	0.9998302521244998	67.38288298295078	241.73485547443633	0.8766724501885093
3.641658862876254	2.0301003344481607	3.4164220276789825	1.5058551351234345e-7	2.3515063806118377	0.9999847041486892	4.171643466612536	0.0002011337059000454	10.31305732331587	306.2384838770707	6.785773157640481	0.9998319680306558	67.43555784513627	241.73729972536023	0.876660475157528
3.645873745819398	2.0301003344481607	3.4164279127350827	1.463062679982852e-7	2.3515101768496254	0.9999850047895736	4.171668436527576	0.00019750984328370747	10.31300828151627	306.6009486359423	6.785818970564278	0.9998336659375472	67.4882048888634	241.73971774901673	0.8766487586579518
3.650088628762542	2.0301003344481607	3.416433728428183	1.4214866660400508e-7	2.351513932929007	0.9999852995164867	4.171693039347143	0.00019395171988084868	10.312960108104354	306.96338556576427	6.7858643317814025	0.9998353460430527	67.54082417758596	241.74210983112715	0.8766372957056896
3.6543035117056855	2.0301003344481607	3.41643947565152	1.3810924981243672e-7	2.351517649292674	0.9999855884459296	4.171717280666751	0.00019045813040736054	10.312912788085272	307.32579508331895	6.785909245869095	0.999837008542737	67.59341577442156	241.74447625422934	0.8766260814090046
3.658518394648829	2.0301003344481607	3.416445155285673	1.3418465655982827e-7	2.351521326378281	0.9999858716921022	4.171741165994146	0.00018702789205121445	10.312866306722228	307.6881775988827	6.785953717356562	0.9998386536298806	67.64597974215398	241.74681729771424	0.8766151109667963
3.662733277591973	2.0301003344481607	3.4164507681987617	1.3037162143113998e-7	2.3515249646185006	0.9999861493669495	4.171764700750719	0.0001836598440422685	10.312820649531968	308.050533516334	6.785997750725497	0.9998402814955077	67.69851614323602	241.74913323786092	0.8766043796669497
3.6669481605351173	2.0301003344481607	3.4164563152466494	1.2666697193544657e-7	2.351528564441088	0.9999864215802068	4.171787890272915	0.0001803528472306593	10.312775802280328	308.4128632332574	6.7860413504106605	0.9998418923284164	67.75102503979252	241.7514243478765	0.8765938828846845
3.671163043478261	2.0301003344481607	3.4164617972731226	1.2306762585907767e-7	2.3515321262689333	0.9999866884394422	4.171810739813597	0.00017710578367359243	10.312731750977925	308.77516714104553	6.786084520800332	0.999843486315205	67.80350649362259	241.75369089792744	0.8765836160809398
3.6753779264214046	2.0301003344481607	3.4164672151100777	1.1957058869424657e-7	2.3515356505201046	0.9999869500500997	4.171833254543383	0.00017391755623032682	10.312688481875806	309.1374456249987	6.786127266236818	0.9998450636403013	67.85596056620216	241.75593315517327	0.8765735748008022
3.6795928093645482	2.0301003344481607	3.4164725695777247	1.1617295114101355e-7	2.351539137607932	0.9999872065155433	4.171855439552009	0.0001707870881652192	10.312645981461344	309.49969906442755	6.786169591017047	0.9998466244859893	67.9083873186875	241.75815138380895	0.8765637546719717
3.6838076923076923	2.0301003344481607	3.416477861484748	1.1287188668052184e-7	2.351542587941036	0.9999874579370958	4.171877299849592	0.00016771332275864059	10.31260423645404	309.8619278327464	6.786211499392975	0.9998481690324358	67.96078681191682	241.76034584509125	0.8765541514032361
3.688022575250836	2.0301003344481607	3.416483091628494	1.096646492174178e-7	2.351546001923394	0.99998770441408	4.171898840367942	0.00016469522292558895	10.312563233801523	310.224132297571	6.786252995572111	0.9998496974577181	68.01315910641318	241.76251679737518	0.8765447607829601
3.69223745819398	2.0301003344481607	3.4164882607951474	1.0654857078951181e-7	2.3515493799543905	0.9999879460438591	4.17192006596181	0.00016173177084186332	10.31252296067557	310.5863128208123	6.786294083718014	0.9998512099378492	68.06550426238725	241.76466449614819	0.8765355786776413
3.6964523411371237	2.0301003344481607	3.416493369759895	1.035210593427604e-7	2.351552722428868	0.9999881829218746	4.17194098141012	0.0001588219675776143	10.312483404468159	310.9484697587671	6.786334767950749	0.999852706646804	68.11782233973933	241.76678919406098	0.8765266010304757
3.7006672240802674	2.0301003344481607	3.4164984192871093	1.0057959656966965e-7	2.351556029737186	0.999988415141685	4.171961591417209	0.00015596483273813984	10.312444552787724	311.31060346221204	6.786375052347406	0.9998541877565456	68.17011339806241	241.768891140963	0.8765178238599391
3.704882107023411	2.0301003344481607	3.416503410130505	9.772173580935496e-8	2.351559302265267	0.9999886427950027	4.17198190061401	0.0001531594041117541	10.312406393455326	311.67271427649	6.7864149409425325	0.9998556534370487	68.22237749664427	241.77097058393258	0.8765092432584162
3.709096989966555	2.0301003344481607	3.4165083430332985	9.49451000074639e-8	2.351562540394644	0.9999888659717303	4.172001913559226	0.0001504047373246071	10.312368914500967	312.03480254159854	6.786454437728594	0.9998571038563265	68.27461469446979	241.7730277673074	0.87650085539083
3.713311872909699	2.0301003344481607	3.4165132187283795	9.224737973425426e-8	2.3515657445025187	0.9999890847599978	4.172021634740505	0.0001476999055022798	10.31233210416	312.39686859227663	6.7864935466564535	0.9998585391804535	68.3268250502236	241.7750629327182	0.8764926564933007
3.717526755852843	2.0301003344481607	3.416518037938475	8.962633125917163e-8	2.3515689149618164	0.9999892992461955	4.172041068575573	0.0001450439989380478	10.312295950869522	312.75891275808976	6.78653227163587	0.9998599595735905	68.37900862229277	241.77707631912222	0.8764846428719082
3.7217416387959865	2.0301003344481607	3.4165228013762734	8.707977468033836e-8	2.3515720521412127	0.9999895095150106	4.172060219413343	0.00014243612476764578	10.31226044326492	313.1209353635116	6.786570616535819	0.9998613651980083	68.43116546876824	241.77906816282479	0.8764768109012914
3.72595652173913	2.0301003344481607	3.4165275097446157	8.460559210732277e-8	2.351575156405208	0.9999897156494598	4.1720790915350285	0.0001398754066504189	10.312225570176386	313.48293672800685	6.786608585185068	0.9998627562141107	68.483295647448	241.78103869751968	0.8764691570234966
3.7301714046822743	2.0301003344481607	3.416532163736621	8.220172589573486e-8	2.3515782281141595	0.9999899177309219	4.172097689155227	0.00013736098445671848	10.312191320625587	313.8449171661131	6.786646181372536	0.9998641327804585	68.53539921583902	241.78298815431225	0.8764616777466799
3.734386287625418	2.0301003344481607	3.4165367640358424	7.986617693212974e-8	2.3515812676243364	0.9999901158391717	4.1721160164229785	0.0001348920139614189	10.312157683822328	314.20687698751664	6.786683408847765	0.9998654950537915	68.58747623115964	241.78491676175287	0.8764543696439213
3.738601170568562	2.0301003344481607	3.416541311316417	7.759700296778727e-8	2.351584275287968	0.9999903100524106	4.1721340774228235	0.00013246766654342434	10.312124649161317	314.56881649713415	6.786720271321343	0.9998668431890515	68.63952675034186	241.78682474586458	0.8764472293520322
3.7428160535117057	2.0301003344481607	3.4165458062432	7.539231699998765e-8	2.3515872514532825	0.9999905004472973	4.172151876175821	0.00013008712889104712	10.312092206218932	314.9307359951863	6.786756772465302	0.9998681773394045	68.69155083003345	241.78871233017117	0.8764402535703898
3.7470309364548493	2.0301003344481607	3.416550249471904	7.325028569941134e-8	2.351590196464557	0.9999906870989801	4.172169416640563	0.0001277496027131371	10.31206034475011	315.29263577727306	6.786792915913543	0.9998694976562621	68.74354852660005	241.79057973572523	0.8764334390597541
3.751245819397993	2.0301003344481607	3.4165546416492516	7.116912788234658e-8	2.3515931106621712	0.9999908700811249	4.17218670271419	0.00012545430445583814	10.312029054685286	315.65451613445066	6.786828705262293	0.9998708042893042	68.79551989612791	241.79242718113994	0.8764267826412105
3.755460702341137	2.0301003344481607	3.416558983413091	6.914711302644648e-8	2.3515959943826363	0.999991049465946	4.172203738233334	0.00012320046502486604	10.311998326127293	316.01637735329956	6.786864144070433	0.999872097386499	68.84746499442527	241.79425488261134	0.876420281195001
3.759675585284281	2.0301003344481607	3.4165632753925523	6.718255982875987e-8	2.351598847958658	0.9999912253242335	4.172220526975129	0.00012098732951318285	10.311968149348475	316.37821971600073	6.786899235860004	0.9998733770941248	68.89938387702534	241.79606305395214	0.8764139316594838
3.763890468227425	2.0301003344481607	3.4165675182081547	6.527383480486337e-8	2.351601671719164	0.9999913977253824	4.172237072658116	0.00011881415693397775	10.311938514787691	316.7400435004021	6.7869339841165015	0.9998746435567912	68.95127659918764	241.79785190661215	0.8764077310300448
3.7681053511705684	2.0301003344481607	3.4165717124719532	6.341935092789348e-8	2.3516044659893565	0.9999915667374198	4.172253378943198	0.00011668021995881317	10.311909413047486	317.10184898008936	6.786968392289331	0.9998758969174582	69.0031432159006	241.79962164970942	0.876401676358059
3.772320234113712	2.0301003344481607	3.4165758587876645	6.161756630635631e-8	2.351607231090759	0.999991732427032	4.172269449434564	0.00011458480466087194	10.31188083489127	317.4636364244549	6.78700246379221	0.9998771373174576	69.0549837818837	241.8013724900574	0.8763957647498875
3.776535117056856	2.0301003344481607	3.416579957750778	5.986698289961163e-8	2.351609967341246	0.9999918948595913	4.172285287680561	0.0001125272102631679	10.311852771240524	317.8254060987618	6.7870362020034944	0.9998783648965126	69.10679835158903	241.80310463218666	0.8763899933658271
3.78075	2.0301003344481607	3.4165840099486955	5.816614526993567e-8	2.3516126750550974	0.9999920540991808	4.172300897174612	0.00011050674889163691	10.311825213172112	318.18715826421226	6.787069610266614	0.999879579792757	69.15858697920387	241.80481827837508	0.8763843594191608