2.638516722408027	1.	4.8561545844069585	1.0235059215649961e-7	4.774130008758054	0.9999998705162759	6.193103353453156	0.0004184484572170851	12.775597943668213	366.332528438899	13.779562231289706	0.9999087378825143	87.0085119107034	241.88332764212623	2.901710163323297
2.638516722408027	1.0367892976588629	4.767829105729429	1.602115028841392e-7	4.604622645963988	0.9999997375715395	6.069801163377683	0.0005176130597692041	12.643309482698532	357.05020519971407	13.289204252080143	0.9998851960900057	84.97905026127243	241.85513987690004	2.789965612136091
2.638516722408027	1.0735785953177257	4.684267561908543	2.4469133162937535e-7	4.446717549364879	0.9999994952082067	5.95286938164342	0.000633858510418198	12.516414280484243	348.28436249529335	12.832258447865009	0.999857935870654	83.0587773253529	241.82113962905308	2.6836807237882283
2.638516722408027	1.1103678929765886	4.605058323265105	3.6541933194365877e-7	4.299260812538876	0.9999990735120586	5.841771712053779	0.0007690934018329473	12.394625103023452	339.9903452023066	12.40539947338179	0.9998267793733076	81.23834950813794	241.78091397745195	2.5823166074792683
2.638516722408027	1.1471571906354514	4.529837034499009	5.346043045040323e-7	4.161246630201836	0.9999983699074153	5.736030241225231	0.0009253372351977278	12.27767739327448	332.1283922044803	12.005730737309253	0.9997915819241178	79.50950766074082	241.73412126182785	2.4854157961755137
2.638516722408027	1.1839464882943145	4.458279927252622	7.674850179317476e-7	4.031794276509426	0.9999972394570953	5.6352174403273425	0.0011047250978528191	12.16532775407103	324.6629730762922	11.630717684839622	0.9997522311413782	77.86492298622893	241.6804949013285	2.3925867956123397
2.638516722408027	1.2207357859531773	4.3900982423001444	1.082813304601429e-6	3.910129248467454	0.9999954841881329	5.53894944999867	0.0013095135291346146	12.057352478273325	317.5622289429171	11.278133113750059	0.9997086452363481	76.29806851395428	241.61984490768293	2.3034922289715287
2.638516722408027	1.2575250836120402	4.325033550864398	1.5033666684912538e-6	3.7955677233363576	0.9999928418251651	5.4468804106464095	0.0015420876613244437	11.953546154694319	310.79749876609935	10.94601207044839	0.9996607707007594	74.80311129112644	241.5520574700705	2.2178396091369668
2.638516722408027	1.294314381270903	4.2628538092246355	2.056487070228677e-6	3.687503671939086	0.9999889743807162	5.358697649610728	0.0018049697247077532	11.853720365930352	304.34291605552863	10.632614428210081	0.9996085795612802	73.37482147788488	241.47709297230503	2.135374064019807
2.638516722408027	1.3311036789297659	4.203350014964415	2.774642540902687e-6	3.5853981147195206	0.9999834570809912	5.274117574612314	0.002100829011313111	11.757702485883378	298.17506392557056	10.336393667426126	0.9995520663565238	72.00849532193445	241.39498276795302	2.055872535936074
2.638516722408027	1.3678929765886287	4.1463333596115515	3.6960084161160358e-6	3.488770117246797	0.999975768095814	5.192882152368961	0.002432493400752396	11.665334579250727	292.27267870912436	10.05597069444006	0.9994912449661679	70.69988959615614	241.30582499587373	1.979139108945106
2.638516722408027	1.4046822742474916	4.09163279298598	4.865065268496485e-6	3.397189205862953	0.9999652794951366	5.114755874342355	0.002802962563489741	11.576472401714291	286.6163941520213	9.790111777943384	0.9994261453963367	69.44516555408067	241.20977967440334	1.9050012101717184
2.638516722408027	1.4414715719063544	4.039092930714365	6.333211043108159e-6	3.3102689489638784	0.9999512497785692	5.039523129785518	0.003215422971553018	11.490984497378847	281.1885196529934	9.537709868922493	0.9993568106018974	68.2408408274166	241.1070632716443	1.8333064960821892
2.638516722408027	1.4782608695652173	3.9885722491335884	8.159385458608743e-6	3.2276614997907607	0.9999328182272658	4.966985920730094	0.0036732648638357255	11.408751388754697	275.97284716819695	9.297768715563695	0.9992832934054214	67.08374798148927	240.99794291411968	1.7639202812027919
2.638516722408027	1.5150501672240804	3.9399415219648066	0.000010410705420792757	3.149052936099726	0.9999090012185649	4.896961865124255	0.0041801013323026	11.329664853944738	270.95448232809053	9.069389298399589	0.9992056535545801	65.97099867657522	240.88273036745625	1.6967234005711853
2.638516722408027	1.5518394648829432	3.8930824612744623	0.000013163110998321543	3.074159263251003	0.9998786905320636	4.829282443638828	0.004739789716076836	11.253627285453067	266.11969606558773	8.851758200746556	0.9991239549447276	64.89995256910478	240.76177590024778	1.6316104220914058
2.638516722408027	1.588628762541806	3.8478865317884576	0.000016502022427704624	3.002722972030498	0.999840653568939	4.763791453185328	0.005356455511830539	11.180551125015537	261.4557936645395	8.644137600680905	0.9990382630212177	63.868190236646235	240.63546212512185	1.5684881434901252
2.638516722408027	1.625418060200669	3.8042539129258257	0.00002052300964135948	2.934510062318148	0.9997935353103508	4.700343636306404	0.006034519030135464	11.110358368937394	256.95099863523427	8.445856627591667	0.9989486423663714	62.87348953211667	240.50419789820742	1.507274322506016
2.638516722408027	1.6622073578595318	3.76209258722681	0.000025332476944750943	2.869307459628834	0.9997358617597061	4.638803460595813	0.006778725047068806	11.042980138509606	252.59434923110052	8.256303871884361	0.9988551544686589	61.91380487163167	240.36841234847523	1.447896599509275
2.638516722408027	1.6989966555183946	3.721317537368614	0.000031048366702237665	2.8069207643961707	0.9996660445495558	4.579044026410364	0.007594175716434556	10.978356310081892	248.37560575600523	8.074920873103826	0.9987578556662857	60.98724904135207	240.2285491009193	1.390291579806265
2.638516722408027	1.7357859531772575	3.681850036847955	0.00003780088722212029	2.747172284279424	0.9995823863474943	4.520946084534009	0.00848636701763712	10.916435199222665	244.28516708891902	7.901196441450348	0.9986567952536916	60.09207717515055	240.08506075147744	1.3344040490453102
2.638516722408027	1.7725752508361203	3.6436170217876938	0.00004573327145435558	2.689899308239726	0.9994830866658653	4.4643971482936475	0.009461229013530248	10.857173293016087	240.3139950840335	7.7346616918194	0.9985520137372277	59.226672609702916	239.9384036464075	1.2801862998405222
2.638516722408027	1.8093645484949832	3.6065505332949592	0.00005500257462228293	2.6349525880377587	0.9993662476657375	4.409290687034122	0.010525170175770414	10.800535023850923	236.45354569979142	7.5748856892228895	0.9984435412252873	58.389534368930015	239.78903301420567	1.2275975512817885
2.638516722408027	1.8461538461538463	3.570587221440841	0.00006578052049165634	2.5821949984542565	0.9992298795443569	4.355525389945734	0.01168512599433298	10.746492576943973	232.6957058784932	7.421471620629725	0.9983313959382606	57.57926606736887	239.6373984940001	1.1766034456208865
2.638516722408027	1.882943143812709	3.535667903312065	0.00007825440761903972	2.5315003521678876	0.9990719051048775	4.303004491101396	0.012948612011676897	10.695025722185205	229.0327353472636	7.27405342158951	0.9982155828248139	56.79456605347211	239.4839401006947	1.127175608267375
2.638516722408027	1.919732441471572	3.5017371687568	0.00009262808858981423	2.482752349034689	0.9988901631254922	4.251635148298127	0.014323781295014562	10.646121658534543	225.4572126491142	7.1322927970241095	0.9980960922731251	56.0342186401881	239.32908466402606	1.0792912583910987
2.638516722408027	1.9565217391304348	3.4687430284551692	0.00010912303690969132	2.4358436426544245	0.9986824101704775	4.2013278700080825	0.015819486160793976	10.599774855939994	221.96198484794587	6.995876584728878	0.9979728989089156	55.29708629243721	239.17324277660927	1.0329328579668382
2.638516722408027	1.9933110367892977	3.4366365998271786	0.00012797951778431376	2.390675009705817	0.9984463205170758	4.151995986532731	0.017445343664631928	10.555986875328772	218.540120492679	6.864514417763346	0.99784596047657	54.58210266003043	239.01680628492568	0.9880877870295959
2.638516722408027	2.0301003344481607	3.4053718270803963	0.00014945788040304667	2.347154609686048	0.9981794839093431	4.103555163442321	0.019211803928196377	10.514766141338798	215.18486558416498	6.737936648316567	0.9977152168055528	53.888266360865124	238.86014635780143	0.944748032227951
2.638516722408027	2.0668896321070234	3.3749052324238855	0.00017383999037574313	2.3051973244802726	0.9978794008939609	4.055922957710623	0.021130219739822265	10.47612763473479	211.88960247698918	6.615892501024579	0.9975805888720891	53.214635433387635	238.70361216913972	0.9029098744333988
2.638516722408027	2.1036789297658864	3.3451956961593106	0.0002014308214177904	2.2647241686801194	0.9975434755456539	4.0090184197892444	0.023212914970320398	10.440092461474158	208.64781188274412	6.498148428282743	0.997441977976121	52.5603223898195	238.54753023616547	0.862573559139328
2.638516722408027	2.140468227424749	3.3162042640250498	0.0002325602248959754	2.2256617628177624	0.9971690054549233	3.9627617483999007	0.025473248104186955	10.406687242718128	205.45303844122935	6.384486643977087	0.9972992650664441	51.92448981286908	238.3922044612405	0.8237429306155077
2.638516722408027	2.177257525083612	3.2878939808302325	0.0002675848939506843	2.1879418627249607	0.9967531689338427	3.917074009273485	0.027925665496040173	10.375943254346396	202.29886071438435	6.274703815371598	0.9971523102633026	51.30634644889633	238.2379169344821	0.7864250072484139
2.638516722408027	2.2140468227424748	3.26022975008142	0.0003068905349325076	2.1515009390960924	0.9962930095042434	3.871876934657846	0.030585736705573595	10.347895225554234	199.17886696067063	6.168609895724281	0.9970009526482034	50.705143760005065	238.0849295657983	0.7506294712363086
2.638516722408027	2.250836120401338	3.2331782199699877	0.00035089425195241106	2.116279802053033	0.9957854178765617	3.8270928273448517	0.03347016132360767	10.32257968416141	196.0866386913952	6.066027082627417	0.9968450104157758	50.120172906412456	237.9334866276626	0.7163680409931004
2.638516722408027	2.2876254180602005	3.206707696728137	0.00040004713933381055	2.082223266093038	0.9952271118186783	3.7826446013203654	0.03659673298602161	10.3000327124791	193.01574481607588	5.966788889120143	0.9966842815122067	49.55076213867126	237.78381830233783	0.6836536896566158
2.638516722408027	2.3244147157190636	3.1807880869180107	0.0004548370603718782	2.0492798512565176	0.9946146145648599	3.738456000764902	0.039984241771451795	10.280286954598568	189.9597501555809	5.870739316320663	0.9965185449182744	48.9962745866546	237.63614533636337	0.6524996687926106
2.638516722408027	2.3612040133779266	3.155390870584492	0.0005157915677058918	2.0174015166816184	0.9939442327363416	3.6944520494143362	0.0436522910559466	10.263367698822913	186.91224320728668	5.7777321176602	0.9963475627698513	48.45610643809572	237.49068490589661	0.6229182941233263
2.638516722408027	2.3979933110367893	3.130489107203092	0.0005834808897405589	1.9865434229141605	0.9932120351414917	3.6505597918285004	0.04762099963483684	10.249287856259375	183.86688918640007	5.687630145729162	0.9961710835398533	47.92968550290532	237.34765778130392	0.594919452107582
2.638516722408027	2.4347826086956523	3.106057475729524	0.000658520868777354	1.9566637194114156	0.9924138342842951	3.606709394292729	0.05191055552203409	10.238041681682958	180.81751533110193	5.600304773197659	0.995988846523996	47.41647015891671	237.2072968374106	0.5685087957165545
2.638516722408027	2.471571906354515	3.0820723484583166	0.0007415756916505762	1.927723353618118	0.9915451728969854	3.5628356715916123	0.05654058606653699	10.229597154473934	177.75823587103983	5.515635379154262	0.9958005878641849	46.915948667957096	237.06985687294483	0.5436856191220861
2.638516722408027	2.508361204013378	3.0585118954205157	0.0008333602079077837	1.8996858978210767	0.9906013182444278	3.518880090470994	0.06152931261853623	10.22388707899385	174.68362333336844	5.433508891434064	0.9956060482880061	46.42763883560092	236.93562556348726	0.5204404392428509
2.638516722408027	2.5451505016722407	3.035356211340102	0.0009346415941507019	1.8725173897540204	0.9895772671838838	3.4747932633082876	0.06689247061944162	10.220799198408502	171.5889302011032	5.3538193740549715	0.9954049826164459	45.95108796112034	236.80493516390962	0.4987523715707853
2.638516722408027	2.5819397993311037	3.012587450628364	0.0010462401123896457	1.8461861827242863	0.9884677647998648	3.4305378783504703	0.07264200178036265	10.220165956437263	168.47035944812745	5.276467646876515	0.9951971708718451	45.48587298483301	236.67817429740293	0.4785864696274002
2.638516722408027	2.6187290969899664	2.9901899480158063	0.001169028746727974	1.8206628010259185	0.9872673386257537	3.386091911471884	0.07878456700644988	10.221754972351963	165.32537346688414	5.201360922437269	0.9949824304943801	45.03160069041553	236.55579884144421	0.45989129576800136
2.638516722408027	2.6555183946488294	2.9681502946564415	0.0013039316083784695	1.795919796798834	0.9859703488002892	3.3414518339759227	0.08531998631391069	10.225261749479088	162.15301846735852	5.128412443384494	0.9947606287691322	44.5879077677045	236.43834060723543	0.4425970880124958
2.638516722408027	2.6923076923076925	2.9464573345231186	0.0014519211860632	1.7719316055030405	0.9845710519423307	3.296635393324839	0.09223977753741994	10.230306482191219	158.9542271646702	5.057541104117757	0.9945316941483594	44.15446050240522	236.32641231460602	0.4266149508335135
2.638516722408027	2.729096989966555	2.925102047144084	0.0016140147750015913	1.7486743989141018	0.9830636733470265	3.251683441025698	0.09952602200974311	10.236436867040416	155.73205017160817	4.988671043476334	0.9942956248542303	43.73095385454743	236.22070742723952	0.4118374844551717
2.638516722408027	2.765886287625418	2.904077293388703	0.001791270693919726	1.726125936893094	0.9814424790345248	3.2066602708422294	0.10715080740334817	10.243138363436332	152.49176146942983	4.921731202307572	0.9940524931312129	43.31710973881664	236.12199385619	0.3981411381936965
2.638516722408027	2.802675585284281	2.883377421961358	0.0019847851115058894	1.7042654216967295	0.9797018372918983	3.161652061192331	0.11507646035946659	10.249852296717137	149.2407912299942	4.856654850154702	0.99380244392116	42.91267443641159	236.03110139345108	0.3853903179410442
2.638516722408027	2.839464882943144	2.8629977621630567	0.002195690357493792	1.6830733605480444	0.9778362596842803	3.1167632995952497	0.12325667334926352	10.256000684102112	145.98846268835905	4.793379096978113	0.9935456875744879	42.51741523486881	235.9489038679672	0.37344293676640195
2.638516722408027	2.8762541806020065	2.8429340555512392	0.002425155431683471	1.662531442837683	0.9758404145149424	3.0721114514148313	0.13163846782901	10.261015088619931	142.7455453195609	4.731844415252419	0.9932824873182527	42.13111656647122	235.87629811878836	0.36215676575427364
2.638516722408027	2.9130434782608696	2.8231818957506247	0.0026743890686281	1.6426224372787048	0.9737091107929752	3.0278205068283413	0.14016476452701518	10.264365712484071	139.5236744260826	4.6719942014087374	0.9930131432461412	41.753576039558894	235.8141825782652	0.35139573717045325
2.638516722408027	2.9498327759197323	2.803736245038632	0.00294464527324847	1.6233301118364594	0.9714372563768835	2.9840142703879176	0.14877720924427765	10.265586769114792	136.33471468554131	4.613774401682697	0.9927379752208096	41.384600784185885	235.76343828429893	0.3410353572200073
2.638516722408027	2.9866220735785953	2.7845910783323475	0.0032372308598578483	1.604639176124192	0.9690197982846452	2.940810266651402	0.15741887078694117	10.264295012928706	133.1901527906106	4.557133217182047	0.9924573070819969	41.024004454632404	235.72491448242909	0.3309666029128148
2.638516722408027	3.0234113712374584	2.765739176649491	0.0035535143191751817	1.5865352432139759	0.966451654981288	2.8983149326198983	0.16603649159621237	10.260199841296613	130.10059063524005	4.502020890032154	0.99217145398384	40.671605078763655	235.69941989024386	0.3210980242857407
2.638516722408027	3.060200668896321	2.7471720630560195	0.003894935338572256	1.569004806197222	0.9637276496628847	2.8566204419083006	0.174582099458059	10.25310506263004	127.07538237924857	4.448389561003973	0.9918807138002653	40.32722377426014	235.68771956100315	0.31135612711244587
2.638516722408027	3.096989966555184	2.7288800528893487	0.0042630144624651355	1.552035224530004	0.9608424509894914	2.815803173409248	0.183013931384822	10.242903742392333	124.12242694457251	4.396193181951977	0.9915853626567677	39.990684215692454	235.69053642459946	0.3016843705382439
2.638516722408027	3.1337792642140467	2.710852380233297	0.004659362614240232	1.535614715923794	0.957790524577473	2.77592358852076	0.19129673653739876	10.22956823444368	121.24810143774926	4.3453874643737445	0.9912856540028792	39.66181266091369	235.70855614950315	0.2920412349626702
2.638516722408027	3.17056856187291	2.6930773630799822	0.005085690426945248	1.5197323507825355	0.9545660958236128	2.7370271519013163	0.19940159334134536	10.213137592928787	118.45730539641426	4.295929847349323	0.9909818203155815	39.34043832955133	235.74243392813844	0.28239781145165543
2.638516722408027	3.2073578595317724	2.6755425765924277	0.005543817499586992	1.504378047477507	0.9511631227882255	2.6991459094784984	0.20730539739907008	10.193704227997898	115.75358063525837	4.247779472180628	0.990674076478492	39.026393952577	235.79280200681316	0.2727352803816318
2.638516722408027	3.2441471571906355	2.658235013334302	0.006035681797586842	1.489542567806934	0.947575276950626	2.6623003875495055	0.2149901646057607	10.171401146652146	113.1392739713651	4.200897155550245	0.990362624014023	38.71951635791445	235.8602771102146	0.2630425329582662
2.638516722408027	3.280936454849498	2.641141218322398	0.006563349461448212	1.475217512709406	0.943795929448779	2.6265015591933314	0.22244226417001764	10.146390589138793	110.61571666265115	4.155245356893775	0.9900476555537406	38.419647005319796	235.94546723765026	0.25331408041922937
2.638516722408027	3.317725752508361	2.6242473937890676	0.007129025297436338	1.4613953187149737	0.9398181406380205	2.591752709767991	0.22965166202981946	10.118854434085852	108.18340206557622	4.110788138496566	0.989729359142976	38.126632424313094	236.04897757353615	0.24354831033016378
2.638516722408027	3.3545150501672243	2.607539473259201	0.007735064217382563	1.4480692558070463	0.9356346512083041	2.5580511058403688	0.2366112243405672	10.088986436343255	105.84214999981694	4.067491118587438	0.9894079221508321	37.84032453823184	236.17141544042954	0.2337460918294794
2.638516722408027	3.391304347826087	2.591003167238669	0.008383983885636877	1.435233427419664	0.9312378735252825	2.5253894257693603	0.2433161066923726	10.05698617226325	103.59125179670738	4.025321418622307	0.9890835346840483	37.56058087601682	236.31339433638908	0.223909698523307
2.638516722408027	3.42809364548495	2.5746239840069975	0.00907847882818947	1.4228827732790643	0.9266198822238878	2.4937569459537734	0.2497632379309739	10.023054471246525	101.42959387598623	3.9842476062926266	0.988756392485834	37.28726468341017	236.4755371567336	0.2140420025970376
2.638516722408027	3.4648829431438126	2.558387229232751	0.009821436266383486	1.4110130757642234	0.9217724033530149	2.4631404979429314	0.25595089686214223	9.987390080057	99.35576015959481	3.944239635791272	0.9884266993483639	37.02024494949321	236.6584787219068	0.2041458902357002
2.638516722408027	3.5016722408026757	2.5422779878012327	0.010615953957383094	1.3996209704366016	0.9166868015456302	2.433525222298364	0.26187837418069065	9.950187312445237	97.36811502837234	3.9052687866883042	0.9880946690905811	36.75939636514019	236.8628677327527	0.19422385157150548
2.638516722408027	3.5384615384615383	2.52628109064871	0.01146536035649759	1.3887039613902874	0.9113540647823584	2.4048951489227584	0.26754570921267545	9.911634462620807	95.46486918654787	3.8673076025235287	0.9877605271602746	36.50459922868426	237.08936826306922	0.18427770460100446
2.638516722408027	3.5752508361204014	2.510381068711084	0.012373237463369798	1.3782604421074103	0.9057647863437648	2.377233633313314	0.2729534903103429	9.871912795060808	93.64413098811984	3.830329829973245	0.98742451191768	36.25573931195863	237.33866088350197	0.17430841966494276
2.638516722408027	3.612040133779264	2.4945620954127907	0.013343446776123367	1.3682897225736403	0.8999091435208693	2.3505236757758237	0.27810270813814086	9.831195957951905	91.90394569477878	3.7943103592270733	0.9870868756516255	36.01270769754049	237.61144349468944	0.16431601796148887
2.638516722408027	3.648829431438127	2.4788079184854848	0.01438015885684276	1.3587920635175168	0.8937768725848622	2.3247481472876466	0.28299465206245766	9.789649699544913	90.24232490971775	3.7592251660292093	0.9867478853713006	35.77540059583715	237.90843193313052	0.15429952360250573
2.638516722408027	3.68561872909699	2.4631017813243794	0.015487887111307743	1.3497687187884437	0.8873572394114146	2.2998899421510024	0.2876308410529841	9.747431794291087	88.6572681489798	3.72505125569796	0.9864078234087005	35.54371914876842	238.23036040132837	0.14425695373695757
2.638516722408027	3.722408026755853	2.447426333553543	0.01667152651010754	1.3412219870865651	0.8806390050145199	2.2759320742267866	0.292012981715046	9.704692108490288	87.14677822108688	3.6917666093334565	0.9860669878595386	35.31756922526131	238.5779817644998	0.13418533526978602
2.638516722408027	3.759197324414716	2.431763529960152	0.0179363981331707	1.3331552745112765	0.8736103850678573	2.25285773056132	0.29614294719604944	9.661572753606162	85.70887181251268	3.6593501323504984	0.9857256928843131	35.09686121257302	238.9520677494066	0.1240807398119394
2.638516722408027	3.7959866220735785	2.4160945164459515	0.01928830061355397	1.3255731697151734	0.866259002273342	2.2306502936694637	0.30002277170143427	9.618208289957757	84.34158643300673	3.627781605424055	0.9853842688863431	34.881509806550326	239.35340907619192	0.11393833085004235
2.638516722408027	3.8327759197324416	2.4003995011019756	0.020733569800068217	1.3184815338529061	0.8585718301680814	2.209293341602154	0.3036546562089715	9.574725954815325	83.04298466411515	3.5970416379035117	0.985043062579924	34.67143380326978	239.78281555115063	0.10375241886722325
2.638516722408027	3.869565217391304	2.384657607905335	0.0222791482668428	1.3118876080221713	0.8505351266292818	2.1887706331584704	0.30704098169559696	9.531245897611015	81.81115647533576	3.5671116237331106	0.9847024369591616	34.4665558940342	240.2411161467246	0.0935165214094956
2.638516722408027	3.9063545150501673	2.368846709823104	0.02393266669141487	1.305800141537632	0.8421343549229666	2.1690660841430844	0.310184326807517	9.487881411544462	80.64422022180526	3.5379736999048146	0.9843627711763707	34.26680246537304	240.72915909418379	0.08322342598312266
2.638516722408027	3.94314381270903	2.352943237237182	0.025702539628932094	1.3002295452007673	0.8333540896202455	2.1501637393624553	0.31308748743296916	9.444739155752382	79.54032281123455	3.509610707464139	0.9840244603380175	34.072103405477044	241.24781201429715	0.07286525427814082
2.638516722408027	3.979933110367893	2.336921956509082	0.027598078866653435	1.2951880747885136	0.8241779040370238	2.1320477440446	0.31575349609775494	9.40191936576682	78.49763942187317	3.482006155084613	0.9836879152258582	33.88239191834468	241.79796211126654	0.062433526613266385
2.638516722408027	4.016722408026756	2.320755712096989	0.029629628403227797	1.2906900513640656	0.8145882349870868	2.11470231751705	0.3181856395120432	9.359516052485443	77.51437306419554	3.4551441852221956	0.9833535619510505	33.69760434681059	242.38051645526318	0.051919225744708544
2.638516722408027	4.053511705685619	2.30441512379759	0.03180872623629909	1.2867521268314128	0.8045662194995712	2.098111731251338	0.3203874729655994	9.317617191536332	76.58875420374099	3.42900954285437	0.9830218415494089	33.51768000553423	242.996402378693	0.04131285932170779
2.638516722408027	4.090301003344481	2.2878682282415026	0.034148299667206554	1.2833936055786712	0.7940914966327907	2.0822602927568856	0.322362830605214	9.276304905913902	75.71904059891074	3.4035875467997454	0.982693209526524	33.342561024938114	243.6465680107858	0.03060452034014076
2.638516722408027	4.127090301003345	2.2710800504782735	0.03666290289883087	1.2806368363269127	0.7831419654608941	2.0671323362657454	0.32411583093703417	9.235655645231866	74.90351745382003	3.378864063601941	0.9823681353620352	33.17219220698196	244.33198297407444	0.019783944970269602
2.638516722408027	4.1638795986622075	2.25401208698622	0.03936900854167823	1.2785076927784107	0.7716934874877545	2.0527122206821287	0.325650877179099	9.195740365003276	74.14049794131665	3.3548254839468648	0.9820471019828179	33.006520893539346	245.05363926483523	0.008840567137279765
2.638516722408027	4.20066889632107	2.2366216751979473	0.042285368598431496	1.2770361678753053	0.7597195178086065	2.0389843348706638	0.3269726523447347	9.156624709114551	73.42832411411975	3.3314587015648693	0.9817306052151444	32.84549684799586	245.81255233748442	-0.0022364307709070467
2.638516722408027	4.237458193979933	2.2188612158304832	0.045433466093800716	1.2762571152507924	0.7471906437677636	2.0259331100225135	0.32808610916330777	9.118369198200314	72.7653681921111	3.308751094550613	0.9814191532259264	32.6890721505226	246.6097624104877	-0.01345807169276354
2.638516722408027	4.274247491638796	2.2006772016842064	0.048838086572875396	1.2762111840443282	0.7340740018309135	2.013543038566326	0.3289964551386172	9.081029426022534	72.15003419055228	3.286690509013156	0.98111326596289	32.53720110728665	247.44633600841217	-0.024835542790504435
2.638516722408027	4.311036789297659	2.1820089881191236	0.05252805050984853	1.276946011669184	0.7203325315989187	2.001798698880865	0.32970913320437667	9.044656265280032	71.58075983697283	3.265265244949206	0.980813474602975	32.38984017365805	248.3233677516412	-0.036380160037762475
2.638516722408027	4.3478260869565215	2.1627872128599726	0.056537165375344256	1.2785177666354695	0.7059240082102695	1.9906847849157794	0.33022979855923157	9.009296083578205	71.05601871314653	3.2444640442138435	0.9805203210173619	32.24694789126121	249.24198240201193	-0.048103339033821614
2.638516722408027	4.384615384615385	2.142931730650333	0.060905483268555216	1.2809931756174935	0.6907997672461498	1.980186139733038	0.3305642923502205	8.974990969621054	70.57432255236502	3.2242760804459953	0.9802343572603532	32.10848483850403	250.20333716930605	-0.06001657251998007
2.638516722408027	4.421404682274248	2.1223488621266395	0.06568099279248095	1.2844522350558707	0.6749029935020117	1.970287791940452	0.33071861292425525	8.941778969085789	70.13422362054403	3.2046909507923167	0.9799561450879042	31.974413594016156	251.20862428043057	-0.07213141500102041
2.638516722408027	4.45819397993311	2.1009276492408073	0.07092194326901058	1.2889919145766662	0.6581663755894762	1.960974993993638	0.33069888538465675	8.909694329129279	69.73431711178938	3.1856986692620892	0.9796862555099565	31.84469871223543	252.25907381016475	-0.08445947479547544
2.638516722408027	4.494983277591973	2.0785346302565166	0.07670011600295357	1.2947313387609762	0.6405088117344283	1.952233261387515	0.33051133017741696	8.87876775007254	69.3732434942037	3.167289661538583	0.9794252683789442	31.719306710212322	253.35595676976544	-0.09701241375673346
2.638516722408027	4.531772575250836	2.055006334744056	0.08310556116557329	1.301819246343462	0.621830648285701	1.9440484118351966	0.3301622313941073	8.849026642521856	69.04969074917615	3.149454761068589	0.9791737720149696	31.598206064556706	254.50058844749978	-0.10980195482961783
2.638516722408027	4.568561872909699	2.030138127854131	0.09025369232759302	1.3104450970049282	0.6020065589949305	1.9364066036324572	0.3296579054205427	8.820495388010558	68.76239645638577	3.13218520625148	0.9789323628662381	31.481367217332405	255.69433199334998	-0.12283989753717735
2.638516722408027	4.605351170568562	2.0036669297406617	0.09829635402855803	1.320856299272174	0.5808744497729501	1.929294372522685	0.3290046704874136	8.7931956011793	68.5101496866536	3.1154726385517866	0.9787016452014698	31.36876258961354	256.9386022387116	-0.13613814143646863
2.638516722408027	4.642140468227424	1.9752430549630964	0.10743997689921156	1.3333863140111328	0.5582172744959422	1.9226986665021322	0.3282088175967778	8.767146391539892	68.29179267491595	3.099309101364509	0.9784822308291835	31.26036660135209	258.2348697408465	-0.14970871754127196
2.638516722408027	4.678929765886288	1.9443812871017685	0.11797731440518483	1.3485035175219717	0.533731267877873	1.9166068781324135	0.32727658321109704	8.742364622976107	68.10622225552049	3.083687039469314	0.9782747388370372	31.156155696163882	259.5846650410777	-0.16356382768917838
2.638516722408027	4.7157190635451505	1.910368452150638	0.13034774299595434	1.3669035598316357	0.5069656137021222	1.911006874050575	0.3262141240039665	8.718865169305364	67.95239105132096	3.068599298918	0.9780797953428104	31.05610836961846	260.9895831251649	-0.1777158918295958
2.638516722408027	4.752508361204013	1.872067527249969	0.14526575314004	1.3897051806874272	0.4771939209985118	1.9058870214826606	0.3250274938871799	8.696661164442673	67.82930841640781	3.05403912720832	0.9778980332471509	30.960205199611405	262.45128807386817	-0.1921776032310747
2.638516722408027	4.789297658862877	1.827425433243629	0.16404545202618476	1.4189423337252147	0.44308968744246474	1.9012362116708141	0.3237226234503367	8.675764245955415	67.73604113953397	3.0400001736057543	0.977730091976875	30.86842887740048	263.9715178912776	-0.2069619916497314
2.638516722408027	4.826086956521739	1.7718245071365082	0.18969281431762122	1.4592126215702148	0.4016340136343608	1.8970438802150538	0.32230530187851264	8.656184791060932	67.67171392132066	3.0264764894822545	0.9775766172064104	30.78076423789242	265.55208949790756	-0.22208249456697646
2.638516722408027	4.862876254180602	1.6870624603442734	0.2342472296603123	1.5286972346653434	0.3407740195924512	1.893300024407235	0.32078116135218715	8.637932144385715	67.63550964309434	3.0134625285473264	0.9774382605438751	30.697198287773404	267.1949038747873	-0.23755303669233924
2.638516722408027	4.8996655518394645	1.6027911908432133	0.2845019673173977	1.6027911908480532	0.284501967315045	1.8898858676048091	0.3191901541922144	8.620754031918636	67.61910207869033	3.0008597020753376	0.9773122428055034	30.616875779156565	268.8843482932715	-0.25329351638993597
2.638516722408027	4.936454849498328	1.649650593577008	0.25217510717159775	1.649650593577014	0.252175107171594	1.8892227065349785	0.31674073064745667	8.60593473489484	67.77677539834896	2.991058991670294	0.9771626712231856	30.55855534368844	271.04301560631575	-0.2661012187129884
2.638516722408027	4.973244147157191	1.7633174156797764	0.18887503001634304	1.7633174156797793	0.18887503001634168	1.903889821981291	0.30950198560307524	8.606277340184883	68.92174844835274	2.9964054569300402	0.9769544761651701	30.62239125307375	275.9326480635019	-0.2661012187129884
2.638516722408027	5.010033444816053	1.8153552041101366	0.16422808083613472	1.8153552041101402	0.1642280808361331	1.9201362862784779	0.3020701310345972	8.610213712592067	70.16055652417498	3.0039412568266832	0.9767876394027915	30.704443044263037	281.2980794952951	-0.2661012187129884
2.638516722408027	5.046822742474917	1.851141560798677	0.1488702608567563	1.8511415607986785	0.1488702608567556	1.9365256083341447	0.29489015794633217	8.615344860774782	71.39790475288773	3.0123352032257267	0.9766434695798776	30.79334852746481	286.9033933669681	-0.2661012187129884
2.638516722408027	5.083612040133779	1.8788677236520983	0.13786464368740894	1.8788677236521016	0.13786464368740756	1.952583074847444	0.2880814272024137	8.620840338040981	72.60323932897043	3.021085904060769	0.976514415232373	30.884837563427244	292.65907673167317	-0.2661012187129884
2.638516722408027	5.120401337792642	1.9016273577117477	0.1294095763800771	1.9016273577117482	0.12940957638007697	1.9681100243684215	0.2816725840743334	8.62631895662129	73.76445753810661	3.029935185634562	0.9763961411501353	30.97672182193555	298.5177127230602	-0.2661012187129884
2.638516722408027	5.157190635451505	1.9209657218135927	0.12263160941180437	1.9209657218135952	0.1226316094118033	1.98302694295607	0.27565667273754907	8.631595090322625	74.87730482922167	3.0387373075451483	0.9762858510704582	31.06777525420633	304.4512994378438	-0.2661012187129884
2.638516722408027	5.193979933110368	1.937782287172803	0.11703711539157713	1.937782287172801	0.11703711539157799	1.9973127029246882	0.27001205006464934	8.636581017361861	75.94128892443418	3.0474075908253377	0.9761816379944082	31.15729371337323	310.4424762868302	-0.2661012187129884
2.638516722408027	5.230769230769231	1.952653898044206	0.11231883540550129	1.9526538980442056	0.11231883540550144	2.010975989710661	0.2647116698157631	8.641241061022065	76.95777625809822	3.0558971550637133	0.9760821583084565	31.244878291146843	316.48023312420503	-0.2661012187129884
2.638516722408027	5.2675585284280935	1.9659759639018686	0.10827237069819394	1.9659759639018672	0.10827237069819443	2.0240405697276582	0.2597274380410227	8.64556784189086	77.92902331962527	3.0641789929791865	0.9759864444332664	31.33031593761315	322.55753955166597	-0.2661012187129884
2.638516722408027	5.304347826086956	1.9780329544008253	0.10475497617137436	1.9780329544008244	0.1047549761713747	2.0365373292244646	0.255032251867805	8.649569294769591	78.8576622499222	3.0722397739603013	0.9758937882946667	31.413509273557516	328.6699380110997	-0.2661012187129884
2.638516722408027	5.34113712374582	1.9890371576693684	0.10166318807941095	1.989037157669369	0.10166318807941065	2.0484998786352926	0.2506008930545388	8.653261344788362	79.74642342973216	3.080074815648077	0.9758036651804842	31.494433605992512	334.8146694101588	-0.2661012187129884
2.638516722408027	5.377926421404682	1.9991516016682809	0.09891977423905945	1.9991516016682793	0.09891977423905995	2.0599621206832324	0.24641034427367056	8.656663707349377	80.59798707812912	3.0876849114804346	0.9757156822860307	31.573109871590344	340.9901119101645	-0.2661012187129884
2.638516722408027	5.414715719063545	2.008504404386809	0.09646568560045855	2.0085044043868088	0.09646568560045869	2.070956930740114	0.2424398162865547	8.659797469646737	81.41490686753589	3.0950742894575187	0.97562954307317	31.649587278425958	347.1954120006763	-0.2661012187129884
2.638516722408027	5.451505016722408	2.017198177159593	0.09425486619397695	2.0171981771595937	0.09425486619397666	2.081515477498388	0.2386706359627283	8.662683711092239	82.19957424264715	3.102249280586282	0.9755450221008637	31.723932023413884	353.43023745960414	-0.2661012187129884
2.638516722408027	5.488294314381271	2.0253164201777065	0.09225078213110569	2.025316420177707	0.0922507821311055	2.09166691462409	0.23508607397259543	8.665342738361963	82.95420575971443	3.109217442458895	0.9754619469664974	31.796219899271836	359.6946095045163	-0.2661012187129884
2.638516722408027	5.525083612040134	2.032928008870123	0.09042402872363133	2.0329280088701216	0.09042402872363167	2.1014382864761907	0.2316711533904294	8.667793686795523	83.68084327137706	3.1159869798070994	0.9753801851737456	31.866531433934586	365.98878743018486	-0.2661012187129884
2.638516722408027	5.561872909698996	2.040090424109418	0.08875063788833869	2.0400904241094184	0.08875063788833851	2.1108545551768296	0.22841246024788697	8.67005434023064	84.38136103534288	3.1225663615108505	0.9752996344710836	31.93494870093836	372.3131886114444	-0.2661012187129884
2.638516722408027	5.59866220735786	2.0468521302603677	0.08721085416735602	2.046852130260367	0.08721085416735637	2.1199386937980367	0.2252979661498321	8.672141079967354	85.05747628495253	3.1289640689740694	0.9752202156705055	32.00155324379584	378.6683326686647	-0.2661012187129884
2.638516722408027	5.635451505016722	2.053254359816886	0.08578823247093764	2.053254359816886	0.08578823247093766	2.1287118126896067	0.22231686716731772	8.674068908462411	85.71076124451683	3.135188433065716	0.9751418672610214	32.066424748722945	385.0548023379644	-0.2661012187129884
2.638516722408027	5.672240802675585	2.059332475330205	0.08446896167081308	2.0593324753302045	0.08446896167081328	2.137193299360973	0.21945944009139437	8.675851514468626	86.34265543023405	3.1412475311078767	0.9750645413355119	32.129640222584776	391.4732160065432	-0.2661012187129884
2.638516722408027	5.709030100334449	2.065117024196181	0.08324134987522316	2.065117024196181	0.08324134987522311	2.1454009604558384	0.2167169155292982	8.677501359266198	86.95447759021583	3.1471491246981396	0.9749882004883673	32.19127351263828	397.9242084629907	-0.2661012187129884
2.638516722408027	5.745819397993311	2.0706345663369627	0.0820954274738837	2.070634566336962	0.08209542747388397	2.1533511593139583	0.21408136656737592	8.679029771627073	87.547436943925	3.1529006253015415	0.9749128154372685	32.2513950572359	404.40841747319723	-0.2661012187129884
2.638516722408027	5.782608695652174	2.075908331327884	0.0810226373067642	2.0759083313278843	0.08102263730676414	2.161058945639449	0.2115456114295534	8.680447044127847	88.12264356409104	3.1585090786604413	0.9748383631896472	32.310071791777006	410.9264745103175	-0.2661012187129884
2.638516722408027	5.8193979933110365	2.0809587456460923	0.08001559018990839	2.0809587456460923	0.08001559018990843	2.1685381756314777	0.20910312851118507	8.681762526530642	88.68111785158072	3.1639811618516003	0.9747648256219641	32.36736715789761	417.47899845875554	-0.2661012187129884
2.638516722408027	5.8561872909699	2.0858038597710986	0.07906787009196407	2.085803859771098	0.07906787009196418	2.1758016220350873	0.2067479822442807	8.682984713887613	89.22379911526843	3.169323188718808	0.9746921883740568	32.42334118004078	424.0665914526614	-0.2661012187129884
2.638516722408027	5.892976588628763	2.090459697181772	0.07817387746504438	2.090459697181772	0.07817387746504445	2.182861074214595	0.2044747583838676	8.684121328224867	89.75155330252366	3.174541120715989	0.974620439985492	32.47805058463874	430.68983624738354	-0.2661012187129884
2.638516722408027	5.929765886287625	2.094940541810886	0.07732870220477922	2.0949405418108857	0.07732870220477939	2.18972742871417	0.20227850745905648	8.685179393397867	90.26517994262466	3.179640581102578	0.974549571218897	32.53154894481229	437.3492946905411	-0.2661012187129884
2.638516722408027	5.966555183946488	2.0992591765466315	0.07652801984229483	2.099259176546632	0.07652801984229472	2.196410770955771	0.2001546952868057	8.686165303149998	90.76541837186674	3.184626871064255	0.9744795745285204	32.583886838820675	444.0455069787173	-0.2661012187129884
2.638516722408027	6.003344481605351	2.1034270824568204	0.07576800611472077	2.103427082456821	0.07576800611472063	2.2029204488043135	0.19809915959097432	8.687084882660393	91.25295330973765	3.1895049867757317	0.9744104436421586	32.635112014225236	450.77899147165243	-0.2661012187129884
2.638516722408027	6.040133779264214	2.1074546062460455	0.07504526619497193	2.107454606246046	0.07504526619497182	2.209265138744239	0.1961080719001097	8.687943444002412	91.72841985272373	3.194279636733372	0.9743421732319484	32.68526955233715	457.55024489749394	-0.2661012187129884
2.638516722408027	6.076923076923077	2.111351101829566	0.07435677570390382	2.111351101829565	0.07435677570390416	2.2154529053893133	0.19417790401289386	8.688745835996562	92.19240794780329	3.1989552589054493	0.9742747586551174	32.734402029353014	464.3597428276453	-0.2661012187129884
2.638516722408027	6.11371237458194	2.115125050672505	0.07369983126023488	2.1151250506725052	0.07369983126023483	2.221491255004148	0.19230539842084796	8.689496488958126	92.64546640236604	3.203536037402465	0.9742081957499837	32.782549671866036	471.2079403323758	-0.2661012187129884
2.638516722408027	6.150501672240803	2.1187841645965095	0.07307200880272736	2.1187841645965086	0.07307200880272757	2.2273871836632724	0.19048754216467376	8.69019945482979	93.08810648181883	3.2080259184794495	0.9741424806757373	32.829750505341906	478.0952727524276	-0.2661012187129884
2.638516722408027	6.187290969899665	2.1223354740238296	0.07247112828550581	2.1223354740238296	0.0724711282855058	2.233147220617081	0.1887215436751305	8.690858443163853	93.52080514077737	3.2124286257587773	0.9740776097870025	32.8760404947755	485.0221565394446	-0.2661012187129884
2.638516722408027	6.224080267558528	2.125785404057912	0.07189522362987967	2.1257854040579116	0.07189522362987982	2.2387774673781404	0.18700481221299173	8.691476853385101	93.94400792871743	3.216747674615648	0.9740135795360922	32.92145367717882	491.98899013106126	-0.2661012187129884
2.638516722408027	6.260869565217392	2.1291398403510016	0.07134251703557562	2.129139840351002	0.07134251703557544	2.244283632988097	0.18533493957693137	8.69205780372873	94.35813160634345	3.220986385705644	0.973950386397354	32.96602228584801	498.9961548361663	-0.2661012187129884
2.638516722408027	6.297658862876254	2.1324041863539307	0.07081139692618144	2.1324041863539316	0.07081139692618119	2.249671065875734	0.1837096837944737	8.692604157210166	94.7635665047441	3.225147897638757	0.9738880268091545	33.009776866554304	506.044015712855	-0.2661012187129884
2.638516722408027	6.334448160535117	2.135583413260504	0.07030039893906335	2.1355834132605045	0.07030039893906329	2.254944782671857	0.18212695455051142	8.693118544948204	95.16067865568765	3.229235178821652	0.9738264971299687	33.052746385936715	513.1329224270412	-0.2661012187129884
2.638516722408027	6.37123745819398	2.1386821037315142	0.0698081894775834	2.138682103731514	0.0698081894775834	2.2601094943054223	0.18058480014155354	8.693603387128539	95.5498117180592	3.233251038500288	0.9737657936057372	33.09495833245069	520.2632100834063	-0.2661012187129884
2.638516722408027	6.408026755852843	2.1417044903004174	0.06933355142925096	2.1417044903004174	0.06933355142925098	2.2651696296689967	0.17908139577247606	8.694060911863959	95.93128872252214	3.237198137042	0.9737059123462349	33.136438810275834	527.4352000233953	-0.2661012187129884
2.638516722408027	6.444816053511706	2.1446544892139734	0.06887537172239216	2.144654489213974	0.06887537172239207	2.2701293571090133	0.17761503303702922	8.694493172179286	96.30541365389138	3.241078995499561	0.9736468493086274	33.17721262660582	534.6492005870105	-0.2661012187129884
2.638516722408027	6.481605351170568	2.1475357303396843	0.06843263044960514	2.1475357303396847	0.06843263044960507	2.274992603967155	0.17618411044431476	8.694902061323207	96.67247288841662	3.2448960045012125	0.9735886002867543	33.21730337274846	541.905507836711	-0.2661012187129884
2.638516722408027	6.518394648829432	2.1503515836726144	0.06800439133142648	2.150351583672615	0.0680043913314264	2.2797630743739488	0.17478712487131537	8.695289326587035	97.03273650119542	3.248651432510863	0.9735311609049613	33.25673349945898	549.2044062429082	-0.2661012187129884
2.638516722408027	6.555183946488294	2.153105182891888	0.06758979333054707	2.153105182891888	0.067589793330547	2.284444265472629	0.17342266383701946	8.69565658178935	97.38645945715193	3.252347433501429	0.9734745266155299	33.2955243869134	556.5461693312628	-0.2661012187129884
2.638516722408027	6.591973244147157	2.1557994463494476	0.06718804325711071	2.155799446349447	0.0671880432571108	2.289039482231681	0.17208939850684554	8.696005318568064	97.73388269749843	3.2559860540829084	0.9734186926989341	33.33369640971215	563.9310602926188	-0.2661012187129884
2.638516722408027	6.62876254180602	2.1584370958171926	0.06679840923051361	2.158437095817193	0.06679840923051356	2.2935518509867463	0.17078607734748824	8.696336916605096	98.0752341322345	3.259569240124715	0.9733636542663039	33.37126899728213	571.3593325567854	-0.2661012187129884
2.638516722408027	6.665551839464883	2.1610206732713513	0.06642021488373104	2.1610206732713513	0.0664202148837311	2.2979843318370015	0.16951152036214814	8.69665265289488	98.4107295480501	3.2630988429095398	0.9733094062635936	33.408260690022686	578.8312303316089	-0.2661012187129884
2.638516722408027	6.702341137123746	2.163552555953604	0.0660528342132543	2.1635525559536046	0.06605283421325424	2.3023397300075863	0.16826461384457053	8.696953710155453	98.74057343996441	3.266576624853807	0.9732559434770464	33.444689191518606	586.3469891089795	-0.2661012187129884
2.638516722408027	6.739130434782608	2.1660349699150294	0.06569568699200101	2.1660349699150294	0.06569568699200105	2.3066207062773696	0.16704430559772293	8.697241184469732	99.06495977410307	3.2700042648272536	0.9732032605396265	33.480571417119215	593.906836139427	-0.2661012187129884
2.638516722408027	6.775919732441472	2.168470002221034	0.0653482346744624	2.168470002221033	0.06534823467446264	2.3108297865609195	0.16584960056928683	8.697516092235068	99.38407268822388	3.273383363102137	0.9731513519381548	33.51592353916277	601.5109908770944	-0.2661012187129884
2.638516722408027	6.812709030100335	2.1708596119714194	0.06500997673339337	2.170859611971419	0.06500997673339341	2.3149693707238104	0.16467955686174704	8.697779376490272	99.69808713587207	3.2767154459600345	0.9731002120209324	33.5507610291015	609.1596653967467	-0.2661012187129884
2.638516722408027	6.849498327759197	2.173205640269746	0.06468044737575596	2.173205640269746	0.0646804473757559	2.3190417407024424	0.16353328207964632	8.698031912682174	100.00716947944078	3.280001969982414	0.9730498350056799	33.58509869676585	616.8530647845623	-0.2661012187129884
2.638516722408027	6.88628762541806	2.175509819258592	0.06435921259281129	2.1755098192585924	0.06435921259281112	2.3230490679917755	0.16240992998085904	8.698274513926522	100.31147803683487	3.2832443260488477	0.9730002149876542	33.6189507269848	624.5913875042836	-0.2661012187129884
2.638516722408027	6.923076923076923	2.1777737803228123	0.06404586750526323	2.177773780322812	0.06404586750526331	2.326993420558197	0.16130869740238288	8.698507935812657	100.61116358596854	3.286443843065172	0.9729513459478362	33.65233071376482	632.3748257403573	-0.2661012187129884
2.638516722408027	6.959866220735786	2.179999061549977	0.06374003396955223	2.179999061549977	0.06374003396955222	2.330876769228657	0.16022882143443246	8.698732880795752	100.90636983087612	3.2896017914418514	0.9729032217610939	33.68525169221087	640.203565719493	-0.2661012187129884
2.638516722408027	6.996655518394649	2.182187114526424	0.06344135841576494	2.1821871145264247	0.0634413584157648	2.334700993602241	0.1591695768194287	8.698950002215957	101.19723383284115	3.2927193863414215	0.9728558362042625	33.71772616836028	648.0777880121045	-0.2661012187129884
2.638516722408027	7.033444816053512	2.184339310537839	0.06314950989140844	2.184339310537839	0.06314950989140843	2.33846788752568	0.1581302735550015	8.699159907979677	101.48388640960427	3.29579779071226	0.972809182964078	33.74976614708535	655.9976678149415	-0.2661012187129884
2.638516722408027	7.070234113712375	2.1864569462351717	0.06286417828852203	2.1864569462351713	0.0628641782885221	2.342179164170249	0.15711025468231718	8.699363163934535	101.7664525054072	3.2988381181246322	0.9727632556449318	33.78138315820868	663.9633752162013	-0.2661012187129884
2.638516722408027	7.107023411371237	2.1885412488195675	0.06258507273438446	2.188541248819567	0.0625850727343845	2.3458364607438145	0.15610889424299282	8.69956029696619	102.04505153435747	3.3018414354234995	0.9727180477764068	33.8125882809619	671.9750754442297	-0.2661012187129884
2.638516722408027	7.1438127090301	2.1905933807939464	0.062311920128463705	2.1905933807939464	0.06231192012846373	2.349441342868657	0.155125595389572	8.69975179784269	102.31979769936461	3.304808765211734	0.9726735528205803	33.843392166910725	680.0329291010039	-0.2661012187129884
2.638516722408027	7.1806020066889635	2.192614444323375	0.06204446381034818	2.1926144443233753	0.06204446381034816	2.3529953086526754	0.1541597886360684	8.69993812382902	102.5908002886763	3.3077410881759866	0.9726297641790705	33.87380506145668	688.1370923813631	-0.2661012187129884
2.638516722408027	7.217391304347826	2.1946054852417927	0.06178246234517802	2.194605485241792	0.06178246234517812	2.35649979247905	0.1532109302364267	8.700119701092554	102.85816395185489	3.3106393452666283	0.9725866751998216	33.90383682401818	696.287717278968	-0.2661012187129884
2.638516722408027	7.254180602006689	2.1965674967384725	0.06152568841467962	2.196567496738473	0.06152568841467951	2.3599561685370913	0.15227850067995524	8.700296926917899	103.12198895686141	3.313504439742244	0.9725442791836145	33.93349694698556	704.4849517798772	-0.2661012187129884
2.638516722408027	7.290969899665551	2.1985014227540796	0.06127392780324606	2.1985014227540796	0.06127392780324603	2.36336575411495	0.1513620032938487	8.700470171747964	103.38237142976271	3.316337239088364	0.972502569390309	33.96279457353667	712.7289400445903	-0.2661012187129884
2.638516722408027	7.327759197324415	2.2004081611129602	0.06102697846971199	2.2004081611129602	0.06102697846971199	2.3667298126729497	0.15046096294387093	8.700639781066334	103.63940357843627	3.319138576819307	0.9724615390448077	33.991738514393234	721.0198225793242	-0.2661012187129884
2.638516722408027	7.364548494983278	2.202288566415498	0.06078464969650705	2.2022885664154983	0.06078464969650704	2.370049556714608	0.14957492482512366	8.700806077134528	103.89317390152186	3.321909254171269	0.9724211813427518	34.02033726359095	729.357736397217	-0.2661012187129884
2.638516722408027	7.40133779264214	2.2041434527120236	0.060546761308770264	2.204143452712024	0.060546761308770236	2.373326150471004	0.14870345333556975	8.700969360596773	104.14376738376657	3.324650041694364	0.9723814894559479	34.04859901333253	737.742815170194	-0.2661012187129884
2.638516722408027	7.438127090301004	2.2059735959774147	0.060313142956831794	2.2059735959774147	0.06031314295683172	2.376560712412622	0.14784613102567867	8.701129911963227	104.3912656787954	3.327361680750411	0.9723424565375328	34.07653166798474	746.1751893720418	-0.2661012187129884
2.638516722408027	7.474916387959866	2.2077797364037366	0.06008363345614923	2.207779736403737	0.060083633456149074	2.3797543176016807	0.1470025576181562	8.701287992981937	104.63574728026072	3.3300448849230255	0.9723040757268823	34.10414285727851	754.6549864133234	-0.2661012187129884
2.638516722408027	7.511705685618729	2.2095625805265158	0.05985808017941891	2.2095625805265158	0.059858080179418946	2.382907999896856	0.14617234909226778	8.701443847908866	104.87728768223802	3.3327003413459204	0.9722663401542712	34.13143994876502	763.182330768655	-0.2661012187129884
2.638516722408027	7.548494983277592	2.211322803198682	0.05963633849612985	2.2113228031986822	0.05963633849612982	2.3860227540211807	0.14535513682776716	8.701597704684145	105.11595952965796	3.335328711954886	0.9722292429452928	34.15843005957692	771.7573440968347	-0.2661012187129884
2.638516722408027	7.585284280936455	2.21306104942493	0.059418271255303946	2.21306104942493	0.059418271255303946	2.3890995375031716	0.144550566803862	8.701749776022433	105.35183275950709	3.3379306346685897	0.9721927772250445	34.185120067541064	780.3801453543149	-0.2661012187129884
2.638516722408027	7.622073578595318	2.2147779360679407	0.05920374830761355	2.2147779360679407	0.05920374830761357	2.392139272500173	0.14375829884907868	8.701900260424075	105.5849747334546	3.3405067245027813	0.9721569361220873	34.21151662168367	789.0508509023971	-0.2661012187129884
2.638516722408027	7.65886287625418	2.2164740534369876	0.05899264606341954	2.2164740534369876	0.05899264606341954	2.395142847512471	0.14297800593820292	8.702049343113654	105.8154503625278	3.3430575746224322	0.9721217127721926	34.237626152168986	797.7695746086405	-0.2661012187129884
2.638516722408027	7.695652173913044	2.2181499667682307	0.05878484708365399	2.218149966768231	0.05878484708365386	2.3981111189956543	0.14220937353285185	8.702197196911367	106.04332222438273	3.3455837573355796	0.972087100321876	34.263454879705044	806.5364279427225	-0.2661012187129884
2.638516722408027	7.7324414715719065	2.2198062176054747	0.05858023970072023	2.2198062176054747	0.05858023970072022	2.401044912878531	0.14145209896246577	8.702343983042912	106.26865067370306	3.348085825032919	0.9720530919317355	34.28900882445312	815.3515200672623	-0.2661012187129884
2.638516722408027	7.769230769230769	2.2214433250890253	0.058378717666907935	2.2214433250890253	0.05837871766690793	2.40394502599292	0.14070589084283106	8.702489851892269	106.49149394618627	3.350564311076326	0.9720196807795968	34.31429381446936	824.2149579237773	-0.2661012187129884
2.638516722408027	7.806020066889632	2.2230617871599025	0.058180179828012116	2.223061787159903	0.058180179828012	2.406812227421439	0.1399704685294407	8.702634943702101	106.71190825656589	3.353019730639715	0.9719868600634746	34.33931549370938	833.1268463141826	-0.2661012187129884
2.638516722408027	7.842809364548495	2.224662081685792	0.05798452982009828	2.224662081685792	0.05798452982009833	2.4096472597687644	0.13924556160324786	8.702779389225599	106.92994789106591	3.3554525815051255	0.9719546230043609	34.364079329621724	842.0872879780527	-0.2661012187129884
2.638516722408027	7.879598662207358	2.2262446675147265	0.05779167578751954	2.2262446675147265	0.057791675787519495	2.4124508403615006	0.13853090938654578	8.702923310333567	107.14566529466373	3.35786334481682	0.9719229628488434	34.38859062035552	851.0963836659204	-0.2661012187129884
2.638516722408027	7.916387959866221	2.2278099854618607	0.05760153012048592	2.2278099854618603	0.05760153012048594	2.4152236623813366	0.13782626048690455	8.703066820580016	107.35911115350154	3.360252485796007	0.9718918728715663	34.41285450160553	860.1542322088717	-0.2661012187129884
2.638516722408027	7.953177257525083	2.2293584592343123	0.057414009210624214	2.229358459234313	0.05741400921062407	2.4179663959358977	0.13713137236724304	8.703210025729506	107.57033447276667	3.3626204544185425	0.9718613463775367	34.43687595311619	869.2609305846325	-0.2661012187129884
2.638516722408027	7.989966555183947	2.230890496298614	0.057229033223116656	2.2308904962986142	0.05722903322311657	2.4206796890713003	0.13644601094027667	8.703353024248946	107.77938265033353	3.3649676860578963	0.9718313767042865	34.46065980486511	878.4165739804017	-0.2661012187129884
2.638516722408027	8.02675585284281	2.2324064886948887	0.057046525884128965	2.2324064886948882	0.057046525884129014	2.423364168730151	0.13576995018571195	8.703495907766566	107.98630154643855	3.367294602095418	0.9718019572238961	34.48421074294425	887.6212558525764	-0.2661012187129884
2.638516722408027	8.063545150501673	2.2339068138015863	0.05686641428235217	2.2339068138015863	0.05686641428235213	2.426020441658425	0.1351029717886871	8.703638761500347	108.19113554963906	3.3696016104998328	0.9717730813448846	34.50753331515659	896.8750679835838	-0.2661012187129884
2.638516722408027	8.100334448160535	2.235391835054301	0.05668862868357897	2.235391835054301	0.05668862868357902	2.4286490952645003	0.13444486479806422	8.703781664658278	108.3939276392936	3.371889106377858	0.9717447425139757	34.53063193634514	906.1781005360018	-0.2661012187129884
2.638516722408027	8.137123745819398	2.236861902621831	0.05651310235733959	2.236861902621832	0.05651310235733936	2.431250698433231	0.13379542530329472	8.703924690812247	108.59471944477411	3.3741574724974837	0.9717169342177419	34.55351089346816	915.530442104072	-0.2661012187129884
2.638516722408027	8.173913043478262	2.238317354042507	0.056339771414691674	2.2383173540425076	0.05633977141469162	2.4338258022979318	0.13315445612866267	8.704067908247724	108.79355130161827	3.3764070797856625	0.9716896499841369	34.57617435043677	924.9321797628376	-0.2661012187129884
2.638516722408027	8.210702341137123	2.23975851482346	0.05616857465634671	2.2397585148234604	0.056168574656346615	2.4363749409727347	0.13252176654380943	8.704211380290655	108.99046230480188	3.3786382878017203	0.9716628833839178	34.59862635272651	934.383399114965	-0.2661012187129884
2.638516722408027	8.247491638795987	2.241185699005407	0.055999453430369696	2.2411856990054067	0.05599945343036979	2.438898632247838	0.13189717198950915	8.704355165613471	109.18549035931333	3.380851445188008	0.9716366280319654	34.62087083177665	943.8841843354514	-0.2661012187129884
2.638516722408027	8.284280936454849	2.242599209695182	0.0558323514987727	2.242599209695183	0.055832351498772644	2.4413973782497216	0.13128049381775928	8.704499318521355	109.37867222818234	3.3830468900989223	0.9716108775885046	34.6429116091878	953.4346182142588	-0.2661012187129884
2.638516722408027	8.321070234113712	2.2439993395682643	0.05566721491234978	2.2439993395682643	0.05566721491234976	2.443871666068538	0.13067155904529318	8.70464388922042	109.57004357812221	3.3852249506096683	0.971585625760234	34.66475240072993	963.0347821970834	-0.2661012187129884
2.638516722408027	8.357859531772576	2.2453863713431947	0.055503991893182336	2.2453863713431943	0.0555039918931824	2.4463219683545394	0.13007020011970322	8.70478892406888	109.75963902292217	3.3873859451057617	0.971560866301365	34.68639682017011	972.6847564242906	-0.2661012187129884
2.638516722408027	8.394648829431437	2.2467605782297535	0.05534263272426853	2.2467605782297535	0.05534263272426852	2.44874874388535	0.12947625469741222	8.7049344658124	109.94749216472017	3.3895301826543793	0.9715365930145768	34.70784838292992	982.3846197681477	-0.2661012187129884
2.638516722408027	8.431438127090301	2.248122224352582	0.05518308964578496	2.2481222243525814	0.05518308964578504	2.4511524381057628	0.12888956543278487	8.705080553804722	110.13363563327914	3.3916579633585378	0.9715127997518931	34.72911050958162	992.1344498684487	-0.2661012187129884
2.638516722408027	8.468227424749164	2.249471565151836	0.05502531675751946	2.2494715651518358	0.0550253167575195	2.453533483641676	0.1283099797777162	8.705227224214594	110.31810112338344	3.3937695786950366	0.9714894804154799	34.75018652919147	1001.93432316661	-0.2661012187129884
2.638516722408027	8.505016722408026	2.2508088477623156	0.05486926992705874	2.250808847762315	0.05486926992705877	2.4558923007895768	0.12773734979108695	8.705374510219865	110.5009194304578	3.3958653118370687	0.9714666289583749	34.771079682518476	1011.7843149383552	-0.2661012187129884
2.638516722408027	8.54180602006689	2.252134311372385	0.05471490670334046	2.252134311372385	0.05471490670334049	2.458229297982951	0.12717153195751144	8.705522442189563	110.68212048450971	3.397945437962166	0.971444239385144	34.79179312507482	1021.6844993249681	-0.2661012187129884
2.638516722408027	8.578595317725753	2.253448187564017	0.054562186235207075	2.253448187564017	0.05456218623520706	2.4605448722369525	0.12661238701483937	8.70567104785488	110.86173338249111	3.4000102245464876	0.971422305752477	34.81232993005697	1031.6349493633275	-0.2661012187129884
2.638516722408027	8.615384615384615	2.2547507006350567	0.05441106919463313	2.2547507006350567	0.05441106919463309	2.4628394095724824	0.12605977978991603	8.705820352469706	111.0397864191642	3.4020599316459683	0.9714008221697187	34.83269309115232	1041.6357370146814	-0.2661012187129884
2.638516722408027	8.652173913043478	2.2560420679048208	0.05426151770431667	2.256042067904821	0.05426151770431661	2.4651132854208186	0.12551357904213145	8.705970378961352	111.21630711655253	3.404094812165081	0.9713797827993419	34.85288552522836	1051.686933192253	-0.2661012187129884
2.638516722408027	8.688963210702342	2.2573225000040322	0.05411349526935131	2.2573225000040322	0.05411349526935125	2.46736686500986	0.1249736573143237	8.706121148072231	111.3913222520565	3.4061151121139006	0.9713591818573672	34.87291007491042	1061.7886077877947	-0.2661012187129884
2.638516722408027	8.725752508361204	2.258592201150038	0.053966966712712325	2.258592201150038	0.05396696671271233	2.4696005037329662	0.1244398907906258	8.706272678492974	111.56485788530345	3.408121070853964	0.9713390136137272	34.892769511052954	1071.9408296970475	-0.2661012187129884
2.638516722408027	8.762541806020067	2.259851369408156	0.053821898114318555	2.2598513694081555	0.05382189811431862	2.471814547501302	0.12391215916087805	8.706424986987523	111.73693938379873	3.410112921333568	0.9713192723925813	34.91246653510987	1082.1436668442366	-0.2661012187129884
2.638516722408027	8.799331103678929	2.2611001969400104	0.05367825675343429	2.2611001969400104	0.053678256753434295	2.4740093330806006	0.12339034549124052	8.706578088510819	111.9075914474442	3.412090890313013	0.9712999525725851	34.93200378140879	1092.397186205625	-0.2661012187129884
2.638516722408027	8.836120401337793	2.262338870239581	0.05353601105420924	2.262338870239582	0.053536011054209146	2.476185188413119	0.12287433610067952	8.706731996319439	112.07683813197987	3.414055198580319	0.9712810485871127	34.951383819333984	1102.7014538321894	-0.2661012187129884
2.638516722408027	8.872909698996656	2.2635675703576963	0.05339513053415308	2.2635675703576963	0.05339513053415308	2.4783424329255994	0.1223640204430018	8.70688672207572	112.2447028714087	3.4160060611578316	0.9712625549244382	34.97060915542217	1113.056534871423	-0.2661012187129884
2.638516722408027	8.909698996655518	2.264786473115617	0.05325558575537046	2.2647864731156178	0.05325558575537034	2.4804813778238994	0.12185929099415456	8.707042275945687	112.41120849945194	3.4179436875002356	0.9712444661278765	34.98968223537532	1123.462493588365	-0.2661012187129884
2.638516722408027	8.946488294314381	2.265995749308334	0.053117348278380494	2.265995749308334	0.05311734827838052	2.4826023263750177	0.12136004314450242	8.707198666691214	112.5763772700882	3.4198682816842956	0.9712267767958843	35.00860544599421	1133.9193933858176	-0.2661012187129884
2.638516722408027	8.983277591973245	2.2671955648981874	0.05298039061836617	2.267195564898187	0.052980390618366235	2.4847055741771653	0.12086617509582567	8.707355901756856	112.74023087722301	3.4217800425908744	0.971209481582128	35.027381117037166	1144.4272968238931	-0.2661012187129884
2.638516722408027	9.020066889632107	2.2683860811993046	0.05284468620370739	2.2683860811993046	0.05284468620370736	2.48679140941843	0.12037758776279744	8.707513987351518	112.90279047352954	3.42367916407945	0.9711925751955159	35.04601152300643	1154.9862656388232	-0.2661012187129884
2.638516722408027	9.05685618729097	2.269567455053392	0.05271020933665924	2.269567455053392	0.05271020933665922	2.488860113124642	0.11989418467870519	8.70767292852541	113.06407668850366	3.4255658351555724	0.9711760524001982	35.06449888486615	1165.5963607611332	-0.2661012187129884
2.638516722408027	9.093645484949834	2.270739838997362	0.05257693515604886	2.2707398389973616	0.0525769351560489	2.4909119593969877	0.11941587190520085	8.707832729242522	113.22410964577355	3.427440240131576	0.971159908015536	35.08284537169494	1176.2576423331643	-0.2661012187129884
2.638516722408027	9.130434782608695	2.2719033814232126	0.05244483960187239	2.2719033814232126	0.05244483960187235	2.492947215639823	0.11894255794588031	8.707993392448897	113.38290897969694	3.42930255878087	0.9711441369160434	35.101053102275934	1186.970169726026	-0.2661012187129884
2.638516722408027	9.167224080267559	2.2730582267306136	0.05231389938167885	2.273058226730614	0.05231389938167877	2.4949661427792234	0.11847415366349297	8.70815492013697	113.5404938512843	3.43115296648609	0.9711287340313007	35.11912414662714	1197.7340015559512	-0.2661012187129884
2.638516722408027	9.20401337792642	2.2742045154725608	0.052184091938639654	2.2742045154725608	0.05218409193863971	2.496968995472677	0.11801057220060682	8.708317313406193	113.69688296347815	3.4329916343814135	0.9711136943458423	35.13706052747485	1208.5491957001202	-0.2661012187129884
2.638516722408027	9.240802675585284	2.275342384494478	0.052055395421205776	2.275342384494478	0.052055395421205755	2.4989560223103564	0.11755172890355567	8.70848057252015	113.85209457581962	3.434818729489294	0.9710990128990208	35.154864221672355	1219.4158093119536	-0.2661012187129884
2.638516722408027	9.277591973244148	2.276471967067125	0.051927788654260364	2.276471967067125	0.05192778865426037	2.5009274660083873	0.11709754124950779	8.708644696960459	114.0061465185334	3.4366344148518997	0.9710846847848487	35.172537161566886	1230.3338988359324	-0.2661012187129884
2.638516722408027	9.31438127090301	2.2775933930136203	0.051801251111683974	2.2775933930136194	0.051801251111684016	2.5028835635944704	0.11664792877650379	8.70880968547751	114.15905620605554	3.4384388496574263	0.9710707051518163	35.1900812363163	1241.3035200219006	-0.2661012187129884
2.638516722408027	9.351170568561873	2.2787067888308807	0.0516757628902526	2.2787067888308807	0.051675762890252636	2.5048245465862204	0.11620281301632397	8.708975536138375	114.31084065003252	3.440232189361623	0.9710570692026934	35.20749829315851	1252.3247279389698	-0.2661012187129884
2.638516722408027	9.387959866220736	2.2798122778057803	0.051551304684793686	2.2798122778057803	0.05155130468479369	2.5067506411625584	0.11576211743004523	8.709142246371922	114.46151647181455	3.442014585804619	0.9710437721943078	35.22479013863477	1263.3975769889264	-0.2661012187129884
2.638516722408027	9.424749163879598	2.280909980126309	0.051427857764527414	2.2809099801263093	0.05142785776452738	2.5086620683285195	0.11532576734616069	8.709309813011433	114.61109991446912	3.4437861873234037	0.971030809437309	35.24195853977	1274.5221209192994	-0.2661012187129884
2.638516722408027	9.461538461538462	2.2820000129879316	0.05130540395053652	2.2820000129879316	0.051305403950536566	2.510559044073685	0.11489368990114603	8.709478232334723	114.75960685433205	3.44554713885999	0.9710181762959128	35.25900522521034	1285.698412835951	-0.2661012187129884
2.638516722408027	9.498327759197325	2.2830824906954628	0.05118392559429167	2.2830824906954623	0.05118392559429168	2.5124417795246345	0.11446581398235149	8.709647500102031	114.90705281212226	3.4472975820656084	0.9710058681876325	35.27593188632146	1296.9265052153617	-0.2661012187129884
2.638516722408027	9.535117056856187	2.2841575247606243	0.0510634055571846	2.2841575247606243	0.05106340555718456	2.5143104810916213	0.1140420701731152	8.709817611591767	115.05345296363674	3.4490376554009816	0.970993880582993	35.292740178247875	1308.2064499164885	-0.2661012187129884
2.638516722408027	9.57190635451505	2.2852252239955293	0.05094382719100881	2.2852252239955297	0.05094382719100874	2.516165350609746	0.11362239069999591	8.709988561634177	115.19882215004509	3.450767494232933	0.9709822090052331	35.30943172093582	1319.538298192329	-0.2661012187129884
2.638516722408027	9.608695652173912	2.286285694602271	0.05082517431934145	2.286285694602271	0.05082517431934143	2.5180065854748794	0.11320670938202604	8.710160344643162	115.34317488780187	3.452487230927407	0.9709708490299926	35.32600810012035	1330.9221007010915	-0.2661012187129884
2.638516722408027	9.645484949832776	2.287339040258846	0.05070743121977439	2.2873390402588463	0.05070743121977435	2.519834378774571	0.11279496158189532	8.710332954646276	115.48652537819412	3.45419699493918	0.970959796284991	35.342470868279264	1342.3579075171278	-0.2661012187129884
2.638516722408027	9.68227424749164	2.2883853622015415	0.05059058260695226	2.288385362201541	0.05059058260695227	2.5216489194141554	0.11238708415897572	8.710506385313021	115.62888751653904	3.4558969128982335	0.9709490464496893	35.35882154555382	1353.8457681414657	-0.2661012187129884
2.638516722408027	9.719063545150501	2.289424759303991	0.050474613616376215	2.289424759303991	0.05047461361637618	2.5234503922382587	0.11198301542410906	8.710680629981564	115.7702749010473	3.457587108693091	0.9709385952549482	35.37506162063879	1365.3857315121231	-0.2661012187129884
2.638516722408027	9.755852842809364	2.290457328153031	0.05035950978893123	2.290457328153031	0.050359509788931237	2.525238978147901	0.1115826950960759	8.71085568168387	115.91070084136557	3.459267703551116	0.9709284384826709	35.391192551642106	1376.9778460140883	-0.2661012187129884
2.638516722408027	9.792642140468228	2.291483163121558	0.050245257056099134	2.291483163121558	0.050245257056099106	2.5270148542134385	0.11118606425967036	8.71103153316954	116.050178366816	3.4609388161160077	0.9709185719654386	35.40721576691625	1388.6221594890496	-0.2661012187129884
2.638516722408027	9.82943143812709	2.292502356438455	0.050131841725826985	2.292502356438455	0.050131841725827006	2.5287781937834284	0.110793065325316	8.71120817692818	116.1887202343393	3.462600562522532	0.9709089915861405	35.42313266586172	1400.3187192448777	-0.2661012187129884
2.638516722408027	9.866220735785953	2.29351499825581	0.05001925046900962	2.293514998255809	0.050019250469009735	2.530529166589686	0.11040364199014893	8.71138560521058	116.32633893615997	3.4642530564686354	0.9708996932775905	35.43894461970405	1412.0675720648244	-0.2661012187129884
2.638516722408027	9.903010033444817	2.294521176713455	0.049907470306565144	2.294521176713455	0.0499074703065652	2.5322679388486047	0.11001773920051182	8.711563810048636	116.46304670718006	3.465896409285034	0.9708906730221425	35.45465297224524	1423.8687642165005	-0.2661012187129884
2.638516722408027	9.939799331103679	2.295520978001053	0.0497964885970631	2.2955209780010524	0.04979648859706314	2.5339946733589795	0.10963530311579141	8.711742783274202	116.59885553211805	3.467530730002405	0.9708819268512952	35.470259040590896	1435.7223414606249	-0.2661012187129884
2.638516722408027	9.976588628762542	2.2965144864177565	0.049686293024886675	2.2965144864177565	0.04968629302488663	2.5357095295964176	0.10925628107354747	8.711922516536816	116.73377715239897	3.4691561254162417	0.9708734508452923	35.48576411585356	1447.6283490595283	-0.2661012187129884
2.638516722408027	10.013377926421406	2.297501784429611	0.04957687158889639	2.297501784429611	0.04957687158889636	2.537412663804505	0.10888062155587681	8.71210300132045	116.86782307280855	3.470772700149511	0.9708652411327187	35.50116946383362	1459.5868317854765	-0.2661012187129884
2.638516722408027	10.050167224080267	2.2984829527247572	0.049468212591574766	2.2984829527247572	0.049468212591574814	2.53910422908285	0.10850827415695957	8.712284228959293	117.00100456792019	3.4723805567131367	0.9708572938900879	35.51647632567809	1471.5978339287396	-0.2661012187129884
2.638516722408027	10.08695652173913	2.299458070266577	0.04936030462862455	2.299458070266577	0.04936030462862456	2.5407843754721537	0.10813918955173905	8.712466190652638	117.13333268830436	3.4739797955644853	0.97084960534143	35.53168591851887	1483.6613993055187	-0.2661012187129884
2.638516722408027	10.123745819397993	2.3004272143448277	0.04925313657900293	2.300427214344827	0.049253136579003015	2.5424532500363837	0.10777331946569056	8.712648877478902	117.2648182665284	3.4755705151638216	0.9708421717578711	35.5467994360903	1495.7775712656173	-0.2661012187129884
2.638516722408027	10.160535117056856	2.3013904606248956	0.049146697595366357	2.3013904606248956	0.049146697595366384	2.544110996942217	0.10741061664562981	8.712832280408866	117.39547192295618	3.477152812028923	0.9708349894572124	35.56181804932762	1507.9463926999772	-0.2661012187129884
2.638516722408027	10.19732441471572	2.3023478831952344	0.04904097709490835	2.3023478831952335	0.049040977094908476	2.5457577575358394	0.10705103483152152	8.713016390318147	117.52530407135572	3.4787267807878672	0.9708280548035035	35.57674290694684	1520.167906048029	-0.2661012187129884
2.638516722408027	10.234113712374581	2.30329955461304	0.04893596475057358	2.30329955461304	0.04893596475057359	2.5473936704171773	0.1066945287292481	8.7132011979989	117.65432492431994	3.4802925142300203	0.9708213642066154	35.59157513600587	1532.4421533048132	-0.2661012187129884
2.638516722408027	10.270903010033445	2.304245545948295	0.04883165048262623	2.3042455459482953	0.048831650482626186	2.549018871511719	0.10634105398429759	8.713386694170914	117.78254449851131	3.4818501033554154	0.9708149141218088	35.60631584244918	1544.7691760280125	-0.2661012187129884
2.638516722408027	10.307692307692308	2.3051859268262125	0.04872802445055822	2.305185926826213	0.04872802445055816	2.5506334941399866	0.10599056715633458	8.71357286949202	117.90997261973548	3.4833996374224827	0.9708087010493027	35.62096611163517	1557.149015344788	-0.2661012187129884
2.638516722408027	10.34448160535117	2.3061207654681533	0.04862507704532208	2.3061207654681533	0.04862507704532211	2.55223766908475	0.10564302569461945	8.713759714567903	118.03661892785061	3.4849412039942136	0.9708027215338388	35.63552700884756	1569.5817119584392	-0.2661012187129884
2.638516722408027	10.381270903010034	2.307050128731097	0.04852279888187198	2.307050128731097	0.048522798881872026	2.553831524656082	0.10529838791424247	8.713947219961344	118.1624928815188	3.486474888982865	0.9707969721642473	35.64999957979135	1582.0673061549649	-0.2661012187129884
2.638516722408027	10.418060200668897	2.3079740821457015	0.0484211807919999	2.3079740821457015	0.048421180791999856	2.555415186754317	0.10495661297314063	8.714135376200888	118.28760376280565	3.4880007766931707	0.9707914495730081	35.66438485107341	1594.6058378094124	-0.2661012187129884
2.638516722408027	10.454849498327759	2.3088926899530327	0.04832021381745265	2.308892689953033	0.04832021381745261	2.5569887789310086	0.10461766084986712	8.714324173788988	118.41196068163296	3.4895189498642045	0.9707861504358144	35.678683830668945	1607.1973463921263	-0.2661012187129884
2.638516722408027	10.491638795986622	2.3098060151400346	0.048219889203315776	2.309806015140034	0.0482198892033158	2.558552422448004	0.10428149232207982	8.714513603209776	118.53557258009462	3.4910294897099376	0.9707810714711346	35.692897508374195	1619.841870974893	-0.2661012187129884
2.638516722408027	10.528428093645484	2.3107141194737277	0.04812019839165637	2.3107141194737277	0.04812019839165634	2.5601062363345837	0.1039480689457309	8.714703654936185	118.65844823663191	3.4925324759584258	0.9707762094397728	35.70702685624503	1632.5394502368597	-0.2661012187129884
2.638516722408027	10.565217391304348	2.311617063534273	0.048021133015406996	2.3116170635342725	0.04802113301540702	2.5616503374428925	0.1036173530349185	8.71489431943679	118.78059627008322	3.4940279868898436	0.9707715611444312	35.72107282902316	1645.2901224704144	-0.2661012187129884
2.638516722408027	10.602006688963211	2.312514906746877	0.04792268489248652	2.312514906746877	0.04792268489248653	2.563184840501607	0.10328930764238556	8.715085587182163	118.9020251436062	3.495516099373284	0.9707671234292714	35.73503636454949	1658.093925586902	-0.2661012187129884
2.638516722408027	10.638795986622073	2.3134077074126327	0.04782484602014149	2.313407707412633	0.04782484602014147	2.564709858167967	0.10296389654063491	8.715277448650847	119.02274316847986	3.4969968889024288	0.9707628931794772	35.74891838416561	1670.950897122229	-0.2661012187129884
2.638516722408027	10.675585284280936	2.3142955227383037	0.04772760856950288	2.314295522738304	0.04772760856950288	2.566225501078204	0.10264108420364011	8.715469894334959	119.14275850779035	3.4984704296300806	0.970758867320816	35.76271979310325	1683.8610742423334	-0.2661012187129884
2.638516722408027	10.7123745819398	2.315178408865126	0.04763096488034564	2.315178408865126	0.04763096488034565	2.567731877896442	0.10232083578912927	8.715662914745456	119.26207918000516	3.4999367944016724	0.9707550428192031	35.77644148086278	1696.824493748568	-0.2661012187129884
2.638516722408027	10.749163879598662	2.316056420896642	0.04753490745604375	2.316056420896642	0.04753490745604378	2.5692290953621124	0.1020031171214207	8.715856500417052	119.38071306243859	3.501396054787721	0.9707514166802673	35.790084321580736	1709.8411920829722	-0.2661012187129884
2.638516722408027	10.785953177257525	2.31692961292563	0.047439428958710866	2.3169296129256303	0.047439428958710825	2.5707172583359643	0.10168789467478768	8.716050641912858	119.49866789461535	3.502848281115314	0.9707479859489153	35.80364917438677	1722.9112053334313	-0.2661012187129884
2.638516722408027	10.822742474916389	2.317798038060104	0.04734452220452317	2.317798038060104	0.047344522204523155	2.572196469844634	0.10137513555734023	8.716245329828604	119.61595128152887	3.504293542498563	0.9707447477088988	35.81713688375012	1736.0345692386836	-0.2661012187129884
2.638516722408027	10.85953177257525	2.3186617484485392	0.047250180159207435	2.3186617484485392	0.04725018015920743	2.5736668311239894	0.10106480749539279	8.71644055479679	119.73257069680999	3.5057319068682666	0.9707416990823846	35.830548279816966	1749.2113191933365	-0.2661012187129884
2.638516722408027	10.896321070234114	2.3195207953042147	0.04715639593369735	2.3195207953042147	0.04715639593369739	2.575128441661114	0.10075687881831219	8.716636307490367	119.84853348579678	3.507163441000568	0.9707388372295233	35.84388417873761	1762.4414902526908	-0.2661012187129884
2.638516722408027	10.933110367892976	2.3203752289287976	0.047063162779945204	2.320375228928798	0.047063162779945135	2.57658139923508	0.10045131844382238	8.716832578626255	119.96384686851583	3.5085882105447967	0.9707361593480232	35.85714538298466	1775.725117137496	-0.2661012187129884
2.638516722408027	10.96989966555184	2.32122509873518	0.046970474086882395	2.3212250987351806	0.046970474086882395	2.5780257999565532	0.10014809586374933	8.717029358968656	120.07851794257846	3.5100062800504936	0.9707336626727222	35.87033268166252	1789.0622342386341	-0.2661012187129884
2.638516722408027	11.006688963210703	2.322070453269578	0.046878323376525644	2.322070453269578	0.04687832337652564	2.579461738306219	0.09984718113019314	8.71722663933205	120.1925536859905	3.511417712993618	0.970731344475167	35.883446850808035	1802.4528756216998	-0.2661012187129884
2.638516722408027	11.043478260869565	2.3229113402329307	0.04678670430021998	2.32291134023293	0.04678670430022	2.5808893071721144	0.09954854484211059	8.71742441058406	120.30596095988301	3.5128225718019706	0.9707292020631881	35.89648865368283	1815.8970750314672	-0.2661012187129884
2.638516722408027	11.080267558528428	2.323747806501643	0.04669561063501381	2.3237478065016433	0.046695610635013776	2.5823085978858913	0.0992521581322932	8.717622663648065	120.41874651116437	3.5142209178799106	0.9707272327804831	35.90945884105786	1829.394865896338	-0.2661012187129884
2.638516722408027	11.117056856187292	2.324579898147665	0.04660503628016094	2.324579898147665	0.046605036280160946	2.5837197002580368	0.09895799265472821	8.717821389505643	120.53091697509625	3.515612811632313	0.970725434006199	35.92235815148983	1842.946281332639	-0.2661012187129884
2.638516722408027	11.153846153846153	2.325407660457961	0.046514975253744095	2.325407660457961	0.046514975253744095	2.5851227026121024	0.09866602057232837	8.718020579198821	120.64247887779784	3.5169983124878463	0.9707238031545169	35.935187311590326	1856.551354148879	-0.2661012187129884
2.638516722408027	11.190635451505017	2.3262311379533593	0.0464254216894156	2.326231137953359	0.04642542168941566	2.5865176918179493	0.09837621454501888	8.718220223832141	120.75343863867765	3.518377478921557	0.9707223376742414	35.94794703628735	1870.2101168498946	-0.2661012187129884
2.638516722408027	11.22742474916388	2.3270503744068685	0.0463363698332474	2.327050374406869	0.04633636983324733	2.587904753324113	0.09808854771816511	8.718420314574638	120.86380257280128	3.5197503684768727	0.9707210350483912	35.96063802908043	1883.9226016409884	-0.2661012187129884
2.638516722408027	11.264214046822742	2.3278654128613683	0.04624781404069281	2.327865412861368	0.046247814040692815	2.5892839711891766	0.09780299371133747	8.718620842661512	120.97357689318707	3.521117037786847	0.9707198927937913	35.97326098228779	1897.688840431874	-0.2661012187129884
2.638516722408027	11.301003344481606	2.3286762956468476	0.04615974877364611	2.328676295646847	0.046159748773646155	2.590655428112389	0.09751952660739138	8.718821799395862	121.08276771304587	3.522477542594972	0.9707189084606724	35.9858165772884	1911.5088648407175	-0.2661012187129884
2.638516722408027	11.33779264214047	2.3294830643970474	0.04607216859760578	2.3294830643970474	0.04607216859760576	2.5920192054633233	0.09723812094186242	8.71902317615006	121.19138104795196	3.5238319377752214	0.9707180796322672	35.99830548475595	1925.3827061979148	-0.2661012187129884
2.638516722408027	11.37458193979933	2.330285760065658	0.04598506817892949	2.330285760065658	0.04598506817892946	2.5933753833108035	0.09695875169265723	8.719224964367164	121.29942281795931	3.525180277351646	0.9707174039244134	36.010728364887825	1939.310395549936	-0.2661012187129884
2.638516722408027	11.411371237458194	2.3310844229420282	0.04589844228218157	2.3310844229420287	0.04589844228218155	2.5947240404510286	0.09668139427003508	8.719427155562176	121.40689884965987	3.5265226145174284	0.9707168789851616	36.023085867627884	1953.2919636631214	-0.2661012187129884
2.638516722408027	11.448160535117056	2.3318790926663695	0.045812285767569835	2.3318790926663686	0.045812285767569856	2.596065254434871	0.09640602450687098	8.719629741323034	121.51381487818172	3.527859001653265	0.9707165024943792	36.03537863288244	1967.327441027224	-0.2661012187129884
2.638516722408027	11.48494983277592	2.332669808244595	0.0457265935884617	2.3326698082445954	0.045726593588461685	2.5973991015945637	0.0961326186491844	8.71983271331179	121.62017654914217	3.5291894903454457	0.9707162721633661	36.04760729073217	1981.4168578591643	-0.2661012187129884
2.638516722408027	11.521739130434783	2.3334566080626353	0.04564136078898853	2.3334566080626353	0.04564136078898851	2.598725657069526	0.09586115334693655	8.720036063265338	121.72598942053797	3.5305141314032427	0.9707161857344669	36.05977246163706	1995.5602441064757	-0.2661012187129884
2.638516722408027	11.558528428093645	2.334239529900404	0.04555658250172171	2.3342395299004037	0.04555658250172176	2.6000449948316104	0.0955916056450746	8.720239782996321	121.83125896459406	3.5318329748759263	0.9707162409806896	36.071874756636866	2009.7576294508217	-0.2661012187129884
2.638516722408027	11.595317725752508	2.3350186109453444	0.045472253945426366	2.3350186109453444	0.04547225394542635	2.6013571877096453	0.0953239529748227	8.720443864393822	121.93599056955932	3.533146070069304	0.9707164357053265	36.083914777546305	2024.0090433114437	-0.2661012187129884
2.638516722408027	11.632107023411372	2.3357938878055715	0.04538837042288717	2.3357938878055715	0.04538837042288719	2.6026623074133024	0.09505817314521153	8.720648299423937	122.04018954145465	3.534453465561764	0.9707167677415784	36.09589311714493	2038.314514848494	-0.2661012187129884
2.638516722408027	11.668896321070234	2.3365653965226603	0.045304927318803395	2.3365653965226603	0.04530492731880342	2.6039604245563805	0.09479424433483435	8.72085308013036	122.14386110577746	3.5357552092199374	0.9707172349521839	36.107810359362624	2052.6740729663848	-0.2661012187129884
2.638516722408027	11.705685618729097	2.3373331725840663	0.04522192009774973	2.3373331725840663	0.04522192009774974	2.605251608679458	0.09453214508382607	8.721058198634825	122.2470104091601	3.537051348213888	0.9707178352290476	36.11966707945988	2067.0877463170095	-0.2661012187129884
2.638516722408027	11.74247491638796	2.3380972509351943	0.045139344302202705	2.338097250935194	0.04513934430220272	2.606535928271961	0.09427185428605722	8.721263647137496	122.34964252098621	3.5383419290319438	0.9707185664928779	36.13146384420401	2081.5555633029853	-0.2661012187129884
2.638516722408027	11.779264214046822	2.338857665991128	0.04505719555062833	2.338857665991128	0.045057195550628336	2.6078134507936586	0.09401335118153548	8.721469417917254	122.45176243496424	3.539626997495067	0.9707194266928215	36.14320121204048	2096.07755208075	-0.2661012187129884
2.638516722408027	11.816053511705686	2.3396144516480453	0.04497546953562906	2.3396144516480457	0.044975469535629	2.609084242695621	0.09375661534900787	8.72167550333199	122.55337507066287	3.5409065987709183	0.9707204138061073	36.154879733260344	2110.6537405637223	-0.2661012187129884
2.638516722408027	11.852842809364548	2.340367641294306	0.04489416202214837	2.340367641294306	0.04489416202214837	2.6103483694406187	0.09350162669875932	8.72188189581875	122.6544852750044	3.542180777387484	0.9707215258376902	36.166499950163185	2125.284156425308	-0.2661012187129884
2.638516722408027	11.889632107023411	2.341117267821244	0.044813268845730704	2.341117267821244	0.0448132688457307	2.6116058955230312	0.09324836546559809	8.722088587893913	122.7550978237235	3.543449577246368	0.9707227608198977	36.17806239721622	2139.968827101901	-0.2661012187129884
2.638516722408027	11.926421404682275	2.3418633636336503	0.04473278591083498	2.3418633636336508	0.04473278591083493	2.612856884488219	0.09299681220202649	8.722295572153207	122.85521742278557	3.544713041635747	0.9707241168120844	36.18956760120937	2154.7077797958577	-0.2661012187129884
2.638516722408027	11.963210702341136	2.342605960659994	0.0446527091891983	2.342605960659994	0.04465270918919831	2.614101398951432	0.09274694777158735	8.722502841271764	122.95484870977242	3.545971213242951	0.9707255919002842	36.20101608140646	2169.5010414783624	-0.2661012187129884
2.638516722408027	12.	2.3433450903623503	0.044573034718250484	2.3433450903623507	0.04457303471825047	2.615339500616248	0.09249875334238226	8.722710388004105	123.05399625523233	3.5472241341667705	0.9707271841968707	36.212408349693014	2184.34863889233	-0.2661012187129884