2.6005827759197326	1.	4.856060491375457	1.4799383432536772e-7	4.774053110653291	0.9999998139419045	6.192644764991518	0.0005210623843217769	12.777078847688182	360.9338595588738	13.77850082052496	0.9998919349248425	86.18753002425336	241.86556220326904	2.901988410053794
2.6005827759197326	1.0367892976588629	4.767715717915122	2.3012658107531586e-7	4.604532557884206	0.9999996277081187	6.06924938725154	0.000642807520556393	12.645076606949686	351.777670311109	13.287967357421515	0.9998646794445675	84.1738731709824	241.83233150385865	2.790304429955861
2.6005827759197326	1.0735785953177257	4.684132703989203	3.492786352023845e-7	4.446613390795025	0.9999992923651031	5.952212198196832	0.0007851994725345309	12.518505847087322	343.1294439251977	12.830837054260996	0.9998332578981152	82.2684662029035	241.79251585206455	2.684090853064841
2.6005827759197326	1.1103678929765886	4.604899777702169	5.185282539275628e-7	4.299141769283649	0.9999987155758797	5.840996106016091	0.000950513021505806	12.397082448673475	334.9451041694608	12.403786275612113	0.9997974915526054	80.46204844466422	241.74569520460992	2.5828102138141866
2.6005827759197326	1.1471571906354514	4.529652542456108	7.543556222943031e-7	4.161111948769036	0.9999977635078576	5.73512237243999	0.0011411576920261066	12.280545124150247	327.18539589357397	12.003920136639135	0.9997572385670135	78.74643580273384	241.69153237767767	2.486006585075682
2.6005827759197326	1.1839464882943145	4.458067186373304	1.0772120610101403e-6	4.031643258141613	0.9999962492143459	5.634162605097556	0.0013596848944005377	12.168653919987614	319.81523042863694	11.628705746383163	0.9997123923916775	77.11436754533612	241.62977587199038	2.3932901316398185
2.6005827759197326	1.2207357859531773	4.389854901635576	1.5121263242276182e-6	3.909961244406084	0.9999939200841996	5.53773203264599	0.0016087966664206708	12.061188769052219	312.8031336258391	11.275917494122004	0.9996628793490703	75.55937850322302	241.56026023714858	2.304325260310906
2.6005827759197326	1.2575250836120402	4.324757203190873	2.0893438475157965e-6	3.7953821326226675	0.9999904448489592	5.445483824783955	0.001891356129590571	11.95794812162421	306.1207780431079	10.943591924015973	0.9996086556228927	74.07569187577288	241.4829044230879	2.21882139849714
2.6005827759197326	1.294314381270903	4.262541980922514	2.8449947660868795e-6	3.687299942683289	0.999985400694424	5.357104268489423	0.0022103997827297756	11.858747671082359	299.7425844817189	10.62999029883096	0.9995497038539686	72.65812885377372	241.39770853135948	2.1365257267352926
2.6005827759197326	1.3311036789297659	4.203000153560206	3.821786690237499e-6	3.585175749353698	0.9999782610336658	5.2723086497406175	0.002569151767970582	11.763419181950683	293.64538095131195	10.33356737115179	0.9994860295098569	71.30203205270642	241.30474932846857	2.0572173860691514
2.6005827759197326	1.3678929765886287	4.145942819024146	5.069718589858957e-6	3.4885286818639307	0.9999683844622278	5.190837719441563	0.0029710402604094487	11.671809422518358	287.8081093999232	10.05294519738866	0.9994176571635122	70.00320035262081	241.2041748284733	1.9807028141249035
2.6005827759197326	1.4046822742474916	4.091198816473072	6.6468126925333744e-6	3.396928343373415	0.999955005339964	5.112454645354701	0.0034197161526366942	11.583779200732836	282.21157233102514	9.78689107246105	0.9993446267866257	68.75783320875152	241.09619819929316	1.906811955845683
2.6005827759197326	1.4414715719063544	4.03861263148864	8.619862029997771e-6	3.3099883954997216	0.9999372263372783	5.036942370062603	0.003919074228572184	11.499202499906687	276.83821285037874	9.534298850280214	0.9992669901365924	67.56248286406715	240.98109120086923	1.8353951598000648
2.6005827759197326	1.4782608695652173	3.9880425886107154	0.000011065192166319815	3.2273611035740526	0.9999140131578002	4.964101309461782	0.004473277046847344	11.417965709526618	271.67192282277347	9.294173060772598	0.999184807292945	66.41401318514016	240.85917732485993	1.7663206174980488
2.6005827759197326	1.5150501672240804	3.9393592856145676	0.000014069436699864989	3.148732677869148	0.9998841915160801	4.893747337874618	0.005086781781566336	11.339966945786284	266.6978747338343	9.065615348248187	0.9990981433796957	65.30956407388916	240.73082477525165	1.6994722369397077
2.6005827759197326	1.5518394648829432	3.8924442320702237	0.000017730327343194652	3.0738192773074124	0.9998464463180213	4.82571001518367	0.005764370296496194	11.26511545614176	261.90237359186057	8.847812845840018	0.9990070654942209	64.24652059309119	240.59643940609467	1.6347478664764368
2.6005827759197326	1.588628762541806	3.8471886612859865	0.000022157500744616583	3.0023635670065705	0.9997993228716265	4.759831018931706	0.0065111827559572125	11.193331102029083	257.2727258054384	8.640028172062035	0.9989116398508424	63.22248609305247	240.45645771536277	1.5720578035450343
2.6005827759197326	1.625418060200669	3.8034924900478977	0.00002747332571710495	2.9341317408843115	0.9997412298520649	4.695962750465051	0.007332755099590437	11.124543913738382	252.7971224626059	8.44159079241401	0.998811929137729	62.235258748007794	240.31133998118898	1.511323536694714
2.6005827759197326	1.6622073578595318	3.7612634048844003	0.00003381375617969583	2.868910936501161	0.9996704436615242	4.633967089223245	0.008235060725424381	11.058693711186008	248.4645348392702	8.251889534564448	0.9987079900788072	61.2828110095111	240.1615636172207	1.4524766797836421
2.6005827759197326	1.6989966555183946	3.7204160571130953	0.00004132921688747304	2.8065069821947244	0.9995851137619476	4.573714273430604	0.009224556731439064	10.995729783844354	244.26462029650867	8.070366082379763	0.9985998711876596	60.363271564786984	240.00761681646526	1.39545806512621
2.6005827759197326	1.7357859531772575	3.680871351824036	0.00005018553092097935	2.7467424269829825	0.9994832685172004	4.515081888920255	0.010308235053217195	10.935610622257611	240.18763700351195	7.896509303803102	0.9984876106976039	59.47490945428851	239.84999254710488	1.3402169683243454
2.6005827759197326	1.7725752508361203	3.6425558183480216	0.000060564899912313875	2.6894548121821975	0.9993628210587178	4.457953950783117	0.011493678794408064	10.878303692248421	236.22436615816352	7.729850291760131	0.9983712346510427	58.61612005733906	239.68918295876202	1.286710441935611
2.6005827759197326	1.8093645484949832	3.605401051751401	0.00007266695008382711	2.63449515058339	0.9992215746828433	4.4022200651304795	0.012789123963598142	10.82378524093665	232.36604058229403	7.5699580170111265	0.9982507551315891	57.785412699983304	239.5256742535293	1.2349027383090987
2.6005827759197326	1.8461538461538463	3.5693432165738344	0.00008670985933443075	2.5817265846664106	0.999057227296342	4.347774660626703	0.014203526686057911	10.77204012083381	228.60427875464916	7.416435508061476	0.9981261686243517	56.98139967682917	239.3599420727099	1.1847648040508014
2.6005827759197326	1.882943143812709	3.5343226054506185	0.00010293158277642664	2.5310231999454627	0.9988673744465146	4.294516281725347	0.015746635724179673	10.723061614274581	224.93102352295392	7.268916486583834	0.9979974544931236	56.20278651019156	239.19244744782688	1.1362738297821322
2.6005827759197326	1.919732441471572	3.5002832464943445	0.00012159119621960779	2.4822689733298215	0.9986495105022366	4.242346937874662	0.01742906977822006	10.676851234960099	221.33848491970426	7.127062397848812	0.9978645735682508	55.44836329645607	239.0236333634666	1.0894128391877707
2.6005827759197326	1.9565217391304348	3.4671725544002103	0.00014297037898931687	2.43535683950424	0.9984010275912263	4.191171505510799	0.019262398497334417	10.633418475991858	217.81908670901657	6.9905597848453604	0.9977274668459067	54.716997012241336	238.8539219802604	1.0441703008208059
2.6005827759197326	1.9933110367892977	3.434941021227724	0.0001673750589510891	2.3901878609108764	0.9981192119473891	4.140897182621277	0.021259225340214977	10.592780463958892	214.36541653164684	6.859117962449585	0.9975860543088421	54.0076246724809	238.68371256933258	1.0005397447159854
2.6005827759197326	2.0301003344481607	3.403541943735127	0.0001951372433954403	2.3466704890489165	0.9978012373822985	4.091432999264185	0.023433269293378182	10.55496146581705	210.9701798139075	6.732466954450718	0.997440233890971	53.319247249642146	238.51338021521602	0.9585193634985811
2.6005827759197326	2.0668896321070234	3.3729311850328423	0.00022661705906903092	2.304719906579807	0.997444155670827	4.0426893919376345	0.025799440866374194	10.519992178845857	207.6261579904478	6.610355661691452	0.9972898806241441	52.65092427853191	238.34327535309959	0.9181115743058781
2.6005827759197326	2.1036789297658864	3.343066969201932	0.0002622050224876054	2.264257441197963	0.9970448837392696	3.994577855412192	0.02837390559381444	10.487908713332352	204.32617209288497	6.492550234201333	0.9971348460259881	52.00176908494768	238.1737242183039	0.8793225134235743
2.6005827759197326	2.140468227424749	3.313909708406727	0.00030232455684679456	2.2252100434481212	0.9966001876743733	3.9470106928857973	0.0311741253202805	10.458751152528281	201.0630534128226	6.378832624137335	0.9969749578136116	51.370944589185406	238.00503030110895	0.8421614301318787
2.6005827759197326	2.177257525083612	3.2854218629115586	0.0003474347631749256	2.187509821676306	0.9961066637460093	3.8999008943751656	0.034218863659692365	10.432561545208953	197.829623796399	6.268999299691908	0.9968100200599455	50.75765964728064	237.83747691728652	0.8066399400845632
2.6005827759197326	2.2140468227424748	3.2575678352565154	0.0003980334393392917	2.1510936281165676	0.9955607168699944	3.8531621842528083	0.03752813707888394	10.409381154434822	194.61868919821188	6.162860102954821	0.9966398139475734	50.161165903847916	237.67133102203283	0.772771092173511
2.6005827759197326	2.250836120401338	3.230313900573255	0.0004546603193513983	2.1159026907531073	0.9949585372473505	3.806709291556043	0.041123087050506935	10.389246755704784	191.42305142051183	6.060237237043104	0.9964640993179036	49.58075514013484	237.50684840808398	0.7405681973784604
2.6005827759197326	2.2876254180602005	3.2036281754759726	0.000517900475294034	2.0818822860615582	0.9942960763164966	3.760458510236733	0.04502574191121976	10.372185756031579	188.2355444396286	5.960964369630074	0.9962826172579254	49.01575710864039	237.34428043082366	0.7100433655441797
2.6005827759197326	2.3244147157190636	3.1774806278894747	0.0005883877837490743	2.048981448020646	0.9935690236507422	3.7143286288096995	0.04925863019451532	10.358209905381074	185.04910322342437	5.864885841243553	0.9960950940051959	48.46553784988932	237.1838823830566	0.6812056995508674
2.6005827759197326	2.3612040133779266	3.151843129196205	0.000666808307893922	2.0171527088906194	0.992772787009337	3.668242315980832	0.05384420183400448	10.347307413381928	181.85687414790493	5.771855967254982	0.9959012464710244	47.92949848541411	237.02592358396953	0.6540591106408942
2.6005827759197326	2.3979933110367893	3.1266895476929957	0.0007539033884985211	1.9863518671793576	0.9919024783513251	3.622128044360534	0.058804012470195025	10.339433395186113	178.65237645319846	5.681738422203351	0.9957007896614488	47.407074470489235	236.8706991301985	0.6285997499225398
2.6005827759197326	2.4347826086956523	3.1019958779815844	0.000850472180089104	1.9565377779853268	0.9909529091311462	3.575922609002072	0.06415763329433893	10.334498784568897	175.42972274986656	5.594405693863849	0.9954934461870029	46.89773526691825	236.71854305943017	0.6048131061916636
2.6005827759197326	2.471571906354515	3.0777403941326584	0.0009573733281935834	1.9276721605894804	0.9899185984150386	3.5295742398576953	0.06992126986176345	10.332358200857922	172.1839022168926	5.50973859226416	0.9952789578621525	46.400984356853314	236.56984238177836	0.5826709045883608
2.6005827759197326	2.508361204013378	3.053903805297186	0.0010755254840593988	1.899719417908647	0.9887937970068446	3.4830462068416175	0.07610611371373387	10.332797749090538	168.91112158097744	5.427625795917366	0.9950570990755766	45.916359462394475	236.42505104402014	0.5621280538095433
2.6005827759197326	2.5451505016722407	3.030469381929255	0.001205906424799646	1.8726464624524073	0.9875725295334674	3.436320669875739	0.08271651357231376	10.335524329335842	165.60918549657782	5.347963414583314	0.9948276911599054	45.443432767526296	236.28470244970123	0.5431200190384969
2.6005827759197326	2.5819397993311037	3.0074230114980556	0.0013495507166968403	1.8464225440425799	0.9862486540830946	3.389402347947032	0.08974813452012906	10.340158606375212	162.2778802827971	5.270654546181094	0.994590616453282	44.98181087307445	236.14941876741446	0.5255611122980068
2.6005827759197326	2.6187290969899664	2.984753138712671	0.0015075461340295431	1.821019076039751	0.9848159355726783	3.342321411370152	0.09718635830797445	10.346234119140483	158.91930640328852	5.1956088068420385	0.9943458302514939	44.53113417697419	236.0199150885802	0.5093442405687728
2.6005827759197326	2.6555183946488294	2.962450551803688	0.0016810293903095877	1.796409459271327	0.9832681251109244	3.295134908768171	0.1050052362748797	10.353204800934245	155.53809194559767	5.122741819246672	0.9940933685997914	44.09107539291779	235.89699674219446	0.49434257486453115
2.6005827759197326	2.6923076923076925	2.940507996666898	0.0018711820648737287	1.7725689059912244	0.9815990343584219	3.247926104195949	0.11316730099752842	10.360462202859924	152.14141986062467	5.05197465597485	0.9938333500878493	43.661337025582114	235.78154887458345	0.4804133597022415
2.6005827759197326	2.729096989966555	2.918919633361948	0.0020792277898766865	1.7494742692783867	0.9798025927008185	3.2008013707289664	0.1216244453110486	10.367361967930306	148.73882230327692	4.983233250044166	0.993565970612621	43.241647809630734	235.67451871350568	0.4674036878357554
2.6005827759197326	2.765886287625418	2.8976803866626684	0.0023064316910470454	1.7271038852606737	0.9778728770055016	3.1538847388828213	0.13031989053514714	10.373256972760265	145.34173585005377	4.916447799977665	0.9932914913624785	42.83175835212614	235.57689245635424	0.4551576152170322
2.6005827759197326	2.802675585284281	2.8767852712768054	0.00255410272494812	1.7054374355582411	0.9758041087644087	3.107310709741938	0.13919103615687886	10.377532744003929	141.96286181487534	4.851552206176492	0.9930102216925921	42.43143641957194	235.4896699534024	0.4435236405029233
2.6005827759197326	2.839464882943144	2.856228781100185	0.0028235990228874554	1.6844558351914367	0.9735906200742871	3.0612163349919554	0.1481727886277271	10.379639998485263	138.6154193757798	4.7884835749724	0.9927224996123297	42.04046240495104	235.4138408229218	0.4323614657595077
2.6005827759197326	2.8762541806020065	2.8360044162251294	0.0031163358221187602	1.6641411476064252	0.9712267958872695	3.01573369153185	0.15720087918465836	10.379119800151107	135.3123996916947	4.727181816233218	0.9924286729095563	41.658625459479964	235.350365144091	0.4215471415884988
2.6005827759197326	2.9130434782608696	2.81610438761556	0.0034337952185039713	1.6444765247256514	0.9687070033283329	2.970983701357253	0.1662147268924365	10.375618624586574	132.06592010672745	4.667589343761813	0.992129083431945	41.28572060225355	235.30016063562755	0.4109761059609359
2.6005827759197326	2.9498327759197323	2.7965195005262125	0.003777536896865964	1.6254461672331588	0.9660255189489069	2.927071858845657	0.17515955356850685	10.368892865935505	128.8867449827694	4.609650871033398	0.9918240560032512	40.9215468989734	235.26409673157826	0.4005640935125574
2.6005827759197326	2.9866220735785953	2.7772391867300237	0.004149209151864658	1.6070352992355332	0.9631764622824665	2.8840859852744476	0.183987646556392	10.358804241917067	125.78399787008584	4.553313283091556	0.9915138923008452	40.56590660577172	235.24299470962174	0.3902462661020864
2.6005827759197326	3.0234113712374584	2.7582516393126553	0.004550559794014154	1.589230151852174	0.9601537404379964	2.842095774336346	0.19265882945597493	10.34530867620073	122.76505288456426	4.498525560690859	0.9911988691180864	40.21860505407097	235.23763229949333	0.379975112898439
2.6005827759197326	3.060200668896321	2.7395440019890764	0.00498344682694001	1.5720179515975081	0.9569510050639984	2.801153691461454	0.2011403035779104	10.328441500198585	119.8355696642563	4.4452387340988295	0.9908792399424408	39.87945101548015	235.2487510214244	0.36971769133228444
2.6005827759197326	3.096989966555184	2.7211025728824207	0.005449849008857957	1.5553869109816798	0.9535616206073979	2.7612967397356085	0.20940605990710584	10.308301448680904	116.99962736728695	4.393405848874159	0.9905552386702999	39.54825731099309	235.277064719763	0.35945268537604785
2.6005827759197326	3.1337792642140467	2.702912994784049	0.0059518765502253705	1.5393262201288174	0.9499786415298629	2.7225486595351267	0.2174360494242338	10.285035250302847	114.25991534388176	4.342981931908896	0.9902270844239726	39.224841485683875	235.32326815860196	0.3491676131828398
2.6005827759197326	3.17056856187291	2.684960415753916	0.006491782262838338	1.5238260391997385	0.9461947957958966	2.6849222328936393	0.22521526153333316	10.25882390443492	111.61794636202964	4.29392395136009	0.9898949866945301	38.90902643302517	235.3880449689048	0.338856374183686
2.6005827759197326	3.2073578595317724	2.6672296132503233	0.007071973490045991	1.508877492004106	0.9422024721568117	2.6484214749155535	0.2327328150264592	10.229871145975043	109.0742683355032	4.246190768046988	0.9895591503027081	38.6006409066931	235.47207458708507	0.3285172136530211
2.6005827759197326	3.2441471571906355	2.6497050812085114	0.007695025139401135	1.4944726614845636	0.9379937092099142	2.6130435895171007	0.2399811250625048	10.198394184482412	106.62865973808618	4.199743078384612	0.9892197798937391	38.29951989662511	235.57603807248407	0.3181511076469437
2.6005827759197326	3.280936454849498	2.6323710829922766	0.008363694127041361	1.4806045878619827	0.9335601847047874	2.578780636884105	0.24695517798204364	10.164616553341956	104.28030111259929	4.154543350239066	0.9888770838432916	38.00550487055499	235.7006228425222	0.3077605286507056
2.6005827759197326	3.317725752508361	2.615211674652016	0.009080935538786404	1.4672672702395595	0.9288932039895338	2.5456209060042765	0.25365192401899667	10.128762781156256	102.0279201091946	4.1105557535930926	0.9885312775547505	37.71844389535794	235.84652644209518	0.297348533500562
2.6005827759197326	3.3545150501672243	2.5982107031609725	0.009849920821991476	1.4544556724391995	0.9239836867993249	2.513550012274276	0.260069784562051	10.091054559204979	99.86991062621068	4.067746087930821	0.9881825861858923	37.43819165791254	236.01445949273864	0.2869181114822394
2.6005827759197326	3.391304347826087	2.5813517838344064	0.010674058347023771	1.4421657338255882	0.9188221517862988	2.482551753150361	0.2662082633788846	10.051708090517625	97.8044283530218	4.026081708025862	0.9878312468696719	37.16460940588066	236.2051479672176	0.27647173514535844
2.6005827759197326	3.42809364548495	2.5646182603465504	0.01155701671883728	1.4303943858834416	0.9133986982888398	2.452608759029868	0.27206764809697903	10.010932342790772	95.82946578336265	3.985531449502476	0.9874775105011658	36.897564827054595	236.4193349210423	0.26601106469896113
2.6005827759197326	3.4648829431438126	2.547993149874628	0.012502751278476842	1.4191395753622458	0.9077029848583864	2.4237029757057256	0.27764878762905343	9.968927973093711	93.9429099430243	3.946065555220616	0.9871216431592764	36.63693188314191	236.65778179282688	0.2555367660923025
2.6005827759197326	3.5016722408026757	2.5314590750356976	0.013515534313050267	1.4084002948958716	0.901724204019341	2.3958160113288653	0.2829529320046568	9.92588673796145	92.1425859177326	3.907655603254542	0.9867639272232542	36.3825906108882	236.92126936556085	0.2450484115636964
2.6005827759197326	3.5384615384615383	2.514998183488299	0.01459998959348781	1.3981766221461303	0.8954510526438355	2.368929376401125	0.28798162248753806	9.881991243581652	90.4262889465431	3.8702744370076885	0.9864046622338819	36.134426900710984	237.2105984633941	0.23454443891315865
2.6005827759197326	3.5752508361204014	2.498592055352376	0.015761131986442925	1.3884697687142347	0.8888716971843129	2.3430246407961866	0.29273662147926865	9.837414925634274	88.79180746798798	3.833896097832714	0.9860441655391917	35.8923322607058	237.5265904442944	0.22402215184730795
2.6005827759197326	3.612040133779264	2.482221597941258	0.017004413045962848	1.3792821403198718	0.8819737328245003	2.3180835276234415	0.29721987329217714	9.792322176773867	87.23693912940192	3.7984957604003604	0.9856827727558278	35.656203572039956	237.8700875381863	0.2134777485284615
2.6005827759197326	3.648829431438127	2.465866926669798	0.01833577369034574	1.370617410074911	0.8747441353803347	2.294087960099874	0.3014334883036355	9.746868562329313	85.75950142402336	3.764049670974097	0.9853208380699655	35.425942840332496	238.24195307249798	0.20290636910684556
2.6005827759197326	3.68561872909699	2.449507230367513	0.019761705321187154	1.3624806070937407	0.8671692044991816	2.271020074515666	0.30537974424046854	9.70120108239656	84.35733831738445	3.730535088691463	0.9849587343961532	35.20145694657606	238.6430716220338	0.19230215572787013
2.6005827759197326	3.722408026755853	2.433120618543919	0.02128932106027299	1.3548782232070784	0.8592344963557046	2.2488622098311595	0.30906109938875537	9.655458452007498	83.02832396606343	3.6979302299183447	0.9845968534084059	34.982657400410844	239.0743491170727	0.18165832047686226
2.6005827759197326	3.759197324414716	2.4166839473780986	0.022926439186488196	1.3478183412122957	0.8509247436074331	2.227596882352829	0.31248021340349025	9.609771381285606	81.77036441483281	3.6662142157232713	0.9842356054551953	34.7694600980517	239.53671294216784	0.1709672181185617
2.6005827759197326	3.7959866220735785	2.4001726202788904	0.024681681377746387	1.3413107889441975	0.8422237598255881	2.207206752220744	0.31563997213501344	9.564262845126771	80.58139797711367	3.6353670225083765	0.9838754193684226	34.56178508682898	240.0311120576518	0.16022042144665252
2.6005827759197326	3.8327759197324416	2.3835603577149325	0.026564589041421678	1.3353673245464914	0.8331143249193312	2.1876745870243632	0.318543513524546	9.519048337525579	79.45939485273269	3.6053694358280177	0.9835167421757964	34.359556338082655	240.55851717598196	0.14940879768963314
2.6005827759197326	3.869565217391304	2.366818929551258	0.028585761905838333	1.3300018597509955	0.8235780471703017	2.168983226679557	0.3211942521767793	9.474236109637381	78.40235641071469	3.5762030074213076	0.9831600387260709	34.16270153000156	241.11992102534248	0.13852258481278434
2.6005827759197326	3.9063545150501673	2.3499178412241837	0.030757024222707298	1.3252307298495627	0.8135951963123502	2.151115552696854	0.3235959007133842	9.429927393365052	77.40831445879972	3.5478500154785575	0.9828057912370941	33.97115184189001	241.71633873306658	0.12755146678046841
2.6005827759197326	3.94314381270903	2.332823962560839	0.03309162550722239	1.3210730215455395	0.8031445005178371	2.1340544641091053	0.32575248646253097	9.38621661395255	76.4753307318646	3.520293428151976	0.9824544987773872	33.78484176124267	242.34880836116972	0.11648464695347205
2.6005827759197326	3.979933110367893	2.315501084649339	0.035604484880398246	1.3175509732482003	0.7922028980252438	2.117782861579846	0.3276683624544206	9.343191595968122	75.60149675582782	3.493516870307216	0.9821066766928429	33.60370890489608	243.0183916254286	0.10531091883498479
2.6005827759197326	4.016722408026756	2.2979093855181496	0.038312491015403814	1.3146904669944421	0.7807452312242612	2.1022836405642993	0.329348212075226	9.300933767340984	74.78493417998108	3.4675045934941378	0.9817628559909093	33.42769385538582	243.72617482789943	0.09401873337953542
2.6005827759197326	4.053511705685619	2.2800047789340203	0.04123487378342153	1.3125216376000362	0.7687438669459147	2.087539693834288	0.33079704708115176	9.259518365924546	74.02379561775922	3.442241449092762	0.9814235826952081	33.256740013464814	244.47327003046396	0.08259626206560748
2.6005827759197326	4.090301003344481	2.261738111533038	0.0443936694907348	1.3110796337009	0.7561682209393625	2.073533923201267	0.3320201989880923	9.219014652521928	73.31626599276053	3.4177128645650594	0.981089417183781	33.09079346752867	245.26081649404287	0.07103145492453307
2.6005827759197326	4.127090301003345	2.2430541604482874	0.04781430994779939	1.3104055783536483	0.7429841562018206	2.0602492598778026	0.333023304125868	9.17948613353933	72.66056435278746	3.393904822715667	0.9807609335240063	32.92980288045074	246.08998240452217	0.059312092725249614
2.6005827759197326	4.1638795986622075	2.2238903645066324	0.0515263778683117	1.3105477959078875	0.7291532126064404	2.0476686926058205	0.33381228287543896	9.140990795526267	72.05494608914016	3.370803843836904	0.9804387188166418	32.773719394060954	246.9619669024565	0.047425832545311554
2.6005827759197326	4.20066889632107	2.2041751935413485	0.05556458947521222	1.3115634003358196	0.714631606929573	2.0357753024491094	0.33439331378922427	9.103581352905048	71.49770548079837	3.3483969705862626	0.9801233725604035	32.622496551215534	247.87800242930203	0.03536024601386053
2.6005827759197326	4.237458193979933	2.1838260167198884	0.0599700934068741	1.3135203837956089	0.6993689141962768	2.0245523029956	0.33477280342686705	9.067305509256691	70.98717847280341	3.32667175542026	0.979815506047024	32.47609023511485	248.83935739861067	0.023102849590906877
2.6005827759197326	4.274247491638796	2.162746262190279	0.06479221950368948	1.3165004127404591	0.6833062968063696	2.013983084636159	0.3349573528220328	9.032206231672586	70.52174559422376	3.305616250387304	0.9795157417948978	32.3344586252414	249.84733919636508	0.010641126345079141
2.6005827759197326	4.311036789297659	2.140821549225365	0.07009088334584575	1.3206026499469585	0.6663740756385892	2.0040512615752593	0.33495372153204916	8.99832203694461	70.09983492271854	3.285218999065857	0.9792247130272707	32.197562169023996	250.9032975107053	-0.0020374611983887277
2.6005827759197326	4.3478260869565215	2.1179142876566703	0.07593997402301453	1.3259491071583194	0.6484883157408077	1.994740720274494	0.3347687902162256	8.965687287776031	69.71992500877928	3.2654690304225826	0.9789430631985773	32.065363568094334	252.00862798778772	-0.014945467452514549
2.6005827759197326	4.384615384615385	2.093855913929635	0.08243226556832393	1.3326923584303656	0.6295458862771707	1.9860356681233942	0.3344095226459165	8.934332496766983	69.38054768227501	3.246355854358777	0.9786714455700251	31.93782777779598	253.1647762075131	-0.028095469607893563
2.6005827759197326	4.421404682274248	2.068435337348759	0.08968678336993362	1.341027039960628	0.609417063530497	1.9779206812608559	0.3338829279773131	8.9042846356609	69.08029067579874	3.2278694587121506	0.9784105228329897	31.814922018439454	254.37324197047346	-0.041500083016238004
2.6005827759197326	4.45819397993311	2.041381016460042	0.09786031577430933	1.3512077157272573	0.5879339868602569	1.9703807506243276	0.3331960240236783	8.875567447224235	68.81780001260145	3.210000307484137	0.978160966776272	31.69661579666844	255.6355838856218	-0.0551719861333147
2.6005827759197326	4.494983277591973	2.0123316938587132	0.10716633849633204	1.3635780798437778	0.5648717001128943	1.963401325471242	0.3323558021551026	8.848201757153786	68.59178212066257	3.192739340069905	0.9779234579908441	31.582880935213023	256.9534242468764	-0.06912395497340323
2.6005827759197326	4.531772575250836	1.9807854197454295	0.11790818864912495	1.378621864412721	0.539914941776661	1.9569683537887275	0.3313691943377532	8.822205783542953	68.40100564796512	3.1760779712782345	0.9776986856034405	31.473691609251958	258.32845418605234	-0.0833689069904173
2.6005827759197326	4.568561872909699	1.946002905379639	0.13054233295194986	1.3970594107384633	0.5125948394168874	1.9510683191751022	0.3302430427073333	8.79759544166545	68.24430296671505	3.1600080919402527	0.9774873470282379	31.36902438758087	259.7624390890341	-0.09791995429146824
2.6005827759197326	4.605351170568562	1.9068016200962152	0.1458139075152774	1.4200534891313128	0.4821533310738732	1.9456882739333392	0.3289840719582622	8.774384642128481	68.12057136563055	3.144522069918666	0.9772901477239523	31.268858276780293	261.2572242618206	-0.11279046610952059
2.6005827759197326	4.642140468227424	1.8610341449464645	0.16510190481239023	1.449730853013228	0.44719793808011954	1.940815868258171	0.32759886472497085	8.752585580782883	68.02877393925725	3.129612751341921	0.9771078009419505	31.17317476659204	262.81474083290334	-0.12799414051134395
2.6005827759197326	4.678929765886288	1.8038136076592417	0.19159945480990861	1.4909567012529488	0.4045214423751052	1.93643937552136	0.3260938400375396	8.732209019135253	67.96794019138841	3.1152734618991507	0.9769410274494233	31.081957874730588	264.4370118781072	-0.1435450853967221
2.6005827759197326	4.7157190635451505	1.7149811333641816	0.23869689281339002	1.5638671127390888	0.3407187757960389	1.9325477137626155	0.3244752348524288	8.713264554368148	67.9371663760719	3.1014980080415224	0.9767905552102737	30.995194189377024	266.1261587534675	-0.15945790895289283
2.6005827759197326	4.752508361204013	1.6342011300340804	0.28698593385126775	1.6342011300356893	0.28698593385034776	1.9289961770488082	0.32279107105524874	8.69544370844742	67.92639557068351	3.0881629557102963	0.9766529644245064	30.911830231753296	267.862984669621	-0.17563874869182347
2.6005827759197326	4.789297658862877	1.6693469839346724	0.2616087509622845	1.6693469839346415	0.26160875096230374	1.9276034225399328	0.32044954998000796	8.67951747393226	68.05024181297996	3.0770987010656428	0.9764953208372558	30.8458239633002	269.9597707301436	-0.1894716918802173
2.6005827759197326	4.826086956521739	1.7903259743953062	0.1929741737863101	1.79032597439531	0.1929741737863081	1.9425388050362495	0.3130368985977577	8.679559306029448	69.21842962759914	3.082396794740949	0.9762630508264908	30.90905131723586	274.9061552370316	-0.1894716918802173
2.6005827759197326	4.862876254180602	1.8442364222514969	0.16713783858284115	1.8442364222514993	0.16713783858283995	1.959224686772347	0.3053973701226999	8.683550550629999	70.49015448064424	3.0901220900048973	0.9760758987466313	30.992133811580615	280.3599232934889	-0.1894716918802173
2.6005827759197326	4.8996655518394645	1.8809758574406803	0.15122186362884224	1.8809758574406814	0.15122186362884174	1.9760720224281751	0.2980197538500386	8.688819605767778	71.76065397691342	3.0987771820826167	0.9759131028681031	31.082519522222572	286.0641122799198	-0.1894716918802173
2.6005827759197326	4.936454849498328	1.9093132033276223	0.13988433775238804	1.909313203327621	0.13988433775238854	1.9925705659854047	0.2910310403295552	8.694467896358702	72.9973350263325	3.107813296422598	0.9757664887338857	31.175618188279778	291.92386977706127	-0.1894716918802173
2.6005827759197326	4.973244147157191	1.9325104891059766	0.13120807602089524	1.9325104891059786	0.13120807602089438	2.0085108645531227	0.28446039501608866	8.700090217029206	74.18757832652223	3.1169519332430355	0.9756314116720396	31.26911116708174	297.88964845354405	-0.1894716918802173
2.6005827759197326	5.010033444816053	1.9521834768848725	0.12427221925301055	1.9521834768848707	0.12427221925301132	2.0238111324619457	0.2782993550795478	8.705492587803747	75.32711212917839	3.1260376786524033	0.975504893515306	31.361714257523335	303.9324887655991	-0.1894716918802173
2.6005827759197326	5.046822742474917	1.9692675004976328	0.1185595850857427	1.9692675004976323	0.11855958508574305	2.0384512618602444	0.27252427760503817	8.710585342874456	76.41560395754718	3.134981223868829	0.9753849111886835	31.452698095107184	310.03459452731494	-0.1894716918802173
2.6005827759197326	5.083612040133779	1.9843599835923236	0.1137497464302975	1.9843599835923251	0.113749746430297	2.052442179009546	0.26710615278800387	8.715333546815291	77.45463375439161	3.1437316437017655	0.9752700431058436	31.541654718609017	316.1847717367618	-0.1894716918802173
2.6005827759197326	5.120401337792642	1.9978691448953914	0.10963032968631302	1.9978691448953931	0.1096303296863124	2.0658102276881407	0.26201513241579083	8.719731608730237	78.44667536290521	3.1522612578506504	0.9751592672796718	31.62837014377556	322.37593102013926	-0.1894716918802173
2.6005827759197326	5.157190635451505	2.010087904948689	0.106053471412804	2.010087904948688	0.10605347141280425	2.0785888275062083	0.25722260630730864	8.723789555698021	79.39456261587932	3.1605567959224525	0.9750518364650662	31.712750078639917	328.60361735963437	-0.1894716918802173
2.6005827759197326	5.193979933110368	2.0212343767307326	0.1029122741333575	2.0212343767307317	0.10291227413335798	2.090813924586342	0.25270208287463863	8.72752537519479	80.3012055521228	3.168614020089717	0.9749471969680948	31.794774787371733	334.86510305854694	-0.1894716918802173
2.6005827759197326	5.230769230769231	2.0314757426852816	0.100127119791546	2.031475742685281	0.10012711979154613	2.1025215102067385	0.24842947600334087	8.730960675228664	81.16944132383632	3.176434357796773	0.9748449340068527	31.874470889982515	341.15880950687045	-0.1894716918802173
2.6005827759197326	5.2675585284280935	2.040943166782911	0.09763725333645987	2.0409431667829097	0.09763725333646023	2.1137462989314835	0.24438310020705095	8.73411821853862	82.00195944431456	3.184022750704085	0.9747447339975871	31.951893399393004	347.4839294515257	-0.1894716918802173
2.6005827759197326	5.304347826086956	2.0497415451742014	0.09539536934554506	2.049741545174201	0.09539536934554518	2.124521067175175	0.2405435292176338	8.737020539038037	82.80126853429897	3.1913862614141193	0.9746463580004334	32.027114128103	353.840175548014	-0.1894716918802173
2.6005827759197326	5.34113712374582	2.057956125292426	0.09336399998253363	2.0579561252924257	0.0933639999825337	2.134876369919633	0.2368933984247184	8.739689192015735	83.56968619893398	3.1985331630172427	0.9745496227145231	32.10021414614771	360.2276104700964	-0.1894716918802173
2.6005827759197326	5.377926421404682	2.0656571410543743	0.09151303003126862	2.0656571410543743	0.09151303003126866	2.1448404725962744	0.2334171925031541	8.742144377902665	84.30934157271496	3.2054723417150592	0.9744543866861393	32.17127886047532	366.64653077355325	-0.1894716918802173
2.6005827759197326	5.414715719063545	2.072903144933989	0.08981794246011682	2.0729031449339894	0.08981794246011669	2.154439402727448	0.23010103882049102	8.744404785917977	85.02218450891851	3.2122129052937836	0.9743605401787458	32.24039481356434	373.09738679007097	-0.1894716918802173
2.6005827759197326	5.451505016722408	2.0797434574297347	0.08825855189141027	2.0797434574297347	0.08825855189141027	2.1636970650612053	0.2269325161388637	8.746487565635888	85.70999793495969	3.2187639284216147	0.9742679976533486	32.307647621355564	379.58072701618903	-0.1894716918802173
2.6005827759197326	5.488294314381271	2.0862200028212974	0.08681807243765674	2.086220002821298	0.08681807243765663	2.1726353869903106	0.22390048224339598	8.74840837099264	86.37441137646424	3.2251342896290582	0.9741766921337517	32.37312067189025	386.09715935654606	-0.1894716918802173
2.6005827759197326	5.525083612040134	2.0923687083591718	0.0854824198773704	2.0923687083591727	0.08548241987737007	2.1812744747997064	0.22099492107082525	8.750181443147609	87.01691452405605	3.231332570056453	0.9740865709486075	32.436894334239796	392.6473240826647	-0.1894716918802173
2.6005827759197326	5.561872909698996	2.0982205866528285	0.0842396813334575	2.09822058665283	0.08423968133345715	2.189632769560141	0.21820680839582196	8.751819711915525	87.63887023199719	3.2373669939199026	0.9739975924895845	32.49904551028643	399.23187500494765	-0.1894716918802173
2.6005827759197326	5.59866220735786	2.1038025840937236	0.08307970678855937	2.1038025840937222	0.08307970678855969	2.197727196482656	0.21552799445577125	8.753334903641168	88.24152664231093	3.2432453971332476	0.9739097237265378	32.55964741638287	405.85146644273385	-0.1894716918802173
2.6005827759197326	5.635451505016722	2.1091382537723287	0.0819937906141289	2.109138253772328	0.08199379061412904	2.2055733045650783	0.21295110166823245	8.75473764841584	88.82602830674979	3.248975214842269	0.973822938291495	32.61876951812446	412.50674430973436	-0.1894716918802173
2.6005827759197326	5.672240802675585	2.1142482948895833	0.08097442054169851	2.1142482948895838	0.08097442054169834	2.2131853951681526	0.2104694356030479	8.756037582640065	89.39342628198075	3.254563481533549	0.9737372149934126	32.67647756578678	419.19834013172425	-0.1894716918802173
2.6005827759197326	5.709030100334449	2.1191509893272764	0.08001507781028284	2.119150989327276	0.08001507781028305	2.2205766392244293	0.2080769074926164	8.757243444851056	89.94468723081668	3.2600168393558198	0.9736525366615126	32.732833694479325	425.9268671580227	-0.1894716918802173
2.6005827759197326	5.745819397993311	2.1238625580908943	0.07911007659835889	2.123862558090895	0.07911007659835874	2.227759183391357	0.20576796673358003	8.758363163902608	90.48070159227922	3.2653415516448305	0.9735688892409059	32.78789656433888	432.6929179683686	-0.1894716918802173
2.6005827759197326	5.782608695652174	2.1283974546716378	0.0782544339323066	2.128397454671637	0.0782544339323068	2.2347442457886273	0.20353754201533608	8.759403939288577	91.00229089688142	3.2705435195772377	0.9734862610831033	32.84172152385251	439.4970631457682	-0.1894716918802173
2.6005827759197326	5.8193979933110365	2.1327686082741337	0.07744376346877002	2.132768608274133	0.07744376346877029	2.2415422021166487	0.20138098988733535	8.760372313810219	91.51021430745007	3.275628300526723	0.9734046423878977	32.894360784765446	446.3398507054112	-0.1894716918802173
2.6005827759197326	5.8561872909699	2.136987626851121	0.07667418814685661	2.1369876268511225	0.07667418814685627	2.2481626630078644	0.1992940497391824	8.761274239015071	92.00517446430523	3.280601127148497	0.9733240247634268	32.94586360076906	453.2218060554921	-0.1894716918802173
2.6005827759197326	5.892976588628763	2.141064967654846	0.07594226787912213	2.1410649676548474	0.07594226787912184	2.254614543456186	0.19727280431206362	8.762115133946478	92.48782270909973	3.2854669265340823	0.973244400878917	32.99627644476086	460.1434323270723	-0.1894716918802173
2.6005827759197326	5.929765886287625	2.1450100813403314	0.0752449393206128	2.1450100813403314	0.07524493932061281	2.2609061251301927	0.195313644986296	8.762899937785646	92.95876375572053	3.290230339000348	0.9731657641904177	33.0456431812856	467.1052109546719	-0.1894716918802173
2.6005827759197326	5.966555183946488	2.148831534385208	0.07457946540788406	2.1488315343852076	0.07457946540788411	2.2670451123183595	0.1934132411989298	8.763633156967908	93.41855987021908	3.294895736232205	0.9730881087242376	33.09400523203279	474.10760242160336	-0.1894716918802173
2.6005827759197326	6.003344481605351	2.152537113617793	0.07394339285404043	2.1525371136177935	0.07394339285404034	2.273038682190029	0.19156851343888115	8.76431890733106	93.8677346153351	3.2994672386071007	0.9730114289061381	33.141401733144036	481.15104710762756	-0.1894716918802173
2.6005827759197326	6.040133779264214	2.1561339158932022	0.07333451616334848	2.1561339158932027	0.07333451616334838	2.278893529989764	0.18977660934693946	8.764960951816445	94.30677620907568	3.3039487316053373	0.9729357194269261	33.187869683692846	488.2359661938429	-0.1894716918802173
2.6005827759197326	6.076923076923077	2.1596284253712787	0.07275084701983843	2.1596284253712787	0.07275084701983835	2.2846159097188625	0.18803488251593764	8.765562734200527	94.7361405411774	3.3083438812625765	0.972860975137068	33.23344408511449	495.36276259239014	-0.1894716918802173
2.6005827759197326	6.11371237458194	2.163026580390141	0.07219058813014068	2.1630265803901407	0.07219058813014072	2.2902116707980738	0.1863408736440931	8.766127409290204	95.15625388617003	3.31265614865686	0.9727871909644918	33.27815807164484	502.5318218779618	-0.1894716918802173
2.6005827759197326	6.150501672240803	2.1663338315649763	0.07165211077753028	2.1663338315649776	0.07165211077752995	2.295686291150538	0.18469229374358004	8.766657869971235	95.56751534717267	3.3168888034463295	0.9727143618509451	33.32204303201018	509.7435132049358	-0.1894716918802173
2.6005827759197326	6.187290969899665	2.1695551924519303	0.0711339354833206	2.1695551924519303	0.07113393548332064	2.3010449070943455	0.1830870091480373	8.767156771458147	95.97029906048475	3.321044936489661	0.9726424827032168	33.365128722728414	516.998190199105	-0.1894716918802173
2.6005827759197326	6.224080267558528	2.1726952838844014	0.07063471528215352	2.1726952838844023	0.07063471528215336	2.306292340389482	0.18152302809814067	8.76762655305551	96.36495618743372	3.3251274715908283	0.9725715483562775	33.40744337344943	524.296191816648	-0.1894716918802173
2.6005827759197326	6.260869565217392	2.175758372901706	0.07015322120578614	2.1757583729017074	0.07015322120578589	2.3114331227443063	0.1799984887144977	8.768069457706003	96.75181671677822	3.3291391764154596	0.9725015535459671	33.44901378480007	531.6378431657754	-0.1894716918802173
2.6005827759197326	6.297658862876254	2.1787484070379928	0.06968832964067086	2.178748407037993	0.06968832964067077	2.3164715180514843	0.17851164819282023	8.768487549569159	97.13119109818474	3.3330826726286604	0.9724324928893393	33.48986541921144	539.02345628846	-0.1894716918802173
2.6005827759197326	6.334448160535117	2.181669044615323	0.06923901128167045	2.1816690446153233	0.06923901128167038	2.3214115425922928	0.1770608730782475	8.768882729846935	97.50337172486596	3.336960445304895	0.9723643608711239	33.53002248520474	546.4533309011437	-0.1894716918802173
2.6005827759197326	6.37123745819398	2.1845236815831464	0.06880432145054251	2.184523681583146	0.06880432145054262	2.32625698342065	0.17564463049446732	8.7692567510469	97.86863428132642	3.3407748516595985	0.972297151835075	33.569508015597556	553.9277550942821	-0.1894716918802173
2.6005827759197326	6.408026755852843	2.187315475362822	0.06838339158555322	2.1873154753628223	0.06838339158555307	2.3310114151143835	0.17426148021931684	8.769611229852602	98.2272389703167	3.3445281291509925	0.9722308599792119	33.60834394007683	561.4470059914677	-0.1894716918802173
2.6005827759197326	6.444816053511706	2.1900473660862736	0.06797542173954017	2.1900473660862736	0.06797542173954023	2.335678215059553	0.17291006751238966	8.76994765874991	98.57943163143348	3.3482224029977536	0.9721654793541339	33.64655115255577	569.011350369149	-0.1894716918802173
2.6005827759197326	6.481605351170568	2.192722095560727	0.06757967394913356	2.1927220955607276	0.06757967394913349	2.3402605774155667	0.17158911661196932	8.770267416542449	98.92544476241305	3.3518596931564795	0.9721010038637644	33.684149573714286	576.62104523859	-0.1894716918802173
2.6005827759197326	6.518394648829432	2.1953422242429244	0.06719546635895673	2.195342224242925	0.06719546635895665	2.3447615258917684	0.17029742482891347	8.770571777872672	99.265498452874	3.355441920799408	0.9720374272679857	33.72115820908859	584.2763383916301	-0.1894716918802173
2.6005827759197326	6.555183946488294	2.1979101464663287	0.06682216800203121	2.197910146466328	0.06682216800203118	2.3491839254522033	0.16903385717388303	8.770861921852795	99.59980123919733	3.35897091433084	0.9719747431867387	33.757595203056674	591.9774689121879	-0.1894716918802173
2.6005827759197326	6.591973244147157	2.200428104130728	0.06645919415219599	2.2004281041307276	0.06645919415219598	2.3535304930522005	0.16779734146198844	8.771138939897401	99.92855088824972	3.3624484149774365	0.9719129451052332	33.79347788903534	599.7246676552868	-0.1894716918802173
2.6005827759197326	6.62876254180602	2.202898199035154	0.06610600217651512	2.202898199035153	0.06610600217651524	2.3578038074993697	0.16658686384554405	8.771403842839677	100.25193511681785	3.365876081985446	0.9718520263799911	33.828822836184855	607.5181576955632	-0.1894716918802173
2.6005827759197326	6.665551839464883	2.2053224040107384	0.06576208782586983	2.2053224040107384	0.06576208782586986	2.3620063185216265	0.16540146473136985	8.771657567403693	100.57013225287551	3.369255497455045	0.9717919802454876	33.86364589289089	615.3581547470565	-0.1894716918802173
2.6005827759197326	6.702341137123746	2.207702572989554	0.06542698191054476	2.2077025729895547	0.0654269819105446	2.36614035511606	0.16424023504412127	8.771900982097437	100.88331184414211	3.3725881708398564	0.9717327998212094	33.897962227273936	623.2448675561039	-0.1894716918802173
2.6005827759197326	6.739130434782608	2.210040450127924	0.06510024731489461	2.2100404501279236	0.06510024731489471	2.3702081332448475	0.1631023128014706	8.772134892584054	101.1916352188231	3.375875543137394	0.971674478118977	33.93178636495552	631.1784982690632	-0.1894716918802173
2.6005827759197326	6.775919732441472	2.212337678087664	0.06478147631134945	2.2123376780876645	0.06478147631134942	2.374211762937484	0.16198687997080544	8.772360046582612	101.49525600290376	3.3791189907941965	0.9716170080504146	33.96513222429205	639.1592427765216	-0.1894716918802173
2.6005827759197326	6.812709030100335	2.2145958055657693	0.0644702881392773	2.2145958055657693	0.06447028813927726	2.378153254852493	0.1608931595804589	8.77257713834401	101.79432059791537	3.382319829347379	0.9715603824344682	33.99801314926955	647.1872910355377	-0.1894716918802173
2.6005827759197326	6.849498327759197	2.216816294152015	0.06416632681869679	2.216816294152015	0.06416632681869681	2.3820345263464886	0.15982041306141764	8.772786812742998	102.08896862269583	3.3854793168226864	0.9715045940048967	34.030441940237154	655.2628273713973	-0.1894716918802173
2.6005827759197326	6.88628762541806	2.219000524584428	0.06386925917265614	2.219000524584428	0.06386925917265618	2.38585740709368	0.15876793779802476	8.77298966902288	102.37933332231351	3.3885986569075173	0.9714496354176783	34.06243088264269	663.386030760297	-0.1894716918802173
2.6005827759197326	6.923076923076923	2.2211498024641263	0.06357877303541343	2.2211498024641263	0.06357877303541344	2.389623644294534	0.15773506486849506	8.773186264225524	102.66554194699819	3.3916790019157292	0.97139549925828	34.09399177391954	671.5570750942251	-0.1894716918802173
2.6005827759197326	6.959866220735786	2.2232653634840025	0.06329457562635545	2.223265363484002	0.06329457562635561	2.3933349075086046	0.15672115695804725	8.773377116336032	102.94771610364992	3.394721455559792	0.9713421780487592	34.12513594866222	679.776129429255	-0.1894716918802173
2.6005827759197326	6.996655518394649	2.22534837821948	0.0630163920720406	2.2253483782194805	0.06301639207204049	2.396992793143257	0.1557256064292182	8.773562707168551	103.22597208224987	3.39772707554465	0.9712896642546661	34.155874302217455	688.0433582184304	-0.1894716918802173
2.6005827759197326	7.033444816053512	2.227399956523977	0.06274396406087734	2.2273999565239775	0.06274396406087719	2.4005988286267343	0.1547478335355283	8.773743485016636	103.50042115926074	3.400696875996266	0.9712379502917295	34.18621731280564	696.3589215302455	-0.1894716918802173
2.6005827759197326	7.070234113712375	2.229421151567155	0.06247704861675787	2.2294211515671547	0.06247704861675805	2.4041544762916107	0.15378728476601733	8.773919867089651	103.77116987992173	3.4036318297370296	0.9711870285323092	34.21617506227991	704.7229752537436	-0.1894716918802173
2.6005827759197326	7.107023411371237	2.2314129635497477	0.06221541697956796	2.2314129635497477	0.062215416979567936	2.4076611369920555	0.15284343130943034	8.774092241754273	104.03832032115345	3.4065328704190585	0.9711368913116072	34.245757255620596	713.1356712911429	-0.1894716918802173
2.6005827759197326	7.1438127090301	2.233376343125105	0.061958853581882606	2.2333763431251046	0.06195885358188262	2.411120153476219	0.15191576762792908	8.774260970598341	104.30197033663066	3.409400894525572	0.971087530933631	34.27497323925438	721.5971577388204	-0.1894716918802173
2.6005827759197326	7.1806020066889635	2.235312194554508	0.06170715511234672	2.2353121945545085	0.06170715511234656	2.4145328135332056	0.15100381013116226	8.774426390332764	104.56221378544578	3.412236763249815	0.9710389396769076	34.3038320182822	730.1075790574877	-0.1894716918802173
2.6005827759197326	7.217391304347826	2.2372213786203075	0.06146012965731958	2.237221378620307	0.06146012965731968	2.417900352932166	0.15010709594243152	8.774588814545368	104.81914074564406	3.4150413042600603	0.9709911097999455	34.332342272690944	738.6670762322445	-0.1894716918802173
2.6005827759197326	7.254180602006689	2.2391047153186068	0.06121759591326504	2.2391047153186063	0.06121759591326506	2.4212239581696875	0.1492251817494378	8.77474853531967	105.07283771381123	3.417815313358778	0.9709440335464505	34.360512372620306	747.2757869232453	-0.1894716918802173
2.6005827759197326	7.290969899665551	2.240962986350842	0.06097938246320484	2.240962986350842	0.06097938246320486	2.424504769039999	0.14835764273282198	8.774905824729789	105.32338779177383	3.4205595560431648	0.9708977031502946	34.38835039274832	755.9338456075382	-0.1894716918802173
2.6005827759197326	7.327759197324415	2.2427969374318812	0.060745327111236584	2.2427969374318817	0.0607453271112365	2.4277438810415455	0.14750407156630055	8.77506093622231	105.5708708613998	3.4232747689740064	0.9708521108402453	34.41586412585696	764.6413837127683	-0.1894716918802173
2.6005827759197326	7.364548494983278	2.2446072804302353	0.060515276269786346	2.2446072804302353	0.060515276269786325	2.430942347631959	0.1466640774828013	8.77521410589416	105.81536374837748	3.4259616613588855	0.9708072488444608	34.44306109563113	773.3985297431667	-0.1894716918802173
2.6005827759197326	7.40133779264214	2.2463946953547453	0.06028908439478386	2.246394695354745	0.06028908439478399	2.4341011823427907	0.14583728540146676	8.775365553675504	106.05694037580069	3.4286209162557673	0.9707631093947569	34.4699485687439	782.2054093984619	-0.1894716918802173
2.6005827759197326	7.438127090301004	2.248159832200483	0.06006661346446749	2.2481598322004834	0.0600666134644674	2.4372213607641147	0.1450233351108748	8.775515484425155	106.29567190829638	3.4312531918020457	0.9707196847306503	34.496533566273264	791.0621456860589	-0.1894716918802173
2.6005827759197326	7.474916387959866	2.2499033126655212	0.059847732497949814	2.2499033126655217	0.0598477324979498	2.440303822408449	0.1442218805042227	8.775664088945753	106.53162688738385	3.433859122374167	0.9706769671031905	34.52282287449533	799.9688590270117	-0.1894716918802173
2.6005827759197326	7.511705685618729	2.2516257317491375	0.0596323171100579	2.2516257317491375	0.059632317110057884	2.443349472462649	0.14343258886257998	8.775811544925247	106.76487135869381	3.4364393196823495	0.9706349487785828	34.54882305509396	808.9256673561747	-0.1894716918802173
2.6005827759197326	7.548494983277592	2.253327659240909	0.059420249099321004	2.2533276592409086	0.05942024909932109	2.4463591834355802	0.1426551401826738	8.775958017810385	106.99546899161778	3.4389943738045594	0.9705936220416136	34.57454045482359	817.9326862168716	-0.1894716918802173
2.6005827759197326	7.585284280936455	2.255009641109468	0.05921141606626484	2.255009641109468	0.05921141606626483	2.4493337967089484	0.14188922654593997	8.776103661617789	107.22348119192311	3.4415248541637316	0.9705529791988821	34.59998121466054	826.9900288504748	-0.1894716918802173
2.6005827759197326	7.622073578595318	2.256672200798719	0.05900571105946181	2.2566722007987186	0.0590057110594619	2.4522741239979053	0.14113455152586812	8.776248619687351	107.44896720781578	3.4440313104518165	0.9705130125818489	34.62515127847459	836.0978062811893	-0.1894716918802173
2.6005827759197326	7.65886287625418	2.2583158404387924	0.05880303224701401	2.2583158404387924	0.058803032247014	2.455180948727691	0.1403908296308993	8.776393025382683	107.67198422990583	3.4465142735041185	0.9704737145497082	34.65005640125114	845.2561273963994	-0.1894716918802173
2.6005827759197326	7.695652173913044	2.259941041978152	0.05860328261138401	2.2599410419781525	0.0586032826113839	2.4580550273318322	0.13965778578037896	8.776537002742312	107.8925874854777	3.4489742561268413	0.9704350774920905	34.67470215689025	854.465099022749	-0.1894716918802173
2.6005827759197326	7.7324414715719065	2.261548268242995	0.0584063696656535	2.2615482682429944	0.05840636966565354	2.4608970904773697	0.13893515481123803	8.776680667085946	108.11083032746214	3.4514117538810396	0.9703970938316024	34.69909394561051	863.7248259983674	-0.1894716918802173
2.6005827759197326	7.769230769230769	2.2631379639292297	0.058212205189502264	2.2631379639292293	0.05821220518950228	2.463707844221724	0.13822268101330035	8.776824125578655	108.32676431844574	3.45382724582539	0.9703597560262134	34.72323700097935	873.0354112413465	-0.1894716918802173
2.6005827759197326	7.806020066889632	2.2647105565321546	0.058020704983319626	2.2647105565321546	0.058020704983319724	2.466487971105842	0.13752011769124542	8.77696747775655	108.54043931005448	3.45622119522046	0.9703230565714919	34.747136396593625	882.3969558147735	-0.1894716918802173
2.6005827759197326	7.842809364548495	2.2662664572183338	0.057831788639030955	2.2662664572183338	0.05783178863903101	2.469238131187675	0.13682722675143535	8.777110816016652	108.75190351800714	3.4585940501967727	0.9702869880027019	34.770797052430495	891.809558988514	-0.1894716918802173
2.6005827759197326	7.879598662207358	2.2678060616438773	0.057645379326330175	2.2678060616438773	0.05764537932633023	2.4719589630198495	0.13614377831193755	8.77725422607362	108.96120359311686	3.460946244388792	0.9702515428967642	34.794223740888	901.2733182979265	-0.1894716918802173
2.6005827759197326	7.916387959866221	2.269329750723013	0.057461403593128825	2.269329750723012	0.057461403593129	2.4746510845751266	0.13546955033420807	8.777397787385928	109.16838468850383	3.4632781975369737	0.9702167138740874	34.81742109253399	910.7883295997369	-0.1894716918802173
2.6005827759197326	7.953177257525083	2.270837891350365	0.05727979117914649	2.270837891350365	0.05727979117914645	2.4773150941227993	0.13480432827502617	8.777541573553409	109.37349052324741	3.4655903160595796	0.970182493600278	34.84039360157883	920.3546871251666	-0.1894716918802173
2.6005827759197326	7.989966555183947	2.2723308370803172	0.05710047484163834	2.272330837080318	0.05710047484163825	2.479951571059265	0.13414790475735597	8.777685652688618	109.5765634427122	3.4678829935962163	0.9701488747877317	34.863145631089026	929.972483530556	-0.1894716918802173
2.6005827759197326	8.02675585284281	2.2738089287663517	0.05692339019236124	2.2738089287663517	0.05692339019236124	2.4825610766954718	0.13350007925892968	8.777830087763617	109.77764447574418	3.47015661152461	0.9701158501971142	34.8856814179556	939.6418099455802	-0.1894716918802173
2.6005827759197326	8.063545150501673	2.275272495163155	0.056748475544943375	2.275272495163155	0.05674847554494336	2.485144155003945	0.132860657817423	8.777974936934099	109.97677338893432	3.472411539452222	0.9700834126387351	34.90800507763122	949.3627560192294	-0.1894716918802173
2.6005827759197326	8.100334448160535	2.276721853493999	0.0565756717718985	2.2767218534939984	0.056575671771898525	2.487701333327799	0.13222945275118334	8.778120253842346	110.17398873812246	3.4746481356840855	0.97005155497382	34.93012060864866	959.1354099636444	-0.1894716918802173
2.6005827759197326	8.137123745819398	2.278157309985738	0.05640492217058484	2.278157309985738	0.056404922170584876	2.49023312305404	0.1316062823945416	8.778266087900596	110.36932791731057	3.47686674766824	0.9700202701156886	34.95203189693277	968.9598585959698	-0.1894716918802173
2.6005827759197326	8.173913043478262	2.2795791603736215	0.056236172337463995	2.2795791603736215	0.056236172337464065	2.492740020253297	0.13099097084680572	8.77841248455617	110.5628272051393	3.479067712420048	0.9699895510308378	34.9737427199175	978.8361873783308	-0.1894716918802173
2.6005827759197326	8.210702341137123	2.2809876903778314	0.056069370050076256	2.2809876903778314	0.05606937005007624	2.4952225062879068	0.130383347734108	8.778559485539592	110.75452180906855	3.4812513569264576	0.9699593907399399	34.995256750477424	988.7644804559939	-0.1894716918802173
2.6005827759197326	8.247491638795987	2.2823831761536746	0.05590446515618248	2.2823831761536746	0.055904465156182505	2.497681048390256	0.12978324798332294	8.778707129096896	110.94444590739887	3.4834179985314617	0.9699297823187567	35.016577560685135	998.7448206938952	-0.1894716918802173
2.6005827759197326	8.284280936454849	2.283765884717092	0.05574140946957797	2.2837658847170914	0.05574140946957801	2.5001161002130803	0.12919051160733602	8.778855450207276	111.13263268925843	3.4855679453036834	0.9699007188989763	35.03770862540273	1008.7772897115655	-0.1894716918802173
2.6005827759197326	8.321070234113712	2.2851360743470357	0.0555801566721183	2.285136074347036	0.05558015667211824	2.5025281023532706	0.12860498350099425	8.779004480786867	111.31911439266702	3.4877014963870194	0.9698721936689713	35.05865332571589	1018.8619679165236	-0.1894716918802173
2.6005827759197326	8.357859531772576	2.2864939949662926	0.05542066222152329	2.2864939949662926	0.055420662221523254	2.5049174828508334	0.12802651324710007	8.77915424987993	111.50392234079722	3.4898189423354333	0.96984419987449	35.07941495222014	1028.9989345363267	-0.1894716918802173
2.6005827759197326	8.394648829431437	2.287839888501945	0.05526288326458412	2.2878398885019444	0.0552628832645842	2.5072846576642074	0.12745495493188133	8.779304783837905	111.68708697651921	3.491920565432498	0.969816730819277	35.099996708165044	1039.1882676492107	-0.1894716918802173
2.6005827759197326	8.431438127090301	2.289173989226894	0.055106778555392644	2.2891739892268945	0.05510677855539263	2.509630031123441	0.1268901669693719	8.779456106487459	111.86863789533938	3.4940066399966936	0.9697897798656306	35.12040171246503	1049.4300442135104	-0.1894716918802173
2.6005827759197326	8.468227424749164	2.2904965240835122	0.054952308378272446	2.2904965240835122	0.054952308378272426	2.5119539963623274	0.12633201193421137	8.779608239288098	112.04860387681128	3.4960774326731	0.9697633404348983	35.14063300258305	1059.7243400958603	-0.1894716918802173
2.6005827759197326	8.505016722408026	2.291807712990549	0.054799434475095346	2.291807712990549	0.05479943447509532	2.514256935730708	0.12578035640237528	8.779761201480037	112.22701291450755	3.4981332027122183	0.9697374060079144	35.160693537293234	1070.0712300982589	-0.1894716918802173
2.6005827759197326	8.54180602006689	2.293107769134317	0.05464811997669735	2.2931077691343167	0.054648119976697385	2.5165392211880064	0.12523507079939736	8.779915010223023	112.40389224462922	3.5001742022366016	0.969711970125383	35.1805861993291	1080.4707879840757	-0.1894716918802173
2.6005827759197326	8.578595317725753	2.294396899245086	0.054498329338129925	2.2943968992450854	0.054498329338129974	2.518801214679023	0.12469602925566375	8.780069680726704	112.57926837332744	3.5022006764959146	0.9696870263882088	35.200313797922746	1090.9230865030274	-0.1894716918802173
2.6005827759197326	8.615384615384615	2.295675303859553	0.05435002827750031	2.2956753038595537	0.0543500282775003	2.5210432684928854	0.12416310946839412	8.780225226373	112.75316710280296	3.504212864110962	0.9696625684577767	35.21987907123994	1101.4281974151775	-0.1894716918802173
2.6005827759197326	8.652173913043478	2.29694317757024	0.054203183718171455	2.2969431775702396	0.05420318371817152	2.5232657256061066	0.12363619256993974	8.78038165883108	112.92561355625142	3.506210997307313	0.9696385900561859	35.23928468871691	1111.9861915140377	-0.1894716918802173
2.6005827759197326	8.688963210702342	2.298200709262566	0.054057763734108505	2.2982007092625656	0.05405776373410853	2.5254689200105704	0.1231151630020576	8.780538988165434	113.09663220171467	3.5081953021390153	0.9696150849664387	35.25853325330314	1122.597138648796	-0.1894716918802173
2.6005827759197326	8.725752508361204	2.299448082340286	0.05391373749818071	2.299448082340286	0.05391373749818071	2.52765317702718	0.12259990839584456	8.780697222937366	113.26624687489146	3.51016599870285	0.9695920470325872	35.27762730361453	1133.2611077457052	-0.1894716918802173
2.6005827759197326	8.762541806020067	2.3006854749400154	0.05377107523322613	2.3006854749400154	0.05377107523322608	2.529818813605984	0.1220903194570221	8.780856370300445	113.43448080096604	3.5121233013436512	0.9695694701598391	35.29656931600149	1143.9781668287005	-0.1894716918802173
2.6005827759197326	8.799331103678929	2.3019130601354094	0.05362974816571854	2.3019130601354094	0.05362974816571854	2.5319661386134205	0.12158628985629807	8.781016436090248	113.601356615502	3.5140674188511114	0.9695473483146265	35.315361706535924	1154.7483830392684	-0.1894716918802173
2.6005827759197326	8.836120401337793	2.303131006131615	0.053489728481871085	2.3031310061316153	0.05348972848187106	2.5340954531073554	0.12108771612453188	8.781177424908723	113.76689638444913	3.5159985546484482	0.9695256755246384	35.33400683292059	1165.5718226556044	-0.1894716918802173
2.6005827759197326	8.872909698996656	2.304339476450524	0.05335098928603247	2.304339476450524	0.0533509892860325	2.5362070506005217	0.12059449755246106	8.781339340203576	113.93112162330873	3.5179169069733773	0.969504445878818	35.35250699632474	1176.4485511110904	-0.1894716918802173
2.6005827759197326	8.909698996655518	2.305538630107347	0.05321350456123692	2.3055386301073475	0.05321350456123689	2.538301217312944	0.12010653609474828	8.781502184342921	114.09405331549871	3.5198226690517247	0.9694836535273288	35.370864443149294	1187.3786330121397	-0.1894716918802173
2.6005827759197326	8.946488294314381	2.3067286217789675	0.05307724913178123	2.306728621778967	0.053077249131781266	2.540378232413882	0.11962373627813522	8.781665958685513	114.25571192995781	3.5217160292640437	0.969463292681491	35.38908136672481	1198.3621321554353	-0.1894716918802173
2.6005827759197326	8.983277591973245	2.3079096019645573	0.05294219862770652	2.3079096019645573	0.052942198627706535	2.5424383682538525	0.11914600511348619	8.781830663646899	114.41611743802886	3.523597171305566	0.9694433576136873	35.40715990894526	1209.399111544575	-0.1894716918802173
2.6005827759197326	9.020066889632107	2.309081717138836	0.0528083294510754	2.309081717138836	0.05280832945107543	2.544481890587131	0.11867325201153729	8.781996298761587	114.57528932965117	3.5254662743397605	0.9694238426572415	35.425102161840286	1220.4896334061525	-0.1894716918802173
2.6005827759197326	9.05685618729097	2.3102451098983923	0.05267561874393988	2.3102451098983923	0.05267561874393984	2.546509058785281	0.11820538870215712	8.782162862741629	114.73324662890083	3.527323513145868	0.9694047422062727	35.44291016908909	1231.633759205334	-0.1894716918802173
2.6005827759197326	9.093645484949834	2.3113999191014347	0.052544044357900416	2.3113999191014343	0.052544044357900443	2.5485201260420958	0.11774232915695096	8.782330353531759	114.8900079089072	3.529169058260635	0.9693860507155244	35.46058592747828	1242.831549660916	-0.1894716918802173
2.6005827759197326	9.130434782608695	2.3125462800013104	0.05241358482516792	2.3125462800013104	0.052413584825167954	2.5505153395703712	0.11728398951504158	8.782498768361295	115.0455913061762	3.5310030761145246	0.9693677627001704	35.47813138830603	1254.083064759906	-0.1894716918802173
2.6005827759197326	9.167224080267559	2.3136843243741185	0.05228421933104233	2.3136843243741185	0.05228421933104233	2.5524949407908806	0.11683028801187717	8.782668103793018	115.20001453434725	3.5328257291626586	0.9693498727355998	35.495548458735186	1265.3883637716383	-0.1894716918802173
2.6005827759197326	9.20401337792642	2.314814180640737	0.05215592768772616	2.3148141806407376	0.05215592768772614	2.554459165513959	0.11638114491091205	8.782838355769195	115.3532948974128	3.5346371760107287	0.9693323754571805	35.51283900309716	1276.7475052614534	-0.1894716918802173
2.6005827759197326	9.240802675585284	2.3159359739835477	0.05202869030940049	2.3159359739835477	0.05202869030940049	2.5564082441140075	0.11593648243803034	8.783009519654952	115.50544930242359	3.5364375715361085	0.9693152655600046	35.53000484414911	1288.1605471039643	-0.1894716918802173
2.6005827759197326	9.277591973244148	2.317049826458105	0.05190248818849389	2.317049826458105	0.05190248818849391	2.558342401697228	0.11549622471858031	8.783181590279067	115.65649427170281	3.5382270670043567	0.969298537798615	35.54704776428601	1299.627546495906	-0.1894716918802173
2.6005827759197326	9.31438127090301	2.3181558571000536	0.05177730287307538	2.3181558571000536	0.05177730287307539	2.560261858262965	0.11506029771689222	8.783354561972443	115.80644595459422	3.540005810181346	0.9692821869867158	35.56396950670986	1311.1485599686137	-0.1894716918802173
2.6005827759197326	9.351170568561873	2.319254182027494	0.05165311644531267	2.319254182027494	0.05165311644531269	2.5621668288588797	0.1146286291781691	8.783528428604354	115.95532013876361	3.541773945441206	0.9692662079968665	35.580771776557725	1322.7236434001538	-0.1894716918802173
2.6005827759197326	9.387959866220736	2.3203449145390396	0.05152991150093701	2.3203449145390396	0.05152991150093702	2.5640575237302645	0.11420114857263718	8.783703183616524	116.10313226107313	3.5435316138702064	0.9692505957601599	35.59745624198988	1334.3528520270413	-0.1894716918802173
2.6005827759197326	9.424749163879598	2.3214281652077795	0.051407671129660604	2.32142816520778	0.05140767112966054	2.5659341484637666	0.11377778704185208	8.783878820055321	116.24989741805008	3.5452789533668754	0.9692353452658893	35.61402453524081	1346.0362404557086	-0.1894716918802173
2.6005827759197326	9.461538461538462	2.3225040419713423	0.05128637889649472	2.3225040419713427	0.05128637889649474	2.567796904125747	0.11335847734706293	8.784055330601992	116.39563037596577	3.5470160987383497	0.969220451561198	35.63047825363299	1357.7738626735575	-0.1894716918802173
2.6005827759197326	9.498327759197325	2.3235726502182517	0.05116601882392336	2.3235726502182517	0.051166018823923375	2.5696459873955266	0.11294315381954216	8.784232707601198	116.54034558054212	3.5487431817932897	0.9692059097507212	35.646818960556566	1369.565772059777	-0.1894716918802173
2.6005827759197326	9.535117056856187	2.3246340928707836	0.0510465753748811	2.3246340928707836	0.051046575374881054	2.5714815906937782	0.11253175231278602	8.784410943087918	116.68405716630573	3.5504603314314025	0.9691917149962138	35.663048186415516	1381.4120213958415	-0.1894716918802173
2.6005827759197326	9.57190635451505	2.3256884704644287	0.05092803343650215	2.3256884704644287	0.050928033436502186	2.5733039023061814	0.1121242101565134	8.78459002881271	116.82677896559794	3.5521676737297043	0.9691778625161673	35.67916742954126	1393.3126628757043	-0.1894716918802173
2.6005827759197326	9.608695652173912	2.3267358812241947	0.050810378304592244	2.3267358812241947	0.0508103783045922	2.575113106502666	0.1117204661123705	8.784769956265594	116.96852451726323	3.5538653320257443	0.969164347585419	35.69517815707608	1405.2677481157434	-0.1894716918802173
2.6005827759197326	9.645484949832776	2.3277764211378353	0.050693595668791655	2.327776421137835	0.05069359566879169	2.5769093836523176	0.11132046033127768	8.784950716698454	117.10930707502348	3.555553426997808	0.9691511655347493	35.71108180582637	1417.2773281644168	-0.1894716918802173
2.6005827759197326	9.68227424749164	2.3288101840262283	0.05057767159838792	2.328810184026228	0.05057767159838791	2.578692910334259	0.1109241343123343	8.785132301146271	117.24913961555801	3.5572320767423795	0.9691383117504737	35.72687978308835	1429.341453511734	-0.1894716918802173
2.6005827759197326	9.719063545150501	2.3298372616109226	0.050462592528754645	2.3298372616109226	0.050462592528754686	2.5804638594445173	0.1105314308632287	8.78531470044694	117.38803484629328	3.5589013968487504	0.9691257816740233	35.742573467445396	1441.4601740983803	-0.1894716918802173
2.6005827759197326	9.755852842809364	2.330857743579119	0.05034834524837254	2.330857743579119	0.05034834524837253	2.5822224002992185	0.11014229406207181	8.785497905260105	117.5260052129243	3.560561500471129	0.9691135708015209	35.75816420954003	1453.6335393247025	-0.1894716918802173
2.6005827759197326	9.792642140468228	2.3318717176460737	0.05023491688641633	2.3318717176460737	0.05023491688641635	2.583968698734108	0.10975666922060934	8.785681906084744	117.66306290666977	3.5622124983981758	0.96910167468335	35.773653332820196	1465.8615980594122	-0.1894716918802173
2.6005827759197326	9.82943143812709	2.33287926961517	0.05012229490086577	2.33287926961517	0.0501222949008658	2.585702917200693	0.10937450284873883	8.785866693275864	117.79921987128037	3.5638544991201897	0.9690900889237152	35.78904213426165	1478.1443986481136	-0.1894716918802173
2.6005827759197326	9.866220735785953	2.3338804834356304	0.05001046706712934	2.333880483435631	0.050010467067129305	2.5874252148589973	0.10899574262029074	8.786052257060069	117.93448780980206	3.5654876088939287	0.9690788091802018	35.80433188506661	1490.4819889215883	-0.1894716918802173
2.6005827759197326	9.903010033444817	2.334875441258115	0.04989942146714051	2.334875441258115	0.049899421467140485	2.589135747667228	0.1086203373400065	8.78623858755036	118.06887819111303	3.5671119318052837	0.9690678311633254	35.81952383134056	1502.87441620392	-0.1894716918802173
2.6005827759197326	9.939799331103679	2.3358642234881577	0.04978914647891797	2.3358642234881573	0.049789146478918044	2.5908346684683035	0.10824823691167763	8.7864256747599	118.20240225623424	3.5687275698297425	0.9690571506360799	35.83461919474665	1515.321727320372	-0.1894716918802173
2.6005827759197326	9.976588628762542	2.3368469088376793	0.049679630766553524	2.3368469088376793	0.04967963076655353	2.592522127073564	0.10787939230738329	8.786613508615135	118.33507102443293	3.570334622890902	0.9690467634134807	35.84961917314027	1527.8239686051484	-0.1894716918802173
2.6005827759197326	10.013377926421406	2.3378235743745366	0.04957086327061919	2.337823574374537	0.049570863270619166	2.594198270343582	0.10751375553779527	8.786802078967966	118.46689529911698	3.5719331889169417	0.9690366653621046	35.86452494118283	1540.3811859089142	-0.1894716918802173
2.6005827759197326	10.050167224080267	2.3387942955702763	0.04946283319896469	2.338794295570276	0.04946283319896474	2.5958632422663435	0.10715127962349588	8.786991375607293	118.59788567353645	3.5735233638952333	0.9690268523996246	35.87933765093653	1552.993424606154	-0.1894716918802173
2.6005827759197326	10.08695652173913	2.339759146346158	0.04935553001788975	2.339759146346158	0.04935553001788969	2.5975171840328417	0.10679191856727105	8.787181388269888	118.72805253629767	3.575105241925197	0.9690173204943453	35.89405843244108	1565.6607296024415	-0.1894716918802173
2.6005827759197326	10.123745819397993	2.340718199117467	0.049248943443676384	2.340718199117467	0.049248943443676384	2.599160234110139	0.10643562732734427	8.78737210665048	118.85740607669291	3.5766789152692873	0.9690080656647317	35.90868839427151	1578.3831453413954	-0.1894716918802173
2.6005827759197326	10.160535117056856	2.3416715248362854	0.04914306343445795	2.341671524836285	0.04914306343445795	2.6007925283121223	0.10608236179150324	8.78756352041141	118.98595628986197	3.5782444744024575	0.9689990839789409	35.923228624079954	1591.1607158116599	-0.1894716918802173
2.6005827759197326	10.19732441471572	2.3426191930326805	0.049037880182416255	2.3426191930326805	0.04903788018241624	2.602414199867876	0.10573207875209574	8.78775561919151	119.11371298178054	3.579802008059857	0.9689903715543455	35.937680189119675	1603.9934845535668	-0.1894716918802173
2.6005827759197326	10.234113712374581	2.3435612718544805	0.048933384106284845	2.343561271854481	0.04893338410628474	2.6040253794879322	0.10538473588184936	8.787948392614576	119.24068577409382	3.5813516032831085	0.9689819245570631	35.95204413675408	1616.8814946657824	-0.1894716918802173
2.6005827759197326	10.270903010033445	2.3444978281056126	0.048829565844149714	2.344497828105613	0.048829565844149644	2.6056261954283495	0.10504029171049026	8.788141830297253	119.36688410879235	3.5828933454649943	0.9689737392014773	35.966321494949575	1629.8247888117262	-0.1894716918802173
2.6005827759197326	10.307692307692308	2.345428927283111	0.04872641624653176	2.3454289272831104	0.048726416246531845	2.6072167735527674	0.10469870560212735	8.788335921856426	119.49231725274043	3.584427318392768	0.9689658117497648	35.980513272753946	1642.8234092259092	-0.1894716918802173
2.6005827759197326	10.34448160535117	2.346354633612856	0.0486239263697353	2.3463546336128553	0.04862392636973536	2.6087972373925252	0.10435993773336841	8.78853065691619	119.61699430206306	3.5859536042900686	0.9689581385114162	35.994620460760416	1655.877397720121	-0.1894716918802173
2.6005827759197326	10.381270903010034	2.347275010084053	0.04852208746945626	2.347275010084053	0.04852208746945623	2.610367708204854	0.10402394907214806	8.788726025114327	119.74092418639326	3.587472283857484	0.9689507158427603	36.008644031557516	1668.9867956894875	-0.1894716918802173
2.6005827759197326	10.418060200668897	2.3481901184825267	0.04842089099463555	2.3481901184825267	0.048420890994635625	2.611928305029255	0.10369070135723374	8.788922016108359	119.86411567298734	3.5889834363118123	0.9689435401464861	36.02258494016564	1682.1516441183692	-0.1894716918802173
2.6005827759197326	10.454849498327759	2.349100019422931	0.04832032858154265	2.349100019422931	0.04832032858154263	2.613479144742193	0.10336015707838273	8.789118619581318	119.98657737071639	3.590487139424183	0.9689366078711666	36.03644412446131	1695.3719835862387	-0.1894716918802173
2.6005827759197326	10.491638795986622	2.350004772379792	0.048220392048088576	2.3500047723797914	0.04822039204808861	2.6150203421100016	0.10303227945713452	8.789315825246971	120.10831773392925	3.591983469556854	0.9689299155107829	36.05022250558798	1708.6478542733253	-0.1894716918802173
2.6005827759197326	10.528428093645484	2.3509044357175855	0.048121073388347584	2.3509044357175855	0.04812107338834756	2.6165520098402695	0.10270703242820248	8.789513622854868	120.22934506620315	3.593472501698977	0.9689234596042466	36.06392098835579	1721.9792959662368	-0.1894716918802173
2.6005827759197326	10.565217391304348	2.351799066719749	0.048022364767287426	2.351799066719749	0.04802236476728746	2.618074258631584	0.10238438062145351	8.789712002194904	120.34966752397578	3.5949543095011722	0.9689172367349277	36.07754046162885	1735.3663480634125	-0.1894716918802173
2.6005827759197326	10.602006688963211	2.352688721616776	0.047924258515692174	2.352688721616776	0.04792425851569219	2.6195871972218243	0.10206428934444567	8.789910953101698	120.46929312007144	3.5964289653091	0.968911243530179	36.09108179870209	1748.8090495805125	-0.1894716918802173
2.6005827759197326	10.638795986622073	2.3535734556133643	0.0478267471252731	2.353573455613364	0.04782674712527312	2.621090932434976	0.10174672456550717	8.790110465458595	120.58822972711911	3.5978965401959604	0.9689054766608638	36.10454585766669	1762.307439155676	-0.1894716918802173
2.6005827759197326	10.675585284280936	2.354453322914665	0.04772982324396086	2.3544533229146647	0.04772982324396088	2.622585569226538	0.10143165289733785	8.790310529201378	120.70648508086852	3.5993571039940075	0.9688999328408855	36.11793348176516	1775.8615550546817	-0.1894716918802173
2.6005827759197326	10.7123745819398	2.3553283767517224	0.04763347967136398	2.3553283767517224	0.047633479671364005	2.624071210727622	0.10111904158110861	8.790511134321813	120.82406678341066	3.60081072532515	0.9688946088267185	36.13124549973664	1789.4714351760485	-0.1894716918802173
2.6005827759197326	10.749163879598662	2.356198669406034	0.04753770935439714	2.3561986694060337	0.04753770935439717	2.6255479582876937	0.10080885847104837	8.790712270870808	120.94098230629913	3.602257471630548	0.9688895014169394	36.14448272615185	1803.1371170559667	-0.1894716918802173
2.6005827759197326	10.785953177257525	2.3570642522333762	0.047442505383061724	2.3570642522333762	0.04744250538306172	2.627015911516114	0.10050107201949282	8.79091392896145	121.05723899358443	3.6036974091994036	0.9688846074517615	36.15764596173908	1816.8586378732225	-0.1894716918802173
2.6005827759197326	10.822742474916389	2.357925175686829	0.047347860986380906	2.357925175686829	0.04734786098638093	2.6284751683224155	0.10019565126238716	8.791116098771734	121.17284406475592	3.6051306031968275	0.9688799238125726	36.17073599370067	1830.6360344539676	-0.1894716918802173
2.6005827759197326	10.85953177257525	2.358781489339102	0.047253769528475764	2.3587814893391017	0.04725376952847582	2.62992582495546	0.09989256580521762	8.79131877054715	121.28780461760213	3.6065571176909152	0.9688754474214712	36.18375359602085	1844.4693432764357	-0.1894716918802173
2.6005827759197326	10.896321070234114	2.3596332419041577	0.047160224504780156	2.3596332419041577	0.04716022450478013	2.6313679760414526	0.09959178580936155	8.791521934603049	121.40212763098778	3.607977015679026	0.9688711752408096	36.196699529765205	1858.3586004755912	-0.1894716918802173
2.6005827759197326	10.933110367892976	2.3604804812581133	0.04706721953839159	2.360480481258113	0.04706721953839165	2.6328017146208134	0.09929328197884595	8.791725581326737	121.51581996754764	3.6093903591132155	0.968867104272735	36.209574543371026	1872.303841847609	-0.1894716918802173
2.6005827759197326	10.96989966555184	2.3613232544595584	0.04697474837654414	2.361323254459558	0.04697474837654417	2.6342271321840824	0.09899702554748713	8.791929701179523	121.62888837630994	3.6107972089250127	0.9688632315587362	36.22237937293065	1886.3051028543719	-0.1894716918802173
2.6005827759197326	11.006688963210703	2.362161607769217	0.04688280488720494	2.362161607769217	0.0468828048872049	2.635644318706771	0.09870298826640928	8.792134284698557	121.74133949524247	3.6121976250494687	0.9688595541791931	36.23511474246683	1900.3624186278948	-0.1894716918802173
2.6005827759197326	11.043478260869565	2.3629955866689762	0.04679138305579127	2.3629955866689762	0.04679138305579126	2.6370533626831834	0.09841114239192933	8.792339322498401	121.85317985372467	3.6135916664483934	0.9688560692529257	36.24778136419966	1914.475823974529	-0.1894716918802173
2.6005827759197326	11.080267558528428	2.3638252358804057	0.046700476981992624	2.3638252358804053	0.04670047698199264	2.638454351159394	0.09812146067378286	8.79254480527265	121.96441587495669	3.614979391133091	0.9688527739367495	36.260379938807766	1928.6453533793006	-0.1894716918802173
2.6005827759197326	11.117056856187292	2.3646505993826388	0.04661008087670793	2.3646505993826388	0.04661008087670791	2.6398473697651954	0.09783391634369754	8.79275072379519	122.07505387829477	3.6163608561862906	0.9688496654250317	36.2729111556811	1942.8710410099934	-0.1894716918802173
2.6005827759197326	11.153846153846153	2.3654717204297717	0.04652018905908104	2.3654717204297713	0.046520189059081056	2.641232502745237	0.09754848310428615	8.792957068921504	122.18510008152701	3.6177361177835343	0.9688467409492513	36.28537569316764	1957.1529207212636	-0.1894716918802173
2.6005827759197326	11.190635451505017	2.366288641567729	0.046430795953636916	2.366288641567729	0.046430795953636916	2.642609832989294	0.09726513511825673	8.793163831589775	122.29456060308529	3.6191052312139527	0.9688439977775619	36.297774218813444	1971.4910260586828	-0.1894716918802173
2.6005827759197326	11.22742474916388	2.367101404650599	0.046341896087515363	2.3671014046505996	0.04634189608751535	2.643979442061661	0.09698384699793015	8.793371002821818	122.40344146419434	3.6204682509003923	0.9688414332143579	36.31010738959595	1985.8853902626458	-0.1894716918802173
2.6005827759197326	11.264214046822742	2.367910050856531	0.04625348408779253	2.3679100508565307	0.04625348408779257	2.6453414102298014	0.09670459379504823	8.793578573723995	122.51174859096568	3.6218252304190406	0.9688390445998434	36.32237585215141	2000.3360462722842	-0.1894716918802173
2.6005827759197326	11.301003344481606	2.368714620703137	0.04616555467889338	2.368714620703137	0.04616555467889338	2.6466958164921985	0.09642735099086856	8.793786535487987	122.6194878164337	3.6231762225184676	0.9688368293096042	36.33458024299625	2014.8430267292804	-0.1894716918802173
2.6005827759197326	11.33779264214047	2.369515154062457	0.04607810268008754	2.3695151540624573	0.04607810268008753	2.6480427386054526	0.0961520944865341	8.793994879391462	122.72666488253677	3.624521279138152	0.9688347847541856	36.34672118874265	2029.4063639816454	-0.1894716918802173
2.6005827759197326	11.37458193979933	2.3703116901754715	0.04599112300306744	2.370311690175471	0.04599112300306746	2.6493822531106384	0.09587880059371011	8.794203596798582	122.83328544204417	3.6258604514264365	0.9688329083786682	36.35879930630799	2044.0260900873618	-0.1894716918802173
2.6005827759197326	11.411371237458194	2.3711042676662304	0.04590461064960305	2.371104267666231	0.04590461064960305	2.6507144353590095	0.09560744602547545	8.794412679160596	122.93935506043566	3.627193789758092	0.9688311976622535	36.370815203119875	2058.7022368180956	-0.1894716918802173
2.6005827759197326	11.448160535117056	2.371892924555547	0.045818560709273384	2.3718929245555476	0.04581856070927338	2.652039359536965	0.095338007887466	8.794622118016159	123.04487921772701	3.628521343751295	0.9688296501178483	36.382769477314795	2073.4348356627297	-0.1894716918802173
2.6005827759197326	11.48494983277592	2.3726776982743014	0.04573296835727069	2.3726776982743014	0.04573296835727074	2.6533570986903783	0.09507046366925857	8.794831904991655	123.1498633102491	3.629843162284171	0.9688282632916544	36.39466271793207	2088.223917830879	-0.1894716918802173
2.6005827759197326	11.521739130434783	2.3734586256764043	0.04564782885227144	2.3734586256764043	0.04564782885227144	2.6546677247483217	0.0948047912359845	8.795042031801511	123.2543126523828	3.631159293510931	0.9688270347627612	36.40649550510314	2103.0695142563923	-0.1894716918802173
2.6005827759197326	11.558528428093645	2.3742357430513406	0.04556313753437879	2.37423574305134	0.045563137534378816	2.655971308546102	0.09454096882017461	8.795252490248277	123.3582324782438	3.6324697848774883	0.9688259621427432	36.41826841023526	2117.971655600726	-0.1894716918802173
2.6005827759197326	11.595317725752508	2.3750090861364166	0.04547888982312528	2.375009086136417	0.04547888982312524	2.6572679198477744	0.09427897501381692	8.795463272222817	123.46162794332922	3.6337746831367332	0.9688250430752587	36.42998199619136	2132.930372256337	-0.1894716918802173
2.6005827759197326	11.632107023411372	2.3757786901286226	0.04539508121554128	2.3757786901286226	0.045395081215541304	2.658557627368011	0.09401878876063094	8.795674369704306	123.56450412611714	3.63507403436333	0.9688242752356552	36.441636817464584	2147.9456943499586	-0.1894716918802173
2.6005827759197326	11.668896321070234	2.3765445896961963	0.04531170728428027	2.376544589696196	0.04531170728428035	2.6598404987934523	0.09376038934854189	8.79588577476023	123.66686602962838	3.636367883968151	0.9688236563305748	36.453233420348916	2163.017651745858	-0.1894716918802173
2.6005827759197326	11.705685618729097	2.377306818989866	0.04522876367580353	2.377306818989866	0.04522876367580356	2.661116600803506	0.09350375640235664	8.796097479546365	123.76871858294783	3.637656276712342	0.9688231840975666	36.46477234310544	2178.1462740490747	-0.1894716918802173
2.6005827759197326	11.74247491638796	2.3780654116537625	0.04514624610862035	2.3780654116537625	0.04514624610862038	2.6623859990905823	0.09324886987663111	8.796309476306583	123.87006664270527	3.638939256720944	0.9688228563047	36.47625411612407	2193.3315906085054	-0.1894716918802173
2.6005827759197326	11.779264214046822	2.3788204008360614	0.04506415037158147	2.378820400836061	0.04506415037158148	2.663648758379866	0.09299571004872315	8.796521757372743	123.97091499452108	3.640216867496245	0.9688226707501847	36.48767926208182	2208.5736305200817	-0.1894716918802173
2.6005827759197326	11.816053511705686	2.3795718191993416	0.04498247232222258	2.379571819199342	0.044982472322222564	2.664904942448579	0.09274425751202511	8.796734315164498	124.07126835441636	3.6414891519307253	0.968822625261991	36.49904829609678	2223.8724226298	-0.1894716918802173
2.6005827759197326	11.852842809364548	2.3803196989306232	0.04490120788516142	2.3803196989306232	0.04490120788516139	2.66615461414471	0.0924944931693746	8.796947142188944	124.17113137018289	3.6427561523196377	0.9688227176974761	36.51036172587816	2239.2279955366994	-0.1894716918802173
2.6005827759197326	11.889632107023411	2.3810640717511977	0.04482035305053814	2.3810640717511973	0.0448203530505382	2.6673978354053713	0.09224639822662978	8.79716023104047	124.27050862272655	3.6440179103733428	0.968822945943013	36.52162005187313	2254.640377595882	-0.1894716918802173
2.6005827759197326	11.926421404682275	2.381804968926148	0.04473990387250566	2.381804968926148	0.04473990387250566	2.668634667274619	0.09199995418641262	8.797373574400307	124.36940462737111	3.645274467229251	0.9688233079136246	36.532823767409596	2270.1095969214125	-0.1894716918802173
2.6005827759197326	11.963210702341136	2.3825424212736466	0.044659856467762445	2.382542421273646	0.04465985646776246	2.669865169920877	0.09175514284201058	8.797587165036248	124.46782383513353	3.646525863463486	0.9688238015526198	36.54397335883574	2285.635681389196	-0.1894716918802173
2.6005827759197326	12.	2.3832764591739872	0.04458020701412983	2.3832764591739872	0.04458020701412983	2.6710894026539114	0.09151194627143215	8.797800995802186	124.56577063396622	3.6477721391022215	0.968824424831233	36.555069305656	2301.218658639799	-0.1894716918802173