2.7312441471571907	1.	4.856324880115984	4.1560545005324067e-8	4.774271175671735	0.9999999466118303	6.193927846122955	0.0002452279126299875	12.773026264226937	379.5035070108595	13.781516602218762	0.9999394714546634	88.99153539352685	241.91465379158646	2.9012416165732975
2.7312441471571907	1.0367892976588629	4.768035565357078	6.612090382536257e-8	4.604789219430058	0.9999998883535173	6.0707977481273	0.00030541440716388643	12.64022879070722	369.90814940307996	13.291499479571613	0.9999229979508746	86.92347136237727	241.89584469733526	2.7893930327120793
2.7312441471571907	1.0735785953177257	4.684514446842783	1.0254794509490874e-7	4.4469114009719135	0.9999997788887846	5.954061292043717	0.00037638840375130584	12.512754914129097	360.8495529018849	12.83491512545819	0.9999037138099452	84.966852904147	241.87277317424366	2.682985184608462
2.7312441471571907	1.1103678929765886	4.605349977649889	1.5538357793504566e-7	4.299483681742408	0.9999995829816783	5.843183699077333	0.000459406740959222	12.390311683759618	352.2816133352377	12.408434953729227	0.9998814499044354	83.11214135852714	241.84506009395963	2.5814765856952318
2.7312441471571907	1.1471571906354514	4.530177876425037	2.3047414918151817e-7	4.161500131136866	0.9999992473772903	5.737688607394843	0.0005557987009248629	12.272628588549196	344.16329552939993	12.009159053724108	0.999856061849327	81.35090112557234	241.812373727971	2.484406961019645
2.7312441471571907	1.1839464882943145	4.458674446032392	3.3522200230720346e-7	4.032079907815571	0.9999986946948131	5.637150089059584	0.0006669674421581081	12.159456015277128	336.45794802035533	11.634549560423574	0.9998274303771223	79.67564337218535	241.77443498915676	2.3913817903011885
2.7312441471571907	1.2207357859531773	4.390551001310515	4.788599987536246e-7	3.9104484030766087	0.9999978164153708	5.541185950758238	0.0007943919999812431	12.050563748693707	329.1327256595652	11.282376040075198	0.9997954609663091	78.07969569538696	241.73102079790561	2.302060445139557
2.7312441471571907	1.2575250836120402	4.325549195475702	6.727475948787976e-7	3.7959216954725137	0.9999964651499453	5.449452080579156	0.0009396299074134377	11.945739542363635	322.15810071229106	10.950670439316474	0.9997600828626574	76.55709279843859	241.68196579563227	2.2161469522440282
2.7312441471571907	1.294314381270903	4.263437079427156	9.306868063544674e-7	3.6878936591040112	0.999994446441077	5.361637652479521	0.001104320485745775	11.844787776570719	315.50744693668815	10.63768970218375	0.9997212476278584	75.10248429880657	241.6271626460539	2.1333827082181394
2.7312441471571907	1.3311036789297659	4.204005762419925	1.2692562080861803e-6	3.585825213108081	0.9999915104015266	5.2774610380775995	0.001290188852293324	11.747528211312854	309.1566841597319	10.341884577232205	0.99967892733909	73.71105659544853	241.56656116051025	2.0535406669696874
2.7312441471571907	1.3678929765886287	4.147066568974422	1.7081610131336526e-6	3.4892353097689366	0.9999873435191309	5.196666304899523	0.0014990506928243418	11.65379483687291	303.08397324084876	10.061873453706179	0.9996331125487373	72.37846634361473	241.50016646599923	1.9764206537580509
2.7312441471571907	1.4046822742474916	4.092448607439027	2.2705972481340494e-6	3.397693342669851	0.999981560958158	5.119020203288014	0.001732817847895297	11.563434820848473	297.26945319016664	9.796420307873994	0.999583810097595	71.10078356624946	241.42803641014345	1.9018455520034558
2.7312441471571907	1.4414715719063544	4.039996681737817	2.9836280934207076e-6	3.310812721019666	0.9999736996647023	5.044309562376155	0.001993504765686455	11.476307548269938	291.6950137003206	9.544416027348815	0.9995310408587976	69.87444280687085	241.35027837055415	1.8296581739145312
2.7312441471571907	1.4782608695652173	3.989569490568433	3.87857058055709e-6	3.2282454065535973	0.9999632125404612	4.972339029978919	0.002283235878836183	11.392283750117421	286.3440975448452	9.304862526285198	0.9994748374744021	68.69620102492844	241.26704561035777	1.759718672491805
2.7312441471571907	1.5150501672240804	3.9410380684433552	4.991391035124312e-6	3.1496772487494327	0.9999494638904569	4.902929102805289	0.0026042539691016526	11.311244714867454	281.2015282573243	9.076859177874091	0.9994152421325327	67.56310116976422	241.17853329860426	1.691902386251781
2.7312441471571907	1.5518394648829432	3.894284431075488	6.363107914922065e-6	3.0748239851167956	0.9999317262815239	4.835914402683182	0.00295892959129551	11.233081577451712	276.2533592832526	8.859591180021782	0.9993523044206207	66.47244055736726	241.08497429494523	1.6260980328949133
2.7312441471571907	1.588628762541806	3.84920039413621	8.040201019956558e-6	3.003427797937577	0.9999091788753344	4.77114216200096	0.0033497716367171144	11.157694680039894	271.4867414288929	8.652319541037583	0.9992860792796341	65.42174332550103	240.98663478224705	1.5622061866842387
2.7312441471571907	1.625418060200669	3.805686539696669	0.00001007502643753863	2.9352543385032934	0.9998809072274263	4.7084708876743635	0.0037794391260358093	11.08499299926101	266.88980594775853	8.45437242874001	0.9992166250752844	64.40873636537852	240.88380981846208	1.5001379882770423
2.7312441471571907	1.6622073578595318	3.7636513089591874	0.000012526237030549292	2.8700901456976586	0.99984590447648	4.647769177932011	0.004250754332082508	11.014893634772097	262.4515610286038	8.26513767177439	0.9991440017949174	63.43132822787353	240.77681886959542	1.4398140463917457
2.7312441471571907	1.6989966555183946	3.7230102033943986	0.000015459208776713154	2.807740398535788	0.9998030737889602	4.5889146702988945	0.004766717343995021	10.947321354414836	258.1617997969688	8.084056238518071	0.9990682693729936	62.48759058389063	240.66600137817443	1.3811634988635106
2.7312441471571907	1.7357859531772575	3.683685079277709	0.000018946473818971273	2.748026952628204	0.9997512318753305	4.53179310252137	0.005330522195286609	10.882208191526317	254.01101822971611	7.910616548583434	0.99898948614357	61.57574188558843	240.55171241588178	1.3241232069672717
2.7312441471571907	1.7725752508361203	3.645603522987787	0.000023068161689372323	2.6907866189760625	0.9996891133562381	4.476297470957493	0.005945574689186099	10.819493090258646	249.99034161998804	7.744349496038516	0.9989077074148199	60.69413293045115	240.4343184641712	1.2686370618118097
2.7312441471571907	1.8093645484949832	3.6086982963876695	0.000027912450818976513	2.6358696504042354	0.9996153757304295	4.422327273265203	0.0066155120643644795	10.759121594986473	246.0914584278163	7.58482408316663	0.9988229841582271	59.841234075974	240.31419336252583	1.2146553854611275
2.7312441471571907	1.8461538461538463	3.572906843233179	0.000033576033141805975	2.583138406599536	0.999528604680086	4.369787824148167	0.0073442246519954575	10.701045580019903	242.3065605167331	7.431643579750885	0.9987353618034716	59.01562389073798	240.19171446020582	1.162134412458606
2.7312441471571907	1.882943143812709	3.5381708489058146	0.00004016459533945784	2.532466173378355	0.9994273194425949	4.318589634539575	0.008135879679703022	10.645223015868256	238.62828891532234	7.284442136184443	0.9986448791291014	58.2159790593161	240.0672590036536	1.1110358397922218
2.7312441471571907	1.919732441471572	3.5044358468984877	0.000047793321051851724	2.483736115649486	0.9993099779791595	4.268647845979673	0.008994947377539171	10.591617768192574	235.0496843598751	7.142881789717529	0.9985515672387081	57.44106538492706	239.94120078815826	1.0613264351757987
2.7312441471571907	1.9565217391304348	3.471650866433713	0.00005658741919509727	2.436840346714948	0.9991749816785317	4.219881713127593	0.009926229533226567	10.540199425311185	231.56414197465725	7.006649812292652	0.9984554486124448	56.68972975597276	239.81390709898983	1.0129776949279816
2.7312441471571907	1.9933110367892977	3.4397681163978024	0.00006668268437467384	2.3916790991851355	0.9990206793471382	4.1722141283874485	0.010934890625086513	10.49094314964279	228.16536953356373	6.8754563560332755	0.9983565362242726	55.960892961298114	239.6857359638477	0.9659655437751422
2.7312441471571907	2.0301003344481607	3.4087427014601466	0.00007822609625335047	2.348159984973914	0.9988453702535829	4.125571183567807	0.012026491626679714	10.443829547738504	224.84734882485367	6.749032358821934	0.9982548327162751	55.25354325485208	239.55703373556838	0.9202700696361665
2.7312441471571907	2.0668896321070234	3.378532366835652	0.0000913764656170175	2.3061973336633996	0.9986473060149402	4.079881764372211	0.013207026520889616	10.398844552503181	221.6042997125795	6.627127677750478	0.9981503296227575	54.56673058388469	239.4281330213879	0.8758752868946489
2.7312441471571907	2.1036789297658864	3.3490972686609433	0.00010630513575981588	2.265711600052717	0.9984246911336003	4.035077174379298	0.014482961474437287	10.35597930975932	218.43064655787106	6.509509422732215	0.998043006638659	53.899561406328296	239.29935097300574	0.8327689218447646
2.7312441471571907	2.140468227424749	3.3203997674074905	0.0001231967486550275	2.226628832982937	0.9981756820163016	3.9910907860589626	0.015861276495226135	10.315230059364307	215.32098673424414	6.395960466379769	0.997932830929168	53.25119403293162	239.17098795037037	0.7909422139139626
2.7312441471571907	2.177257525083612	3.2924042421613824	0.000142250086148583	2.188880198604768	0.9978983843314032	3.9478577173351543	0.01734950920939485	10.276597998532097	212.27006104790965	6.286278109491705	0.9978197564804028	52.620834438325794	239.04332657153736	0.7503897259107911
2.7312441471571907	2.2140468227424748	3.265076923972864	0.00016367899704583275	2.152401552161678	0.9975908485868927	3.9053145333035726	0.018955800132777714	10.240089111688441	209.2727259618224	6.1802728842542765	0.9977037234948043	52.00773249275703	238.9166311613819	0.7111091559032304
2.7312441471571907	2.250836120401338	3.2383857468299704	0.0001877134213693151	2.1171330531276165	0.9972510638411378	3.863398974010114	0.020688938447246372	10.205713946936886	206.32392762707892	6.077767479630996	0.9975846578396453	51.411178572927156	238.79114761344303	0.6731011423780675
2.7312441471571907	2.2876254180602005	3.2123002151491447	0.0002146005231169623	2.083018819188179	0.9968769494927084	3.8220497107701816	0.0225584067940775	10.173487313847437	203.4186778546609	5.9785957754464905	0.9974624705630585	50.830500516409266	238.66710368177033	0.6363690530380391
2.7312441471571907	2.3244147157190636	3.186791287010024	0.00024460594236586677	2.0500066151055343	0.9964663451371242	3.7812061354485507	0.024574422924655497	10.143427870618773	200.55203232331746	5.882601973426302	0.9973370574994933	50.26506088960909	238.54470972347752	0.6009187459379695
2.7312441471571907	2.3612040133779266	3.1618312726970537	0.0002780151762996804	2.0180475729746945	0.9960169985305608	3.740808189520136	0.026747975156917465	10.11555756055845	197.71907152582048	5.7896398149708945	0.9972082989958463	49.714254544323644	238.42415991751093	0.5667582896342664
2.7312441471571907	2.3979933110367893	3.1373937484503602	0.00031513509635817195	1.9870959407728988	0.995526551767658	3.700796242691735	0.029090847422065507	10.089900848215462	194.91488521729923	5.699571876755606	0.9970760598009683	49.17750644270668	238.3056339909	0.5338976266477907
2.7312441471571907	2.4347826086956523	3.113453485669099	0.0003562956047901289	1.9571088564322965	0.9949925258680122	3.6611110344649216	0.03161562819805418	10.066483694514355	192.13456145712598	5.61226893638047	0.9969401891750582	48.6542697349125	238.18929948980656	0.5023481619009612
2.7312441471571907	2.471571906354515	3.0899863961412537	0.0004018514279091463	1.9280461449335744	0.9944123040798539	3.621693696297959	0.034335695772179264	10.045332198349342	189.37318173897697	5.527609401261627	0.9968005212916585	48.144024077842	238.07531463828064	0.4721222550704117
2.7312441471571907	2.508361204013378	3.066969494170576	0.0004521840346932849	1.8998701361269215	0.9937831143563743	3.5824858769217296	0.03726517004198885	10.026470820338568	186.62582418499693	5.445478794765833	0.9966568760232317	47.64627418715544	237.96383183138283	0.4432325933413549
2.7312441471571907	2.5451505016722407	3.0443808766903	0.0005077036573885815	1.8725455011363836	0.9931020116458323	3.543429998647584	0.040418818500090624	10.009920094738453	183.88757732900257	5.365769294236759	0.9965090602206655	47.160548617808836	237.85500180896898	0.4156914194410341
2.7312441471571907	2.5819397993311037	3.022199722525775	0.0005688513749118072	1.846039105293281	0.992365860863841	3.5044696776510795	0.04381190131301763	9.995693731098473	181.15356759624197	5.288379316034532	0.9963568696155106	46.686398770439325	237.7489785489972	0.3895095899806614
2.7312441471571907	2.6187290969899664	3.0004063117905537	0.0006361011998452913	1.8203198755721413	0.9915713216816692	3.4655503452555507	0.0474599378361628	9.983795013068674	178.41900413034207	5.213213142982066	0.9962000914877684	46.22339812135196	237.6459249001364	0.36469544238230367
2.7312441471571907	2.6555183946488294	2.9789820658336073	0.0007099620860849591	1.7953586804703943	0.9907148365531453	3.426620108583713	0.05137837511265566	9.974212424937438	175.6792449910359	5.140180589654488	0.9960385082460028	45.77114167182524	237.54601893749074	0.3412534568187386
2.7312441471571907	2.6923076923076925	2.9579096070257433	0.000790979748343526	1.7711282201882128	0.989792623681899	3.3876308852257226	0.05558213884876367	9.966914486157739	172.92988874087217	5.0691967007268	0.9958719020523371	45.329245606878764	237.4494609657918	0.3191827148628296
2.7312441471571907	2.729096989966555	2.937172835801123	0.0008797381601684457	1.7476029248476983	0.988800676841623	3.3485398346225907	0.060085050417332475	9.961843860731806	170.16689475842418	5.000181477095286	0.9957000605820016	44.897347143407146	237.3564810058431	0.2984751812464267
2.7312441471571907	2.765886287625418	2.916757019619702	0.000976860579839277	1.724758858379355	0.9877347740152869	3.309311085005	0.06489910133975763	9.958910941087643	167.38673388632748	4.933059623729634	0.9955227839237176	44.47510453174525	237.26734647900062	0.2791138709918795
2.7312441471571907	2.802675585284281	2.896648884896802	0.0010830099521469958	1.7025736256612551	0.9865904965961938	3.2699177156215873	0.07003359122394973	9.957987288327747	164.5865678578806	4.867760312291701	0.9953398924932945	44.06219715315738	237.1823696546477	0.261071011110798
2.7312441471571907	2.839464882943144	2.8768366987433187	0.0011988885593885393	1.681026280609668	0.9853632602638845	3.2303438982902355	0.07549415749785261	9.958899532683581	161.76445108480692	4.804216950679472	0.9951512356454644	43.6583256298927	237.10191426200416	0.2443063604307505
2.7312441471571907	2.8762541806020065	2.8573103232853967	0.0013252368573981183	1.6600972332909028	0.9840483575089897	3.1905870331109765	0.08128175504860968	9.961424568274323	158.919541925502	4.742366951167403	0.9949567004402412	43.26321183829191	237.0264005218862	0.22876590389922577
2.7312441471571907	2.9130434782608696	2.83806122259282	0.0014628315377314617	1.6397681548397247	0.9826410101250274	3.1506596407175658	0.08739167770308673	9.965287055783945	156.05230322053697	4.682151489177429	0.9947562197847473	42.876598695967495	236.95630777537644	0.21438117360685618
2.7312441471571907	2.9498327759197323	2.819082402422525	0.0016124829998950113	1.6200218800563666	0.9811364279748458	3.110590716507976	0.09381274412098455	9.970160291866232	153.1646652649455	4.623515246407658	0.9945497789904579	42.498249590814915	236.8921739351109	0.20106944770667912
2.7312441471571907	2.9866220735785953	2.8003682675915775	0.0017750325760518975	1.600842308922418	0.9795298683594593	3.0704262361777475	0.10052678732217957	9.975671326661095	150.26012084932898	4.566406135362312	0.9943374197381203	42.127947342128564	236.83459121376367	0.1887350211412037
2.7312441471571907	3.0234113712374584	2.7819143915275943	0.001951349986317392	1.5822143096873769	0.9778166889408207	3.0302285509698637	0.10750857802881186	9.9814107563416	147.3437241129353	4.51077500712029	0.9941192406008779	41.76549263771663	236.78419800938653	0.1772716197134606
2.7312441471571907	3.060200668896321	2.763717206470048	0.0021423315686205538	1.5641236272706251	0.975992387000554	2.990074536688134	0.1147262696810418	9.986946912127847	144.42197438070144	4.456575349674847	0.9938953936694255	41.41070197176364	236.7416673995981	0.16656585319277478
2.7312441471571907	3.096989966555184	2.7457736380014515	0.0023488997857871495	1.5465568011214714	0.9740526192228072	2.950052549105493	0.12214237957616758	9.991843345237932	141.5025824216842	4.403762989026685	0.9936660774027676	41.063405200647125	236.7076932939958	0.15650141047574995
2.7312441471571907	3.1337792642140467	2.728080719790249	0.0025720043567199194	1.5295010961544777	0.971993199055443	2.9102584479961906	0.1297152308802191	9.995677791329685	138.59413640514313	4.3522958078977565	0.9934315264620974	40.723442913368	236.6829757492034	0.14696354434842693
2.7312441471571907	3.17056856187291	2.71063522957201	0.002812625121884152	1.5129444489883768	0.9698100723606693	2.870791123594283	0.1374006984506842	9.99806042066591	135.70570289650198	4.302133496409222	0.993191999795616	40.390663854943256	236.66820711508694	0.13784332642403338
2.7312441471571907	3.2073578595317724	2.693433383525443	0.0030717765013753557	1.4968754298293536	0.9674992755036698	2.8317480401942534	0.1451540518640113	9.998649280030959	132.84640912467805	4.253237345306517	0.992947768477068	40.0649226310952	236.6640604921999	0.12904119935131692
2.7312441471571907	3.2441471571906355	2.676470614487773	0.003350513207846451	1.481283218487683	0.9650568823082961	2.7932212792525895	0.1529316856645606	9.997161383800808	130.02505337032446	4.20557008640578	0.9926991047022956	39.74607786461808	236.6711814981375	0.12046949903289063
2.7312441471571907	3.280936454849498	2.659741443686337	0.0036499367835470834	1.4661575916825538	0.9624789469529255	2.755294435612847	0.16069256722969938	9.993378735061656	127.24978119699452	4.159095778621552	0.9924462729740577	39.433990887555986	236.6901837169292	0.11205381702158584
2.7312441471571907	3.317725752508361	2.6432394404831467	0.0039712025476656	1.4514889182212347	0.9597614490033567	2.7180405416300935	0.16839930040041398	9.987149404579291	124.52785001479441	4.113779732867605	0.9921895239947431	39.12852496499563	236.7216476185806	0.10373326416635431
2.7312441471571907	3.3545150501672243	2.626957253628373	0.0043155266388483614	1.4372681588021246	0.9569002449406071	2.6815210183582616	0.17601877628603485	9.978384453652358	121.86548800942091	4.069588466260801	0.9919290912928034	38.829544977638484	236.7661223173977	0.09545983567868577
2.7312441471571907	3.391304347826087	2.6108866921868965	0.004684192973787413	1.4234868678534363	0.9538910284285135	2.6457855202242526	0.18352244316609695	9.967051849366701	119.26783987555294	4.026489675491424	0.9916651902410871	38.53691745198812	236.82412933818208	0.08719714608570456
2.7312441471571907	3.42809364548495	2.5950188341301104	0.005078560075550102	1.4101371956866984	0.9507292997268968	2.6108724661608447	0.19088626570919456	9.953168592375896	116.73898319505697	3.984452220397135	0.9913980189252578	38.25051081814429	236.89616755501342	0.07891880611917078
2.7312441471571907	3.4648829431438126	2.579344143900934	0.00550006782979204	1.3972118900753463	0.9474103433728085	2.576810031718208	0.1980904592027316	9.936792136429975	114.28199584358774	3.943446110882004	0.9911277602719939	37.97019578772693	236.98271859283824	0.0706066732097495
2.7312441471571907	3.5016722408026757	2.56385258516879	0.0059502442950202525	1.384704297024989	0.9439292125617934	2.543617397253357	0.20511908226407735	9.918011926687695	111.89905534844365	3.903442492630124	0.9908545849029794	37.69584576817077	237.08425216601125	0.06224914656368351
2.7312441471571907	3.5384615384615383	2.5485337199961164	0.006430712728597733	1.3726083609421478	0.9402807184487794	2.511306088472645	0.2119595586721094	9.896941606990131	109.59155406154223	3.8644136290953686	0.9905786542903792	37.4273372559549	237.2012310148627	0.05383961554193156
2.7312441471571907	3.5752508361204014	2.533376789856053	0.006943199002763391	1.360918624654945	0.9364594226869001	2.4798812923373337	0.21860218187121908	9.873712200529699	107.36021791930858	3.826332878786825	0.9903001239119603	37.164550174804845	237.3341152590343	0.045375117348617176
2.7312441471571907	3.612040133779264	2.5183707770350896	0.007489539584807017	1.3496302298433387	0.9324596317785443	2.4493430740918445	0.22503963876708272	9.848466379158383	105.20522043601468	3.789174667888294	0.9900191462143811	36.90736814307198	237.48336610270655	0.03685522115685541
2.7312441471571907	3.648829431438127	2.503504446948771	0.008071690250980342	1.3387389184519571	0.928275392114402	2.4196874554374626	0.23126657504441397	9.821353807604407	103.12628687373977	3.752914458830786	0.9897358732803095	36.655678667009006	237.64944890303195	0.028281130522814495
2.7312441471571907	3.68561872909699	2.488766372995292	0.008691735700373014	1.3282410356295549	0.9239004848565072	2.3909073386853295	0.23727921324001927	9.792527471788933	101.12278605487862	3.7175287156964414	0.9894504591571627	36.40937326431146	237.83283565656302	0.019654981780593692
2.7312441471571907	3.722408026755853	2.4741449460216987	0.009351900236167306	1.3181335346964618	0.919328420048663	2.36299327808151	0.2430750271064103	9.762140862523886	99.19380905089012	3.6829948673835564	0.9891630618455102	36.16834752628633	238.03400697843466	0.010979309966516538
2.7312441471571907	3.759197324414716	2.459628370507942	0.010054559689133605	1.3084139846040592	0.9145524295034597	2.3359341091954224	0.24865247085787096	9.73034587454654	97.33823511625819	3.649291269394375	0.988873844968549	35.932501128510424	238.2534536537439	0.0022566528567381883
2.7312441471571907	3.7959866220735785	2.4452046493616604	0.010802254772780436	1.2990805803286032	0.9095654581228497	2.3097174521712773	0.25401075903100295	9.697291285768058	95.55478589192411	3.616397164983767	0.9885829791554996	35.701737799819576	238.49167783654067	-0.006510734288327148
2.7312441471571907	3.8327759197324416	2.4308615588832874	0.011597706081717835	1.2901321566403612	0.9043601533675043	2.2843301063676007	0.2591496912900045	9.663121695216866	93.84206922055998	3.584292646266661	0.9882906431754679	35.47596525861669	238.74919396344447	-0.015321077236764178
2.7312441471571907	3.869565217391304	2.41658661508359	0.012443830975044468	1.281568205709936	0.8989288526082978	2.2597583536854646	0.26406951605608225	9.627976815392184	92.19861401333459	3.552958615748261	0.9879970248573875	35.25509512426964	239.02652943909752	-0.024173214622552522
2.7312441471571907	3.9063545150501673	2.4023670321568784	0.013343762625696573	1.273388899057551	0.8932635680793382	2.2359881865853826	0.26877082696373417	9.591991032514919	90.62289757110666	3.5223767486244615	0.9877023218282797	35.039042810073724	239.32422514108606	-0.033066679389767865
2.7312441471571907	3.94314381270903	2.3881896735527035	0.01430087156588434	1.2655951144186814	0.8873559691119219	2.2130054749945005	0.27325448658271423	9.555293164765372	89.11336665283461	3.4925294561041804	0.9874067420976488	34.82772740303336	239.64283578346337	-0.04200174273720714
2.7312441471571907	3.979933110367893	2.374040995752017	0.015318790119718567	1.2581884681921238	0.8811973612663648	2.1907960843681766	0.27752157242253483	9.51800636322825	87.66845344025022	3.463399849930461	0.9871105045112449	34.62107153465176	239.98293017094667	-0.05097943057549052
2.7312441471571907	4.016722408026756	2.3599069845365	0.016401440189307545	1.2511713542569256	0.8747786618953676	2.169345955297416	0.28157334085216496	9.480248112677973	86.28658739508816	3.43497170822049	0.9868138390931342	34.41900124602595	240.3450913702373	-0.06000152014474549
2.7312441471571907	4.053511705685619	2.345773083233118	0.01755306495322676	1.2445469900966508	0.8680903715680774	2.148641153350685	0.2854112051616941	9.44213029958879	84.96620385762101	3.4072294427037475	0.9865169872912828	34.22144584982927	240.72991682068377	-0.06907052255289484
2.7312441471571907	4.090301003344481	2.331624112107386	0.018778265150655272	1.2383194713592205	0.8611225406558486	2.128667896345625	0.2890367245362129	9.403759323056946	83.70575010012753	3.380158067408731	0.9862202021387508	34.02833779120574	241.13801840344513	-0.07818965551931344
2.7312441471571907	4.127090301003345	2.31744417775294	0.020082040766388434	1.232493836216302	0.8538647302247416	2.1094125649667363	0.29245160119440533	9.365236230942035	82.50368942912732	3.35374316882914	0.9859237483401279	33.839612509171864	241.57002248616806	-0.08736280947737374
2.7312441471571907	4.1638795986622075	2.3032165709647345	0.021469839108936684	1.2270761411796052	0.8463059661893517	2.0908617015647577	0.2956576833649356	9.326656868745431	81.35850382625442	3.3279708775878447	0.9856279022909598	33.65520829980514	242.02656995882612	-0.09659450933804413
2.7312441471571907	4.20066889632107	2.2889236511671607	0.022947610496142624	1.2220735503978948	0.8384346854483494	2.0730020010665973	0.2986569721387599	9.288112032792927	80.26869552844731	3.302827841609163	0.9853329520365706	33.47506618226601	242.50831627555237	-0.1058898735876909
2.7312441471571907	4.237458193979933	2.27454671497115	0.024521873043714174	1.2174944409192971	0.830238672431177	2.055820297165234	0.3014516305526381	9.249687622393479	79.23278787218469	3.2783012008049317	0.9850391971757688	33.29912976853178	243.015931516819	-0.11525457193847766
2.7312441471571907	4.274247491638796	2.2600658458235903	0.026199788410070597	1.2133485269871658	0.8217049841198268	2.0393035463212	0.30404399353686845	9.211464787986486	78.24932566199281	3.2543785632766355	0.9847469487143927	33.127345137600315	243.550100486091	-0.12469478242939541
2.7312441471571907	4.311036789297659	2.2454597409458104	0.02798925081086432	1.2096470071836671	0.8128198611449096	2.02343881156865	0.30643657760618986	9.173520074014718	77.31687526868878	3.2310479830329917	0.9844565288733885	32.95966071483153	244.1115228549051	-0.13421714865718437
2.7312441471571907	4.3478260869565215	2.230705510779093	0.02989899221279388	1.2064027391973953	0.8035686219571341	2.0082132476610495	0.3086320893931094	9.135925556488917	76.43402461630184	3.208297939219413	0.9841682708560783	32.79602715702493	244.70091337014946	-0.14382873767321971
2.7312441471571907	4.384615384615385	2.2157784448871394	0.03193870739667255	1.203630448244985	0.7939355362962266	1.9936140886996372	0.31063343232228874	9.098748976041088	75.59938317707466	3.1861173168519836	0.9838825185793718	32.63639724377106	245.31900213701772	-0.15353699899374096
2.7312441471571907	4.421404682274248	2.200651736600579	0.03411920361152809	1.2013469768278846	0.7839036731515753	1.9796286390506919	0.31244371090624584	9.062053867776099	74.81158206036825	3.1644953890437804	0.9835996263738592	32.480725775556564	245.96653499065357	-0.16334972511978094
2.7312441471571907	4.45819397993311	2.1852961564750455	0.036452580920942494	1.1995715857050688	0.7734547170363923	1.9662442680673209	0.3140662323082697	9.025899689491242	74.06927425288426	3.143421800705241	0.9833199586579171	32.32896947904043	246.64427396880222	-0.17327501393674583
2.7312441471571907	4.494983277591973	2.169679661653195	0.03895245120909255	1.198326318928896	0.7625687445402257	1.95344840888276	0.3155045049686518	8.99034194989711	73.37113504380797	3.122886553693385	0.9830438895911389	32.18108691985242	247.35299789691516	-0.18332123335145045
2.7312441471571907	4.531772575250836	2.153766924151356	0.04163420637165732	1.197636449844391	0.7512239505782797	1.941228561330307	0.31676223422533023	8.95543233838655	72.71586264871856	3.1028799933763183	0.9827718027124969	32.0370384231859	248.093503095975	-0.19349698851863115
2.7312441471571907	4.568561872909699	2.137518755456538	0.04451534977151605	1.197531030569378	0.7393963102140341	1.9295722988688806	0.31784331497868246	8.921218857704176	72.10217903015358	3.0833927965710073	0.9825040905686455	31.89678600237439	248.86660422201524	-0.20381109200422626
2.7312441471571907	4.605351170568562	2.1208913968937915	0.04761591005616335	1.1980435753783891	0.7270591569284631	1.918467279249532	0.3187518215522956	8.887745960601286	71.52883090012782	3.0644159608031023	0.98224115433765	31.760293295546887	249.6731352447749	-0.21427253722478656
2.7312441471571907	4.642140468227424	2.1038356338862476	0.05095896363457277	1.1992129197291974	0.7141826510224127	1.9079012585463297	0.3194919949860098	8.855054691251244	70.9945908804752	3.0459407948286623	0.9819834034531606	31.627525510358648	250.51395057130762	-0.2248904754892418
2.7312441471571907	4.678929765886288	2.0862956757045104	0.054571302640434305	1.2010843131727738	0.7007331013234094	1.8978621080932054	0.3200682280640015	8.82318283187482	70.4982587903225	3.027958910349121	0.98173125523365	31.498449376692694	251.38992631866395	-0.23567419695009587
2.7312441471571907	4.7157190635451505	2.0682077177094	0.05848430092573267	1.203710828954729	0.6866720876642756	1.8883378338140897	0.32048504842942754	8.792165054704807	70.03866302597376	3.0104622148430713	0.9814851345207894	31.373033107124566	252.30196173805243	-0.24663311574557997
2.7312441471571907	4.752508361204013	2.0494980656364263	0.06273505463675573	1.207155210544797	0.6719553076047207	1.8793165974053112	0.3207471001683788	8.762033079122098	69.61466199673212	2.9934429054317113	0.9812454733303763	31.251246364843134	253.25098079118922	-0.2577767595841189
2.7312441471571907	4.789297658862877	2.0300806429190104	0.06736791156098114	1.2114923338536854	0.6565310332410419	1.8707867388237522	0.3208591242608298	8.732815833534275	69.22514558035463	2.976893463689484	0.9810127105184563	31.13306023862631	254.23793387796923	-0.26911476398850254
2.7312441471571907	4.826086956521739	2.009853607777771	0.07243656419443267	1.216812558135807	0.6403380031964474	1.8627367995484239	0.3208259382964037	8.704539621350904	68.869036563585	2.960806651307338	0.980787291464429	31.01844722438319	255.26379971308788	-0.28065687138198325
2.7312441471571907	4.862876254180602	1.9886946498203968	0.07800698292857401	1.223226395526952	0.6233024734414913	1.8551555461137517	0.3206524158399531	8.677228290242692	68.5452920362112	2.945175506513639	0.9805696677720136	30.907381212697945	256.32958734793976	-0.29241293516373495
2.7312441471571907	4.8996655518394645	1.9664542640954323	0.08416164185476423	1.2308712009327667	0.6053339744995817	1.848031993456506	0.32034346580828477	8.650903403755782	68.252904711024	2.9299933411564605	0.9803602969880021	30.799837481742877	257.43633833291125	-0.30439292888968816
2.7312441471571907	4.936454849498328	1.9429458080050197	0.09100580958954922	1.2399210764850974	0.5863190026897082	1.8413554276711115	0.31990401218735354	8.625584414286264	67.99090414656762	2.915253738351467	0.98015964233777	30.69579269487556	258.585129014232	-0.31660696064756666
2.7312441471571907	4.973244147157191	1.917930204327855	0.09867729093551215	1.2506021268966658	0.5661112596477242	1.835115427827089	0.3193389743809818	8.601288836400155	67.75835785442405	2.9009505506005597	0.9799681724755588	30.595224902187706	259.77707295862706	-0.32906529269526485
2.7312441471571907	5.010033444816053	1.8910912295768179	0.10736226083796861	1.263217126027247	0.5445157987207463	1.829301886564355	0.3186532484400607	8.578032419505252	67.55437227769299	2.8870778982890015	0.9797863612466271	30.498113545242838	261.0133234983407	-0.34177836641957027
2.7312441471571907	5.046822742474917	1.861993066463877	0.11732261898537209	1.278187915377094	0.5212616499393397	1.8239050292443681	0.31785168937724595	8.555829318937347	67.3780936321151	2.873630168471468	0.9796146874574785	30.404439464214278	262.29507638844893	-0.354756832670041
2.7312441471571907	5.083612040133779	1.8300013387199516	0.12894715164855164	1.2961343156928664	0.4959506370212893	1.8189154314951985	0.3169390947282411	8.53469226460647	67.22870860576101	2.8606020138605883	0.9794536346495437	30.314184906617093	263.6235725677857	-0.36801158753084506
2.7312441471571907	5.120401337792642	1.7941193781935922	0.1428581519165976	1.3180378011329197	0.4679507352936288	1.8143240350453989	0.3159201894782035	8.514632726454355	67.10544491729871	2.847988351935062	0.9793036908709188	30.227333536818037	265.00010101427176	-0.3815538136124215
2.7312441471571907	5.157190635451505	1.752590575898866	0.16017160644657877	1.34563908361974	0.4361358624558409	1.8101221617925038	0.31479961243215276	8.495661076092565	67.00757173638824	2.835784364087164	0.9791653484400399	30.14387044549661	266.4260016847605	-0.395395026975602
2.7312441471571907	5.193979933110368	1.70164684623393	0.18331991742754358	1.3826895773753756	0.3980631335180452	1.8063015260976243	0.31358190407197123	8.477786744118731	66.93439997279688	2.8239854947323026	0.9790391036945165	30.063782158224342	267.902668528829	-0.409547129843041
2.7312441471571907	5.230769230769231	1.62859461748605	0.2206195555756415	1.4418653296442812	0.3454051841279158	1.802854245336033	0.31227149591064995	8.46101837273862	66.88528244326282	2.8125874503047608	0.9789254567177355	29.987056642318176	269.4315525649797	-0.4240224693077994
2.7312441471571907	5.2675585284280935	1.530402554427528	0.2786665500915544	1.5304025544274156	0.2786665500916471	1.7997275900716196	0.310887245118216	8.445246746441258	66.85640191744453	2.801550428625954	0.9788232781914777	29.913339961269337	271.00680131882643	-0.4387803744651018
2.7312441471571907	5.304347826086956	1.5112154556979105	0.28884698838374845	1.5112154556979578	0.2888469883837163	1.7959663199836087	0.3097451658425784	8.429315779017768	66.78389683918482	2.7900163360851282	0.9787300010878603	29.835237144589396	272.462840993308	-0.4543015383978779
2.7312441471571907	5.34113712374582	1.5048646775564516	0.29042201588097283	1.504864677556464	0.2904220158809644	1.7922057188893672	0.30862898983906717	8.413542314768584	66.70923482402776	2.7785816321602357	0.9786371902446033	29.75766139591334	273.9112185359045	-0.46975359283392604
2.7312441471571907	5.377926421404682	1.6344535666697249	0.2111398838079557	1.6344535666697129	0.21113988380796214	1.8033506290609551	0.3026957819289699	8.410139137891928	67.60308435129528	2.7813924698823462	0.9784388780992836	29.7994117034428	278.12692539735394	-0.46975359283392604
2.7312441471571907	5.414715719063545	1.6959752264712395	0.179639714539276	1.695975226471245	0.1796397145392733	1.8168301867161625	0.2962407082372354	8.411376646281628	68.64635213353098	2.786787146405018	0.97828589166219	29.863829517812555	282.91658896284997	-0.46975359283392604
2.7312441471571907	5.451505016722408	1.7363501845022418	0.16104054472710264	1.7363501845022458	0.16104054472710078	1.8309584392193654	0.28981980205798724	8.414485868952509	69.72495689494575	2.793317917327279	0.9781576779038276	29.937987593604504	288.00147700262556	-0.46975359283392604
2.7312441471571907	5.488294314381271	1.7669011164066084	0.14805660760720363	1.7669011164066082	0.14805660760720357	1.8451302233550908	0.28361367376062663	8.41844552167182	70.79860343186282	2.8004256921198376	0.9780460080707483	30.016897088998384	293.2741771138126	-0.46975359283392604
2.7312441471571907	5.525083612040134	1.7916444472673674	0.1382257114848848	1.7916444472673676	0.13822571148488466	1.859065480871804	0.2776901780670187	8.422758753102787	71.84912871543953	2.8078182774501252	0.9779462664027442	30.097957819564687	298.6778016983184	-0.46975359283392604
2.7312441471571907	5.561872909698996	1.812490968443912	0.13041501851631157	1.8124909684439128	0.1304150185163113	1.8726251329132455	0.2720702927102334	8.427156746593893	72.8678929011304	2.8153230180574247	0.9778554638383614	30.179640449795382	304.1778510411095	-0.46975359283392604
2.7312441471571907	5.59866220735786	1.830514567805448	0.12400637824913383	1.8305145678054484	0.12400637824913359	1.8857424138009071	0.2667529010177595	8.431488901909795	73.85108178889388	2.8228324626733095	0.9777715297270522	30.26099961380349	309.75203525093576	-0.46975359283392604
2.7312441471571907	5.635451505016722	1.8463865659419816	0.11862423414601835	1.8463865659419834	0.1186242341460177	1.898390503552226	0.2617262316804525	8.43567126376521	74.79750275925541	2.8302783514667316	0.9776929751884272	30.341440501002936	315.38546263392243	-0.46975359283392604
2.7312441471571907	5.672240802675585	1.8605585502803774	0.11402300782988163	1.8605585502803768	0.1140230078298819	1.9105653329848884	0.2569736557061712	8.439659123391886	75.70742263720513	2.8376172696106843	0.9776187042103067	30.42059005581501	321.0679997821304	-0.46975359283392604
2.7312441471571907	5.709030100334449	1.8733508879197331	0.11003331754619011	1.8733508879197338	0.11003331754618985	1.9222758283935422	0.2524767455188033	8.443431403055634	76.58191487715756	2.8448220585550237	0.9775478966014802	30.49821988858161	326.79268946104736	-0.46975359283392604
2.7312441471571907	5.745819397993311	1.8850001531651561	0.10653351889836506	1.8850001531651572	0.10653351889836457	1.9335381642508485	0.24821690250738984	8.446981364641733	77.42247970312833	2.8518764062473423	0.9774799308827421	30.574197762953393	332.5547481351879	-0.46975359283392604
2.7312441471571907	5.782608695652174	1.8956865789170299	0.10343343809444974	1.8956865789170292	0.10343343809444992	1.9443723049751713	0.24417620439446655	8.450310925930676	78.23081905748037	2.8587713232332725	0.9774143314226459	30.64845604035652	338.35090652377096	-0.46975359283392604
2.7312441471571907	5.8193979933110365	1.9055509376469046	0.1006644998228186	1.9055509376469033	0.10066449982281912	1.9547999045232556	0.2403378182763807	8.4534271208517	79.00870260502906	2.865502792509673	0.9773507311811546	30.720970675312863	344.178964018996	-0.46975359283392604
2.7312441471571907	5.8561872909699	1.9147054396655772	0.09817344244238128	1.914705439665576	0.09817344244238163	1.9648430321578931	0.23668617034297504	8.456339871113805	79.75788858853007	2.8720701749237305	0.977288844913222	30.791746997325635	350.0374814485693	-0.46975359283392604
2.7312441471571907	5.892976588628763	1.9232410546365597	0.09591815788276668	1.9232410546365606	0.09591815788276635	1.9745234095762332	0.23320698041884022	8.459060577017333	80.4800782346146	2.8784751131559667	0.9772284495866167	30.860809966218426	355.9255658192808	-0.46975359283392604
2.7312441471571907	5.929765886287625	1.9312325955033032	0.0938648474134871	1.9312325955033043	0.09386484741348677	1.9838619679858058	0.22988722346056886	8.461601228035752	81.17689085446786	2.8847207710902785	0.977169369884006	30.928197432338344	361.8427175354846	-0.46975359283392604
2.7312441471571907	5.966555183946488	1.9387423482552413	0.09198602330997561	1.938742348255241	0.09198602330997574	1.9928786064297483	0.22671505393854902	8.463973846968445	81.84985173428886	2.8908113022773447	0.9771114673497618	30.993955445722722	367.78872079100574	-0.46975359283392604
2.7312441471571907	6.003344481605351	1.945822725587017	0.09025907174306753	1.9458227255870155	0.09025907174306795	2.001592076654253	0.2236797138360749	8.466190149827517	82.5003878880761	2.896751476860582	0.9770546321864598	31.058134979635586	373.76356422958355	-0.46975359283392604
2.7312441471571907	6.040133779264214	1.9525182469006341	0.08866519823807902	1.9525182469006337	0.08866519823807917	2.0100199469800653	0.22077143608141736	8.468261345830946	83.12982857204902	2.902546419254933	0.9769987770008974	31.120789640319302	379.76738308946767	-0.46975359283392604
2.7312441471571907	6.076923076923077	1.9588670420749827	0.08718864011050609	1.9588670420749843	0.08718864011050567	2.018178614697467	0.21798134996072688	8.47019802841469	83.73940859853454	2.908201423902495	0.9769438319995893	31.181974070128252	385.8004167610049	-0.46975359283392604
2.7312441471571907	6.11371237458194	1.9649020114307876	0.08581606907571113	1.9649020114307882	0.0858160690757109	2.0260833473573747	0.21530139194355358	8.472010125120482	84.33027320564163	2.9137218264586546	0.9768897412720952	31.241742841417672	391.8629775057825	-0.46975359283392604
2.7312441471571907	6.150501672240803	1.9706517328705273	0.0845361318013772	1.9706517328705273	0.08453613180137722	2.0337483403106917	0.2127242235188541	8.47370688517325	84.90348369686488	2.9191129145506207	0.9768364598977138	31.30014969955341	397.9554273254448	-0.46975359283392604
2.7312441471571907	6.187290969899665	1.976141180032141	0.08333909214313857	1.976141180032141	0.0833390921431386	2.041186782374683	0.2102431565746008	8.475296890724996	85.46002335858125	2.9243798669032124	0.976783951680214	31.357247055167505	404.0781608242906	-0.46975359283392604
2.7312441471571907	6.224080267558528	1.9813922971010258	0.0822165494257172	1.981392297101027	0.08221654942571685	2.048410924459329	0.20785208625236362	8.476788082468362	86.000803352845	2.92952771285227	0.9767321873650435	31.413085654694058	410.23159250817025	-0.46975359283392604
2.7312441471571907	6.260869565217392	1.9864244634685686	0.08116121434190965	1.9864244634685693	0.08116121434190945	2.0554321479220024	0.20554543088490299	8.47818779346383	86.5266684052272	2.934561306523673	0.9766811432296368	31.467714378425512	416.41614738492547	-0.46975359283392604
2.7312441471571907	6.297658862876254	1.991254872735822	0.08016672902628356	1.9912548727358224	0.08016672902628341	2.0622610306888403	0.2033180784678407	8.479502787124966	87.03840218634534	2.939485311550946	0.976630799964008	31.52118012958117	422.63225403334405	-0.46975359283392604
2.7312441471571907	6.334448160535117	1.9958988443950392	0.07922752136391589	1.9958988443950385	0.07922752136391603	2.068907410013384	0.20116533905750222	8.4807392967165	87.53673233632509	2.944304193340152	0.9765811417784798	31.57352778800995	428.8803395248685	-0.46975359283392604
2.7312441471571907	6.37123745819398	2.000370082078845	0.07833868609427129	2.0003700820788453	0.07833868609427114	2.0753804412856858	0.19908290248431967	8.481903064669304	88.02233511352354	2.9490222167054014	0.9765321556900715	31.62480020940106	435.160825740034	-0.46975359283392604
2.7312441471571907	6.408026755852843	2.0046808890199563	0.0774958870785984	2.004680889019955	0.07749588707859874	2.0816886526549934	0.19706680079946737	8.482999380655485	88.495839668771	2.9536434472863284	0.9764838309501085	31.675038256100187	441.4741267369978	-0.46975359283392604
2.7312441471571907	6.444816053511706	2.00884234896189	0.07669527642362602	2.00884234896189	0.07669527642362599	2.087839995451663	0.19511337491604347	8.48403311779685	88.95783195840733	2.9581717555862657	0.9764361585839627	31.724280849415965	447.82064691463626	-0.46975359283392604
2.7312441471571907	6.481605351170568	2.0128644789611023	0.07593342713590137	2.0128644789611023	0.07593342713590141	2.0938418905302734	0.19321924495632	8.485008766666363	89.4088583161496	2.9626108227810413	0.976389131020202	31.77256503605249	454.2007797755871	-0.46975359283392604
2.7312441471571907	6.518394648829432	2.0167563591596163	0.07520727671599621	2.016756359159616	0.07520727671599643	2.0997012707370146	0.19138128386753753	8.48593046693353	89.84942870730717	2.9669641476775666	0.9763427417913076	31.81992606332438	460.6149071418676	-0.46975359283392604
2.7312441471571907	6.555183946488294	2.020526243565329	0.07451407965784416	2.0205262435653286	0.07451407965784423	2.1054246197469477	0.1895965939179441	8.486802036627822	90.28001969010408	2.9712350543690307	0.9762969852918854	31.866397459283338	467.0633987108242	-0.46975359283392604
2.7312441471571907	6.591973244147157	2.024181655074034	0.07385136724275701	2.0241816550740337	0.07385136724275715	2.1110180075357996	0.18786248573030548	8.487626999073687	90.70107710881844	2.9754267002579153	0.9762518565832062	31.912011114975122	473.5466118658589	-0.46975359283392604
2.7312441471571907	6.62876254180602	2.0277294673418034	0.0732169133443873	2.0277294673418043	0.07321691334438714	2.116487122753985	0.18617645955153964	8.488408607598958	91.1130185425573	2.9795420842099922	0.9762073512352049	31.956797366846793	480.0648916765617	-0.46975359283392604
2.7312441471571907	6.665551839464883	2.0311759756258483	0.07260870521443545	2.031175975625848	0.07260870521443549	2.121837302263863	0.18453618849418094	8.489149868145832	91.51623553212659	2.983584054670294	0.9761634651988288	32.00078507791331	486.6185710381378	-0.46975359283392604
2.7312441471571907	6.702341137123746	2.0345269583243777	0.07202491841712286	2.034526958324378	0.07202491841712273	2.1270735580888154	0.18293950351819271	8.489853559927363	91.91109560587115	2.9875553176227516	0.9761201947030496	32.044001716730264	493.2079709118178	-0.46975359283392604
2.7312441471571907	6.739130434782608	2.0377877306374335	0.07146389523654026	2.037787730637433	0.07146389523654034	2.132200602007037	0.18138437995054463	8.49052225427672	92.29794412367558	2.991458444312423	0.9760775361719495	32.08647343353921	499.8334006368521	-0.46975359283392604
2.7312441471571907	6.775919732441472	2.040963191523573	0.07092412600469923	2.0409631915235718	0.0709241260046995	2.137222868005773	0.17986892536526944	8.491158331834905	92.67710595664438	2.9952958786769757	0.9760354861581798	32.128225133187804	506.49515829162544	-0.46975359283392604
2.7312441471571907	6.812709030100335	2.044057864928036	0.07040423289679679	2.044057864928036	0.07040423289679687	2.1421445327942026	0.17839136866881863	8.491763998217266	93.0488870183608	2.999069944454448	0.9759940412897915	32.16928054459984	513.1935310867315	-0.46975359283392604
2.7312441471571907	6.849498327759197	2.0470759360965136	0.06990295581938122	2.0470759360965136	0.06990295581938118	2.1469695345559416	0.1769500502548016	8.492341298291473	93.41357566210003	3.0027828519491595	0.9759531982279972	32.209662286693565	519.9287957769144	-0.46975359283392604
2.7312441471571907	6.88628762541806	2.05002128365721	0.06941914008094553	2.0500212836572103	0.06941914008094545	2.1517015901059926	0.17554341310891383	8.492892129191246	93.77144395697772	3.006436704448815	0.9759129536338809	32.24939193073924	526.701219082068	-0.46975359283392604
2.7312441471571907	6.923076923076923	2.0528975080456693	0.06895172558635279	2.0528975080456693	0.0689517255863528	2.1563442106011714	0.17416999475952652	8.49341825218034	94.12274885469084	3.0100335042932445	0.9758733041424305	32.288490059206715	533.5110581097834	-0.46975359283392604
2.7312441471571907	6.959866220735786	2.055707956758389	0.06849973733866474	2.055707956758389	0.0684997373386648	2.1609007159392393	0.17282841998201603	8.49392130347258	94.46773325735953	3.013575158601145	0.9758342463425638	32.32697632120063	540.3585607739814	-0.46975359283392604
2.7312441471571907	6.996655518394649	2.0584557468475024	0.06806227706659201	2.0584557468475024	0.06806227706659208	2.1653742479685913	0.17151739417601927	8.49440280410428	94.80662699589006	3.017063484664789	0.9757957767620605	32.36486948460867	547.2439662055568	-0.46975359283392604
2.7312441471571907	7.033444816053512	2.0611437850079257	0.06763851582422072	2.061143785007925	0.06763851582422087	2.1697677826186004	0.1702356973443878	8.494864168947105	95.13964772732974	3.020500215025322	0.9757578918565029	32.402187485107184	554.1675051521371	-0.46975359283392604
2.7312441471571907	7.070234113712375	2.063774785557316	0.06722768743321735	2.063774785557316	0.06722768743321723	2.174084141049822	0.16898217861101353	8.495306714941263	95.46700175881479	3.023887002242814	0.9757205880014868	32.43894747217906	561.1294003649217	-0.46975359283392604
2.7312441471571907	7.107023411371237	2.0663512865665408	0.06682908265723152	2.066351286566542	0.06682908265723136	2.1783259999135183	0.16775575122201106	8.495731668621376	95.7888848049387	3.0272254233761946	0.9756838614874989	32.47516585230391	568.129866971274	-0.46975359283392604
2.7312441471571907	7.1438127090301	2.0688756643625013	0.06644204401447716	2.0688756643625004	0.06644204401447729	2.1824959008011886	0.1665553879811231	8.49614017300079	96.10548268468004	3.030516984188536	0.9756477085169537	32.5108583294806	575.169112832219	-0.46975359283392604
2.7312441471571907	7.1806020066889635	2.0713501465947894	0.06606596114808824	2.0713501465947894	0.06606596114808827	2.1865962589568118	0.16538011707581432	8.496533293873517	96.41697196340259	3.033763123093253	0.9756121252029805	32.54603994324116	582.2473388844646	-0.46975359283392604
2.7312441471571907	7.217391304347826	2.0737768240319268	0.06570026668527995	2.0737768240319263	0.06570026668528002	2.190629371317284	0.1642290182554246	8.496912025587314	96.72352054488259	3.036965214856307	0.9755771075696132	32.58072510430809	589.3647394667444	-0.46975359283392604
2.7312441471571907	7.254180602006689	2.076157661231386	0.0653444325259178	2.076157661231386	0.06534443252591786	2.194597423940479	0.16310121932699836	8.497277296336655	97.02528821784335	3.0401245740695257	0.9755426515531053	32.61492762804551	596.5215026307039	-0.46975359283392604
2.7312441471571907	7.290969899665551	2.0784945062085822	0.0649979665092984	2.0784945062085822	0.06499796650929839	2.198502498874116	0.16199589293823827	8.497629973018917	97.32242716100379	3.0432424584089928	0.9755087530041293	32.648660765843175	603.7178104364813	-0.46975359283392604
2.7312441471571907	7.327759197324415	2.0807890992144396	0.06466040941478587	2.0807890992144396	0.06466040941478585	2.2023465805138738	0.1609122536203018	8.497970865693526	97.61508241027744	3.0463200716923082	0.9754754076906726	32.681937234568544	610.953839233445	-0.46975359283392604
2.7312441471571907	7.364548494983278	2.083043080717421	0.06433133225782081	2.083043080717421	0.06433133225782083	2.206131561494453	0.15984955506607731	8.498300731679786	97.90339229139835	3.049358566747693	0.9754426113014663	32.714769244214274	618.2297599265754	-0.46975359283392604
2.7312441471571907	7.40133779264214	2.0852579986739466	0.06401033384786077	2.0852579986739466	0.06401033384786074	2.2098592481529407	0.1588070876221948	8.49862027932536	98.18748882091934	3.0523590481069616	0.9754103594498144	32.747168523858534	625.5457382289558	-0.46975359283392604
2.7312441471571907	7.438127090301004	2.0874353151613345	0.06369703857903043	2.087435315161334	0.06369703857903057	2.213531365600455	0.1577841759752386	8.498930171474875	98.46749807827076	3.055322574534152	0.9753786476777189	32.77914634605232	632.9019349010454	-0.46975359283392604
2.7312441471571907	7.474916387959866	2.089576412438355	0.06339109442798145	2.0895764124383556	0.06339109442798144	2.2171495624344075	0.15678017701468863	8.499231028664786	98.74354055129113	3.058250161400414	0.9753474714602043	32.81071354973679	640.2985059772367	-0.46975359283392604
2.7312441471571907	7.511705685618729	2.0916825984910137	0.06309217113659756	2.091682598491014	0.0630921711365975	2.220715415120846	0.155794477856881	8.499523432068422	99.01573145742562	3.0611427829154323	0.9753168262097742	32.84188056178951	647.735602980365	-0.46975359283392604
2.7312441471571907	7.548494983277592	2.0937551121145557	0.06279995855990589	2.0937551121145566	0.06279995855990568	2.224230432073624	0.15482649401585546	8.499807926212826	99.28418104258174	3.0640013742247905	0.9752867072809354	32.87265741729053	655.2133731247204	-0.46975359283392604
2.7312441471571907	7.585284280936455	2.0957951275769346	0.06251416516191301	2.095795127576935	0.06251416516191297	2.2276960574547306	0.1538756677083655	8.500085021486955	99.54899485944937	3.066826833382206	0.9752571099747421	32.9030537785939	662.7319595081943	-0.46975359283392604
2.7312441471571907	7.622073578595318	2.0978037589038867	0.06223451664413288	2.097803758903887	0.06223451664413281	2.2311136747178213	0.15294146628158664	8.500355196458916	99.81027402692263	3.0696200232048407	0.9752280295433232	32.9330789532833	670.2915012941024	-0.46975359283392604
2.7312441471571907	7.65886287625418	2.0997820638214444	0.06196075469333233	2.0997820638214444	0.061960754693332364	2.234484609915136	0.15202338075315633	8.500618900018372	100.06811547211917	3.072381773019391	0.9751994611943531	32.96274191108589	677.8921338832429	-0.46975359283392604
2.7312441471571907	7.695652173913044	2.101731047387873	0.06169263583656473	2.1017310473878736	0.06169263583656464	2.237810134786235	0.15112092445416833	8.500876553358871	100.32261215636139	3.0751128803062673	0.9751714000954513	32.992051299813724	685.5339890767876	-0.46975359283392604
2.7312441471571907	7.7324414715719065	2.103651665343418	0.061429930392935615	2.1036516653434183	0.061429930392935525	2.2410914696451125	0.15023363176666754	8.501128551812997	100.57385328634659	3.077814112248286	0.9751438413784805	33.02101546039462	693.217195230399	-0.46975359283392604
2.7312441471571907	7.769230769230769	2.105544827203573	0.061172421512676885	2.1055448272035724	0.06117242151267697	2.244329786081198	0.14936105694793186	8.501375266552877	100.82192451165115	3.080486207190356	0.9751167801437335	33.04964244105394	700.9418774001889	-0.46975359283392604
2.7312441471571907	7.806020066889632	2.1074113991186927	0.06091990429517505	2.107411399118693	0.060919904295175006	2.247526209488113	0.14850277303457918	8.501617046166693	101.06690810959364	3.0831298760158057	0.9750902114639967	33.07794001070126	708.7081574809188	-0.46975359283392604
2.7312441471571907	7.842809364548495	2.1092522065205297	0.06067218497848976	2.1092522065205292	0.06067218497848979	2.2506818214329924	0.1476583708201638	8.501854218121348	101.30888315840294	3.085745803444741	0.9750641303884784	33.105915671573094	716.5161543368913	-0.46975359283392604
2.7312441471571907	7.879598662207358	2.111068036574216	0.06042908019369531	2.111068036574216	0.060429080193695334	2.2537976618781173	0.14682745790049145	8.50208709012037	101.54792569955652	3.0883346492594823	0.9750385319466004	33.1335766711798	724.3659839259692	-0.46975359283392604
2.7312441471571907	7.916387959866221	2.11285964045238	0.06019041627808169	2.11285964045238	0.06019041627808174	2.256874731265596	0.1460096577814043	8.502315951365366	101.78410889008137	3.0908970494617147	0.9750134111516424	33.1609300136008	732.2577594171092	-0.46975359283392604
2.7312441471571907	7.953177257525083	2.114627735446411	0.05995602864187082	2.114627735446411	0.05995602864187082	2.259913992474936	0.14520460904425245	8.502541073728638	102.01750314554181	3.093433617365691	0.9749887630042445	33.187982470169025	740.1915913017907	-0.46975359283392604
2.7312441471571907	7.989966555183947	2.116373006928489	0.05972576118365457	2.1163730069284887	0.05972576118365467	2.262916372662572	0.144411964564682	8.50276271284387	102.24817627438205	3.0959449446315195	0.9749645824957612	33.21474058958316	748.1675874996848	-0.46975359283392604
2.7312441471571907	8.02675585284281	2.1180961101766766	0.05949946575024021	2.1180961101766775	0.05949946575024	2.265882764991669	0.14363139078074702	8.502981109121253	102.47619360423516	3.098431602242295	0.974940864611468	33.24121070748325	756.1858534589063	-0.46975359283392604
2.7312441471571907	8.063545150501673	2.119797672074191	0.059277001637027794	2.1197976720741916	0.059277001637027704	2.2688140302598327	0.1428625670066995	8.503196488692762	102.70161810075933	3.100894141428557	0.9749176043336265	33.26739895552269	764.2464922511567	-0.46975359283392604
2.7312441471571907	8.100334448160535	2.121478292693023	0.059058235125417656	2.1214782926930233	0.059058235125417566	2.271710998431833	0.14210518478910703	8.503409064293098	102.92451047952451	3.1033330945433746	0.974894796644403	33.293311269967894	772.3496046620646	-0.46975359283392604
2.7312441471571907	8.137123745819398	2.123138546771011	0.058843039054096255	2.1231385467710107	0.058843039054096276	2.2745744700837447	0.14135894730224563	8.503619036080893	103.14492931141918	3.105748975891008	0.9748724365286486	33.31895339985374	780.4952892769779	-0.46975359283392604
2.7312441471571907	8.173913043478262	2.124778985090778	0.05863129242134662	2.1247789850907775	0.058631292421346605	2.2774052177645703	0.14062356877994944	8.503826592404838	103.36293112202205	3.108142282512056	0.9748505189765416	33.344330914722036	788.6836425624915	-0.46975359283392604
2.7312441471571907	8.210702341137123	2.1264001357681073	0.058422880015801315	2.126400135768107	0.05842288001580135	2.2802039872808226	0.13989877398134182	8.504031910518744	103.57857048534235	3.110513494927667	0.9748290389860963	33.36944921196793	796.9147589439386	-0.46975359283392604
2.7312441471571907	8.247491638795987	2.1280025054567226	0.05821769207329804	2.128002505456722	0.05821769207329811	2.2829714989092267	0.13918429768807006	8.504235157249347	103.79190011230513	3.112863077845325	0.9748079915655413	33.39431352381757	805.1887308791015	-0.46975359283392604
2.7312441471571907	8.284280936454849	2.1295865804757383	0.05801562395772243	2.1295865804757383	0.058015623957722424	2.2857084485421773	0.13847988423087132	8.504436489620229	104.00297093432303	3.115191480828431	0.9747873717355726	33.4189289239584	813.5056489283169	-0.46975359283392604
2.7312441471571907	8.321070234113712	2.1311528278656393	0.05781657586390235	2.1311528278656393	0.05781657586390235	2.2884155087704126	0.13778528704344994	8.50463605543511	104.21183218228086	3.1174991389318913	0.9747671745314834	33.44330033384288	821.8656018212188	-0.46975359283392604
2.7312441471571907	8.357859531772576	2.1327016963779992	0.057620452540811946	2.1327016963779992	0.05762045254081197	2.2910933299068583	0.13710026824182533	8.504833993823407	104.41853146122276	3.1197864733056604	0.9747473950051786	33.46743252868417	830.2686765202866	-0.46975359283392604
2.7312441471571907	8.394648829431437	2.134233617403872	0.057427163033477564	2.1342336174038725	0.05742716303347751	2.2937425409554915	0.1364245982274267	8.505030435750774	104.62311482102368	3.122053891768152	0.9747280282270719	33.491330143161925	838.714958281391	-0.46975359283392604
2.7312441471571907	8.431438127090301	2.135749005845181	0.057236620442148466	2.135749005845181	0.05723662044214847	2.29636375052856	0.13575805531237856	8.505225504497005	104.82562682329043	3.1243017893511835	0.9747090692878775	33.51499767685382	847.2045307114828	-0.46975359283392604
2.7312441471571907	8.468227424749164	2.1372482609332804	0.05704874169739198	2.1372482609332804	0.05704874169739198	2.2989575477155184	0.1351004253654998	8.50541931610376	105.02611060473674	3.126530548818187	0.974690513300294	33.53843949940953	855.7374758236142	-0.46975359283392604
2.7312441471571907	8.505016722408026	2.1387317669983883	0.05686344734990808	2.1387317669983883	0.05686344734990798	2.301524502906597	0.13445150147767806	8.505611979794077	105.2246079372472	3.1287405411571405	0.974672355400588	33.56165985548071	864.3138740894174	-0.46975359283392604
2.7312441471571907	8.54180602006689	2.1401998941933007	0.05668066137396001	2.140199894193301	0.056680661373959926	2.3040651685737763	0.13381108364537525	8.505803598365652	105.42115928483211	3.1309321260496548	0.9746545907500819	33.58466286942072	872.9338044891872	-0.46975359283392604
2.7312441471571907	8.578595317725753	2.141652999174615	0.05650031098339991	2.141652999174615	0.05650031098339992	2.306580080011814	0.13317897847109858	8.505994268559775	105.6158038576672	3.1331056523175858	0.9746372145365464	33.607452549767	881.5973445596966	-0.46975359283392604
2.7312441471571907	8.615384615384615	2.143091425744326	0.05632232645936808	2.1430914257443257	0.0563223264593682	2.309069756041683	0.1325549988797745	8.50618408140746	105.80857966339	3.1352614583484124	0.9746202219755069	33.63003279351801	890.3045704398851	-0.46975359283392604
2.7312441471571907	8.652173913043478	2.144515505454486	0.0561466409888138	2.144515505454486	0.05614664098881381	2.3115346996786528	0.13193896385003104	8.506373122554377	105.99952355581752	3.1373998725005006	0.974603608311462	33.65240739021525	899.0555569144905	-0.46975359283392604
2.7312441471571907	8.688963210702342	2.1459255581774475	0.05597319051305328	2.145925558177448	0.05597319051305317	2.3139753987671545	0.1313306981594606	8.506561472566034	106.18867128123995	3.139521213489455	0.9745873688190224	33.67458002584181	907.8503774557927	-0.46975359283392604
2.7312441471571907	8.725752508361204	2.147321892643924	0.05580191358565264	2.1473218926439235	0.05580191358565273	2.316392326584325	0.13073003214301218	8.50674920721445	106.37605752242999	3.1416257907564895	0.9745714988039718	33.69655428654638	916.689104263523	-0.46975359283392604
2.7312441471571907	8.762541806020067	2.1487048069510255	0.055632751238973266	2.1487048069510255	0.05563275123897331	2.3187859424140735	0.13013680146371298	8.50693639774762	106.5617159405022	3.1437139048198564	0.9745559936042515	33.71833366220246	925.571808303061	-0.46975359283392604
2.7312441471571907	8.799331103678929	2.150074589042199	0.05546564685877511	2.1500745890421986	0.05546564685877514	2.3211566920933606	0.12955084689498	8.507123111142882	106.74567921474565	3.145785847610191	0.9745408485908763	33.739921549811115	934.4985593419917	-0.46975359283392604
2.7312441471571907	8.836120401337793	2.151431517160917	0.05530054606631409	2.151431517160916	0.055300546066314266	2.3235050085322757	0.1289720141138274	8.507309410345215	106.92797908054601	3.1478419027906983	0.974526059168782	33.7613212567559	943.4694259851478	-0.46975359283392604
2.7312441471571907	8.872909698996656	2.152775860279733	0.05513739660742906	2.152775860279733	0.055137396607429084	2.325831312209374	0.12840015350433368	8.507495354491441	107.10864636550319	3.14988234606286	0.9745116207776068	33.78253600391659	952.4844757081365	-0.46975359283392604
2.7312441471571907	8.909698996655518	2.154107878506352	0.054976148248128145	2.154107878506352	0.054976148248128145	2.3281360116437027	0.12783511997076058	8.507680999121316	107.28771102384994	3.1519074454585687	0.9744975288924134	33.803568928650236	961.5437748895291	-0.46975359283392604
2.7312441471571907	8.946488294314381	2.1554278234680573	0.05481675267625172	2.1554278234680577	0.054816752676251704	2.3304195038447593	0.1272767727597705	8.507866396376242	107.46520216926083	3.1539174616192756	0.9744837790243496	33.82442308764522	970.6473888416973	-0.46975359283392604
2.7312441471571907	8.983277591973245	2.156735938675923	0.054659163408794294	2.156735938675923	0.054659163408794224	2.332682174741639	0.12672497529121937	8.508051595186494	107.6411481061444	3.1559126480629	0.9744703667212562	33.8451014596554	979.7953818404258	-0.46975359283392604
2.7312441471571907	9.020066889632107	2.1580324598699843	0.054503335704517444	2.1580324598699843	0.05450333570451743	2.3349243995924653	0.12617959499703435	8.508236641447555	107.81557635949807	3.1578932514390408	0.9744572875682183	33.86560694811958	988.987817153295	-0.46975359283392604
2.7312441471571907	9.05685618729097	2.159317615346587	0.054349226481505	2.1593176153465867	0.054349226481504996	2.337146543375225	0.1256405031677225	8.5084215781864	107.98851370340674	3.1598595117732016	0.9744445371880677	33.88594238367297	998.2247570669836	-0.46975359283392604
2.7312441471571907	9.093645484949834	2.1605916262689533	0.05419679423933852	2.1605916262689537	0.054196794239338424	2.3393489611609533	0.12510757480608486	8.508606445718252	108.15998618825597	3.1618116627004933	0.9744321112418376	33.906110526555246	1007.5062629134733	-0.46975359283392604
2.7312441471571907	9.130434782608695	2.1618547069619893	0.05404599898559525	2.1618547069619893	0.05404599898559527	2.3415319984702467	0.12458068848773445	8.508791281794416	108.33001916672876	3.1637499316893627	0.9744200054291695	33.92611406892031	1016.8323950952336	-0.46975359283392604
2.7312441471571907	9.167224080267559	2.163107065192229	0.05389680216639883	2.163107065192229	0.0538968021663988	2.3436959916139375	0.12405972622804816	8.508976121741737	108.49863731864862	3.1656745402558393	0.9744082154886776	33.94595563705265	1026.2032131094315	-0.46975359283392604
2.7312441471571907	9.20401337792642	2.164348902433865	0.05374916660075426	2.1643489024338645	0.053749166600754315	2.3458412680188276	0.12354457335519757	8.509160998594272	108.66586467473357	3.167585704168823	0.974396737198272	33.965637793495006	1035.6187755712444	-0.46975359283392604
2.7312441471571907	9.240802675585284	2.16558041412159	0.05360305641844242	2.16558041412159	0.053603056418442374	2.3479681465391864	0.12303511838893529	8.509345943217506	108.83172463931233	3.169483633646741	0.9743855663754406	33.985163039090914	1045.0791402362502	-0.46975359283392604
2.7312441471571907	9.277591973244148	2.166801789891094	0.053458437001241595	2.1668017898910934	0.05345843700124171	2.3500769377548107	0.12253125292482396	8.509530984425739	108.99624001206104	3.171368533546142	0.9743746988774972	34.00453381494715	1054.5843640220453	-0.46975359283392604
2.7312441471571907	9.31438127090301	2.168013213807824	0.05331527492728387	2.1680132138078236	0.05331527492728392	2.3521679442562524	0.12203287152362727	8.509716149092856	109.1594330088055	3.17324060354245	0.9743641306017894	34.02375250431857	1064.134503028993	-0.46975359283392604
2.7312441471571907	9.351170568561873	2.169214864584789	0.05317353791833907	2.1692148645847884	0.05317353791833911	2.354241460917959	0.12153987160557982	8.50990146225707	109.3213252814415	3.17510003830339	0.9743538574858768	34.042821434420084	1073.7296125602627	-0.46975359283392604
2.7312441471571907	9.387959866220736	2.1704069157899313	0.0530331947898625	2.170406915789931	0.05303319478986255	2.3562977751598626	0.12105215334929244	8.51008694721985	109.48193793701414	3.176947027655374	0.9743438755076741	34.061742878168545	1083.369747141129	-0.46975359283392604
2.7312441471571907	9.424749163879598	2.1715895360437	0.052894215403632185	2.1715895360437	0.0528942154036322	2.3583371671980244	0.12056961959504583	8.510272625639484	109.64129155599879	3.1787817567431955	0.9743341806855669	34.08051905585796	1093.054960537591	-0.46975359283392604
2.7312441471571907	9.461538461538462	2.172762889207349	0.05275657062282379	2.172762889207349	0.052756570622823726	2.360359910284875	0.12009217575224994	8.510458517619494	109.7994062098246	3.180604406183316	0.9743247690784951	34.099152136770854	1102.7853057743084	-0.46975359283392604
2.7312441471571907	9.498327759197325	2.173927134562458	0.052620232269380604	2.173927134562458	0.052620232269380604	2.3623662709395306	0.11961972971085989	8.510644641792258	109.95630147767437	3.1824151522110853	0.9743156367860124	34.11764424072885	1112.560835151932	-0.46975359283392604
2.7312441471571907	9.535117056856187	2.1750824269822076	0.052485173083538395	2.1750824269822076	0.05248517308353842	2.364356509168753	0.11915219175653902	8.510831015398193	110.1119964626022	3.184214166822177	0.9743067799483186	34.135997439585395	1122.3816002638373	-0.46975359283392604
2.7312441471571907	9.57190635451505	2.176228917094771	0.052351366685387195	2.176228917094771	0.05235136668538722	2.36633087867888	0.11868947448939524	8.511017654360549	110.26650980699398	3.1860016179084463	0.9742981947462662	34.15421375866259	1132.247652012265	-0.46975359283392604
2.7312441471571907	9.608695652173912	2.177366751439311	0.05221878753834741	2.1773667514393114	0.05221878753834734	2.3682896270792684	0.11823149274610151	8.511204573356284	110.4198597074088	3.1877776693885327	0.9742898774013462	34.17229517813515	1142.1590406239245	-0.46975359283392604
2.7312441471571907	9.645484949832776	2.178496072614962	0.05208741091444961	2.1784960726149625	0.05208741091444956	2.3702329960776067	0.11777816352523934	8.511391785883148	110.57206392882777	3.1895424813334223	0.9742818241756507	34.19024363436375	1152.1158156650843	-0.46975359283392604
2.7312441471571907	9.68227424749164	2.1796170194231306	0.05195721286132128	2.179617019423131	0.051957212861321246	2.372161221667473	0.11732940591570563	8.511579304323128	110.72313981833777	3.1912962100871645	0.9742740313718148	34.20806102117948	1162.1180260561384	-0.46975359283392604
2.7312441471571907	9.719063545150501	2.1807297270035253	0.0518281701707768	2.1807297270035253	0.05182817017077681	2.3740745343085394	0.11688514102803542	8.511767140002629	110.87310431827981	3.193039008383035	0.9742664953329399	34.22574919112239	1172.1657200857287	-0.46975359283392604
2.7312441471571907	9.755852842809364	2.1818343269641787	0.05170026034892727	2.1818343269641787	0.051700260348927295	2.375973159099716	0.11644529192849926	8.511955303249396	111.02197397888222	3.1947710254552475	0.9742592124424966	34.24330995663501	1182.2589454243616	-0.46975359283392604
2.7312441471571907	9.792642140468228	2.1829309475058167	0.051573461587721546	2.182930947505817	0.05157346158772148	2.377857315945614	0.1160097835758425	8.512143803446468	111.16976497040669	3.1964924071465206	0.9742521791242134	34.26074509121384	1192.3977491376459	-0.46975359283392604
2.7312441471571907	9.82943143812709	2.184019713540846	0.05144775273784118	2.184019713540846	0.05144775273784118	2.379727219716584	0.11557854276054225	8.51233264908332	111.3164930948274	3.1982032960115787	0.9742453918419459	34.278056330519775	1202.5821776990526	-0.46975359283392604
2.7312441471571907	9.866220735785953	2.185100746807226	0.05132311328287555	2.185100746807227	0.05132311328287543	2.381583080402663	0.11515149804646128	8.51252184780428	111.4621737970646	3.1999038314168367	0.9742388470995321	34.29524537344956	1212.8122770023108	-0.46975359283392604
2.7312441471571907	9.903010033444817	2.186174165977501	0.051199523314706556	2.1861741659775005	0.05119952331470661	2.3834251032616813	0.11472857971479068	8.51271140645448	111.60682217579358	3.2015941496364113	0.9742325414406333	34.31231388316997	1223.0880923734078	-0.46975359283392604
2.7312441471571907	9.939799331103679	2.187240086763219	0.05107696351003762	2.1872400867632193	0.05107696351003761	2.3852534889618013	0.11430971971016962	8.512901331123375	111.75045299384739	3.203274383944602	0.9742264714485609	34.32926348811603	1233.4096685822165	-0.46975359283392604
2.7312441471571907	9.976588628762542	2.188298622014968	0.050955415108008044	2.188298622014967	0.050955415108008106	2.387068433718725	0.11389485158888882	8.513091627186018	111.89308068823142	3.204944664705008	0.97422063374609	34.34609578295474	1243.777049853772	-0.46975359283392604
2.7312441471571907	10.013377926421406	2.189349881818258	0.05083485988883092	2.189349881818258	0.05083485988883095	2.388870129427834	0.11348391046907566	8.513282299342212	112.03471937976772	3.206605119456439	0.9742150249952632	34.362812329516196	1254.1902798792132	-0.46975359283392604
2.7312441471571907	10.050167224080267	2.190393973585439	0.050715280153403555	2.1903939735854383	0.05071528015340367	2.3906587637914485	0.11307683298277538	8.513473351653628	112.17538288238471	3.2082558729956996	0.9742096418971782	34.37941465769257	1264.6494018263752	-0.46975359283392604
2.7312441471571907	10.08695652173913	2.1914310021438426	0.05059665870384013	2.1914310021438435	0.05059665870384003	2.3924345204414443	0.11267355722984232	8.513664787579035	112.31508471206766	3.2098970474574657	0.9742044811917716	34.3959042663072	1275.1544583501138	-0.46975359283392604
2.7312441471571907	10.123745819397993	2.192461069820343	0.05047897882487578	2.1924610698203426	0.0504789788248758	2.394197579057408	0.11227402273356069	8.513856610007673	112.45383809548422	3.211528762391271	0.9741995396575867	34.41228262395413	1285.7054916022691	-0.46975359283392604
2.7312441471571907	10.160535117056856	2.1934842765225167	0.05036222426609755	2.193484276522516	0.050362224266097565	2.3959481154805675	0.11187817039791272	8.514048821291007	112.59165597830217	3.2131511348358432	0.974194814111536	34.42855116981012	1296.3025432414142	-0.46975359283392604
2.7312441471571907	10.19732441471572	2.194500719816516	0.050246379224964256	2.194500719816516	0.05024637922496426	2.3976863018235957	0.11148594246643302	8.514241423272766	112.72855103320612	3.2147642793907636	0.9741903014086537	34.444711314419315	1306.945654442251	-0.46975359283392604
2.7312441471571907	10.234113712374581	2.195510495001879	0.050131428330566975	2.1955104950018796	0.05013142833056696	2.3994123065765676	0.11109728248256519	8.514434417317503	112.8645356676335	3.2163683082856767	0.9741859984418393	34.460764440452365	1317.6348659047833	-0.46975359283392604
2.7312441471571907	10.270903010033445	2.1965136951833557	0.05001735662810136	2.1965136951833566	0.05001735662810124	2.4011262947091248	0.11071213525146986	8.514627804337687	112.99962203123513	3.217963331447079	0.9741819021415956	34.47671190344062	1328.370217863231	-0.46975359283392604
2.7312441471571907	10.307692307692308	2.1975104113399366	0.04990414956400882	2.1975104113399366	0.04990414956400883	2.4028284277691085	0.110330446803209	8.514821584819433	113.13382202307675	3.2195494565628238	0.9741780094757586	34.49255503248657	1339.1517500946804	-0.46975359283392604
2.7312441471571907	10.34448160535117	2.1985007323911843	0.049791792971758335	2.1985007323911843	0.04979179297175836	2.404518863977727	0.10995216435725678	8.515015758846927	113.26714729858946	3.2211267891444244	0.9741743174492221	34.5082951309514	1349.9795019275302	-0.46975359283392604
2.7312441471571907	10.381270903010034	2.199484745260994	0.04968027305823409	2.1994847452609934	0.049680273058234116	2.4061977583214373	0.10957723628827512	8.515210326125565	113.39960927627946	3.222695432587177	0.9741708231036538	34.523933477120025	1360.8535122496348	-0.46975359283392604
2.7312441471571907	10.418060200668897	2.200462534938933	0.04956957639069936	2.2004625349389326	0.04956957639069943	2.4078652626406947	0.10920561209310202	8.515405286004041	113.53121914421004	3.224255488228367	0.9741675235172104	34.53947132484576	1371.7738195163502	-0.46975359283392604
2.7312441471571907	10.454849498327759	2.2014341845392074	0.04945968988431091	2.2014341845392074	0.04945968988431089	2.409521525715642	0.10883724235890281	8.515600637495174	113.66198786625993	3.225807055403386	0.9741644158042428	34.55490990417368	1382.7404617582342	-0.46975359283392604
2.7312441471571907	10.491638795986622	2.202399775357421	0.049350600790154124	2.202399775357421	0.04935060079015413	2.411166693348914	0.10847207873243497	8.515796379295791	113.7919261881721	3.227350231500065	0.9741614971150009	34.570250421944884	1393.753476588628	-0.46975359283392604
2.7312441471571907	10.528428093645484	2.2033593869251984	0.049242296683775034	2.2033593869251984	0.04924229668377502	2.412800908445661	0.10811007389037844	8.515992509805587	113.92104464339879	3.2288851120111737	0.9741587646353311	34.58549406238174	1404.812901211025	-0.46975359283392604
2.7312441471571907	10.565217391304348	2.204313097062754	0.04913476545418634	2.2043130970627542	0.04913476545418631	2.414424311090871	0.10775118151069245	8.516189027144986	114.04935355875027	3.230411790585161	0.9741562155863721	34.60064198765469	1415.918772426217	-0.46975359283392604
2.7312441471571907	10.602006688963211	2.205260981929543	0.04902799529332189	2.2052609819295426	0.04902799529332191	2.416037038624161	0.10739535624495013	8.5163859291722	114.1768630598588	3.231930359075286	0.9741538472242468	34.615695338431976	1427.071126639311	-0.46975359283392604
2.7312441471571907	10.638795986622073	2.2062031160730107	0.048921974685923166	2.2062031160730102	0.0489219746859232	2.4176392257120565	0.10704255369161887	8.516583213499338	114.3035830764594	3.2334409075870734	0.9741516568397504	34.630655234411826	1438.2699998665112	-0.46975359283392604
2.7312441471571907	10.675585284280936	2.2071395724756036	0.04881669239983066	2.2071395724756036	0.048816692399830636	2.4192310044179473	0.10669273037024028	8.516780877507767	114.42952334750093	3.234943524524298	0.9741496417580366	34.64552277483912	1449.5154277417873	-0.46975359283392604
2.7312441471571907	10.7123745819398	2.208070422600016	0.04871213747667092	2.2080704226000165	0.048712137476670796	2.4208125042697053	0.10634584369648224	8.51697891836264	114.55469342608714	3.236438296633398	0.9741477993383008	34.66029903900539	1460.8074455233002	-0.46975359283392604
2.7312441471571907	10.749163879598662	2.208995736432879	0.04860829922290841	2.208995736432878	0.04860829922290855	2.422383852325188	0.10600185195801914	8.517177333026822	114.67910268426323	3.23792530904658	0.9741461269734617	34.67498508673493	1472.1460880997845	-0.46975359283392604
2.7312441471571907	10.785953177257525	2.2099155825268184	0.04850516720125732	2.2099155825268184	0.04850516720125726	2.4239451732355706	0.10566071429121479	8.51737611827396	114.80276031764375	3.239404645323434	0.9741446220898416	34.68958195885517	1483.5313899966632	-0.46975359283392604
2.7312441471571907	10.822742474916389	2.210830028041043	0.04840273122243014	2.2108300280410433	0.04840273122243007	2.425496589306669	0.10532239065857493	8.517575270700984	114.92567534989462	3.240876387491272	0.9741432821468431	34.70409067765349	1494.9633853820578	-0.46975359283392604
2.7312441471571907	10.85953177257525	2.2117391387805214	0.04830098133720625	2.211739138780522	0.04830098133720624	2.427038220558352	0.10498684182693381	8.517774786740002	115.04785663707504	3.2423406160842227	0.9741421046366264	34.718512247320646	1506.442108072687	-0.46975359283392604
2.7312441471571907	10.896321070234114	2.2126429792337445	0.048199907828813664	2.2126429792337445	0.04819990782881367	2.428570184782032	0.1046540293463551	8.51797466266955	115.1693128718396	3.243797410181049	0.9741410870837856	34.73284765438076	1517.967591539577	-0.46975359283392604
2.7312441471571907	10.933110367892976	2.213541612609188	0.04809950120560145	2.213541612609188	0.048099501205601435	2.430092597596366	0.104323915529713	8.518174894625274	115.29005258751009	3.2452468474418006	0.9741402270450222	34.74709786810872	1529.539868913651	-0.46975359283392604
2.7312441471571907	10.96989966555184	2.21443510087053	0.04799975219399384	2.2144351008705305	0.0479997521939938	2.431605572501242	0.10399646343292926	8.518375478610137	115.41008416202155	3.2466890041433603	0.9741395221088212	34.76126384093571	1541.1589729912275	-0.46975359283392604
2.7312441471571907	11.006688963210703	2.2153235047706166	0.04790065173171568	2.215323504770617	0.04790065173171566	2.4331092209300533	0.10367163683584298	8.518576410504032	115.52941582174384	3.2481239552138126	0.9741389698951228	34.77534650884234	1552.8249362393024	-0.46975359283392604
2.7312441471571907	11.043478260869565	2.21620688388431	0.04780219096127019	2.21620688388431	0.0478021909612702	2.4346036523003987	0.10334940022368576	8.51877768607297	115.64805564518858	3.249551774265856	0.9741385680549981	34.78934679174117	1564.5377908008222	-0.46975359283392604
2.7312441471571907	11.080267558528428	2.2170852966401924	0.04770436122366633	2.2170852966401924	0.04770436122366635	2.436088974063218	0.10302971876914244	8.518979300977797	115.76601156660092	3.2509725336291235	0.9741383142703214	34.8032655938477	1576.2975684997602	-0.46975359283392604
2.7312441471571907	11.117056856187292	2.217958800351208	0.04760715405237868	2.2179588003512083	0.04760715405237865	2.437565291750418	0.10271255831497433	8.519181250782445	115.88329137944278	3.2523863043815306	0.9741382062534445	34.817103804040826	1588.104300846086	-0.46975359283392604
2.7312441471571907	11.153846153846153	2.2188274512442843	0.04751056116753228	2.2188274512442843	0.0475105611675323	2.439032709021087	0.10239788535718326	8.519383530961793	115.9999027397714	3.2537931563797096	0.9741382417468715	34.83086229621338	1599.9580190406705	-0.46975359283392604
2.7312441471571907	11.190635451505017	2.2196913044889515	0.04741457447030339	2.219691304488952	0.04741457447030336	2.4404913277062854	0.10208566702869902	8.519586136909096	116.11585316951513	3.255193158288474	0.9741384185229318	34.84454192961226	1611.8587539800158	-0.46975359283392604
2.7312441471571907	11.22742474916388	2.2205504142250416	0.04731918603752354	2.2205504142250416	0.047319186037523525	2.4419412478525424	0.10177587108356571	8.519789063943108	116.23115005965431	3.25658637760947	0.9741387343834574	34.85814354916956	1623.8065362609614	-0.46975359283392604
2.7312441471571907	11.264214046822742	2.2214048335894403	0.04722438811648376	2.2214048335894407	0.04722438811648374	2.443382567764012	0.10146846588161634	8.519992307314757	116.34580067330431	3.2579728807088983	0.9741391871594584	34.87166798582389	1635.8013961852	-0.46975359283392604
2.7312441471571907	11.301003344481606	2.222254614741998	0.0471301731199243	2.222254614741998	0.047130173119924304	2.4448153840434177	0.10116342037361076	8.520195862213528	116.45981214871044	3.259352732844475	0.9741397747107986	34.885116056833105	1647.8433637637659	-0.46975359283392604
2.7312441471571907	11.33779264214047	2.223099808890579	0.047036533621206904	2.223099808890579	0.04703653362120688	2.4462397916317866	0.10086070408682453	8.520399723773522	116.57319150215396	3.260725998191567	0.9741404949258758	34.89848856607829	1659.932468721393	-0.46975359283392604
2.7312441471571907	11.37458193979933	2.2239404663153133	0.04694346234965875	2.223940466315313	0.04694346234965877	2.447655883847017	0.10056028711107104	8.520603887079186	116.68594563077366	3.262092739868584	0.9741413457213002	34.91178630435944	1672.0687405008057	-0.46975359283392604
2.7312441471571907	11.411371237458194	2.2247766363920656	0.04685095218608336	2.2247766363920656	0.04685095218608332	2.449063752421339	0.10026214008514121	8.520808347170773	116.79808131530595	3.2634530199616014	0.9741423250415744	34.925010049682825	1684.2522082668809	-0.46975359283392604
2.7312441471571907	11.448160535117056	2.2256083676151466	0.04675899615843037	2.225608367615146	0.046758996158430405	2.450463487537664	0.09996623418364797	8.521013099049437	116.90960522274446	3.2648068995482724	0.9741434308587759	34.93816056754061	1696.4829009107452	-0.46975359283392604
2.7312441471571907	11.48494983277592	2.226435707619336	0.046667587437615995	2.226435707619336	0.046667587437615995	2.451855177864952	0.09967254110425647	8.521218137682242	117.0205239089271	3.2661544387211	0.9741446611722409	34.95123861118326	1708.7608470538175	-0.46975359283392604
2.7312441471571907	11.521739130434783	2.2272587032011817	0.04657671933349107	2.2272587032011817	0.04657671933349109	2.4532389105925088	0.09938103305529226	8.521423458006716	117.13084382104597	3.2674956966099744	0.9741460140082486	34.964244921884045	1721.0860750517168	-0.46975359283392604
2.7312441471571907	11.558528428093645	2.228077400339638	0.04648638529095051	2.2280774003396377	0.046486385290950547	2.4546147714633326	0.09909168274371201	8.521629054935271	117.24057130008718	3.2688307314040963	0.9741474874197089	34.97718022919671	1733.4586129981155	-0.46975359283392604
2.7312441471571907	11.595317725752508	2.2288918442160783	0.04639657888617364	2.2288918442160783	0.04639657888617364	2.4559828448065364	0.09880446336342047	8.521834923359393	117.34971258320347	3.270159600373285	0.9741490794858503	34.99004525120638	1745.8784887285215	-0.46975359283392604
2.7312441471571907	11.632107023411372	2.229702079233666	0.046307293822997614	2.229702079233666	0.046307293822997656	2.457343213568827	0.09851934858392931	8.52204105815353	117.45827380601777	3.2714823598886484	0.9741507883119093	35.00284069477336	1758.3457298239437	-0.46975359283392604
2.7312441471571907	11.668896321070234	2.2305081490361585	0.046218523929411594	2.230508149036159	0.04621852392941154	2.458695959345151	0.09823631253933843	8.522247454178924	117.5662610048662	3.2727990654427384	0.9741526120288249	35.01556725577127	1770.860363614572	-0.46975359283392604
2.7312441471571907	11.705685618729097	2.2313100965261112	0.04613026315417166	2.2313100965261112	0.04613026315417163	2.460041162408446	0.09795532981763382	8.522454106287064	117.67368011897545	3.2741097716690644	0.9741545487929305	35.02822561931804	1783.422417183281	-0.46975359283392604
2.7312441471571907	11.74247491638796	2.232107963882538	0.04604250556352994	2.2321079638825374	0.04604250556352997	2.4613789017385965	0.09767637545029005	8.522661009323073	117.78053699258211	3.275414532361111	0.974156596785652	35.04081646000144	1796.0319173691303	-0.46975359283392604
2.7312441471571907	11.779264214046822	2.2329017925780543	0.045955245338071604	2.2329017925780543	0.04595524533807162	2.462709255050605	0.09739942490216401	8.522868158128906	117.88683737699486	3.2767134004908294	0.9741587542132054	35.05334044209859	1808.6888907707937	-0.46975359283392604
2.7312441471571907	11.816053511705686	2.2336916233954778	0.04586847676966038	2.2336916233954787	0.045868476769660285	2.464032298821956	0.09712445406167666	8.523075547546284	117.99258693259769	3.27800642822658	0.9741610193062965	35.065798219789656	1821.3933637498783	-0.46975359283392604
2.7312441471571907	11.852842809364548	2.2344774964439535	0.045782194258483	2.2344774964439527	0.04578219425848307	2.465348108319277	0.09685143923126599	8.523283172419559	118.09779123080162	3.2792936669506236	0.9741633903198252	35.07819043736616	1834.1453624342264	-0.46975359283392604
2.7312441471571907	11.889632107023411	2.2352594511746107	0.045696392310190764	2.2352594511746107	0.045696392310190743	2.4666567576242797	0.09658035711810577	8.523491027598428	118.20245575594362	3.2805751672761363	0.9741658655325899	35.09051772943414	1846.9449127211608	-0.46975359283392604
2.7312441471571907	11.926421404682275	2.2360375263957137	0.045611065533138435	2.236037526395714	0.04561106553313841	2.4679583196589454	0.09631118482508486	8.523699107940365	118.3065859071312	3.28185097906369	0.9741684432469936	35.10278072111139	1859.7920402805764	-0.46975359283392604
2.7312441471571907	11.963210702341136	2.2368117602874356	0.045526208635707624	2.236811760287436	0.04552620863570757	2.4692528662101356	0.09604389984202814	8.523907408313105	118.41018700004386	3.2831211514374035	0.9741711217887554	35.114980028220735	1872.6867705581158	-0.46975359283392604
2.7312441471571907	12.	2.237582190416144	0.04544181642372141	2.237582190416144	0.04544181642372138	2.4705404679534677	0.09577848003716322	8.524115923596844	118.51326426868187	3.2843857328005654	0.9741738995066216	35.12711625747762	1885.6291287781828	-0.46975359283392604