2.878765050167224	1.	4.856481695501759	9.911449103968218e-9	4.7744044364242315	0.9999999869549938	6.194672117550296	0.00010519340741914023	12.770843077092369	400.409068198608	13.783370049242416	0.9999682950197452	92.08218791934931	241.94192887246123	2.900867494826052
2.878765050167224	1.0367892976588629	4.768227896185019	1.6182502823443636e-8	4.604948605559517	0.9999999713245363	6.071705463659218	0.0001324948956322124	12.637593490966234	390.30655334885586	13.293707661283682	0.999958936565003	89.95308056589316	241.93212091971571	2.7889328278951795
2.878765050167224	1.0735785953177257	4.684746854552587	2.5719701486273633e-8	4.4470991961047215	0.9999999405092164	5.955155870603645	0.00016502229975696347	12.509602329634012	380.77198549701274	12.837505431115181	0.9999477883231189	87.93889832025822	241.91974717209155	2.682422423123891
2.878765050167224	1.1103678929765886	4.605627129037742	3.988500304564487e-8	4.299702037200537	0.9999998828283811	5.844490158326006	0.00020343475297773025	12.386571047197586	371.7568933635424	12.411431701750933	0.9999347064672576	86.02981041901924	241.90450456711085	2.5807923645020963
2.878765050167224	1.1471571906354514	4.530504522517397	6.047448268764794e-8	4.161751062322844	0.9999997797802751	5.739233570084973	0.0002484321885694363	12.268223352593711	363.21814897671226	12.012583240315948	0.9999195612108134	84.21711771324674	241.88611121673895	2.4835797344415926
2.878765050167224	1.1839464882943145	4.459055407074051	8.981501230413269e-8	4.032365297256182	0.9999996032673493	5.638961800581114	0.00030075531908440467	12.154303660395165	355.1172463520346	11.638418715722215	0.999902238142429	82.49309269114254	241.86431196768152	2.3903871539444475
2.878765050167224	1.2207357859531773	4.390991157557613	1.3087272962295724e-7	3.910770007423356	0.9999993122087846	5.543294308591289	0.00036118575747449283	12.044575579077009	347.41969395001706	11.286704176197324	0.9998826390019239	80.85084613558472	241.83888277466042	2.3008709159941394
2.878765050167224	1.2575250836120402	4.326053483384351	1.8737316147348077e-7	3.7962811536426337	0.9999988485672873	5.4518886761945335	0.000430546311913055	11.938820465409867	340.0945004503328	10.955468074257718	0.9998606819590284	79.2842153165932	241.80963393218948	2.214731743847305
2.878765050167224	1.294314381270903	4.264010492819499	2.6393269080475597e-7	3.688292498895591	0.9999981328615631	5.36443582618993	0.000509701482623158	11.83683606145073	333.1137374921302	10.642963944261663	0.9998363014653473	77.7876697206013	241.77641225291248	2.131707499673234
2.878765050167224	1.3311036789297659	4.204653358262233	3.6620090070483345e-7	3.586264853992313	0.9999970592778892	5.280655947407342	0.0005995581860373148	11.738435222372885	326.4521662297822	10.347639256253713	0.9998094477525397	76.35623115649629	241.73910230459853	2.0515673646048964
2.878765050167224	1.3678929765886287	4.14779347748896	5.01013194496321e-7	3.4897170600922855	0.9999954905296283	5.200295007168841	0.0007010667291639981	11.64344473788246	320.08691706146493	10.068109286910373	0.9997800860479286	74.9854057213235	241.69762682752426	1.9741071442609044
2.878765050167224	1.4046822742474916	4.093260046369931	6.765529815532421e-7	3.398218390122395	0.9999932526391802	5.123121753269079	0.0008152220551515444	11.551704246370912	313.99721386786626	9.803135090685826	0.999748195573992	73.67112560591765	241.6519464535018	1.8991454459379808
2.878765050167224	1.4414715719063544	4.04089797468439	9.025226353614941e-7	3.3113821158774597	0.9999901298306566	5.0489251260469254	0.0009430652797381793	11.463065238667772	308.1641356716078	9.551604840892281	0.9997137683916044	72.40969910860389	241.60205884074026	1.8265205386123395
2.878765050167224	1.4782608695652173	3.99056608937495	1.190322374290288e-6	3.2288600378238	0.9999858597228767	4.97751201556182	0.0010856855375609021	11.377390146882089	302.5704098860376	9.312517955324736	0.9996768081393457	71.19776752996935	241.54799732797852	1.7560877533798565
2.878765050167224	1.5150501672240804	3.9421355796869215	1.5532361866918584e-6	3.1503378138908267	0.9999801290015118	4.9087053104217055	0.0012442221571563655	11.294551513073376	297.200232334101	9.084971534321877	0.999637328713353	70.03226786313283	241.48982919917933	1.68771731573278
2.878765050167224	1.5518394648829432	3.8954886467201333	2.006623919979932e-6	3.0755309544420797	0.9999725697280037	4.84234219407759	0.0014198671839056303	11.214431232171524	292.0391100366055	8.868148728341355	0.9995953529245127	68.91040038648735	241.4276536378829	1.6212925259254092
2.878765050167224	1.588628762541806	3.8505173264236534	2.5681186776115065e-6	3.004181375109762	0.999962756413323	4.778272651892583	0.0016138682711247592	11.136919863532592	287.0737234348715	8.661308722803092	0.9995509111625923	67.82960042051347	241.36159943917534	1.5567082222014903
2.878765050167224	1.625418060200669	3.807122460325465	3.257828717556855e-6	2.936054418712067	0.9999502039494488	4.71635815838308	0.0018275319609537177	11.061916005671543	282.2918052566308	8.463778084301278	0.999504040090378	66.78751363520512	241.2918225375022	1.493869475614693
2.878765050167224	1.6622073578595318	3.765212792568534	4.0985431199044525e-6	2.8709362731488803	0.9999343664531832	4.656470519004465	0.0020622273786114844	10.989325728984483	277.6820336803877	8.274943257467497	0.9994547813851211	65.78197439620997	241.21850340045037	1.4326904758048
2.878765050167224	1.6989966555183946	3.7247041753220667	5.115940588647472e-6	2.808631724823525	0.9999146370382224	4.5984908449362205	0.002319390365927803	10.919062061611012	273.23393782127334	8.094244038191293	0.9994031805396147	64.81098672078274	241.14184433203894	1.373093575269049
2.878765050167224	1.7357859531772575	3.6855188675076014	6.338800872328722e-6	2.7489621974035368	0.999890348494331	4.54230864268587	0.002600528082792749	10.851044523957679	268.9378138656666	7.921167878416506	0.9993492857310226	63.8727074828139	241.062066723853	1.3150084660133088
2.878765050167224	1.7725752508361203	3.6475849141455026	7.799218428960836e-6	2.691764034102915	0.9998607748188646	4.487821003114153	0.0029072241082432008	10.785198707780005	264.7846504343321	7.755244901754916	0.9992931467621096	62.96543156241967	240.97940828813555	1.258371467432012
2.878765050167224	1.8093645484949832	3.6108355955849687	9.532818121342107e-6	2.6368869885224777	0.9998251335168796	4.434931876794659	0.003241144076285772	10.72145589608858	260.7660619640743	7.59604352880317	0.9992348140767028	62.08757868215261	240.89412030359668	1.203124908179136
2.878765050167224	1.8461538461538463	3.5752089375057747	0.00001157897290842805	2.584192894720583	0.9997825885624827	4.383551424545792	0.0036040418851894284	10.659752720491394	256.8742290734628	7.443166627178942	0.9991743378489866	61.237681710614005	240.80646490189307	1.149216587897846
2.878765050167224	1.882943143812709	3.5406472739334705	0.000013981023695669859	2.5335544918367243	0.9997322538961614	4.333595433580913	0.0039977665228106045	10.600030852903343	253.10184502519212	7.296248114588671	0.9991117671445136	60.41437624654235	240.71671242018374	1.0965993071546798
2.878765050167224	1.919732441471572	3.5070968566409104	0.000016786501721089226	2.4848543824404086	0.999673197320557	4.284984791070534	0.0044242695544643666	10.542236728839802	249.44206752109775	7.154949954243562	0.9990471491495216	59.61639132348987	240.62513884291792	1.0452304559130148
2.878765050167224	1.9565217391304348	3.4745075052569225	0.000020047354083284655	2.4379841069739894	0.9996044446501208	4.237645008043597	0.0048856133238370176	10.48632129976156	245.88847516979357	7.018959491078566	0.9989805284642296	58.84254109788397	240.5320233537118	0.9950716524818518
2.878765050167224	1.9933110367892977	3.442832293200054	0.000023820173261531274	2.392843319319202	0.9995249839678025	4.1915057875112245	0.005383979921318805	10.432239812151044	242.43502805469123	6.887987084846748	0.9989119464551559	58.09171740237984	240.4376460159955	0.9460884261700762
2.878765050167224	2.0301003344481607	3.412027265227484	0.000028166431735745703	2.349339050737867	0.99943376984364	4.14650063150607	0.005921680977758476	10.379951611172586	239.0760319045189	6.761764002531092	0.9988414406611336	57.362883062538074	240.3422855988166	0.8982499379228845
2.878765050167224	2.0668896321070234	3.382051182958077	0.00003315272308445747	2.3073850512952077	0.9993297273751691	4.10256648241983	0.0065011683447711195	10.329419966901352	235.80610543170752	6.64004053786206	0.998769044247522	56.65506588852556	240.2462175619672	0.8515287340634504
2.878765050167224	2.1036789297658864	3.3528652952114895	0.000038851011221279166	2.2669011994320685	0.9992117559171558	4.059643394611345	0.007125045725063916	10.280611921192818	232.62015045801752	6.522584330229248	0.9986947855031049	55.967353265140446	240.14971221230894	0.8059005289443674
2.878765050167224	2.140468227424749	3.3244331304170336	0.00004533888972392068	2.2278129716618995	0.999078732377637	4.017674232766937	0.00779608131736227	10.23349815330445	229.51332449320785	6.409178859077739	0.9986186873742915	55.29888727335383	240.0530330410042	0.7613440128585703
2.878765050167224	2.177257525083612	3.2967203086984456	0.00005269985351370912	2.1900509654716394	0.9989295139679805	3.976604393938152	0.008517221539865992	10.188052862367547	226.48101547273137	6.29962209310098	0.9985407670314816	54.64886028501506	239.95643524923614	0.7178406819885031
2.878765050167224	2.2140468227424748	3.2696943715439497	0.00006102358545688132	2.1535504694376644	0.9987629403061095	3.936381550574299	0.009291605892993333	10.144253664733627	223.51881839563927	6.19372527628092	0.9984610354627891	54.01651097962292	239.86016446802734	0.6753746875013741
2.878765050167224	2.250836120401338	3.2433246272334153	0.00007040626078015224	2.1182510753573074	0.9985778347837746	3.896955412220038	0.010122583015493444	10.102081504075707	220.62251363514062	6.091311835162279	0.9983794970907619	53.401120738315896	239.7644556760151	0.6339327011388863
2.878765050167224	2.2876254180602005	3.2175820104229262	0.00008095087252027421	2.084096327866874	0.998373005120434	3.8582775038735817	0.011013727976513486	10.061520571898491	217.78804672260827	5.992216393745841	0.9982961494082632	52.802010375637536	239.66953231745052	0.5935037948089447
2.878765050167224	2.3244147157190636	3.192438954487948	0.00009276758155717254	2.051033407588293	0.9981472430377281	3.820300959310369	0.01196886082818114	10.022558235786637	215.01150943225537	5.896283884101813	0.9982109826303176	52.21853717433542	239.5756056214858	0.5540793317695091
2.878765050167224	2.3612040133779266	3.167869275404169	0.00010597409510817883	2.0190128443344943	0.9978993229995955	3.782980327981008	0.012992066416471108	9.98518497227636	212.28912201914508	5.8033687422803135	0.9981239793594856	51.65009219254877	239.4828741227771	0.5156528670013768
2.878765050167224	2.3979933110367893	3.143848066104929	0.0001206960778793912	1.9879882573220489	0.9976279999737769	3.7462713944038324	0.01408771540965341	9.949394300647983	209.6172164887549	5.713334180372173	0.9980351142632391	51.09609781634789	239.3915233828489	0.4782200542971004
2.878765050167224	2.4347826086956523	3.120351600399481	0.0001370676003687151	1.957916119699423	0.997332006180923	3.7101310093041313	0.01526048644975313	9.915182713175888	206.99222080309954	5.6260515266779825	0.9979443537629016	50.55600553377239	239.30172591137776	0.44177855744275035
2.878765050167224	2.471571906354515	3.0973572456707066	0.0001552316290779745	1.928755545009601	0.9970100468080457	3.674516932118914	0.01651538925840886	9.882549596400782	204.41064395774583	5.541399626903641	0.997851655735042	50.02929390935282	239.21364128665982	0.40632796263253396
2.878765050167224	2.508361204013378	3.0748433836974516	0.00017534056359645343	1.900468093474372	0.9966607946740261	3.639387684905064	0.017857788428303743	9.85149713676673	201.86906189745542	5.459264300137366	0.9977569692278189	49.51546674064738	239.1274164750212	0.3718696889251688
2.878765050167224	2.5451505016722407	3.052789339067996	0.00019755682563431479	1.8730175962203526	0.9962828838469265	3.604702418178836	0.019293427497454798	9.822030202444267	199.3641042774386	5.379537844094105	0.9976602341967415	49.014051380631564	239.04318634977915	0.3384068931167274
2.878765050167224	2.5819397993311037	3.0311753147700777	0.000222053505068736	1.846369995768949	0.99587490222674	3.5704207897987335	0.02082845272688887	9.794156191292375	196.8924421244524	5.302118584754042	0.9975613812667175	48.52459721189222	238.96107441163554	0.3059443648579494
2.878765050167224	2.6187290969899664	3.0099823346609753	0.0002490150678609057	1.8204932012877169	0.9954353831239925	3.5365028587057	0.022469435771587047	9.767884832645452	194.45077650961682	5.226910466083435	0.9974603315301916	48.04667426052566	238.88119371392315	0.27448840717698686
2.878765050167224	2.6555183946488294	2.989192192640539	0.0002786381302318137	1.7953569572522416	0.9949627958855946	3.502908996182079	0.024223394137140065	9.743227927906235	192.03582841573365	5.15382267601965	0.9973569963947523	47.57987193946053	238.8036479979896	0.24404669677719357
2.878765050167224	2.6923076923076925	2.9687874084711336	0.0003111323026501333	1.7709327242979123	0.9944555356461169	3.469599818310614	0.02609780793595534	9.720199011757735	189.64433006910176	5.082769305335486	0.9972512774978677	47.123797912637485	238.72853304603652	0.2146281175685716
2.878765050167224	2.729096989966555	2.948751190310999	0.00034672110586157296	1.747193571151288	0.9939119123171669	3.4365361445313596	0.028100630982019443	9.698812912192082	187.27301811248705	5.013669036376162	0.997143066711536	46.6780770730868	238.65593826071682	0.18624255987816313
2.878765050167224	2.765886287625418	2.9290674041496083	0.000385642959221679	1.7241140766222647	0.9933301389719191	3.4036789886245824	0.03024029367812609	9.67908518357091	184.91862912490376	4.946444858991559	0.9970322462655962	46.242350629461576	238.58594848262888	0.15890067671115735
2.878765050167224	2.802675585284281	2.909720550450064	0.0004281522388027352	1.7016702407109738	0.9927083198384332	3.370989590089588	0.032525694444283576	9.661031382765977	182.57789814699845	4.881023811267048	0.9969186890252725	45.81627529697616	238.51864605799508	0.13261358737585247
2.878765050167224	2.839464882943144	2.890695748406168	0.0004745203989279513	1.679839403937281	0.9920444381864574	3.3384294957111647	0.034966175610080245	9.644666154427963	180.24756104787207	4.817336742890292	0.9968022589660197	45.39952258993445	238.45411316888854	0.10739251786913485
2.878765050167224	2.8762541806020065	2.8719787282965097	0.0005250371457381282	1.658600174035381	0.9913363444796323	3.3059607030228846	0.03757147876360143	9.63000208817996	177.9243617660259	4.755318099176802	0.9966828118965876	44.991778214029814	238.3924344365963	0.08324836684289427
2.878765050167224	2.9130434782608696	2.8535558324439707	0.0005800116449432284	1.6379323591707275	0.9905817452690074	3.2735458792264254	0.040351673560169464	9.617048308940843	175.6050656633235	4.6949057239103125	0.9965601964887408	44.59274155724272	238.33369980414423	0.06019118602781196
2.878765050167224	2.9498327759197323	2.835414025237109	0.0006397737379675074	1.617816906831519	0.9897781934227298	3.2411486706312087	0.04331705303485891	9.605808762988689	173.28648042636857	4.636040679230433	0.9964342556781899	44.20212527828715	238.27800769547417	0.03822956508650869
2.878765050167224	2.9866220735785953	2.817540912500839	0.0007046751313531398	1.5982358475232061	0.9889230804152257	3.2087341184059586	0.046477987686085714	9.596280168616124	170.96548610051195	4.578667080812991	0.9963048285043361	43.81965499093404	238.2254684347602	0.017369913540821857
2.878765050167224	3.0234113712374584	2.7999247701701084	0.0007750905139365117	1.5791722423557863	0.9880136315259579	3.176269195761352	0.04984473024010916	9.588449613677481	168.63907589582945	4.522731946534228	0.9961717524540763	43.445069040904066	238.1762078884941	-0.002384362675259814
2.878765050167224	3.060200668896321	2.782554581668343	0.0008514185458098478	1.5606101335668046	0.9870469049038885	3.143723478778704	0.053427163405294874	9.582291805761228	166.30440928811907	4.468185056684556	0.9960348663640823	43.078118369051936	238.13037126363216	-0.02103378462014402
2.878765050167224	3.096989966555184	2.765420082573871	0.0009340826539185794	1.542534496980768	0.9860197955104747	3.1110699569581466	0.057234484519564165	9.577766016974111	163.95887855623235	4.414978823609256	0.9958940139130168	42.7185664499932	238.08812695674354	-0.03858380679747542
2.878765050167224	3.1337792642140467	2.748511810043632	0.0010235315635835685	1.5249311953866476	0.9849290449224589	3.0782859791177595	0.06127482429513431	9.574812816546673	161.6001891404191	4.363068168418988	0.9957490476963433	42.36618928897177	238.0496703020084	-0.05504587424672827
2.878765050167224	3.17056856187291	2.7318211530729672	0.0011202394963144493	1.507786931845505	0.9837712578090944	3.045354314672803	0.0655548023680328	9.573350750921726	159.22645297045395	4.312410402173313	0.9955998338188179	42.02077545174537	238.01522701308704	-0.0704384785983314
2.878765050167224	3.2073578595317724	2.715340398100903	0.001224705975552521	1.4910892020510016	0.9825429255492465	3.0122642893306995	0.07007903038712933	9.573273209347246	156.8362921335241	4.262965108758665	0.9954462568628948	41.68212609311926	237.98505606126022	-0.08478813972552553
2.878765050167224	3.2441471571906355	2.69906276293278	0.0013374552068533647	1.4748262450882126	0.981240456887361	2.979012928836209	0.07484958383112704	9.574445794500926	154.42894796098182	4.214694026650207	0.9952882249989996	41.3500549406914	237.9594516900823	-0.0981302183512218
2.878765050167224	3.280936454849498	2.6829824107875107	0.0014590350395677768	1.4589869922930485	0.9798602147421815	2.9456060174092276	0.07986547581260803	9.576704586756708	152.00438799897026	4.167560926974367	0.9951256749062042	41.02438818332646	237.9387442491482	-0.11050944873215315
2.878765050167224	3.317725752508361	2.667094435935722	0.0015900155724795013	1.443561014405726	0.9783985573333014	2.912058953969412	0.08512217804893529	9.579855725316241	149.56340078960878	4.121531485882141	0.9949585760871088	40.70496421144554	237.92329955276924	-0.12198007543598309
2.878765050167224	3.3545150501672243	2.6513948133530483	0.0017309875308303842	1.4285384678002702	0.9768518808069736	2.8783972761335774	0.09061124319407887	9.583676704390875	147.10766653968406	4.076573150265427	0.9947869341129172	40.39163316115145	237.91351654746452	-0.13260549069296998
2.878765050167224	3.391304347826087	2.635880307417098	0.0018825606062427974	1.4139100411765226	0.9752166597248968	2.8446567269671132	0.09632008546358398	9.587919676800063	144.6397913321257	4.032654997275916	0.9946107923496574	40.08425622859403	237.909823211569	-0.14245730354661507
2.878765050167224	3.42809364548495	2.6205483389464734	0.0020453619996483813	1.3996669045998906	0.9734894813669097	2.8108827684605378	0.10223196985829473	9.59231686375608	142.16329420703187	3.9897475897825214	0.9944302318134263	39.78270474506721	237.9126708022691	-0.15161382936674753
2.878765050167224	3.4648829431438126	2.6053968153461695	0.0022200354251474025	1.3858006630314479	0.9716670699991117	2.7771294997664526	0.10832624277424652	9.596587904950608	139.6825405107936	3.9478228315415724	0.9942453689838398	39.48685903464723	237.92252678322527	-0.16015806195407933
2.878765050167224	3.5016722408026757	2.5904239343023523	0.0024072408090141436	1.372303316399569	0.9697462981642851	2.743458011261537	0.11457880961950914	9.600448691368923	137.2026210699202	3.906853827080801	0.9940563516488171	39.196607109310186	237.9398669666168	-0.16817526728825072
2.878765050167224	3.5384615384615383	2.57562797606301	0.00260765485185141	1.359167227792247	0.967724183568428	2.7099342840847895	0.12096283271082021	9.60362096862747	134.7291839641969	3.8668147517666562	0.9938633531150414	38.91184328411899	237.96516753854002	-0.17575040051320015
2.878765050167224	3.5752508361204014	2.561007101632221	0.0028219725244170704	1.3463851005671903	0.9655978719812299	2.6766268113178624	0.12744959205520615	9.60584184674245	132.26823240862453	3.8276807370400303	0.9936665653387959	38.63246681024739	237.99889766799515	-0.182965579625607
2.878765050167224	3.612040133779264	2.546559173509947	0.0030509094600433607	1.333949964248134	0.9633646083370322	2.6436041551833194	0.1340094298303832	9.606872346888158	129.82590691113717	3.789427774421686	0.9934661916591926	38.35838062214747	238.04151331438132	-0.18989784122125575
2.878765050167224	3.648829431438127	2.5322816120584366	0.003295205113218351	1.3218551682065538	0.9610216995269172	2.6109326555234773	0.1406126914997662	9.606504261237905	127.4082713634677	3.7520326399068824	0.9932624398223916	38.08949027738789	238.09345266520717	-0.19661735716969553
2.878765050167224	3.68561872909699	2.5181712950858106	0.003555626494179417	1.3100943814987862	0.9585664729662601	2.5786744697820514	0.1472305836583114	9.604564860893866	125.02112084227105	3.715472838243513	0.9930555158774397	37.82570313834763	238.15513339909558	-0.20318621833381273
2.878765050167224	3.722408026755853	2.50422450216169	0.0038329722717642648	1.2986615969387685	0.9559962348716566	2.5468860645689406	0.15383588794589909	9.600919294144292	122.66982435442847	3.679726564769748	0.9928456193375976	37.56692781139815	238.22695173321978	-0.20965781046024407
2.878765050167224	3.759197324414716	2.4904368998339836	0.00412807705773314	1.2875511375349817	0.9533082314466694	2.5156172094206024	0.1604034960412304	9.595470803805686	120.35920984914466	3.6447726812861654	0.992632939785937	37.31307382880421	238.30928302515252	-0.21607673572474334
2.878765050167224	3.7959866220735785	2.476803560187744	0.004441815733165198	1.276757663725073	0.9504996151255666	2.4849104597100946	0.16691075668992475	9.588159106691922	118.09349293327365	3.6105907019565113	0.9924176549077922	37.06405153648348	238.40248358255315	-0.22247918305977146
2.878765050167224	3.8327759197324416	2.4633190033794476	0.004775107736176279	1.2662761802834892	0.9475674169320438	2.454801068125489	0.1733376471101176	9.578957397209793	115.87624593687967	3.577160785385765	0.992199929786732	36.81977213900071	238.5068932932839	-0.2288936254982781
2.878765050167224	3.869565217391304	2.4499772546894065	0.0051289212869447785	1.2561020422419589	0.9445085250792351	2.4253172367138798	0.17966679544053366	9.567868464772568	113.71040082825128	3.5444637296156967	0.9919799172164758	36.58014785092848	238.6228387093185	-0.2353417207498099
2.878765050167224	3.9063545150501673	2.436771907761309	0.0055042775724626035	1.2462309595680434	0.941319669271722	2.3964806127766	0.18588338786865388	9.554920373026071	111.59827801112456	3.5124809675805873	0.9917577587535452	36.345092108455994	238.75063627787733	-0.24183930552419128
2.878765050167224	3.94314381270903	2.42369618746956	0.005902254946269132	1.2366590006521019	0.9379974097841628	2.36830693728671	0.1919749949582433	9.540162066123452	109.54163294824792	3.481194561389445	0.9915335862498902	36.114519803836096	238.89059549035466	-0.24839739717628134
2.878765050167224	3.979933110367893	2.410743007786773	0.006323993218304241	1.2273825948509312	0.9345381302407955	2.3408067684072766	0.19793134842415314	9.523659169379535	107.54171339398056	3.4505871945213515	0.9913075236442381	35.888347515271356	239.04302179661764	-0.25502314161906686
2.878765050167224	4.016722408026756	2.397905021787161	0.006770698119751621	1.2183985344418138	0.9309380330370125	2.3139862201619077	0.20374409410963037	9.505490157437265	105.59932134123648	3.4206421615781792	0.9910796888406463	35.66649371428888	239.20821919858133	-0.26172066976183817
2.878765050167224	4.053511705685619	2.3851746623471373	0.00724364603083364	1.2097039763779371	0.9271931364599012	2.2878476737603353	0.20940654074267365	9.485742983458819	103.71487524597374	3.3913433556254478	0.9908501955521907	35.448878940527464	239.3864924881831	-0.2684918436891029
2.878765050167224	4.090301003344481	2.3725441731445454	0.00774418905919671	1.2012964442299519	0.9232992727237311	2.2623904343888968	0.21491341819935592	9.4645122020335	101.8884694571478	3.362675253387919	0.9906191550308034	35.23542593980245	239.57814913060588	-0.2753368877407559
2.878765050167224	4.127090301003345	2.3600056302416093	0.00827376055530833	1.193173830669454	0.9192520863009157	2.237611318515231	0.22026065402694703	9.441896576213864	100.11992893156187	3.3346228986857134	0.9903866776384636	35.02605976540897	239.7835008159808	-0.2822549089401395
2.878765050167224	4.1638795986622075	2.347550954929339	0.008833881150913986	1.1853344008135311	0.9150470320765801	2.2135051658173515	0.22544517307084788	9.417997132664983	98.40885821112205	3.307171884533912	0.9901528742400402	34.820707845169714	240.0028647147904	-0.2892443166911768
2.878765050167224	4.20066889632107	2.335171918687528	0.009426165408156245	1.177776796714886	0.910679372975317	2.1900652760773185	0.23046472217838093	9.392915614762865	96.75468429426117	3.280308334314478	0.9899178574152084	34.61930001810515	240.236564476905	-0.29630315430566523
2.878765050167224	4.237458193979933	2.3228601411423515	0.010052329171079741	1.170500043254927	0.906144176799298	2.1672837753180634	0.23531771997763803	9.36675327808671	95.15669347853206	3.2540188823861023	0.9896817424975697	34.42176854514621	240.48493101408016	-0.30342935562322343
2.878765050167224	4.274247491638796	2.310607081838204	0.010714197718283748	1.1635035556804207	0.9014363120794562	2.1451519176769143	0.24000313046746471	9.339609973119542	93.614062531253	3.2282906544426226	0.9894446484550908	34.22804809832376	240.7483031029931	-0.3106209394759302
2.878765050167224	4.311036789297659	2.298404026521509	0.011413714825698452	1.1567871490185597	0.896550442779671	2.1236603305051682	0.24452035842557682	9.31158346378801	92.12588470190367	3.2031112478727457	0.9892066986286222	34.038075732563755	241.027027841676	-0.31787615356659593
2.878765050167224	4.3478260869565215	2.286242068489692	0.012152952862084572	1.1503510496109417	0.8914810217119212	2.1027992103699398	0.24886916428954386	9.282768936071175	90.69119116024896	3.178468712320433	0.9889680213457533	33.851790843759744	241.32146098768015	-0.32519357784458486
2.878765050167224	4.384615384615385	2.2741120854050147	0.012934124057203348	1.1441959090235452	0.8862222825220011	2.082558477321063	0.25304959606564525	9.2532586571731	89.30896845684224	3.1543515305981646	0.9887287504264279	33.66913511627835	241.6319672018337	-0.33257219591449827
2.878765050167224	4.421404682274248	2.262004711820068	0.013759593104130802	1.1383228206173335	0.8807682300936748	2.062927894193223	0.25706193587984344	9.223141751986462	87.97817257935463	3.130748600066126	0.9884890255952096	33.490052462545094	241.95892021746195	-0.34001144154107926
2.878765050167224	4.45819397993311	2.2499103075135625	0.014631891283502252	1.1327333391027272	0.8751126291961704	2.0438971569913593	0.2609066589365497	9.192504069375703	86.69774013456338	3.1076492145588723	0.9882489928132426	33.31448895689339	242.3027029515291	-0.3475112259909175
2.878765050167224	4.494983277591973	2.2378189215920843	0.015553732329415954	1.1274295034514914	0.8692489911670318	2.0254559616526606	0.26458440284849355	9.161428115980701	85.46659713243186	3.0850430469162826	0.988008804541058	33.14239276545085	242.66370757132117	-0.3550719508080915
2.878765050167224	4.531772575250836	2.2257202521737343	0.016528030295421693	1.1224138636027767	0.8631705583799432	2.007594051748113	0.2680959455156224	9.129993039719535	84.28366579230054	3.062920132156944	0.9877686199415899	32.97371407349255	243.04233552804885	-0.36269450965889266
2.878765050167224	4.568561872909699	2.2136036013298006	0.01755791972589828	1.1176895114779903	0.856870286194986	1.9903012510131532	0.2714421899438437	9.098274648960505	83.14786973609075	3.041270851318315	0.9875286050311654	32.808405011407636	243.4389975670215	-0.37038028208926227
2.878765050167224	4.605351170568562	2.201457824815826	0.018646778495090128	1.1132601169144283	0.8503408220257822	1.9735674839937982	0.2746241545957379	9.066345456490815	82.05813788188898	3.0200859159779183	0.987288932784853	32.64641958019461	243.854113722709	-0.37813112139869365
2.878765050167224	4.642140468227424	2.1892712759683155	0.019798253745533994	1.109129969243926	0.8435744810822959	1.9573827875656484	0.2776429680500079	9.034274740003536	81.0134073045266	2.9993563534630634	0.9870497832014111	32.48771357722117	244.288113306091	-0.38594933832426176
2.878765050167224	4.678929765886288	2.1770317429707893	0.021016291442718372	1.1053040253848057	0.8365632182570027	1.9417373156251538	0.2804998669127993	9.002128612930527	80.01262528816657	2.979073492751718	0.9868113433321515	32.332244522840796	244.7414348909962	-0.39383768182852896
2.878765050167224	4.7157190635451505	2.1647263784949713	0.022305170167667296	1.101787965489692	0.8292985955118782	1.9266213388589433	0.28319619607275903	8.969970101140794	79.05475075933091	2.959228951064085	0.9865738072773103	32.179971588349396	245.21452630568643	-0.4017993179746559
2.878765050167224	4.752508361204013	2.152341620489714	0.023669539899043676	1.098588257406604	0.8217717439891377	1.9120252411609013	0.28573341052393014	8.937859222367694	78.13875525697699	2.939814621142404	0.9863373761529768	32.03085552568195	245.70784463563345	-0.40983780763560473
2.878765050167224	4.789297658862877	2.139863102609237	0.02511446669837684	1.0957122314773282	0.8139733199029625	1.8979395139792055	0.2881130780986471	8.905853066282303	77.26362356861351	2.9208226592150712	0.9861022580312366	31.884858599184096	246.2218562432242	-0.41795708360609923
2.878765050167224	4.826086956521739	2.1272755524276623	0.026645484415409548	1.0931681675301934	0.8058934530633766	1.884354749629964	0.29033688255821766	8.87400587394454	76.42835413760339	2.9022454736400505	0.9858686678559196	31.7419445197446	246.75703680996867	-0.42616142755469943
2.878765050167224	4.862876254180602	2.1145626751580586	0.028268654787783013	1.0909653963437778	0.7975216866246541	1.8712616344037758	0.292406626584261	8.842369115980048	75.6319593262404	2.884075714221596	0.9856368273361811	31.60207838153523	247.31387140665146	-0.43445544715818735
2.878765050167224	4.8996655518394645	2.101707020053742	0.029990637637103492	1.089114418390461	0.788846906322375	1.8586509421106001	0.2943242342997539	8.810991569284653	74.87346560146007	2.8663062621931896	0.985406964820055	31.46522660157254	247.89285459671567	-0.44284405369317686
2.878765050167224	4.936454849498328	2.0886898259807793	0.03181877328468798	1.0876270433503212	0.7798572570425799	1.846513528552772	0.2960917530270696	8.779919392379064	74.15191369482686	2.848930220858222	0.9851793151500879	31.331356862287308	248.49449057796147	-0.4513324403139669
2.878765050167224	4.973244147157191	2.0754908417630675	0.03376117985640975	1.0865165547665094	0.7705400440220745	1.8348403272815306	0.2977113540617419	8.749196199749033	73.46635877535896	2.8319409068783274	0.9849541195031659	31.20043805726082	249.11929336740258	-0.4599260612148227
2.878765050167224	5.010033444816053	2.062088115745673	0.03582686886075141	1.0857979053620916	0.7608816152668518	1.8236223468768695	0.299185332305568	8.71886313563132	72.81587066260872	2.815331842197387	0.9847316252166655	31.072440240261276	249.7677870338107	-0.4686306118553708
2.878765050167224	5.046822742474917	2.0484577475006986	0.03802588336900025	1.0854879500527215	0.7508672208342358	1.8128506698913553	0.3005161046614636	8.68895894776181	72.19953409796689	2.799096746587056	0.9845120856030855	30.947334577686988	250.44050598211015	-0.4774520104153784
2.878765050167224	5.083612040133779	2.0345735925739996	0.04036946438931746	1.0856057257077139	0.7404808433657745	1.8025164535138267	0.3017062071453359	8.659520061603276	71.61644908421333	2.7832295307969477	0.9842957597553222	30.825093304492093	251.13799529328273	-0.4863963806378128
2.878765050167224	5.120401337792642	2.020406908441043	0.04287025273416708	1.086172789434311	0.7297049925547932	1.792610931938228	0.30275829071688487	8.630580655531334	71.06573129680814	2.767724290290318	0.9840829123447412	30.70568968364347	251.8608111230007	-0.4954700362134538
2.878765050167224	5.157190635451505	2.005925926112417	0.04554253601990323	1.0872136308788118	0.7185204538983516	1.7831254203642073	0.30367511587186435	8.602172737388214	70.54651256511855	2.7525752995431145	0.9838738134141528	30.589097969123127	252.60952116157824	-0.504679466856466
2.878765050167224	5.193979933110368	1.9910953266675966	0.04840255368671215	1.0887561791907294	0.706905978839176	1.7740513205090802	0.30445954607279146	8.574326222725459	70.05794141761189	2.7377770068815006	0.9836687381677179	30.475293372456992	253.38470515722847	-0.5140313262155123
2.878765050167224	5.230769230769231	1.9758755947371183	0.05146887750994169	1.0908324325445575	0.6948378988256121	1.7653801274748249	0.3051145401232061	8.54706901495766	69.59918368194295	2.723324029830439	0.983467966759689	30.364252032717793	254.1869555039837	-0.5235324217598494
2.878765050167224	5.2675585284280935	1.9602222105726277	0.054762891646617864	1.0934792484833935	0.6822896392499718	1.7571034377874555	0.3056431436126505	8.52042708754593	69.16942312866436	2.709211150943323	0.9832717840837304	30.255950989914304	255.01687789496393	-0.5331897067732881
2.878765050167224	5.304347826086956	1.944084627220333	0.058309405863546306	1.0967393484609291	0.6692310996279166	1.7492129584091058	0.3060484795755633	8.49442456822863	68.76786214592906	2.69543331408035	0.9830804795643558	30.150368161644458	255.8750920409984	-0.5430102745814185
2.878765050167224	5.34113712374582	1.927404956819135	0.062137449913615375	1.1006626124399845	0.6556278520657178	1.7417005165142956	0.30633373851762613	8.469083825222599	68.39372243191346	2.68198562110146	0.9828943469517866	30.047482322857274	256.76223245397557	-0.5530013551288487
2.878765050167224	5.377926421404682	1.9101162558097153	0.06628131887771095	1.1053077736274832	0.6414400882151999	1.7345580698203305	0.30650216796810886	8.444425555233803	68.04624569167056	2.6688633289379835	0.9827136841212558	29.94727308853645	257.6789492936381	-0.5631703140141104
2.878765050167224	5.414715719063545	1.8921402453711709	0.07078197350221319	1.1107446768806808	0.6266212107071243	1.7277777172664042	0.30655706171700114	8.420468873045081	67.72469432561074	2.6560618470059034	0.9825387928774918	29.84972089908866	258.6259092759515	-0.5735246540808168
2.878765050167224	5.451505016722408	1.8733842174090476	0.07568895471796894	1.1170573502971073	0.6111159099001877	1.7213517098460274	0.30650174889166515	8.397231402391611	67.42835209772109	2.6435767349228065	0.9823699787647863	29.754807008193207	259.60379664059366	-0.5840720196548801
2.878765050167224	5.488294314381271	1.8537367334109784	0.08106306346776518	1.1243482824909934	0.5948574748439863	1.7152724614113322	0.30633958302021547	8.37472936779248	67.15652477284075	2.63140370048998	0.9822075508827234	29.66251347284441	260.61331417457694	-0.5948202035101162
2.878765050167224	5.525083612040134	1.8330614762907276	0.0869802162589031	1.1327445452366263	0.5777639280657044	1.7095325592853943	0.30607393121820264	8.352977686979719	66.9085407137742	2.619538597901036	0.9820518217072985	29.5728231452977	261.6551842885294	-0.605777156638681
2.878765050167224	5.561872909698996	1.8111881682996045	0.09353717557071818	1.1424068481801222	0.5597322850782466	1.704124774537808	0.3057081636225956	8.331990063552903	66.68375143057547	2.6079774261384117	0.9819031069168134	29.485719666610716	262.7301501416714	-0.6169510008991397
2.878765050167224	5.59866220735786	1.7878986151113136	0.10086040633218582	1.1535434652728114	0.5406296874219015	1.6990420718001178	0.30524564318249	8.3117790794878	66.4815320760246	2.5967163275195495	0.9817617252215857	29.401187461456253	263.8389768111149	-0.6283500446143032
2.878765050167224	5.635451505016722	1.7629041997928796	0.10912043598394887	1.1664327089474325	0.5202790317526335	1.6942776185184525	0.3046897159009221	8.292356287138691	66.3012818829198	2.585751586354861	0.9816279981961821	29.31921173386829	264.98245250063985	-0.6399828011931207
2.878765050167224	5.672240802675585	1.7358073210453977	0.1185565847839233	1.1814614573603648	0.49843422834438866	1.6898247935623225	0.30404370160627114	8.273732300395944	66.14242454043756	2.5750796276802546	0.981502250112553	29.239778463572264	266.16138978370685	-0.6518580108573659
2.878765050167224	5.709030100334449	1.7060299187405479	0.1295230243942481	1.1991965913500378	0.4747341309932349	1.6856771951286733	0.30331088531621503	8.255916884689686	66.00440850829321	2.5646970160274907	0.9813848077721393	29.162874402539305	267.37662687499716	-0.6639846655637521
2.878765050167224	5.745819397993311	1.67266608289114	0.14258419043002168	1.2205323446143865	0.44860711266749387	1.6818286478993312	0.302494509242138	8.238919045566252	65.88670726879609	2.554600454196061	0.9812760003347246	29.088487071393992	268.62902892427974	-0.6763720372265507
2.878765050167224	5.782608695652174	1.6341272155974809	0.15874548450125786	1.247045097167482	0.4190403513957158	1.6782732094276782	0.3015977654675342	8.222747115604724	65.78881951812677	2.5447867819906507	0.9811761591415274	29.016604755296353	269.9194893258874	-0.689029709365248
2.878765050167224	5.8193979933110365	1.587043060169956	0.1801708261436992	1.2820922974320303	0.3838622660188226	1.675005175745781	0.3006237893208957	8.207408839483886	65.7102692991958	2.5352529748881776	0.9810856175297622	28.947216498906453	271.2489310364204	-0.7019676123254862
2.878765050167224	5.8561872909699	1.52045694907969	0.21398990941264118	1.3366171608220385	0.3359352470529497	1.6720190861968292	0.29957565345166787	8.192911457055029	65.65060607932858	2.5259961425981903	0.9810047106356545	28.88031210002903	272.6183078926041	-0.7151960622512136
2.878765050167224	5.892976588628763	1.4243992083708028	0.2705389697091417	1.4243992083714243	0.2705389697086457	1.6692845554453197	0.29846470843544387	8.179190955678424	65.60755580685799	2.516995929221635	0.9809327550235645	28.815698105006625	274.02446747595377	-0.7286853683477008
2.878765050167224	5.929765886287625	1.3578211621431184	0.31423580540491014	1.357821162143118	0.3142358054049106	1.6640953683054787	0.2982211460161706	8.16433890050839	65.40020391513167	2.5058536412737227	0.9808908621796736	28.731853048268995	274.95124273886785	-0.7455201495664577
2.878765050167224	5.966555183946488	1.4525012638542139	0.24875911905606893	1.4525012638542	0.24875911905607748	1.6658601537733233	0.2956120819910647	8.15373824040054	65.65303493867069	2.501038270678925	0.9807767163493518	28.704183497868797	277.2208445228423	-0.7532894436021594
2.878765050167224	6.003344481605351	1.5561739472176341	0.19027137613413012	1.5561739472176213	0.19027137613413675	1.6768605350267025	0.28999552198342043	8.152441271304573	66.5233940652247	2.504555340244977	0.9806482002263638	28.75232339318446	281.3420579820732	-0.7532894436021594
2.878765050167224	6.040133779264214	1.6075748531975624	0.1653750992234144	1.607574853197564	0.16537509922341376	1.6894319114851997	0.28405712351544427	8.154325150488292	67.49603282240976	2.509795771789843	0.9805516883520071	28.816550074972803	285.9038583201942	-0.7532894436021594
2.878765050167224	6.076923076923077	1.643097684650649	0.14972721016115703	1.6430976846506495	0.1497272101611569	1.7024438264560149	0.27817891856178295	8.157584065252674	68.49277535380826	2.515846676001307	0.980473732217494	28.8881546945337	290.708886836172	-0.7532894436021594
2.878765050167224	6.11371237458194	1.6706866009286114	0.13844776861945177	1.6706866009286165	0.13844776861944968	1.715457253744196	0.27249456888730683	8.161496236097186	69.48370752947409	2.5223253830552466	0.9804084758328313	28.963490261407745	295.67452113830876	-0.7532894436021594
2.878765050167224	6.150501672240803	1.693384656935518	0.1297361417403377	1.6933846569355142	0.12973614174033923	1.7282552678119691	0.26705791122893924	8.16568658585692	70.4543802933404	2.529018852873672	0.9803524321063953	29.040532812067713	300.754084760946	-0.7532894436021594
2.878765050167224	6.187290969899665	1.7127108336780987	0.12271900445966039	1.7127108336780992	0.1227190044596603	1.7407246705107133	0.26188702799014146	8.16994241057478	71.39751743812371	2.5357958903168587	0.9803032668577216	29.118042185592085	305.9180765538062	-0.7532894436021594
2.878765050167224	6.224080267558528	1.7295469911382981	0.11690274926328488	1.729546991138297	0.11690274926328537	1.75280831028359	0.25698216281222797	8.174139671572489	72.30967847180709	2.5425722241351685	0.9802593295715981	29.195227397218755	311.146847595242	-0.7532894436021594
2.878765050167224	6.260869565217392	1.7444576397847908	0.11197973060149245	1.7444576397847902	0.11197973060149269	1.7644813355468503	0.2523344729750542	8.17820643429975	73.18960329346588	2.5492928660423693	0.9802194175630892	29.27157734130669	316.4269479644342	-0.7532894436021594
2.878765050167224	6.297658862876254	1.7578295410136007	0.10774478987011353	1.7578295410135985	0.10774478987011435	1.7757380146285269	0.24793068060210674	8.182102577501142	74.03729928743805	2.5559219671359243	0.9801826380139629	29.34676339575826	321.749036769037	-0.7532894436021594
2.878765050167224	6.334448160535117	1.7699411462859052	0.10405418327701182	1.7699411462859056	0.10405418327701167	1.786583971685286	0.24375563856207896	8.185807789026091	74.85350797616324	2.5624365324929266	0.9801483196777736	29.420579094287294	327.10658565892146	-0.7532894436021594
2.878765050167224	6.37123745819398	1.7810006003775896	0.10080333410437162	1.7810006003775893	0.10080333410437163	1.7970314544930541	0.23979375963376537	8.189314181884173	75.63938320590744	2.5688223439220805	0.9801159531949448	29.492901035332622	332.49503289276123	-0.7532894436021594
2.878765050167224	6.408026755852843	1.791168119742342	0.09791387196340154	1.7911681197423421	0.09791387196340143	1.8070963941978757	0.23602980155286613	8.192621637413927	76.39629362641195	2.575071234952703	0.9800851493129751	29.5636627991849	337.91121258749644	-0.7532894436021594
2.878765050167224	6.444816053511706	1.8005699542731346	0.09532564039465766	1.8005699542731355	0.09532564039465735	1.8167965618242368	0.2324492795266836	8.195734820171793	77.12570071260477	2.581179231598196	0.9800556089373913	29.632837190443055	343.3529604295888	-0.7532894436021594
2.878765050167224	6.481605351170568	1.8093075139810837	0.09299153851027309	1.8093075139810824	0.09299153851027352	1.826150411849671	0.22903866162193828	8.198661244992131	77.82908372741379	2.5871452647036213	0.9800271012892671	29.7004239719336	348.81883644254464	-0.7532894436021594
2.878765050167224	6.518394648829432	1.8174635678949767	0.09087406545438494	1.8174635678949755	0.09087406545438526	1.8351763630065638	0.22578543806782492	8.201410019108174	78.50789427800669	2.5929702681488886	0.9799994477604417	29.766441300883844	354.3079273488785	-0.7532894436021594
2.878765050167224	6.555183946488294	1.8251065907353992	0.08894293279695537	1.8251065907353998	0.08894293279695516	1.8438923601819959	0.2226781185843821	8.203991023617553	79.16352969094899	2.5986565419859238	0.9799725098491335	29.830919702926476	359.8197040903829	-0.7532894436021594
2.878765050167224	6.591973244147157	1.8322938937552447	0.08717337115929372	1.8322938937552455	0.08717337115929344	1.8523156180677196	0.2197061901350214	8.206414383938188	79.7973183971707	2.604207299948815	0.9799461800607067	29.89389780877681	365.35391815851824	-0.7532894436021594
2.878765050167224	6.62876254180602	1.8390739320148195	0.0855449020862791	1.8390739320148193	0.08554490208627913	1.860462482474849	0.21686005452040552	8.208690131802157	80.41051296799803	2.6096263466914724	0.9799203749890694	29.95541932835743	370.91052557932136	-0.7532894436021594
2.878765050167224	6.665551839464883	1.8454880385381083	0.08404042995848036	1.8454880385381096	0.08404042995848	1.8683483675474029	0.21413095737739385	8.210827994803983	81.0042879859827	2.614917847141458	0.9798950300181586	30.01553090135585	376.4896308174838	-0.7532894436021594
2.878765050167224	6.702341137123746	1.8515717501989202	0.08264555909930928	1.8515717501989193	0.08264555909930953	1.875987741451229	0.21151091536041566	8.212837271051127	81.57974091952366	2.62008616176421	0.9798700952378577	30.07428057307364	382.09144516311005	-0.7532894436021594
2.878765050167224	6.739130434782608	1.8573558367704484	0.08134807251171394	1.857355836770449	0.08134807251171372	1.8833941424447607	0.20899264535592602	8.214726760511718	82.1378948070276	2.6251357292862667	0.9798455322775866	30.131716719054474	387.7162557356956	-0.7532894436021594
2.878765050167224	6.775919732441472	1.8628671102468313	0.0801375286691379	1.8628671102468326	0.08013752866913744	1.89058021336802	0.2065694977930731	8.216504733927172	82.6797019717197	2.63007098376635	0.9798213118383915	30.187887293314365	393.3644023285775	-0.7532894436021594
2.878765050167224	6.812709030100335	1.8681290689082464	0.07900494588633213	1.8681290689082475	0.07900494588633188	1.8975577466465727	0.20423539502915694	8.218178926341487	83.20604826115614	2.6348962966226113	0.9797974117602732	30.242839310706092	399.0362600808437	-0.7532894436021594
2.878765050167224	6.849498327759197	1.8731624153238158	0.07794255257507503	1.8731624153238149	0.07794255257507535	1.9043377346137922	0.20198477513966304	8.219756546458868	83.71775748580971	2.63961593684108	0.9797738155022061	30.296618499033148	404.73222650536246	-0.7532894436021594
2.878765050167224	6.88628762541806	1.8779854769608695	0.07694358769176358	1.87798547696087	0.07694358769176347	1.910930421766635	0.1998125410646282	8.221244295859254	84.21559585057027	2.64423404444676	0.9797505109421706	30.349269074296174	410.4527117891777	-0.7532894436021594
2.878765050167224	6.923076923076923	1.8826145506823546	0.0760021398607994	1.8826145506823544	0.0760021398607995	1.9173453567871535	0.1977140148526788	8.222648394023322	84.70027625229851	2.6487546136477955	0.9797274894266726	30.40083360515031	416.19813156275353	-0.7532894436021594
2.878765050167224	6.959866220735786	1.8870641871427338	0.07511301661190008	1.8870641871427336	0.07511301661190015	1.9235914429796348	0.1956848966370155	8.22397460643472	85.17246236908694	2.6531814830205014	0.9797047450157226	30.451352941781114	421.9689015384573	-0.7532894436021594
2.878765050167224	6.996655518394649	1.8913474272731552	0.07427163728977719	1.8913474272731547	0.07427163728977737	1.9296769863212444	0.19372122793346963	8.225228273931416	85.6327725014685	2.6575183307974775	0.9796822738816464	30.500866191013507	427.76543356825306	-0.7532894436021594
2.878765050167224	7.033444816053512	1.8954760002418334	0.07347394473664827	1.8954760002418336	0.07347394473664821	1.935609740690474	0.19181935884384377	8.226414342101814	86.08178314843603	2.661768673828305	0.9796600738294864	30.549410724284158	433.58813278118714	-0.7532894436021594
2.878765050167224	7.070234113712375	1.8994604901888597	0.07271633198352127	1.8994604901888597	0.07271633198352127	1.9413969500795836	0.1899759187624006	8.227537389950134	86.52003231564078	2.665935869154185	0.979638143913878	30.597022208629294	439.43739554339436	-0.7532894436021594
2.878765050167224	7.107023411371237	1.9033104774649767	0.0719955810315908	1.9033104774649763	0.07199558103159091	1.9470453877551637	0.18818779020939835	8.228601657351138	86.94802256223943	2.6700231174122875	0.9796164841327526	30.643734653431117	445.31360804481733	-0.7532894436021594
2.878765050167224	7.1438127090301	1.9070346589102627	0.07130881144113858	1.9070346589102634	0.07130881144113842	1.952561392431346	0.18645208544697228	8.22961107101643	87.36622379830973	2.6740334674887984	0.9795950951824155	30.689580467580022	451.2171453630887	-0.7532894436021594
2.878765050167224	7.1806020066889635	1.9106409507923006	0.07065343692848042	1.9106409507923003	0.07065343692848043	1.9579509015817964	0.18476612556562283	8.230569268832244	87.77507584778968	2.677969821990606	0.979573978261804	30.73459052312626	457.14837088993175	-0.7532894436021594
2.878765050167224	7.217391304347826	1.9141365773133894	0.07002712854181434	1.9141365773133896	0.07002712854181431	1.9632194820516782	0.18312742176202376	8.23147962252109	88.17499079331094	2.6818349432182904	0.9795531349162527	30.778794222549138	463.1076360320218	-0.7532894436021594
2.878765050167224	7.254180602006689	1.9175281470418546	0.06942778327297221	1.9175281470418537	0.06942778327297239	1.9683723581485253	0.18153365855942907	8.232345258640759	88.56635511969445	2.6856314594072876	0.9795325669130706	30.822219567556164	469.0952801184937	-0.7532894436021594
2.878765050167224	7.290969899665551	1.9208217191855628	0.06885349718502207	1.9208217191855637	0.06885349718502186	1.9734144373965432	0.17998267875025015	8.233169077973079	88.94953167257236	2.6893618710669855	0.9795122761427827	30.864893227907636	475.1116304627302	-0.7532894436021594
2.878765050167224	7.327759197324415	1.9240228612797914	0.06830254231046899	1.9240228612797914	0.06830254231046898	1.9783503341375523	0.1784724698658838	8.2339537733792	89.32486144794188	2.69302855729517	0.9794922645411135	30.906840609201993	481.15700253812224	-0.7532894436021594
2.878765050167224	7.364548494983278	1.9271366995846724	0.06777334671301691	1.9271366995846722	0.06777334671301692	1.9831843911550047	0.17700115200187486	8.234701846211303	89.69266522751278	2.69663378198029	0.9794725340277477	30.94808591887877	487.2317002365312	-0.7532894436021594
2.878765050167224	7.40133779264214	1.9301679632655535	0.06726447721561915	1.9301679632655542	0.06726447721561893	1.9879206994885568	0.17556696684684983	8.23541562137733	90.05324507369535	2.700179699831011	0.9794530864586825	30.988652229941945	493.33601618545566	-0.7532894436021594
2.878765050167224	7.438127090301004	1.9331210232495886	0.06677462438546831	1.9331210232495892	0.0667746243854681	1.9925631165955895	0.17416826778175612	8.236097261156427	90.40688569697899	2.703668362192007	0.9794339235895851	31.028561542082617	499.47023210524986	-0.7532894436021594
2.878765050167224	7.474916387959866	1.935999926506263	0.0663025894371761	1.9359999265062633	0.06630258943717597	1.99711528300511	0.17280351093176669	8.23674877786186	90.75385570741473	2.707101722620339	0.9794150470480733	31.067834840017944	505.6346191922487	-0.7532894436021594
2.878765050167224	7.511705685618729	1.938808426379612	0.06584727277266919	1.9388084263796121	0.06584727277266912	2.001580637597422	0.17147124706728636	8.237372045443585	91.09440876084949	2.7104816422071045	0.9793964583132108	31.10649214895472	511.82943851672513	-0.7532894436021594
2.878765050167224	7.548494983277592	1.9415500095023694	0.06540766392271972	1.94155000950237	0.06540766392271961	2.005962431632367	0.17017011426265347	8.23796881011885	91.42878460963007	2.7138098946379396	0.9793781587008488	31.14455258716362	518.0549414274942	-0.7532894436021594
2.878765050167224	7.585284280936455	1.9442279197408698	0.06498283269309696	1.9442279197408694	0.06498283269309706	2.0102637416377975	0.16889883123196237	8.238540700112681	91.75721006655706	2.7170881709912442	0.9793601493536784	31.182034415695632	524.3113699567683	-0.7532894436021594
2.878765050167224	7.622073578595318	1.9468451795526331	0.06457192134947319	1.9468451795526336	0.06457192134947311	2.014487481260227	0.16765619127080497	8.239089234585057	92.07989989005642	2.7203180842776904	0.9793424312350808	31.21895508531141	530.5989572206048	-0.7532894436021594
2.878765050167224	7.65886287625418	1.9494046090825234	0.0641741377009529	1.9494046090825243	0.06417413770095268	2.018636412170148	0.16644105674099738	8.239615831815176	92.39705759776054	2.723501173727368	0.979325005126022	31.255331280716746	536.9179278114361	-0.7532894436021594
2.878765050167224	7.695652173913044	1.9519088432767946	0.06378874896336754	1.9519088432767948	0.06378874896336748	2.022713154106183	0.16525235404256136	8.240121816708147	92.70887621501267	2.726638908833254	0.9793078716243799	31.291178962215817	543.2684981802328	-0.7532894436021594
2.878765050167224	7.7324414715719065	1.954360347254794	0.06341507630122811	1.9543603472547932	0.06341507630122825	2.0267201941340396	0.16408906902361647	8.240608427683284	93.01553896415416	2.729732693160717	0.9792910311462009	31.326513404900453	549.6508770064867	-0.7532894436021594
2.878765050167224	7.769230769230769	1.9567614301452323	0.06305248996198097	1.9567614301452316	0.06305248996198108	2.0306598951893906	0.16295024278435916	8.241076822998547	93.31721989990275	2.732783867933824	0.9792744839284722	31.36134923550055	556.0652655548474	-0.7532894436021594
2.878765050167224	7.806020066889632	1.9591142575659182	0.06270040492859844	1.9591142575659177	0.06270040492859852	2.034534503967226	0.1618349678361971	8.241528086560816	93.6140844956132	2.735793715409634	0.9792582300330787	31.395700467022447	562.5118580177202	-0.7532894436021594
2.878765050167224	7.842809364548495	1.9614208629020675	0.062358277026958536	1.9614208629020673	0.06235827702695863	2.038346158214296	0.16074238458141046	8.241963233267088	93.90629018474216	2.7387634620517094	0.9792422693516617	31.42958053130021	568.9908418434221	-0.7532894436021594
2.878765050167224	7.879598662207358	1.9636831575180316	0.062025599433268214	1.9636831575180311	0.0620255994332683	2.042096893475939	0.15967167808248728	8.24238321391767	94.1939868614255	2.7416942815140057	0.9792266016111603	31.46300230958214	575.5023980497846	-0.7532894436021594
2.878765050167224	7.916387959866221	1.965902940020188	0.06170189953418585	1.965902940020188	0.06170189953418587	2.0457886493438524	0.1586220750935973	8.24278891973884	94.47731734370413	2.7445872974461305	0.9792112263798477	31.49597816127154	582.0467015232997	-0.7532894436021594
2.878765050167224	7.953177257525083	1.96808190467374	0.06138673609865964	1.9680819046737403	0.06138673609865953	2.0494232752469226	0.15759284132961723	8.243181186548743	94.75641780259217	2.747443586130531	0.979196143073714	31.528519950934985	588.6239213040299	-0.7532894436021594
2.878765050167224	7.989966555183947	1.9702216490636393	0.061079696725839565	1.970221649063639	0.06107969672583962	2.053002535823392	0.15658327895070348	8.243560798597475	95.03141815988363	2.7502641789618383	0.9791813509630736	31.56063907368708	595.2342208566441	-0.7532894436021594
2.878765050167224	8.02675585284281	1.9723236810788138	0.06078039553803924	1.9723236810788132	0.060780395538039385	2.0565281159091153	0.15559272424269815	8.243928492109411	95.30244245732122	2.7530500647781087	0.9791668491792967	31.592346479054797	601.877758328004	-0.7532894436021594
2.878765050167224	8.063545150501673	1.9743894252893575	0.06048847109166209	1.9743894252893581	0.06048847109166199	2.0600016251733115	0.1546205454757049	8.244284958552932	95.56960919949728	2.7558021920531406	0.9791526367215899	31.623652693417732	608.5546867917627	-0.7532894436021594
2.878765050167224	8.100334448160535	1.97642022877833	0.06020358448236653	1.9764202287783292	0.06020358448236669	2.0634246024306173	0.15366614092493566	8.244630847661012	95.83303167265291	2.7585214709586867	0.9791387124637551	31.65456784111705	615.2651544805041	-0.7532894436021594
2.878765050167224	8.137123745819398	1.978417366482498	0.05992541762368525	1.978417366482498	0.059925417623685244	2.0667985196554026	0.15272893703955742	8.2449667702234	96.09281824132839	2.761208775304799	0.9791250751608824	31.68510166431857	622.0093050059631	-0.7532894436021594
2.878765050167224	8.173913043478262	1.9803820460902561	0.059653671680813855	1.9803820460902564	0.059653671680813765	2.070124785722058	0.15180838674668085	8.245293300669527	96.34907262464435	2.763864944365985	0.9791117234559334	31.71526354171028	628.787277567824	-0.7532894436021594
2.878765050167224	8.210702341137123	1.9823154125396267	0.05938806564345043	1.9823154125396272	0.059388065643450345	2.0734047498929824	0.15090396787887167	8.245610979459697	96.6018941538424	2.7664907846006406	0.9790986558861839	31.745062506111136	635.5992071517184	-0.7532894436021594
2.878765050167224	8.247491638795987	1.984218552154343	0.05912833502348509	1.9842185521543427	0.059128335023485204	2.07663970507383	0.15001518171473546	8.245920315300035	96.85137801254993	2.7690870712704183	0.9790858708895032	31.774507261060307	642.4452247168813	-0.7532894436021594
2.878765050167224	8.284280936454849	1.9860924964520141	0.05887423066495567	1.9860924964520148	0.058874230664955556	2.0798308908540686	0.14914155162309803	8.246221787195855	97.09761546111982	2.7716545499660197	0.9790733668104521	31.80360619645359	649.325457374031	-0.7532894436021594
2.878765050167224	8.321070234113712	1.9879382256547022	0.0586255176551249	1.9879382256547027	0.058625517655124866	2.082979496349231	0.1482826218022136	8.246515846356353	97.3406940462694	2.774193938045358	0.9790611419061851	31.8323674032881	656.2400285539661	-0.7532894436021594
2.878765050167224	8.357859531772576	1.9897566719290278	0.05838197432678781	1.9897566719290278	0.05838197432678785	2.086086662859912	0.14743795610623306	8.246802917962704	97.58069779714114	2.7767059259897082	0.9790491943521493	31.860798687573006	663.189058167377	-0.7532894436021594
2.878765050167224	8.394648829431437	1.9915487223801498	0.05814339134300024	1.9915487223801496	0.05814339134300023	2.0891534863612278	0.14660713695188632	8.247083402810482	97.81770740880935	2.779191178683108	0.9790375222475761	31.888907583460032	670.1726627563826	-0.7532894436021594
2.878765050167224	8.431438127090301	1.9933152218213033	0.05790957085640791	1.9933152218213026	0.05790957085640802	2.092181019835188	0.14578976429899485	8.247357678836067	98.05180041416068	2.781650336619683	0.979026123620756	31.916701365641742	677.190955638132	-0.7532894436021594
2.878765050167224	8.468227424749164	1.9950569753386789	0.05768032573615199	1.9950569753386789	0.05768032573615198	2.095170275457704	0.1449854546989669	8.247626102536543	98.28305134502052	2.784084017043734	0.979014996434106	31.944187061066767	684.2440470410554	-0.7532894436021594
2.878765050167224	8.505016722408026	1.9967747506691298	0.05745547885611874	1.99677475066913	0.05745547885611869	2.0981222266505832	0.14419384040600605	8.24788901029099	98.5115318832965	2.786492815026547	0.9790041385890215	31.97137146001268	691.332044234041	-0.7532894436021594
2.878765050167224	8.54180602006689	1.9984692804067676	0.057234862438910995	1.9984692804067672	0.05723486243891108	2.10103781000838	0.1434145685461793	8.24814671959109	98.73731100287193	2.7888773044840964	0.9789935479305197	31.99826112655859	698.4550516490257	-0.7532894436021594
2.878765050167224	8.578595317725753	2.000141264052712	0.05701831745053341	2.0001412640527114	0.0570183174505335	2.103917927108903	0.14264730033995512	8.248399530187765	98.96045510290331	2.791238039139211	0.9789832222516793	32.02486240849411	705.6131709973236	-0.7532894436021594
2.878765050167224	8.615384615384615	2.0017913699209986	0.05680569304127793	2.001791369920999	0.05680569304127789	2.1067634462155485	0.1418917103741871	8.248647725160259	99.18102813313021	2.7935755534315954	0.9789731592978744	32.051181446699054	712.8065013800115	-0.7532894436021594
2.878765050167224	8.652173913043478	2.003420236912489	0.05659684602874144	2.0034202369124885	0.056596846028741515	2.1095752038791153	0.14114748591985057	8.248891571913623	99.39909171176231	2.795890363379091	0.9789633567708164	32.0772241840282	720.035139392796	-0.7532894436021594
2.878765050167224	8.688963210702342	2.005028476167354	0.056391640419332915	2.005028476167353	0.056391640419333054	2.1123540064459188	0.14041432629218042	8.24913132310978	99.61470523645217	2.7981829673929863	0.978953812332402	32.102996373729646	727.299179225581	-0.7532894436021594
2.878765050167224	8.725752508361204	2.0066166726058774	0.056189946964965494	2.0066166726058774	0.056189946964965445	2.1151006314786547	0.13969194225011572	8.249367217537184	99.8279259888309	2.8004538470502682	0.9789445236083781	32.12850358742605	734.5987127570836	-0.7532894436021594
2.878765050167224	8.762541806020067	2.0081853863663484	0.055991642751960495	2.0081853863663484	0.05599164275196052	2.1178158290959055	0.13898005543222589	8.249599480923552	100.03880923304311	2.802703467825372	0.9789354881918263	32.15375122268486	741.9338296447534	-0.7532894436021594
2.878765050167224	8.799331103678929	2.009735154148063	0.05579661081947028	2.0097351541480633	0.05579661081947018	2.1205003232357296	0.13827839782652154	8.249828326695807	100.24740830868411	2.8049322797839022	0.978926703646477	32.178744510202144	749.3046174102767	-0.7532894436021594
2.878765050167224	8.836120401337793	2.011266490466775	0.05560473980497283	2.011266490466775	0.055604739804972894	2.123154812848408	0.1375867112717564	8.25005395669111	100.45377471851505	2.8071407182405737	0.9789181675098543	32.20348852062325	756.7111615209031	-0.7532894436021594
2.878765050167224	8.872909698996656	2.0127798888291464	0.05541592361464821	2.012779888829146	0.0554159236146483	2.1257799730228797	0.13690474698804536	8.250276561822306	100.65795821129163	2.809329204383446	0.9789098772962647	32.22798817102103	764.1535454668063	-0.7532894436021594
2.878765050167224	8.909698996655518	2.0142758228324156	0.05523006111660442	2.014275822832415	0.055230061116604466	2.128376456051346	0.13623226513475184	8.250496322701276	100.86000686003679	2.811498145866529	0.9789018304996291	32.252248231052505	771.631850834737	-0.7532894436021594
2.878765050167224	8.946488294314381	2.0157547471947432	0.05504705585514938	2.0157547471947437	0.05504705585514931	2.130944892435876	0.13556903439380863	8.250713410222966	101.0599671360419	2.8136479373725347	0.9788940245961703	32.27627332881229	779.1461573781562	-0.7532894436021594
2.878765050167224	8.983277591973245	2.0172170987213636	0.05486681578443914	2.0172170987213636	0.054866815784439166	2.1334858918407926	0.13491483157674025	8.250927986112902	101.25788397887459	2.8157789611475135	0.9788864570469569	32.30006795639989	786.6965430840199	-0.7532894436021594
2.878765050167224	9.020066889632107	2.0186632972111807	0.05468925301999756	2.0186632972111807	0.054689253019997545	2.1360000439942235	0.13426944125381188	8.25114020344074	101.45380086264386	2.817891587509014	0.9788791253003144	32.3236364752179	794.2830842364297	-0.7532894436021594
2.878765050167224	9.05685618729097	2.0200937463081425	0.054514283606719935	2.020093746308142	0.05451428360672002	2.13848791954204	0.13363265540383631	8.251350207102227	101.64775985876032	2.8199861753293023	0.9788720267941059	32.34698312101614	801.905855477324	-0.7532894436021594
2.878765050167224	9.093645484949834	2.0215088343012515	0.054341827302111845	2.021508834301252	0.05434182730211177	2.140950070857097	0.13300427308328933	8.251558134271644	101.83980169540698	2.8220630724950055	0.9788651589578898	32.37011200869583	809.5649298643427	-0.7532894436021594
2.878765050167224	9.130434782608695	2.022908934876816	0.05417180737361449	2.022908934876816	0.05417180737361447	2.1433870328064857	0.13238410011349028	8.25176411482672	102.02996581391976	2.8241226163444892	0.9788585192149594	32.39302713688697	817.260378926005	-0.7532894436021594
2.878765050167224	9.167224080267559	2.024294407826374	0.054004150408949514	2.0242944078263743	0.05400415040894943	2.1457993234794905	0.13177194878466877	8.251968271748092	102.21829042227725	2.826165134084366	0.9788521049842699	32.415732392312876	824.9922727144417	-0.7532894436021594
2.878765050167224	9.20401337792642	2.0256655997131703	0.053838786138543884	2.0256655997131707	0.05383878613854381	2.1481874448784155	0.1311676375758722	8.252170721494661	102.40481254585927	2.8281909431860606	0.9788459136822582	32.43823155395145	832.7606798556615	-0.7532894436021594
2.878765050167224	9.240802675585284	2.0270228445001592	0.05367564726913103	2.0270228445001592	0.05367564726913105	2.1505518835746917	0.13057099088969265	8.252371574356742	102.58956807565127	2.830200351763744	0.9788399427245594	32.46052829700617	840.5656675976196	-0.7532894436021594
2.878765050167224	9.277591973244148	2.028366464142017	0.05351466932773464	2.028366464142017	0.05351466932773469	2.1528931113321654	0.1299818388009114	8.252570934788295	102.77259181403572	2.8321936589345005	0.9788341895276271	32.48262619669578	848.4073018561102	-0.7532894436021594
2.878765050167224	9.31438127090301	2.029696769143667	0.05335579051527669	2.0296967691436665	0.05335579051527684	2.1552115856996346	0.1294000168181818	8.252768901719726	102.9539175183219	2.8341711551618465	0.9788286515102593	32.504528731873705	856.2856472586832	-0.7532894436021594
2.878765050167224	9.351170568561873	2.0310140590873837	0.05319895156914676	2.0310140590873837	0.05319895156914679	2.157507750574242	0.12882536565797953	8.25296556885233	103.13357794213356	2.836133122583273	0.9788233260950353	32.52623928848426	864.20076718656	-0.7532894436021594
2.878765050167224	9.387959866220736	2.032318623130723	0.053044095634078095	2.032318623130723	0.05304409563407813	2.1597820367376297	0.12825773103004798	8.253161024935862	103.31160487479352	2.838079835322969	0.9788182107096697	32.54776116286705	872.1527238148293	-0.7532894436021594
2.878765050167224	9.424749163879598	2.033610740476982	0.052891168140776455	2.0336107404769814	0.05289116814077644	2.162034862366193	0.12769696343367692	8.25335535402997	103.48802917880512	2.8400115597902245	0.9788133027882845	32.5690975649148	880.1415781508385	-0.7532894436021594
2.878765050167224	9.461538461538462	2.034890680820063	0.05274011669175272	2.0348906808200624	0.05274011669175277	2.1642666335170397	0.1271429179641545	8.253548635750793	103.6628808255477	2.8419285549644453	0.9788085997726051	32.59025162109395	888.1673900709799	-0.7532894436021594
2.878765050167224	9.498327759197325	2.036158704765321	0.052590890953875674	2.0361587047653207	0.052590890953875806	2.166477744590951	0.1265954541288009	8.253740945503443	103.83618892928206	2.8438310726674128	0.9788040991130832	32.61122637733448	896.230218355916	-0.7532894436021594
2.878765050167224	9.535117056856187	2.037415064227941	0.05244344255718388	2.0374150642279405	0.052443442557183896	2.168668578773681	0.1260544356720202	8.253932354701488	104.00798177956429	2.8457193578234996	0.9787997982699506	32.63202480179592	904.3301207243429	-0.7532894436021594
2.878765050167224	9.57190635451505	2.038660002810172	0.05229772499954774	2.038660002810172	0.05229772499954779	2.1708395084566967	0.12551973040885778	8.254122930973974	104.17828687214906	2.847593648708364	0.9787956947142062	32.6526497875152	912.467153865316	-0.7532894436021594
2.878765050167224	9.608695652173912	2.039893756158831	0.052153693556781996	2.039893756158831	0.052153693556781976	2.172990895638607	0.12499121006656475	8.254312738361012	104.34713093847351	2.8494541771868667	0.9787917859285422	32.67310415494346	920.6413734692945	-0.7532894436021594
2.878765050167224	9.645484949832776	2.041116552304177	0.05201130519786015	2.041116552304177	0.052011305197860166	2.1751230923082012	0.12446875013372674	8.254501837498449	104.51453997379132	2.851301168940588	0.9787880694082074	32.69339065437602	928.8528342578703	-0.7532894436021594
2.878765050167224	9.68227424749164	2.042328611981358	0.051870518504893715	2.042328611981358	0.05187051850489366	2.1772364408101965	0.12395222971652217	8.254690285792393	104.68053926403515	2.8531348436856296	0.9787845426618171	32.713511968282	937.101590012338	-0.7532894436021594
2.878765050167224	9.719063545150501	2.0435301489354205	0.05173129359757092	2.0435301489354205	0.05173129359757096	2.1793312741945106	0.12344153140172083	8.25487813758411	104.84515341147042	2.8549554153810317	0.9787812032121064	32.7334707135375	945.3876936010714	-0.7532894436021594
2.878765050167224	9.755852842809364	2.044721370210939	0.051593592061765656	2.044721370210939	0.05159359206176566	2.1814079165500617	0.12293654112603959	8.255065444306037	105.00840635921114	2.856763092428443	0.9787780485966336	32.75326944356816	953.7111970058703	-0.7532894436021594
2.878765050167224	9.792642140468228	2.045902476427049	0.05145737688206165	2.045902476427049	0.05145737688206163	2.1834666833237315	0.12243714805152384	8.255252254629196	105.1703214146476	2.8585580778632944	0.9787750763684345	32.7729106504041	962.0721513472045	-0.7532894436021594
2.878765050167224	9.82943143812709	2.047073662038881	0.05132261237793211	2.0470736620388807	0.051322612377932175	2.185507881625464	0.12194324444660577	8.255438614602786	105.33092127185452	2.8603405695380575	0.9787722840966298	32.79239676665307	970.4706069085231	-0.7532894436021594
2.878765050167224	9.866220735785953	2.0482351155860776	0.05118926414335943	2.048235115586077	0.05118926414335949	2.18753181052006	0.1214547255725522	8.255624567786231	105.49022803302304	2.862110760297881	0.9787696693669897	32.81173016739439	978.9066131596152	-0.7532894436021594
2.878765050167224	9.903010033444817	2.0493870199291693	0.05105729898967579	2.049387019929169	0.05105729898967586	2.1895387613064083	0.12097148957500492	8.255810155374178	105.64826322896978	2.863868838148968	0.9787672297824559	32.830913171998034	987.380218779045	-0.7532894436021594
2.878765050167224	9.939799331103679	2.050529552474503	0.05092668489143115	2.0505295524745035	0.050926684891431116	2.191529017784792	0.12049343738034797	8.255995416314862	105.80504783877032	2.865614986420091	0.9787649629636227	32.84994804587215	995.891471675758	-0.7532894436021594
2.878765050167224	9.976588628762542	2.0516628853883794	0.0507973909351001	2.0516628853883794	0.050797390935100134	2.193502856512869	0.12002047259664375	8.25618038742225	105.96060230856135	2.867349383917547	0.9787628665491833	32.86883700214278	1004.4404190098696	-0.7532894436021594
2.878765050167224	10.013377926421406	2.0527871858009927	0.0506693872704597	2.0527871858009923	0.05066938727045973	2.1954605470509048	0.11955250141890306	8.256365103482272	106.11494656955286	2.8690722050738775	0.9787609381963369	32.88758220326844	1013.0271072126808	-0.7532894436021594
2.878765050167224	10.050167224080267	2.0539026160007294	0.05054264506447926	2.05390261600073	0.05054264506447924	2.1974023521967485	0.11908943253846731	8.25654959735354	106.26810005528843	2.8707836200906263	0.978759175581165	32.90618576259278	1021.6515820059509	-0.7532894436021594
2.878765050167224	10.08695652173913	2.055009333619364	0.050417136457573064	2.055009333619364	0.050417136457573064	2.1993285282110935	0.11863117705628831	8.256733900062727	106.42008171819114	2.872483795075405	0.9787575763989728	32.924649745838	1030.31388842045	-0.7532894436021594
2.878765050167224	10.123745819397993	2.056107491808667	0.050292834522073955	2.0561074918086675	0.050292834522073886	2.201239325033504	0.11817764839990884	8.256918040895135	106.57091004543224	2.8741728921735814	0.9787561383646012	32.94297617254194	1039.014070813856	-0.7532894436021594
2.878765050167224	10.160535117056856	2.0571972394088682	0.05016971322280146	2.057197239408869	0.0501697132228013	2.203134986489622	0.11772876224395826	8.257102047480515	106.72060307415215	2.8758510696947863	0.97875485921271	32.961167017441234	1047.7521728879951	-0.7532894436021594
2.878765050167224	10.19732441471572	2.0582787211094047	0.05004774737960516	2.0582787211094042	0.050047747379605205	2.2050157504899928	0.11728443643398889	8.257285945874495	106.86917840606576	2.8775184822344904	0.9787537366980328	32.979224211802794	1056.5282377054657	-0.7532894436021594
2.878765050167224	10.234113712374581	2.059352077602433	0.04992691263176028	2.0593520776024326	0.049926912631760294	2.2068818492209656	0.11684459091347833	8.257469760635946	107.01665322148638	2.879175280790931	0.9787527685956062	32.997149644706646	1065.3423077057048	-0.7532894436021594
2.878765050167224	10.270903010033445	2.0604174457293465	0.04980718540412703	2.0604174457293456	0.04980718540412715	2.208733509327884	0.11640914765386068	8.257653514900214	107.16304429278391	2.8808216128774395	0.9787519527009737	33.014945164280526	1074.1944247204117	-0.7532894436021594
2.878765050167224	10.307692307692308	2.06147495862086	0.04968854287495366	2.0614749586208596	0.04968854287495373	2.2105709520911745	0.11597803058741374	8.257837230448905	107.30836799732073	2.8824576226306298	0.9787512868303674	33.03261257889097	1083.0846299885475	-0.7532894436021594
2.878765050167224	10.34448160535117	2.0625247458308045	0.04957096294524888	2.0625247458308045	0.049570962945248875	2.212394393595408	0.1155511655428881	8.258020927775926	107.45264032987257	2.884083450914355	0.978750768820865	33.05015365829007	1092.0129641707108	-0.7532894436021594
2.878765050167224	10.381270903010034	2.063566933464089	0.049454424209625494	2.0635669334640894	0.049454424209625494	2.214204044891852	0.11512848018372787	8.258204626150361	107.59587691457139	2.8856992354198368	0.9787503965305291	33.06757013472181	1100.9794673630952	-0.7532894436021594
2.878765050167224	10.418060200668897	2.0646016442990915	0.0493389059285357	2.0646016442990915	0.04933890592853571	2.216000112154732	0.11470990394876891	8.258388343676174	107.73809301638593	2.887305110762042	0.9787501678385235	33.084863703988866	1109.9841791109566	-0.7532894436021594
2.878765050167224	10.454849498327759	2.0656289979047133	0.04922438800182739	2.0656289979047138	0.049224388001827324	2.217782796831461	0.11429536799529605	8.25857209734888	107.87930355216027	2.8889012085724164	0.9787500806452116	33.10203602648103	1119.027138421585	-0.7532894436021594
2.878765050167224	10.491638795986622	2.066649110752438	0.04911085094354333	2.066649110752438	0.04911085094354332	2.219552295787177	0.11388480514434678	8.25875590310947	108.01952310123403	2.8904876575882725	0.9787501328722376	33.11908872816831	1128.1083837769077	-0.7532894436021594
2.878765050167224	10.528428093645484	2.0676620963236316	0.04899827585789557	2.0676620963236325	0.048998275857895464	2.221308801443845	0.11347814982815309	8.258939775895715	108.15876591566341	2.8920645837388883	0.9787503224625902	33.13602340155905	1137.2279531456581	-0.7532894436021594
2.878765050167224	10.565217391304348	2.0686680652122615	0.04888664441635962	2.068668065212261	0.048886644416359634	2.223052501914067	0.11307533803963307	8.259123729690813	108.29704593005438	2.893632110228425	0.9787506473806501	33.15284160662457	1146.3858839951142	-0.7532894436021594
2.878765050167224	10.602006688963211	2.0696671252233347	0.04877593883582037	2.0696671252233347	0.04877593883582036	2.2247835811299685	0.11267630728382545	8.259307777569806	108.4343767710339	2.895190357615884	0.978751105612222	33.1695448716923	1155.5822133024935	-0.7532894436021594
2.878765050167224	10.638795986622073	2.0706593814672294	0.048666141857718156	2.07065938146723	0.04866614185771814	2.2265022189672865	0.11228099653118681	8.259491931743618	108.57077176636912	2.896739443892189	0.978751695164554	33.18613469430831	1164.8169775659687	-0.7532894436021594
2.878765050167224	10.675585284280936	2.071644936450125	0.048557236728142515	2.071644936450125	0.04855723672814251	2.228208591364905	0.1118893461726647	8.259676203601027	108.70624395375216	2.8982794845545037	0.9787524140663414	33.20261254207055	1174.0902128153418	-0.7532894436021594
2.878765050167224	10.7123745819398	2.0726238901607075	0.0484492071788234	2.072623890160708	0.048449207178823325	2.2299028704400317	0.11150129797646435	8.259860603748557	108.84080608926539	2.8998105926778988	0.9787532603677185	33.21897985343377	1183.4019546223526	-0.7532894436021594
2.878765050167224	10.749163879598662	2.07359634015337	0.048342037408971965	2.0735963401533706	0.048342037408971916	2.2315852245992067	0.11111679504643718	8.26004514204849	108.97447065554003	2.9013328789845376	0.9787542321402396	33.235238038488035	1192.7522381107156	-0.7532894436021594
2.878765050167224	10.785953177257525	2.074562381628003	0.04823571206793308	2.0745623816280028	0.048235712067933145	2.2332558186452927	0.11073578178201872	8.260229827654975	109.10724986962056	2.902846451910368	0.978755327476846	33.25138847971055	1202.1410979657876	-0.7532894436021594
2.878765050167224	10.822742474916389	2.0755221075066337	0.04813021623859736	2.075522107506633	0.04813021623859741	2.234914813880694	0.11035820383964116	8.260414669048519	109.23915569055133	2.904351417669572	0.9787565444918256	33.26743253269344	1211.568568443996	-0.7532894436021594
2.878765050167224	10.85953177257525	2.0764756085069496	0.0480255354215477	2.0764756085069496	0.048025535421547715	2.2365623682068443	0.1099840080955686	8.260599674068697	109.37019982669032	2.905847880316692	0.9787578813207585	33.2833715268469	1221.034683381914	-0.7532894436021594
2.878765050167224	10.896321070234114	2.0774229732129585	0.047921655519891214	2.0774229732129585	0.04792165551989119	2.2381986362202513	0.10961314261007944	8.260784849945418	109.50039374276913	2.9073359418067106	0.9787593361204573	33.29920676607998	1230.539476205133	-0.7532894436021594
2.878765050167224	10.933110367892976	2.078364288142846	0.047818562824749965	2.0783642881428457	0.04781856282475005	2.2398237693051404	0.10924555659294885	8.260970203328643	109.62974866670397	2.908815702053016	0.9787609070688952	33.31493952945902	1240.082979936816	-0.7532894436021594
2.878765050167224	10.96989966555184	2.07929963781419	0.04771624400137381	2.0792996378141897	0.04771624400137383	2.2414379157229014	0.10888120037016683	8.261155740316715	109.75827559617152	2.910287258983426	0.9787625923651273	33.330571071844965	1249.665227206028	-0.7532894436021594
2.878765050167224	11.006688963210703	2.080229104806633	0.04761468607584789	2.0802291048066333	0.04761468607584779	2.243041220698414	0.10852002535184857	8.261341466483332	109.88598530495591	2.911750708594284	0.9787643902292034	33.3461026245101	1259.286250255784	-0.7532894436021594
2.878765050167224	11.043478260869565	2.081152769822165	0.0475138764223614	2.0811527698221646	0.047513876422361455	2.244633826503451	0.10816198400127704	8.261527386903282	110.01288834908095	2.913206145002794	0.9787662989020738	33.36153539573554	1268.9460809509112	-0.7532894436021594
2.878765050167224	11.080267558528428	2.08207071174309	0.04741380275101394	2.08207071174309	0.04741380275101395	2.2462158725372303	0.10780702980503583	8.261713506176987	110.13899507273308	2.914653660497591	0.9787683166454889	33.376870571389794	1278.6447507856797	-0.7532894436021594
2.878765050167224	11.117056856187292	2.0829830076877625	0.047314453096133864	2.0829830076877625	0.04731445309613387	2.247787495404182	0.10745511724419131	8.261899828453766	110.26431561398019	2.916093345587551	0.9787704417418892	33.39210931548841	1288.3822908911177	-0.7532894436021594
2.878765050167224	11.153846153846153	2.0838897330642765	0.04721581580507777	2.0838897330642765	0.04721581580507775	2.249348828989204	0.10710620176646522	8.262086357454207	110.38885991030503	2.917525289049146	0.978772672494294	33.40725277073747	1298.1587320422789	-0.7532894436021594
2.878765050167224	11.190635451505017	2.0847909616221014	0.04711787952749649	2.0847909616221014	0.047117879527496485	2.250900004530318	0.10676023975937574	8.26227309649137	110.51263770394905	2.9189495779721213	0.97877500722618	33.422302059059234	1307.9741046651802	-0.7532894436021594
2.878765050167224	11.22742474916388	2.0856867655017965	0.04702063320504122	2.0856867655017965	0.04702063320504123	2.2524411506889357	0.10641718852429523	8.262460048490992	110.6356585470798	2.920366297803718	0.9787774442813576	33.437258282101816	1317.8284388435825	-0.7532894436021594
2.878765050167224	11.264214046822742	2.086577215282919	0.04692406606148654	2.086577215282919	0.04692406606148658	2.2539723936178353	0.10607700625138926	8.262647216010857	110.75793180679054	2.921775532391497	0.9787799820238408	33.452122521733585	1327.7217643256058	-0.7532894436021594
2.878765050167224	11.301003344481606	2.0874623800301326	0.046828167593257426	2.0874623800301326	0.046828167593257475	2.2554938570268646	0.10573965199540714	8.262834601259152	110.87946666993291	2.9231773640247294	0.9787826188377123	33.466895840522035	1337.6541105301244	-0.7532894436021594
2.878765050167224	11.33779264214047	2.08834232733767	0.046732927560334175	2.0883423273376702	0.046732927560334134	2.2570056622465486	0.10540508565228114	8.263022206112089	111.00027214779564	2.9245718734745214	0.9787853531269868	33.481579282198695	1347.6255065530345	-0.7532894436021594
2.878765050167224	11.37458193979933	2.0892171233721455	0.04663833597752419	2.089217123372145	0.04663833597752424	2.25850792828959	0.10507326793651067	8.263210032130578	111.12035708062855	2.925959140032584	0.9787881833154659	33.496173872109445	1357.6359811732816	-0.7532894436021594
2.878765050167224	11.411371237458194	2.09008683291387	0.0465443831060779	2.09008683291387	0.04654438310607791	2.2600007719104447	0.10474416035929308	8.263398080576295	111.23973014202558	2.9273392415488604	0.9787911078465944	33.51068061765201	1367.6855628588123	-0.7532894436021594
2.878765050167224	11.448160535117056	2.090951519396645	0.04645105944563885	2.0909515193966444	0.04645105944563894	2.261484307662946	0.10441772520737788	8.26358635242685	111.35839984316316	2.928712254467894	0.9787941251833087	33.5251005086999	1377.774279772281	-0.7532894436021594
2.878765050167224	11.48494983277592	2.091811244946188	0.0463583557265053	2.091811244946188	0.04635835572650526	2.262958647956148	0.10409392552260956	8.263774848390426	111.47637453690976	2.9300782538641394	0.9787972338078862	33.53943451801451	1387.9021597767114	-0.7532894436021594
2.878765050167224	11.521739130434783	2.092666070417145	0.04626626290220034	2.092666070417145	0.046266262902200296	2.264423903108335	0.10377272508214253	8.263963568919559	111.59366242179921	2.9314373134760627	0.9788004322217883	33.553683601644146	1398.069230440865	-0.7532894436021594
2.878765050167224	11.558528428093645	2.0935160554288608	0.046174772142323184	2.0935160554288603	0.046174772142323295	2.2658801813994196	0.103454088379287	8.264152514224461	111.71027154588624	2.932789505739305	0.978803718945503	33.567848699312464	1408.275519044622	-0.7532894436021594
2.878765050167224	11.595317725752508	2.0943612583998568	0.046083874825681805	2.0943612583998563	0.04608387482568191	2.2673275891216345	0.10313798060497886	8.264341684285618	111.82620981047675	2.9341349018187377	0.9788070925183849	33.58193073479478	1418.5210525841119	-0.7532894436021594
2.878765050167224	11.632107023411372	2.095201736581159	0.04599356253368292	2.0952017365811595	0.04599356253368289	2.26876623062872	0.10282436762983332	8.264531078865913	111.9414849737473	2.9354735716396	0.9788105514984922	33.595930616284285	1428.8058577767893	-0.7532894436021594
2.878765050167224	11.668896321070234	2.096037546088426	0.04590382704397972	2.0960375460884264	0.04590382704397971	2.27019620838352	0.10251321598677618	8.264720697522062	112.05610465424807	2.936805583917621	0.9788140944624223	33.60984923674692	1439.1299610663054	-0.7532894436021594
2.878765050167224	11.705685618729097	2.0968687419330263	0.045814660324354814	2.0968687419330263	0.04581466032435485	2.271617623004197	0.10220449285421547	8.26491053961568	112.17007633430377	2.9381310061882946	0.9788177200051457	33.623687474266895	1449.4933886273304	-0.7532894436021594
2.878765050167224	11.74247491638796	2.097695378052029	0.045726054526836486	2.0976953780520287	0.04572605452683652	2.273030573308981	0.10189816603974604	8.265100604323724	112.28340736330792	2.939449904835233	0.9788214267398381	33.63744619238196	1459.896166370201	-0.7532894436021594
2.878765050167224	11.779264214046822	2.0985175073372053	0.04563800198203259	2.098517507337205	0.0456380019820326	2.274435156359615	0.1015942039643584	8.26529089064857	112.39610496091977	2.9407623451177094	0.9788252132977123	33.65112624040957	1470.3383199455104	-0.7532894436021594
2.878765050167224	11.816053511705686	2.09933518166302	0.0455504951936776	2.09933518166302	0.045550495193677557	2.2758314675034295	0.10129257564713956	8.265481397427479	112.50817622016234	2.9420683911972993	0.9788290783278462	33.66472845376321	1480.819874748486	-0.7532894436021594
2.878765050167224	11.852842809364548	2.100148451913735	0.04546352683337891	2.100148451913735	0.04546352683337891	2.277219600414232	0.10099325069044283	8.265672123341826	112.61962811043185	2.94336810616385	0.9788330204970127	33.67825365426096	1491.3408559233874	-0.7532894436021594
2.878765050167224	11.889632107023411	2.1009573680095834	0.045377089735556674	2.1009573680095834	0.04537708973555666	2.2785996471319385	0.10069619926551131	8.265863066925773	112.7304674804155	2.9446615520606043	0.9788370384895081	33.69170265042473	1501.9012883677165	-0.7532894436021594
2.878765050167224	11.926421404682275	2.1017619789320783	0.04529117689256973	2.1017619789320783	0.04529117689256972	2.2799716981010154	0.10040139209854197	8.26605422657455	112.8407010609218	2.945948789908568	0.9788411310069769	33.70507623777111	1512.5011967362957	-0.7532894436021594
2.878765050167224	11.963210702341136	2.1025623327485268	0.045205781450015525	2.1025623327485268	0.045205781450015546	2.2813358422078616	0.10010880045716589	8.266245600552491	112.95033546763274	2.9472298797302767	0.9788452967682407	33.71837519909521	1523.1406054453776	-0.7532894436021594
2.878765050167224	12.	2.1033584766356976	0.04512089670220379	2.1033584766356976	0.045120896702203775	2.282692166817013	0.09981839613734125	8.266437187000529	113.05937720376986	2.9485048805727514	0.9788495345091232	33.7316003047457	1533.8195386765203	-0.7532894436021594