2.9166989966555183	1.	4.856507552447839	6.856059121757896e-9	4.774426862465557	0.9999999909199035	6.194791931820488	0.00008466547380213349	12.770509782184735	405.7788155667244	13.783683000275426	0.9999731194995772	92.86509441696818	241.9461754304695	2.9008137334177673
2.9166989966555183	1.0367892976588629	4.768259942282601	1.1268863668727124e-8	4.604975750273857	0.9999999797823323	6.071852803723456	0.00010695478317741367	12.63718832714879	395.54470565298254	13.294085192562486	0.9999650240292409	90.72040385371169	241.93789392091728	2.7888663147827453
2.9166989966555183	1.0735785953177257	4.684785946878624	1.8023480263271025e-8	4.447131530777641	0.9999999575516043	5.955334901479472	0.00013358387894715545	12.509114415562065	385.88641665668155	12.837953458322785	0.9999553367233105	88.69151185628176	241.92736652445245	2.6823406004581534
2.9166989966555183	1.1103678929765886	4.605674149297293	2.8117417163022932e-8	4.299740011848228	0.9999999154566422	5.8447053473585	0.00016511212125193373	12.385988510063491	376.7548607035438	12.411955652135063	0.9999439212933867	86.76851545772585	241.91431072678478	2.580692268736481
2.9166989966555183	1.1471571906354514	4.530560371560296	4.2874368125855016e-8	4.161795103072254	0.9999998394366848	5.73948968536001	0.00020213450931143555	12.267533296971683	368.1063634994901	12.0131879800314	0.9999306533169001	84.942650532317	241.89846039559208	2.483457957305073
2.9166989966555183	1.1839464882943145	4.4591210004445925	6.401940077473597e-8	4.032415805311837	0.9999997078959314	5.639263910755274	0.0002452815811408613	12.153492137869485	359.90193362654225	11.63910849828634	0.9999154216756576	83.20613083889027	241.87957119006055	2.390239803118122
2.9166989966555183	1.2207357859531773	4.39106742207617	9.37639112186215e-8	3.91082735925168	0.9999994889213558	5.5436477843218634	0.0002952194017688783	12.043627557999127	352.10664713003314	11.287482610014683	0.9998981294877417	81.55201388107659	241.85742494300288	2.300693575438816
2.9166989966555183	1.2575250836120402	4.3261413547200185	1.3490034514074085e-7	3.7963457019291647	0.9999991369710035	5.452299193290405	0.00035264966804393914	11.937719800073555	344.68912666071884	10.956338106749191	0.9998786945794043	79.97408844408149	241.83183302929365	2.21451943367047
2.9166989966555183	1.294314381270903	4.264110913992503	1.90906538936824e-7	3.6883645738008486	0.9999985890777138	5.364909370569041	0.00041830995515457843	11.835565459954799	337.62109860352314	10.643927859990358	0.9998570495538778	78.46677977895642	241.80263877887054	2.1314546353855297
2.9166989966555183	1.3311036789297659	4.20476727900978	2.6605939919513673e-7	3.586344764245607	0.9999977606505741	5.281198821933975	0.0004929741273282906	11.736976212450331	330.87701486822664	10.348698686499233	0.9998331415186578	77.02506925070114	241.76971902015268	2.051267715596101
2.9166989966555183	1.3678929765886287	4.147921854434305	3.655575183412862e-7	3.4898050935139016	0.9999965409898027	5.200913840448598	0.0005774529328711239	11.641777630006706	324.4337285599377	10.069265228338383	0.9998069315331661	75.64442591510974	241.7329848537351	1.9737537913199565
2.9166989966555183	1.4046822742474916	4.093403843946726	4.956522212071985e-7	3.3983148132440837	0.9999947886570856	5.123823510494568	0.0006725948018078172	11.549808093493764	318.2702147539829	9.80438793103088	0.9997783938360069	74.32074799093468	241.69238176001195	1.8987307376456537
2.9166989966555183	1.4414715719063544	4.041058166784004	6.63786453397593e-7	3.3114871724297985	0.9999923268604392	5.04971712200849	0.0007792868629058561	11.460917791993095	312.3673291943269	9.552954389878115	0.9997475149063002	73.05031258508765	241.64788914135227	1.8260360464460355
2.9166989966555183	1.4782608695652173	3.990743661699625	8.787408587035122e-7	3.2289739459657936	0.999988939019364	4.978401929960599	0.0008984561958302647	11.374967807127502	306.70759900938145	9.313963479351674	0.9997142924076754	71.82973233588642	241.59951939199712	1.7555242253822185
2.9166989966555183	1.5150501672240804	3.9423315328050577	1.1507863499712645e-6	3.150460762163049	0.9999843646722186	4.909701205644216	0.0010310713335809358	11.291829276713424	301.2750405643402	9.086511793736342	0.9996787340570287	70.65591788260235	241.54731657940818	1.6870646286083313
2.9166989966555183	1.5518394648829432	3.8957039998297134	1.4918424558643865e-6	3.0756630965212524	0.9999782958743396	4.8434525356099485	0.0011781440302049207	11.2113826321876	296.05500039833686	8.869782016352906	0.9996408564536067	69.5260452634433	241.49135481055325	1.6205396354383208
2.9166989966555183	1.588628762541806	3.8507531218357407	1.9156407246164806e-6	3.004322823524171	0.9999703742139169	4.779506331567671	0.001340731309037206	11.13351690421469	291.0340158688996	8.663032905324926	0.9996006838976641	68.43752749971566	241.43173634689248	1.5558431117528777
2.9166989966555183	1.625418060200669	3.807379768681474	2.4378924846940904e-6	2.936205237739438	0.9999601885450734	4.717724520665335	0.0015199378073861261	11.058129091024684	286.1996926769503	8.465590640159375	0.999558247222095	67.38798974957598	241.36858952301372	1.4928791028780621
2.9166989966555183	1.6622073578595318	3.7654927188031864	3.076460300645323e-6	2.8710964711597406	0.9999472735061762	4.657979390525104	0.0017169184346197443	10.985123584289076	281.54059689764466	8.27684131855412	0.9995135826551664	66.37524751688125	241.3020665163199	1.4315607172942262
2.9166989966555183	1.6989966555183946	3.7250078653791827	3.851532519565397e-6	2.8088012463535135	0.9999311088583275	4.600152567497609	0.001932881362000476	10.914411647673488	277.0461595149164	8.09622442923556	0.9994667307278535	65.39728748405156	241.23234100895252	1.3718091687065153
2.9166989966555183	1.7357859531772575	3.685847515808856	4.7858003787662415e-6	2.7491409152392237	0.9999111196462376	4.544134109958171	0.002169091364330753	10.845910943567068	272.70659176582797	7.923227156113052	0.9994177352352941	64.45225060633608	241.15960577808318	1.313552950350795
2.9166989966555183	1.7725752508361203	3.6479397718039617	5.904637237545528e-6	2.6919517416500436	0.9998866771529303	4.489821701251901	0.002426873535482272	10.779545103861732	268.51280985675425	7.757379393038295	0.9993666422585308	63.538417161350914	241.08407024665559	1.2567271203719264
2.9166989966555183	1.8093645484949832	3.611217979346296	7.236279604535738e-6	2.6370833926964328	0.9998571005922945	4.437119929206109	0.002707617402158528	10.715243341021136	264.4563678266246	7.598249368085627	0.9993134992499418	62.65419349454305	241.00595802342605	1.201272681024871
2.9166989966555183	1.8461538461538463	3.575620239390997	8.812009756076473e-6	2.5843976095596792	0.9998216594602231	4.385939641054662	0.00301278146275207	10.65294009602873	260.52939751058426	7.445439792387105	0.9992583541835187	61.798100240129095	240.9255044584537	1.147136037556623
2.9166989966555183	1.882943143812709	3.5410889715489215	0.000010666339879494252	2.5337670329933597	0.9997795764464683	4.336197364229167	0.0033438981808742363	10.59257472012992	256.7245547067061	7.298584461846292	0.99920125476938	60.968761829519146	240.84295423791428	1.094268525109896
2.9166989966555183	1.919732441471572	3.507570524113375	0.000012837197827180804	2.485074162656088	0.9997300307955782	4.2878147848218875	0.003702579466016668	10.53409118758041	253.03497077379623	7.157345251053549	0.9991422477305405	60.1648971264027	240.75855903999826	1.0426259939841465
2.9166989966555183	1.9565217391304348	3.4750148247455765	0.000015366114732047408	2.438210432594771	0.9996721619961649	4.240718276660737	0.004090522676805728	10.477437836879947	249.45420899400696	7.021409447862953	0.9990813781389323	59.38531105049387	240.6725752717028	0.9921684452001883
2.9166989966555183	1.9933110367892977	3.443375066931384	0.000018298414911427986	2.3930753878603177	0.9996050736730201	4.194838474894304	0.004509517185378208	10.42256713820558	245.9762251232274	6.890487384707754	0.999018688806937	58.62888707114989	240.58526190438525	0.9428597096198497
2.9166989966555183	2.0301003344481607	3.412607427994854	0.000021683408674002824	2.3495759494619137	0.9995278375556685	4.150109888795074	0.004961451544462112	10.369435484961375	242.59533162781324	6.76431032910209	0.9989542197301956	57.8945804683064	240.4968784239804	0.8946671649333499
2.9166989966555183	2.0668896321070234	3.3826708150237237	0.000025574588842038487	2.307625756728549	0.9994394973993286	4.106470549177087	0.005448321301693161	10.318003007532104	239.30616517045235	6.642628601123833	0.9988880075771587	57.181412271924245	240.4076829098247	0.8475614856912794
2.9166989966555183	2.1036789297658864	3.3535266355450477	0.000030029832008524952	2.2671445777096775	0.9993390727392468	4.063861686410763	0.0059722375084005725	10.268233407465532	236.103656962689	6.525209890174818	0.9988200852207025	56.48846380281793	240.31793025400643	0.8015164222618648
2.9166989966555183	2.140468227424749	3.325138590200798	0.00003511160576498608	2.2280577795621515	0.9992255623664447	4.0222274355203735	0.006535435972377167	10.220093810411786	232.9830056484793	6.411837747118057	0.9987504813071177	55.814871747692656	240.2278705312294	0.7565086051669835
2.9166989966555183	2.177257525083612	3.2974724850244734	0.00004088718336034223	2.190295851979325	0.9990979474214408	3.9815145652826924	0.007140287305765427	10.173554636216293	229.93965242339064	6.302310231112422	0.9986792198578741	55.15982370971115	240.137747527152	0.7125173717123403
2.9166989966555183	2.2140468227424748	3.2704960612216416	0.00004742886748359116	2.1537939776558495	0.9989551940120156	3.9416722286223864	0.007789307819819625	10.12858948459314	226.96925812890663	6.196438693205359	0.9986063198997364	54.52255418321216	240.04779743139136	0.6695246121987167
2.9166989966555183	2.250836120401338	3.244178840616649	0.00005481422510280339	2.118491644575626	0.9987962552710901	3.902651731930089	0.008485171317516952	10.085175034794009	224.0676820916334	6.094046681077634	0.9985317951190613	53.90234090746119	239.95824769951912	0.6275146332913848
2.9166989966555183	2.2876254180602005	3.2184919851530247	0.0000631263355391229	2.084332295585481	0.9986200727809798	3.864406321224423	0.009230721832212876	10.043290957629809	221.23096250399948	5.994968951332733	0.9984556535364171	53.29850155973854	239.86931608688565	0.58647403634736
2.9166989966555183	2.3244147157190636	3.193408169030537	0.0000724540542063052	2.0512630112917347	0.9984255773003176	3.8268909833462446	0.010028987355024742	10.002919838088815	218.45529816695608	5.899050577435141	0.9983778971980513	52.71039075274953	239.7812098555945	0.5463916086586381
2.9166989966555183	2.3612040133779266	3.168901462233712	0.00008289229470210697	2.0192342228081746	0.9982116887396882	3.790062260622327	0.010883194584393267	9.964047106619814	215.73703143706572	5.806146142876809	0.9982985218811782	52.137397305430504	239.69412515482347	0.5072582256708263
2.9166989966555183	2.3979933110367893	3.144947224358169	0.00009454233219534888	1.9881994513047816	0.9979773153412849	3.753878077673214	0.011796784717046382	9.926660976897251	213.07263224082385	5.716119010422508	0.9982175168105836	51.578941759786325	239.60824657368892	0.46906676228151695
2.9166989966555183	2.4347826086956523	3.1215220077763606	0.00010751213130804146	1.9581150716684617	0.997721352026717	3.7182975792751574	0.01277343027871097	9.890752387544259	210.45868303886382	5.6288406593859035	0.9981348643846568	51.03447411952851	239.5237468651628	0.43181201131231833
2.9166989966555183	2.471571906354515	3.0986034693063997	0.00012191670194016339	1.9289400978991826	0.9974426778854856	3.683280978427517	0.01381705296326952	9.856314944840733	207.89186464260098	5.544190083844234	0.9980505399096911	50.50347178905124	239.4407868391596	0.39549060718110274
2.9166989966555183	2.508361204013378	3.0761702896590126	0.00013787848671761635	1.900635988134844	0.9971401527847167	3.6487894140338897	0.014931842407923362	9.823344862864502	205.36894280668434	5.462053245530716	0.9979645113421545	49.985437693734895	239.35951542272022	0.36010095267310643
2.9166989966555183	2.5451505016722407	3.054202100041273	0.00015552778394989207	1.8731664674326682	0.9968126130887969	3.614784817888999	0.016122275775864666	9.79184089677942	202.88675554333727	5.3823225758709246	0.997876739039677	49.47989856477036	239.2800698854575	0.32564314651742715
2.9166989966555183	2.5819397993311037	3.032679415393288	0.00017500321014701068	1.8464973666386721	0.9964588664858695	3.581229790985476	0.01739313794267003	9.761804264064406	200.4422011303349	5.304896522264216	0.9977871755227528	48.9864033736722	239.20257622881888	0.29211890921173733
2.9166989966555183	2.6187290969899664	3.011583573827917	0.00019645220624242668	1.820596475854622	0.9960776859272512	3.5480874895295615	0.018749541982761304	9.733238547338932	198.03222681429983	5.229679134269528	0.9976957652506842	48.50452190345229	239.1271497385141	0.2595315041972961
2.9166989966555183	2.6555183946488294	2.990896681935295	0.00022003159166930947	1.795433411166939	0.99566780269632	3.515321521498034	0.020196949521304155	9.706149571047034	195.65381824668088	5.1565796858446555	0.997602444417144	48.03384344507132	239.05389570043724	0.227885651060585
2.9166989966555183	2.6923076923076925	2.970601565705346	0.0002459081703001324	1.7709794934373984	0.9952278986360928	3.4828958550984415	0.021741190347008426	9.68054524257873	193.30398973299202	5.085512330220464	0.9975071407729882	47.57397560931657	238.98291028172076	0.19718742692127741
2.9166989966555183	2.729096989966555	2.9506817269132424	0.0002742593919296797	1.7472076380730017	0.9947565975805819	3.4507747411297265	0.023388480463313415	9.656435346401219	190.97977542856776	5.01639578437099	0.997409773486668	47.12454324567099	238.9142815799374	0.16744415155507228
2.9166989966555183	2.765886287625418	2.931121304906357	0.00030527407238850564	1.7240922547941089	0.9942524560552687	3.4189226520012435	0.025145437479100283	9.633831277424772	188.67822167850198	4.9491530403762045	0.9973102530558655	46.68518746108432	238.8480908451133	0.13866425109605057
2.9166989966555183	2.802675585284281	2.9119050438258536	0.00033915317442876925	1.7016091565065177	0.9937139533381282	3.3873042410727874	0.027019091894410627	9.612745697140433	186.39638077781333	4.883711101267621	0.9972084812878578	46.2555647328131	238.7844138807273	0.11085709437659577
2.9166989966555183	2.839464882943144	2.8930182653910483	0.00037611065011746987	1.6797354764555787	0.9931394810061904	3.3558843270406498	0.02901689241103352	9.593192093081841	184.13130652239096	4.820000739203528	0.997104351370663	45.8353461106865	238.72332263129036	0.08403279512021657
2.9166989966555183	2.8762541806020065	2.874446847466883	0.00041637434347326573	1.6584495928987242	0.9925273321354458	3.3246279093183646	0.03114670288377227	9.57518421899005	181.88005203354194	4.757956274041283	0.9969977480622337	45.42421650525499	238.6648869650573	0.05820197234998361
2.9166989966555183	2.9130434782608696	2.8561772087191644	0.00046018694934500285	1.6377310605768984	0.9918756903757328	3.293500221730302	0.033416787922346584	9.55873538990404	179.6396704693651	4.697515370560045	0.9968885480307647	45.02187405927057	238.60917666062707	0.03337546059576942
2.9166989966555183	2.9498327759197323	2.8381962997299617	0.0005078070208974073	1.6175605482949353	0.9911826191886203	3.2624668333054387	0.03583578346268823	9.543857603616388	177.40721938290727	4.6386188527378325	0.9967766203853726	44.62802960078271	238.5562636051415	0.0095639609019087
2.9166989966555183	2.9866220735785953	2.8204916009835173	0.0005595100133989277	1.5979197819354911	0.9904460516159997	3.2314938064324	0.03841264787300009	9.530560458079643	175.1797696445179	4.581210533599882	0.9966618274425989	44.2424061767377	238.5062242088546	-0.013222376556137132
2.9166989966555183	3.0234113712374584	2.8030511281226937	0.0006155893461984198	1.5787914922306454	0.9896637810395578	3.2005479239503214	0.04115658839366579	9.518849834253388	172.95442000266658	4.525237059228559	0.996544025779704	43.86473866624167	238.45914203527138	-0.03497444697682701
2.9166989966555183	3.060200668896321	2.7858634447915804	0.000676357457830787	1.5601593666001001	0.9888334534935977	3.169596997640098	0.04407695701865852	9.5087263167046	170.72831849390346	4.4706477655536645	0.9964230676295478	43.49477347243502	238.41511063678118	-0.05568476981821447
2.9166989966555183	3.096989966555184	2.7689176831899323	0.000742146821278114	1.542008004337344	0.9879525621992801	3.138610270661238	0.04718310944961969	9.500183331547193	168.4986919974848	4.417394546524305	0.996298802672466	43.13226829106127	238.3742365718611	-0.07534815638968716
2.9166989966555183	3.1337792642140467	2.7522035721312785	0.0008133108779832431	1.524322874388929	0.9870184450855831	3.1075589252186644	0.05048422069836898	9.493204994907032	166.2628852180133	4.365431732194855	0.9961710802759494	42.776991952065195	238.3366425602104	-0.09396246555832731
2.9166989966555183	3.17056856187291	2.7357114718809084	0.0008902248411124735	1.507090274935206	0.9860282861328965	3.0764167034693934	0.05398905155893497	9.487763687104003	164.0184102093566	4.314715975142563	0.9960397522205816	42.42872432772394	238.30247070610133	-0.11152943953943603
2.9166989966555183	3.2073578595317724	2.7194324143205426	0.0009732863121551381	1.4902972939550068	0.9849791213931047	3.045160643620042	0.05770566186278628	9.483817400077626	161.76300715032548	4.26520614347979	0.9959046759277561	42.08725629671328	238.27188568747715	-0.12805560134624208
2.9166989966555183	3.2441471571906355	2.703358146033907	0.001062915652171776	1.4739317699591228	0.9838678504721697	3.013771923576695	0.061641069549662586	9.481306949393979	159.4947163667482	4.216863218551509	0.9957657181685096	41.752389748096256	238.24507777022288	-0.14355318198839573
2.9166989966555183	3.280936454849498	2.687481170762911	0.0011595560523297694	1.457982252129502	0.9826912540699643	2.982236790886481	0.06580085946585011	9.48015319686207	157.2119604968336	4.169650195252811	0.9956227591816642	41.423937602674265	238.22226546649483	-0.15804102937196976
2.9166989966555183	3.317725752508361	2.6717947864450724	0.0012636732605130839	1.4424379592273116	0.9814460178226879	2.95054754013886	0.07018875260101956	9.480254491791264	154.9136341890807	4.123531982815885	0.9954756970638772	41.101723822020865	238.20369761877248	-0.1715454334065748
2.9166989966555183	3.3545150501672243	2.656293110892297	0.0013757549441382618	1.4272887368551515	0.9801287621653041	2.9187034785671497	0.0748061549948584	9.481484600465256	152.5991968572887	4.078475303970255	0.9953244522183373	40.78558336886878	238.18965466580838	-0.18410078559835721
2.9166989966555183	3.391304347826087	2.640971089385191	0.0014963097049482	1.4125250129884894	0.978736077235491	2.886711799814986	0.07965171502700068	9.483691441830985	150.2687619725774	4.034448590651519	0.9951689715719609	40.4753620779098	238.18044884388223	-0.19574998020276246
2.9166989966555183	3.42809364548495	2.6258244773792154	0.001625865808147102	1.3981377521199756	0.977264561034313	2.854588268806012	0.08472092678532347	9.486696965830797	147.92317447892864	3.9914218749881516	0.995009232207732	40.17091639544429	238.17642310817527	-0.20654446256222664
2.9166989966555183	3.4648829431438126	2.610849792490699	0.0017649697409718018	1.3841184088490728	0.9757108582575033	2.8223576127364702	0.09000582355155318	9.490298481052097	145.56406665194208	3.9493666751607153	0.994845244028218	39.872112951634854	238.17794863367993	-0.2165438432656562
2.9166989966555183	3.5016722408026757	2.5960442321747816	0.0019141847660783897	1.3704588822260513	0.9740716965816482	2.790053519945218	0.09549480666574875	9.494271646353948	143.19388262365675	3.908255876860105	0.9946770510873798	39.578827941668436	238.185420874638	-0.22581502732159453
2.9166989966555183	3.5384615384615383	2.5814055569901084	0.002074089671625968	1.3571514725252936	0.9723439169194421	2.757718173726642	0.10117264897536192	9.498375183970401	140.81586332920062	3.868063612337325	0.9945047313136693	39.29094631179196	238.1992543167681	-0.23443085520855275
2.9166989966555183	3.5752508361204014	2.5669319436723543	0.0022452779312721475	1.3441888422750858	0.9705244944018735	2.725401292226006	0.10702069781116237	9.502357163820959	138.43398697028417	3.8287651402159004	0.9943283944979299	39.00836077082337	238.21987622508922	-0.24246831209039788
2.9166989966555183	3.612040133779264	2.5526218166555	0.0024283574658637247	1.3315639832351764	0.9686105476593768	2.6931587033325464	0.11301728106057213	9.505962484068899	136.05286495672686	3.790336730063314	0.9941481786167151	38.730970673185304	238.24771983919558	-0.25000642236305903
2.9166989966555183	3.648829431438127	2.538473670222857	0.002623951144238689	1.3192701905766695	0.9665993352710744	2.6610505447690236	0.11913829480960424	9.508940978506258	133.67759889746532	3.7527555559572803	0.9939642447702017	38.458680840400696	238.28321756247254	-0.25712399585185025
2.9166989966555183	3.68561872909699	2.5244858952490974	0.0028326980820813823	1.307301044846805	0.9644882397990658	2.6291392313287214	0.1253579272375227	9.5110554646436	131.31360942911243	3.7159996028193336	0.9937767711899533	38.19140039928691	238.32679470565705	-0.2638974172062089
2.9166989966555183	3.722408026755853	2.510656624006765	0.003055255711252044	1.2956504015269974	0.9622747413042649	2.597487361500389	0.13164945623549149	9.512089039235661	128.9664513275096	3.6800475881806585	0.9935859468760461	37.9290417138341	238.3788642710524	-0.27039866437561133
2.9166989966555183	3.759197324414716	2.4969836038374655	0.003292302515944821	1.2843123872780031	0.9599563833439131	2.5661557377699644	0.13798605134380368	9.511851034362397	126.6416306361235	3.6448789005201183	0.9933919654339384	37.67151947419173	238.43982311678582	-0.2766937064902082
2.9166989966555183	3.7959866220735785	2.4834641062784706	0.0035445412814496115	1.2732814014512093	0.9575307349799514	2.535201649353395	0.14434151508355333	9.510181241318616	124.34443827992659	3.6104735536993395	0.99319501960214	37.41874998371307	238.51004965401634	-0.2828413747454324
2.9166989966555183	3.8327759197324416	2.4700948734758326	0.0038127026834038243	1.2625521212067383	0.9549953522455784	2.50467752054788	0.15069091268693752	9.506952245160244	122.07981128569956	3.576812155636575	0.9929952968176755	37.17065065895132	238.58990304401667	-0.28889273535829124
2.9166989966555183	3.869565217391304	2.4568720993965094	0.004097549058461708	1.252119508617304	0.952347741940508	2.4746299737471777	0.1570110586447206	9.502069939022379	119.8522282180182	3.543875888434521	0.9927929759950146	36.92713973333326	238.67972371107996	-0.29489093480162726
2.9166989966555183	3.9063545150501673	2.443791440185618	0.004399878232737709	1.241978818388329	0.9495853297612019	2.4450993049043706	0.16328084884397656	9.495472464256261	117.66564079618867	3.511646496786756	0.992588225532294	36.68813613698446	238.7798348913014	-0.30087144405672156
2.9166989966555183	3.94314381270903	2.43084804629825	0.004720527330773983	1.2321256051953344	0.9467054338420665	2.416119329170843	0.16948144459828593	9.487127929519952	115.52343972081324	3.4801062815788755	0.9923812024324251	36.45355951465936	238.89054490004293	-0.3068626046912259
2.9166989966555183	3.979933110367893	2.4180366086822	0.005060376534623769	1.2225557300361747	0.9437052439613576	2.3877175294315407	0.1755963273693295	9.47703129860369	113.4284499877578	3.449238096034759	0.9921720523476638	36.22333034065892	239.01214981285108	-0.3128863741009029
2.9166989966555183	4.016722408026756	2.405351411963908	0.005420352802656171	1.213265365349063	0.9405818060497327	2.3599154302175926	0.1816112498809034	9.465200816644206	111.38294950658772	3.4190253423698915	0.9919609103230494	35.997370092312146	239.1449362993515	-0.318959175802836
2.9166989966555183	4.053511705685619	2.392786388873411	0.00580143358743555	1.2042509989201953	0.9373320112558179	2.332729121030439	0.1875141113085312	9.451674287592438	109.38870449805063	3.3894519675593	0.9917479020171722	35.775601449847784	239.2891844103126	-0.32509277756961635
2.9166989966555183	4.090301003344481	2.3803351716501147	0.006204650611274304	1.1955094367875072	0.9339525886460083	2.306169862393231	0.19329478261305266	9.436505442179675	107.44701560797657	3.360502457406513	0.9915331452052429	35.55794849820631	239.44517018065542	-0.3312951402609206
2.9166989966555183	4.127090301003345	2.3679911376189233	0.00663109376854742	1.187037805449454	0.9304401005936878	2.280244721067676	0.19894490432380346	9.419760560707186	105.55876960764445	3.3321618285611265	0.9913167514074748	35.34433691399467	239.61316796681575	-0.33757119963141663
2.9166989966555183	4.1638795986622075	2.3557474473517552	0.007081915228179137	1.1788335537283665	0.9267909399896967	2.2549571948165488	0.20445767440637858	9.401515448640646	103.72449266992402	3.3044156184625995	0.9910988275261798	35.13469412742793	239.79345248113952	-0.34392355993515644
2.9166989966555183	4.20066889632107	2.343597074767467	0.007558333810452192	1.1708944546375437	0.923001328532779	2.230307799900899	0.2098276391591693	9.381852809954172	101.94440231612023	3.277249873397948	0.9908794774119428	34.92894945432064	239.98630051795044	-0.3503530909006056
2.9166989966555183	4.237458193979933	2.3315328291760737	0.008061639711606445	1.1632186075777977	0.9190673155003027	2.206294605173839	0.21505049590332373	9.360860024390567	100.21845610263657	3.2506511349750333	0.9906588033098617	34.727034196952985	240.19199238683436	-0.35685942862283226
2.9166989966555183	4.274247491638796	2.319547369680415	0.008593199649153598	1.1558044411563293	0.9149847765332585	2.182913704866359	0.22012291280607713	9.338627308946723	98.54639590738881	3.2246064253573055	0.9904369071603177	34.52888171511354	240.41081308070096	-0.3634413866234397
2.9166989966555183	4.311036789297659	2.3076332125635024	0.009154462501497504	1.148650716887674	0.9107494120834663	2.1601596280846067	0.22504236855424564	9.315246228555097	96.92778727594623	3.199103231603505	0.9902138917455183	34.3344274700721	240.643053211589	-0.3700972864774413
2.9166989966555183	4.3478260869565215	2.2957827323667597	0.009746965517939896	1.1417565340087261	0.9063567452605713	2.138025687002689	0.22980701270442858	9.290808513475737	95.3620537149777	3.174129489427158	0.989989861684214	34.143609044942664	240.88900974829158	-0.3768252187125515
2.9166989966555183	4.384615384615385	2.283988157348447	0.01037234117985967	1.1351213356201315	0.9018021188818133	2.1165042681590975	0.23441554625798688	9.265405138936943	93.84850610538561	3.1496735666479814	0.9897649242837678	33.95636614508703	241.1489865881601	-0.38362324476778237
2.9166989966555183	4.421404682274248	2.272241559938818	0.0110323248010115	1.128744916356002	0.8970806915711059	2.0955870725530445	0.23886712120746406	9.239125624104638	92.38636758172686	3.1257242465610817	0.9895391902623497	33.77264058208304	241.4232949923521	-0.39048955013570597
2.9166989966555183	4.45819397993311	2.2605348427043084	0.011728762964691672	1.122627431783046	0.8921874327789279	2.0752653107333767	0.24316125735229002	9.21205751104044	90.97479431754972	3.1022707114050037	0.989312774355411	33.59237624447503	241.7122539100772	-0.397422557756236
2.9166989966555183	4.494983277591973	2.2488597202142424	0.012463622908190147	1.116769409738658	0.887117116604205	2.0555298590505884	0.24729777448022644	9.184285988879584	89.6128926927656	3.0793025260693323	0.9890857958205668	33.415519058131686	242.01619021360563	-0.4044210095164627
2.9166989966555183	4.531772575250836	2.2372076970806773	0.013239002980784382	1.1111717638350243	0.8818643142965734	2.036371382905024	0.2512767379746388	9.155893633327844	88.2997333183592	3.056809622148267	0.9888583788541347	33.24201693862841	242.33543886231624	-0.4114840224909944
2.9166989966555183	4.568561872909699	2.2255700423203213	0.014057144320944329	1.105835809382828	0.8764233853042986	2.0177804323157797	0.2550984159747209	9.126960236311273	87.03436236990595	3.034782282418356	0.9886306529312529	33.0718197376768	242.67034301097473	-0.41861112541674356
2.9166989966555183	4.605351170568562	2.213937760069159	0.014920443921974249	1.100763282023863	0.8707884667112238	1.999747514552831	0.25876324634215886	9.097562704973154	85.81581064472422	3.0132111257960172	0.9884027530800008	32.90487918526969	243.02125407482671	-0.4258022798798652
2.9166989966555183	4.642140468227424	2.202301556565093	0.01583146928376125	1.0959563594074646	0.8649534608762154	1.9822631479814736	0.2622718118435344	9.067775013084411	84.64310071492459	2.992087092813125	0.9881748200984513	32.74114882890205	243.38853176198117	-0.43305788981572746
2.9166989966555183	4.678929765886288	2.1906518031997404	0.016792974882610164	1.0914176863022258	0.8589120210508097	1.965317900700919	0.2656248221232456	9.037668191282588	83.51525250466923	2.971401431635649	0.9879470007221647	32.58058397096689	243.77254408185937	-0.44037880218492836
2.9166989966555183	4.7157190635451505	2.178978495324577	0.01780792073257558	1.0871504036036523	0.8526575347048454	1.9489024170378808	0.26882310120490266	9.007310345396197	82.43128757737837	2.9511456846407147	0.987719447748395	32.423141605211846	244.17366733719666	-0.44776630107979637
2.9166989966555183	4.752508361204013	2.167271206374915	0.018879493361887628	1.0831581817825564	0.846183104234623	1.933007434489509	0.2718675794133221	8.976766694484612	81.39023237893782	2.931311675560487	0.9874923201221946	32.26878035296828	244.59228610611436	-0.4552220970209707
2.9166989966555183	4.789297658862877	2.1555190367431947	0.02001112958908027	1.0794452594212187	0.83948152466203	1.9176237933002076	0.2747592887509589	8.946099622182226	80.39112064696076	2.9118914971963648	0.9872657829886995	32.117460399725914	245.02879322004594	-0.46274831280791023
2.9166989966555183	4.826086956521739	2.143710556685137	0.02120654355796363	1.0760164876088119	0.832545257853776	1.902742440500752	0.2774993608909586	8.91536873653352	79.43299516403536	2.892877499703737	0.987040007715158	31.96914343251774	245.48358974281425	-0.4703474669742074
2.9166989966555183	4.862876254180602	2.131833742371686	0.022469757582104666	1.072877381119769	0.8253664026939351	1.8883544299310093	0.28008902706426436	8.884630934796009	78.51490900457819	2.8742622794453996	0.9868151718856795	31.823792578495812	245.95708495580413	-0.47802245565424406
2.9166989966555183	4.8996655518394645	2.11987590399812	0.02380513746251527	1.0700341774857578	0.8179366605263424	1.8744509195037262	0.28252961922142034	8.853940470718944	77.63592640014545	2.8560386684101595	0.9865914592712469	31.68137234501154	246.4496963539134	-0.4857765334798307
2.9166989966555183	4.936454849498328	2.107823604619013	0.025217433082696403	1.0674939053032282	0.8102472950399556	1.8610231667407022	0.2848225719421505	8.823349022619091	76.79512332651626	2.838199724192349	0.986369059777217	31.541848561465414	246.9618496568282	-0.493613293982621
2.9166989966555183	4.973244147157191	2.0956625680803134	0.02671182526089263	1.0652644634064021	0.8022890855924864	1.8480625234181387	0.2869694246490844	8.792905761207434	75.99158789714497	2.820738720526936	0.986148169370302	31.405188323149222	247.49397883999544	-0.5015366498715035
2.9166989966555183	5.010033444816053	2.0833775740511276	0.028293980060691105	1.0633547128968066	0.7940522727450617	1.8355604299914388	0.2889718237569882	8.76265741660343	75.22442063143137	2.8036491383744497	0.98592898998689	31.271359937274468	248.04652618958667	-0.5095508134759749
2.9166989966555183	5.046822742474917	2.070952337694285	0.02997011204196645	1.061774584476919	0.7855264944994841	1.8235084103253365	0.29083152445727845	8.732648344331954	74.49273465222811	2.786924657548844	0.9857117294244718	31.140332871351838	248.6199423855705	-0.5176602775904661
2.9166989966555183	5.083612040133779	2.0583693709270396	0.03174705829338358	1.0605352041175156	0.7767007113708229	1.8118980671314933	0.29255039189955345	8.702920590354768	73.79565585497069	2.770559148880609	0.9854966012179035	31.01207770406543	249.21468661687817	-0.5258697969150994
2.9166989966555183	5.120401337792642	2.045609821468993	0.03363236555113664	1.0596490408364805	0.7675631179659954	1.80072107840804	0.29413040158872716	8.673513955361924	73.13232308040178	2.7545466669061307	0.9852838245022248	30.886566078762424	249.83122673242588	-0.5341843702617035
2.9166989966555183	5.157190635451505	2.032653284897738	0.03563439331185996	1.0591300813379463	0.7581010381377142	1.7899691950834418	0.2955736388677563	8.644466058654082	72.50188831400415	2.7388814430729376	0.9850736238637593	30.763770659658956	250.47003943151287	-0.542609223676281
2.9166989966555183	5.193979933110368	2.0194775836538286	0.03776243664070491	1.0589940375334335	0.7483007999927924	1.7796342399871266	0.2968822974029365	8.615812401998388	71.9035169276588	2.7235578794487427	0.9848662291812247	30.643665090840223	251.13161049679704	-0.5511497946173792
2.9166989966555183	5.230769230769231	2.006058505244569	0.04002687342895003	1.0592585946526425	0.7381475859837188	1.769708108201852	0.2980586766306307	8.587586433849744	71.33638797270176	2.7085705429204285	0.9846618754585942	30.526223958111355	251.81643507270175	-0.5598117173227848
2.9166989966555183	5.2675585284280935	1.9923694896304496	0.0424393422706473	1.0599437099105635	0.7276252519008553	1.7601827687954579	0.29910517816169074	8.55981961430592	70.79969452824976	2.693914159867111	0.984460802651425	30.41142275373139	252.52501799169193	-0.5686008094917124
2.9166989966555183	5.304347826086956	1.9783812527069544	0.045012959052248516	1.0610719747615294	0.7167161066622315	1.7510502678824036	0.3000243011723638	8.532541481117873	70.29264410436171	2.679583611289455	0.9842632554883446	30.299237844038586	253.25787415042106	-0.5775230604058441
2.9166989966555183	5.34113712374582	1.9640613285749697	0.04776258300122399	1.0626690579826168	0.7054006421498535	1.7423027329271135	0.300818636838265	8.505779717013148	69.81445909617766	2.6655739283751783	0.9840694832893164	30.189646439948056	254.01552893723166	-0.5865846206090772
2.9166989966555183	5.377926421404682	1.9493735074106586	0.050705146647848684	1.0647642527029602	0.6936571986375658	1.7339323781714735	0.3014908618909453	8.479560218517591	69.36437728257755	2.651880288478949	0.9838797397822253	30.082626570278848	254.79851871203698	-0.5957917932616211
2.9166989966555183	5.414715719063545	1.9342771374124117	0.0538600694221717	1.0673911588197988	0.6814615460916158	1.725931511046482	0.3020437313948842	8.453907166382633	68.941652361002	2.6384980114926773	0.9836942829191918	29.978157057837727	255.60739133902007	-0.6051510272796476
2.9166989966555183	5.451505016722408	1.918726247288358	0.05724978222370218	1.0705885442468137	0.6687863540135099	1.7182925394134587	0.30248007085624024	8.428843097649217	68.54555450887086	2.62542255658076	0.9835133746938838	29.87621749816374	256.44270677212046	-0.6146689123663583
2.9166989966555183	5.488294314381271	1.9026684280859063	0.06090040152612593	1.0744014460918125	0.6556005112734962	1.711007979471164	0.3028027677840916	8.404388979305589	68.17537096133297	2.6126495192530226	0.9833372809609077	29.776788240808447	257.3050376926895	-0.6243521760342267
2.9166989966555183	5.525083612040134	1.88604338663349	0.06484260848403514	1.078882599381412	0.6418682404815351	1.7040704641629494	0.303014762829743	8.380564283430711	67.83040659495555	2.600174628747079	0.9831662712581631	29.67985037300503	258.1949701982341	-0.634207682712082
2.9166989966555183	5.561872909698996	1.8687810420319788	0.06911281458942313	1.0840943217710177	0.6275479253645886	1.697472751919641	0.3031190406312184	8.357387063657225	67.5099845071605	2.587993745690594	0.9830006186328142	29.5853857055536	259.1131045406317	-0.6442424350239826
2.9166989966555183	5.59866220735786	1.8507989720525486	0.07375473677372615	1.0901110472464077	0.6125905282733299	1.6912077355805815	0.303118620487845	8.334874032741201	67.21344658182589	2.576102860013272	0.9828405994712891	29.493376760729966	260.0600559117458	-0.6544635773210952
2.9166989966555183	5.635451505016722	1.8319989109373118	0.07882157246555244	1.097022807169981	0.5969374073287266	1.685268451344844	0.30301654698498887	8.313040640989577	66.94015403230091	2.5644980890779285	0.9826864933334649	29.403806762005416	261.03645527392814	-0.6648784015421414
2.9166989966555183	5.672240802675585	1.8122618219751492	0.08437907968308157	1.1049401351332553	0.5805172281515568	1.6796480876170463	0.3028158806816435	8.291901155271148	66.68948791412225	2.5531756759994884	0.9825385827909259	29.316659625345313	262.0429502324199	-0.6754943554743
2.9166989966555183	5.709030100334449	1.7914407543765083	0.09051006955407298	1.114001185909874	0.5632414628045768	1.6743399936266259	0.3025196889643574	8.271468738322945	66.46084960089328	2.542131988121062	0.9823971532689166	29.231919951842197	263.08020594633604	-0.6863190534835697
2.9166989966555183	5.745819397993311	1.7693501134210736	0.09732119370267064	1.1243824393347257	0.5449975935314224	1.6693376877150283	0.3021310371603257	8.251755528059372	66.25366121802774	2.531363515616038	0.9822624928913436	29.149573021422185	264.14890607445733	-0.69736028978348
2.9166989966555183	5.782608695652174	1.7457488346934897	0.10495364577833087	1.1363154980737848	0.5256384020400071	1.6646348652015306	0.3016529799909107	8.232772716596694	66.0673660303265	2.5208668701855133	0.9821348923279081	29.069604787353068	265.2497537517123	-0.7086260543130026
2.9166989966555183	5.8193979933110365	1.7203125579649559	0.11360095032169572	1.1501148834839117	0.5049641711586915	1.6602254057546995	0.301088553434805	8.21453062871821	65.90142878059207	2.510638783820556	0.9820146446422009	28.992001871270464	266.38347259181785	-0.7201245512993234
2.9166989966555183	5.8561872909699	1.6925843879469997	0.12354059308076247	1.1662272420690882	0.4826910447739877	1.6561033802126153	0.300440767057815	8.197038799525341	65.75533597768609	2.5006761075993595	0.9819020451393344	28.91675155843138	267.5508077112074	-0.7318642205888062
2.9166989966555183	5.892976588628763	1.6618796199246542	0.1351955032001557	1.1853265842295886	0.4583895356489307	1.6522630568100154	0.2997125968542981	8.180306051044651	65.62859613352568	2.4909758104891404	0.9817973912114477	28.84384179289084	268.75252676884895	-0.7438537618412179
2.9166989966555183	5.929765886287625	1.6270769557050333	0.14926937091790302	1.2085230295409948	0.43134919750842626	1.6486989067846938	0.2989069786338533	8.164340567590248	65.52073994951685	2.4815349781232534	0.9817009821791951	28.7732611722928	269.98942101619616	-0.7561021616965288
2.9166989966555183	5.966555183946488	1.586066118206533	0.16710616248158364	1.2379151498744558	0.40021909969962244	1.6454056093484155	0.29802680197601616	8.149149969713106	65.43132045381213	2.4723508115236403	0.981613119127109	28.704998941953658	271.2623063509066	-0.7686187240429275
2.9166989966555183	6.003344481605351	1.5337083784158743	0.19202307034746474	1.27862939622559	0.36167486638366797	1.6423780560186412	0.2970749047660043	8.134741386602586	65.3599130915117	2.4634206257384808	0.981534104730523	28.639044987906505	272.5720243673628	-0.7814131035374163
2.9166989966555183	6.040133779264214	1.4410921362756004	0.24294008184482213	1.359564467238899	0.2967890970949667	1.6396113543175508	0.296054068315526	8.121121526840623	65.30611577058109	2.4547418483645513	0.9814642430715491	28.575389828563104	273.9194433963603	-0.7944953425576499
2.9166989966555183	6.076923076923077	1.398233572038874	0.26818439155808715	1.3982335720389147	0.26818439155806045	1.6370098243366804	0.29499734776315883	8.108035284052905	65.26281306968193	2.4462502445766394	0.9814000483223946	28.51336467417313	275.2903849303626	-0.80771941661848
2.9166989966555183	6.11371237458194	1.5366694392931879	0.18732268334222016	1.5366694392931861	0.18732268334222107	1.6453130572424766	0.2902474104823458	8.104317718047989	65.95435663062133	2.4473312516327166	0.981291412116898	28.53934277879686	278.7946463336962	-0.8103393681823066
2.9166989966555183	6.150501672240803	1.595192981938678	0.15925748189134764	1.5951929819386816	0.1592574818913459	1.6583708192557263	0.2840740209860932	8.106729223985962	66.9656123002972	2.452818208353337	0.9812078979497776	28.606537738442114	283.34444110497134	-0.8103393681823066
2.9166989966555183	6.187290969899665	1.6325237790250215	0.14315952051255273	1.6325237790250238	0.1431595205125518	1.6719685295738043	0.27793943492187895	8.110670530702803	68.00796915968986	2.4592075215416505	0.9811443041168837	28.682111276269538	288.1628963200029	-0.8103393681823066
2.9166989966555183	6.224080267558528	1.660770751398184	0.1319098414206412	1.6607707513981849	0.13190984142064077	1.6855503209658889	0.2720185500152231	8.115251373889206	69.04312479317652	2.4660309159441343	0.9810934991473844	28.761530490435113	293.1464937575545	-0.8103393681823066
2.9166989966555183	6.260869565217392	1.6837173151846292	0.12335709826657491	1.683717315184631	0.12335709826657433	1.6988670939588992	0.266374668367307	8.120052057204575	70.05431129206215	2.4730497154863533	0.981051587190518	28.842492717109725	298.2416996351836	-0.8103393681823066
2.9166989966555183	6.297658862876254	1.703106151114605	0.11653555985307933	1.7031061511146044	0.11653555985307962	1.7117970137898453	0.26102660499975444	8.124848201372771	71.03363526160136	2.4801234621486223	0.9810160632995638	28.92365043634993	303.41610196704556	-0.8103393681823066
2.9166989966555183	6.334448160535117	1.7199077732138461	0.11092083965330428	1.7199077732138481	0.11092083965330357	1.7242832537443402	0.25597232010521703	8.129516173054505	71.97768801077822	2.487165195387511	0.9809852071394851	29.00417607753189	308.64879986346153	-0.8103393681823066
2.9166989966555183	6.37123745819398	1.7347284424766145	0.10619386557996317	1.7347284424766154	0.10619386557996278	1.7363049293095827	0.2511997346494552	8.133989172334957	72.88550429463756	2.4941202685530226	0.98095779730845	29.083555542011162	313.92591149065436	-0.8103393681823066
2.9166989966555183	6.408026755852843	1.74797708472981	0.10214521162901219	1.7479770847298084	0.1021452116290128	1.747861598469018	0.2466922254917677	8.138233836176552	73.75748107832517	2.5009545974074783	0.980932949718922	29.161473618516826	319.2380936042348	-0.8103393681823066
2.9166989966555183	6.444816053511706	1.7599449762232953	0.09862979670585546	1.7599449762232955	0.09862979670585544	1.7589644187050393	0.24243153596521427	8.14223683454715	74.59476609085567	2.507647563178918	0.9809100164781183	29.237744829294094	324.5790401161836	-0.8103393681823066
2.9166989966555183	6.481605351170568	1.770848161357038	0.09554297278097443	1.7708481613570388	0.09554297278097412	1.7696309164268635	0.2383993269893227	8.145996863877198	75.39890009996583	2.514187509024706	0.9808885188215726	29.31226961123289	329.9445222895375	-0.8103393681823066
2.9166989966555183	6.518394648829432	1.7808519482614948	0.09280684845210671	1.7808519482614962	0.09280684845210622	1.7798818357949566	0.23457798291761126	8.149519742313492	76.17160431415645	2.5205687917840804	0.9808681009981951	29.38500569028231	335.33175331463036	-0.8103393681823066
2.9166989966555183	6.555183946488294	1.790085977105931	0.09036196945559631	1.79008597710593	0.09036196945559648	1.7897392288184206	0.23095100075737388	8.152815359684157	76.91465376158862	2.52678981104742	0.9808484977871399	29.455948996155147	340.7389573428451	-0.8103393681823066
2.9166989966555183	6.591973244147157	1.7986539669794184	0.08816200536578896	1.7986539669794184	0.0881620053657889	1.7992253038350765	0.22750314554746692	8.155895766661184	77.62980273366868	2.5328516719730216	0.9808295112136073	29.52512075564766	346.1650719411202	-0.8103393681823066
2.9166989966555183	6.62876254180602	1.8066402828427375	0.0861702200036911	1.806640282842738	0.08617022000369103	1.8083617442276467	0.22422047594483066	8.1587739769772	78.31874217587217	2.5387572684134714	0.9808109936307977	29.592558676703256	351.60953981689676	-0.8103393681823066
2.9166989966555183	6.665551839464883	1.8141145110626962	0.08435704944875923	1.8141145110626955	0.08435704944875946	1.8171693211717979	0.2210903000134204	8.161463221982405	78.98307680579421	2.544510649575093	0.9807928352903854	29.658310886265056	357.07216142383095	-0.8103393681823066
2.9166989966555183	6.702341137123746	1.821134738094891	0.0826983942757082	1.8211347380948906	0.08269839427570838	1.825667690740701	0.21810109595866098	8.163976494778247	79.62431440942919	2.5501165805178925	0.9807749551242633	29.722431746197888	362.5529897257041	-0.8103393681823066
2.9166989966555183	6.739130434782608	1.827749956289154	0.08117438722150028	1.8277499562891546	0.08117438722150007	1.8338753062155577	0.21524241784289244	8.166326280711528	80.2438625965512	2.555580236615066	0.9807572938517011	29.78497896348183	368.0522545260019	-0.8103393681823066
2.9166989966555183	6.775919732441472	1.8340018654096661	0.07976848602217854	1.8340018654096668	0.07976848602217833	1.8418094016018889	0.2125047976632918	8.168524407962355	80.84303004184538	2.560906991405952	0.9807398087879953	29.846011599869744	373.5703077564504	-0.8103393681823066
2.9166989966555183	6.812709030100335	1.8399262455531646	0.07846679391203122	1.8399262455531642	0.07846679391203136	1.8494860181941775	0.20987965005560635	8.170581975274452	81.42303033093792	2.566102270024067	0.9807224699095558	29.905588710804246	379.10758376225175	-0.8103393681823066
2.9166989966555183	6.849498327759197	1.8455540196073665	0.07725754280104506	1.845554019607366	0.07725754280104524	1.856920056126845	0.20735918286169264	8.172509328788244	81.98498722158102	2.5711714489222612	0.9807052568544579	29.96376842675983	384.6645704048291	-0.8103393681823066
2.9166989966555183	6.88628762541806	1.8509120866456308	0.07613069480119711	1.850912086645631	0.07613069480119705	1.8641253393440498	0.20493631502252818	8.174316069586899	82.52994057124752	2.5761197884146454	0.98068815662471	30.02060734668698	390.2417880224999	-0.8103393681823066
2.9166989966555183	6.923076923076923	1.8560239835441714	0.07507763123492006	1.8560239835441714	0.07507763123492005	1.8711146866268402	0.20260460223235432	8.176011079868386	83.05885246535593	2.5809523885344405	0.9806711618185188	30.076160151959844	395.8397741337667	-0.8103393681823066
2.9166989966555183	6.959866220735786	1.8609104159073246	0.0740909072379606	1.860910415907325	0.07409090723796048	1.8778999840538437	0.20035817021469046	8.177602559806141	83.57261326255657	2.5856741614658767	0.9806542692653634	30.13047937602648	401.45907235867395	-0.8103393681823066
2.9166989966555183	6.996655518394649	1.8655896882664964	0.07316405618070777	1.8655896882664966	0.07316405618070772	1.8844922560578117	0.198191655176778	8.179098069909912	84.0720473908884	2.590289815738699	0.9806374789689893	30.18361528367321	407.10022445135763	-0.8103393681823066
2.9166989966555183	7.033444816053512	1.8700780557393597	0.07229143236922123	1.87007805573936	0.07229143236922111	1.8909017334053755	0.19610015085594462	8.18050457552747	84.55791880399441	2.5948038487348395	0.9806207932870205	30.235615826977327	412.76376463459826	-0.8103393681823066
2.9166989966555183	7.070234113712375	1.8743900138004435	0.07146808347339037	1.874390013800443	0.07146808347339048	1.897137917184585	0.1940791615226557	8.181828491348156	85.03093605463313	2.599220545023793	0.98060421629328	30.2865266543527	418.45021564134237	-0.8103393681823066
2.9166989966555183	7.107023411371237	1.8785385388141376	0.07068964626586204	1.8785385388141387	0.07068964626586176	1.903209638373001	0.1921245603099585	8.183075724583881	85.49175697291848	2.603543978734338	0.980587753281804	30.336391155742607	424.16008602319295	-0.8103393681823066
2.9166989966555183	7.1438127090301	1.8825352890498506	0.0699522608044266	1.8825352890498508	0.0699522608044266	1.909125112869404	0.19023255227292388	8.184251716045576	85.94099295524869	2.607778018667122	0.980571410381169	30.3852505317822	429.89386839896025	-0.8103393681823066
2.9166989966555183	7.1806020066889635	1.8863907737238887	0.06925249932779325	1.8863907737238885	0.06925249932779337	1.914891992065228	0.18839964162957687	8.185361478693471	86.3792128808326	2.61192633521209	0.9805551942550057	30.43314387819053	435.65203839952153	-0.8103393681823066
2.9166989966555183	7.217391304347826	1.8901144959787228	0.06858730697935331	1.8901144959787244	0.06858730697935286	1.920517409146258	0.18662260268815262	8.186409633474614	86.80694667866352	2.6159924083947956	0.9805391118700452	30.480108279130786	441.4350541263619	-0.8103393681823066
2.9166989966555183	7.254180602006689	1.893715074471236	0.0679539521072581	1.8937150744712359	0.06795395210725816	1.926008021379627	0.1848984540188128	8.187400442414699	87.22468857063838	2.619979536566059	0.980523170317221	30.526178905085164	447.2433559869004	-0.8103393681823066
2.9166989966555183	7.290969899665551	1.8972003472911183	0.06734998436955134	1.8972003472911179	0.06734998436955145	1.931370048671374	0.18322443547888115	8.188337839026726	87.63290001728241	2.623890845387611	0.9805073766745392	30.571389112096565	453.07736680350723	-0.8103393681823066
2.9166989966555183	7.327759197324415	1.9005774611960966	0.06677319924034297	1.9005774611960968	0.06677319924034296	1.936609308689303	0.18159798774746982	8.189225456157413	88.0320123921047	2.627729296868064	0.9804917379028784	30.615770540185643	458.9374921186571	-0.8103393681823066
2.9166989966555183	7.364548494983278	1.9038529485774274	0.0662216077963256	1.9038529485774272	0.06622160779632565	1.9417312488416618	0.1800167340677054	8.190066651424718	88.42242940941824	2.631497698277676	0.9804762607677815	30.659353209444806	464.82412063774655	-0.8103393681823066
2.9166989966555183	7.40133779264214	1.9070327941187852	0.06569341088306983	1.9070327941187846	0.06569341088307006	1.9467409753900875	0.17847846393244826	8.190864530415668	88.80452932887941	2.6351987108250063	0.9804609517817718	30.702165612818145	470.7376247656403	-0.8103393681823066
2.9166989966555183	7.438127090301004	1.910122492754815	0.06518697693296957	1.9101224927548153	0.06518697693296957	1.9516432799584496	0.17698111848269904	8.191621967818104	89.17866695822292	2.638834858018085	0.9804458171628653	30.74423480494042	476.6783612038404	-0.8103393681823066
2.9166989966555183	7.474916387959866	1.9131271002512542	0.06470082284264476	1.9131271002512533	0.06470082284264499	1.9564426636802745	0.1755227774170853	8.192341626657472	89.54517547384502	2.642408533661969	0.9804308628058597	30.785586486675058	482.6466715835901	-0.8103393681823066
2.9166989966555183	7.511705685618729	1.9160512775003544	0.06423359742548881	1.9160512775003542	0.06423359742548886	1.9611433592078924	0.17410164723629762	8.19302597580305	89.90436807710925	2.645922009465489	0.9804160942636753	30.826245085180222	488.6428831164696	-0.8103393681823066
2.9166989966555183	7.548494983277592	1.9188993294409316	0.06378406704123397	1.9188993294409324	0.06378406704123385	1.9657493507867632	0.17271605066860812	8.193677305898294	90.25653950253032	2.649377442245159	0.9804015167365852	30.866233829466402	494.66730924887713	-0.8103393681823066
2.9166989966555183	7.585284280936455	1.9216752393628869	0.06335110307359534	1.9216752393628866	0.06335110307359541	1.9702643925799572	0.17136441714188747	8.194297743859574	90.60196739241348	2.652776880725053	0.9803871350676068	30.905574821504082	500.7202503104574	-0.8103393681823066
2.9166989966555183	7.622073578595318	1.9243826992338742	0.06293367098295621	1.9243826992338748	0.06293367098295607	1.9746920254101854	0.17004527418432358	8.19488926607622	90.94091355105992	2.656122271939013	0.9803729537426809	30.944289103003687	506.80199414932713	-0.8103393681823066
2.9166989966555183	7.65886287625418	1.9270251365855198	0.06253082070645057	1.9270251365855202	0.06253082070645047	1.9790355920703873	0.1687572396506383	8.195453710433576	91.27362509030112	2.6594154672466392	0.9803589768945319	30.9823967180321	512.912816749051	-0.8103393681823066
2.9166989966555183	7.695652173913044	1.9296057384141019	0.062141678214817433	1.9296057384141019	0.06214167821481744	1.9832982513392006	0.16749901468322653	8.195992787270297	91.60033547693101	2.6626582279781434	0.9803452083093406	31.019916771658057	519.0529828240092	-0.8103393681823066
2.9166989966555183	7.7324414715719065	1.932127472482031	0.061765438065776446	1.932127472482031	0.061765438065776446	1.9874829908238034	0.16626937732866234	8.19650808937057	91.92126549149405	2.665852230724981	0.9803316514355164	31.05686748483106	525.2227463909087	-0.8103393681823066
2.9166989966555183	7.769230769230769	1.9345931063496875	0.0614013568186598	1.934593106349688	0.06140135681865967	1.9915926387405287	0.16506717673955812	8.197001101082776	92.23662410692224	2.6689990722946315	0.9803183093940177	31.09326624570745	531.4223513152327	-0.8103393681823066
2.9166989966555183	7.806020066889632	1.937005224419462	0.06104874719574335	1.937005224419462	0.06104874719574338	1.9956298747323593	0.1638913279001069	8.197473206647087	92.54660929462105	2.6721002743481677	0.9803051849897677	31.129129657635477	537.6520318320071	-0.8103393681823066
2.9166989966555183	7.842809364548495	1.939366243234155	0.06070697289285693	1.9393662432341554	0.060706972892856835	1.9995972398126072	0.16274080682085343	8.197925697806701	92.85140876483213	2.6751572877394496	0.9802922807238144	31.16447358400939	543.9120130408729	-0.8103393681823066
2.9166989966555183	7.879598662207358	1.9416784252381356	0.06037544395621239	1.9416784252381352	0.060375443956212506	2.003497145514947	0.1616146461545963	8.198359780769911	93.15120064738724	2.6781714965742767	0.98027959880595	31.19931319019459	550.2025113757404	-0.8103393681823066
2.9166989966555183	7.916387959866221	1.9439438911814282	0.06005361265434671	1.9439438911814275	0.0600536126543469	2.00733188232205	0.16051193119082174	8.198776582583724	93.4461541183485	2.681144222007381	0.98026714116757	31.233662982718503	556.5237350496438	-0.8103393681823066
2.9166989966555183	7.953177257525083	1.9461646313228018	0.05974096978415044	1.9461646313228018	0.05974096978415046	2.0111036274377905	0.15943179619091005	8.199177156973642	93.73642997746911	2.6840767257943443	0.9802549094745944	31.26753684591157	562.8758844755534	-0.8103393681823066
2.9166989966555183	7.989966555183947	1.948342515567431	0.05943704135845085	1.9483425155674305	0.059437041358450945	2.014814451961562	0.1583734210305862	8.199562489698875	94.02218118090828	2.6869702136146927	0.980242905140316	31.30094807617283	569.2591526640459	-0.8103393681823066
2.9166989966555183	8.02675585284281	1.9504793026573894	0.05914138562976489	1.9504793026573888	0.05914138562976508	2.018466327517548	0.15733602811978134	8.199933503467484	94.3035533331979	2.6898258381816746	0.9802311293380722	31.333909414025122	575.6737255988598	-0.8103393681823066
2.9166989966555183	8.063545150501673	1.9525766485181149	0.05885359041095551	1.952576648518115	0.05885359041095548	2.0220611323864794	0.1563188795733518	8.20029106245131	94.58068514204919	2.6926447021531	0.9802195830136565	31.36643307411259	582.1197825913096	-0.8103393681823066
2.9166989966555183	8.100334448160535	1.9546361138512918	0.05857327065868573	1.9546361138512913	0.05857327065868585	2.0256006571829084	0.1553212746089576	8.200635976436935	94.85370883924386	2.6954278608569613	0.9802082668974136	31.398530773285113	588.5974966146533	-0.8103393681823066
2.9166989966555183	8.137123745819398	1.9566591710535175	0.05830006628999047	1.956659171053517	0.058300066289990536	2.0290866101168707	0.15434254715091678	8.200969004645195	95.12275057053597	2.6981763248445136	0.9801971815159699	31.430213756903306	595.1070346194383	-0.8103393681823066
2.9166989966555183	8.173913043478262	1.958647210530546	0.05803364020607654	1.9586472105305457	0.05803364020607656	2.032520621875005	0.153382063621112	8.201290859248608	95.38793075720113	2.700891062282735	0.9801863272035741	31.46149282348872	601.6485578308642	-0.8103393681823066
2.9166989966555183	8.210702341137123	1.9606015464687736	0.05777367650069327	1.9606015464687734	0.05777367650069333	2.035904250153069	0.15243922089994924	8.201602208613453	95.64936443163116	2.703573001197275	0.9801757041130224	31.492378347835505	608.2222220291881	-0.8103393681823066
2.9166989966555183	8.247491638795987	1.9625234221182828	0.05751987883323796	1.9625234221182832	0.05751987883323788	2.039238983868534	0.1515134444421621	8.201903680290261	95.90716154912651	2.7062230315761204	0.980165312226158	31.522880302690254	614.8281778140982	-0.8103393681823066
2.9166989966555183	8.284280936454849	1.964414014635747	0.05727196894914178	1.9644140146357465	0.057271968949141897	2.042526247079544	0.1506041865337554	8.202195863774689	96.16142727785444	2.708842007343664	0.9801551513639416	31.553008279100546	621.4665708540418	-0.8103393681823066
2.9166989966555183	8.321070234113712	1.9662744395299177	0.05702968533218998	1.9662744395299183	0.05702968533218984	2.0457674026339228	0.149710924677779	8.202479313058324	96.41226226874772	2.711430748214019	0.9801452211960883	31.582771505524025	628.1375421213661	-0.8103393681823066
2.9166989966555183	8.357859531772576	1.9681057547477105	0.05679278197523358	1.96810575474771	0.05679278197523365	2.048963755569799	0.14883316009783842	8.202754548987219	96.65976290695532	2.7139900414318223	0.9801355212502777	31.612178865783488	634.8412281141113	-0.8103393681823066
2.9166989966555183	8.394648829431437	1.9699089644348877	0.056561027257299876	1.9699089644348877	0.056561027257299896	2.052116556287616	0.14797041634930755	8.203022061444514	96.9040215463228	2.7165206434083164	0.9801260509209445	31.641238915948353	641.5777610653233	-0.8103393681823066
2.9166989966555183	8.431438127090301	1.9716850224013696	0.05633420291652765	1.9716850224013702	0.05633420291652754	2.055227003511197	0.14712223802923052	8.203282311371481	97.14512672822215	2.7190232812596116	0.9801168094776546	31.66995990021392	648.3472691405411	-0.8103393681823066
2.9166989966555183	8.468227424749164	1.973434835318435	0.05611210310948145	1.9734348353184348	0.05611210310948146	2.058296247054416	0.14628818957669268	8.203535732640708	97.38316338596425	2.7214986542539568	0.9801077960730835	31.698349765848615	655.1498766242867	-0.8103393681823066
2.9166989966555183	8.505016722408026	1.9751592656718155	0.055894533548508075	1.975159265671815	0.05589453354850815	2.0613253904081383	0.14546785415627667	8.203782733793163	97.6182130358895	2.723947435173912	0.9800990097506044	31.726416177270092	661.9857040961352	-0.8103393681823066
2.9166989966555183	8.54180602006689	1.9768591344925788	0.05568131070965925	1.976859134492579	0.05568131070965917	2.0643154931612147	0.1446608326178585	8.20402369965049	97.85035395616076	2.7263702715993015	0.980090449451502	31.754166529310442	668.8548685970912	-0.8103393681823066
2.9166989966555183	8.578595317725753	1.9785352238851532	0.05547226110455574	1.9785352238851535	0.055472261104555706	2.067267573267778	0.14386674252666146	8.20425899281229	98.07966135417315	2.728767787116013	0.9800821140218249	31.781607959722706	675.7574837867784	-0.8103393681823066
2.9166989966555183	8.615384615384615	1.9801882793701526	0.05526722061024032	1.9801882793701524	0.05526722061024035	2.07018260917235	0.1430852172580022	8.204488955047722	98.30620752343484	2.731140582455656	0.9800740022188897	31.808747360979908	682.6936600920675	-0.8103393681823066
2.9166989966555183	8.652173913043478	1.9818190120578005	0.0550660338517055	1.9818190120577992	0.05506603385170571	2.0730615418031206	0.14231590515168668	8.204713908589707	98.53006199069094	2.7334892365705574	0.9800661127174541	31.83559139141286	689.6635048476472	-0.8103393681823066
2.9166989966555183	8.688963210702342	1.9834281006661996	0.054868553632338224	1.9834281006661996	0.05486855363233822	2.0759052764429278	0.14155846872145952	8.20493415733929	98.75129165399773	2.7358143076482797	0.9800584441155687	31.862146485729127	696.6671224290113	-0.8103393681823066
2.9166989966555183	8.725752508361204	1.9850161933973955	0.05467464040799625	1.9850161933973958	0.05467464040799617	2.0787146844867572	0.14081258391530102	8.205149987987223	98.96996091240274	2.738116334069574	0.9800509949401258	31.888418864953625	703.7046143783402	-0.8103393681823066
2.9166989966555183	8.762541806020067	1.9865839096828781	0.05448416180087703	1.9865839096828781	0.05448416180087701	2.081490605093752	0.1400779394227516	8.205361671059016	99.18613178782422	2.7403958353133833	0.9800437636521153	31.914414545827626	710.7760795237009	-0.8103393681823066
2.9166989966555183	8.799331103678929	1.9881318418091691	0.0542969921497063	1.988131841809169	0.05429699214970634	2.0842338467412214	0.13935423602574612	8.205569461889429	99.39986403968487	2.7426533128123167	0.9800367486516056	31.940139349701	717.8816140919905	-0.8103393681823066
2.9166989966555183	8.836120401337793	1.989660556433007	0.05411301209313862	1.989660556433007	0.05411301209313863	2.086945188687337	0.1386411859897714	8.205773601531535	99.61121527279721	2.7448892507615876	0.980029948282457	31.96559891094865	725.0213118159473	-0.8103393681823066
2.9166989966555183	8.872909698996656	1.9911705959949233	0.05393210818354187	1.991170595994923	0.05393210818354192	2.0896253823488653	0.1379385124924014	8.205974317605344	99.82024103897068	2.7471041168844383	0.9800233608367853	31.99079868494155	732.1952640356234	-0.8103393681823066
2.9166989966555183	8.909698996655518	1.9926624800391997	0.05375417252861047	1.9926624800391997	0.05375417252861048	2.092275152599786	0.13724594908650803	8.206171825090639	100.02699493277366	2.749298363156782	0.9800169845591846	32.01574395560057	739.4035597946757	-0.8103393681823066
2.9166989966555183	8.946488294314381	1.9941367064472912	0.05357910245852107	1.9941367064472915	0.053579102458521044	2.0948951989959257	0.13656323919570515	8.206366327067729	100.23152868183202	2.7514724264934105	0.9800108176507237	32.040439842556864	746.6462859316948	-0.8103393681823066
2.9166989966555183	8.983277591973245	1.9955937525914456	0.053406800216522256	1.9955937525914456	0.05340680021652226	2.0974861969307317	0.13589013563973068	8.206558015410298	100.43389223204174	2.753626729398281	0.9800048582727234	32.064891307944556	753.9235271669439	-0.8103393681823066
2.9166989966555183	9.020066889632107	1.9970340764145016	0.053237172671064405	1.9970340764145016	0.05323717267106443	2.100048798726638	0.13522640018769008	8.206747071433597	100.6341338280271	2.7557616805809952	0.9799991045503305	32.08910316284716	761.2353661847458	-0.8103393681823066
2.9166989966555183	9.05685618729097	1.9984581174413294	0.053070131047754404	1.9984581174413283	0.05307013104775464	2.102583634666231	0.13457180313724382	8.20693366650124	100.83230008915469	2.7578776755414793	0.9799935545758949	32.11308007341833	768.5818837117614	-0.8103393681823066
2.9166989966555183	9.093645484949834	1.9998662977270314	0.05290559067955423	1.999866297727031	0.05290559067955431	2.105091313967169	0.13392612291796074	8.20711796259362	101.02843608139617	2.759975097124851	0.9799882064121619	32.13682656669699	775.9631585914357	-0.8103393681823066
2.9166989966555183	9.130434782608695	2.0012590227463827	0.052743470773813535	2.0012590227463827	0.05274347077381355	2.107572425704316	0.13328914571722267	8.207300112840382	101.22258538529667	2.762054316048066	0.9799830580952871	32.160347036133224	783.379267854743	-0.8103393681823066
2.9166989966555183	9.167224080267559	2.0026366822289545	0.05258369419480825	2.0026366822289545	0.052583694194808246	2.110027539682697	0.1326606651271448	8.207480262019983	101.41479016031336	2.7641156914002947	0.9799781076376869	32.1836457468447	790.8302867876084	-0.8103393681823066
2.9166989966555183	9.20401337792642	2.0039996509435016	0.05242618726063403	2.003999650943502	0.05242618726063397	2.1124572072639967	0.13204048181116507	8.207658547027888	101.60509120572871	2.766159571118148	0.9799733530307264	32.206726840615076	798.316288994948	-0.8103393681823066
2.9166989966555183	9.240802675585284	2.005348289435533	0.052270879553326266	2.005348289435533	0.05227087955332631	2.1148619621499134	0.13142840318896815	8.20783509731639	101.79352801837963	2.768186292437688	0.979968792247261	32.22959434065404	805.8373464618121	-0.8103393681823066
2.9166989966555183	9.277591973244148	2.0066829447210095	0.05211770374125577	2.0066829447210095	0.05211770374125575	2.117242321124642	0.13082424313859883	8.208010035307264	101.98013884737377	2.770196182324107	0.9799644232440318	32.252252156127945	813.3935296115188	-0.8103393681823066
2.9166989966555183	9.31438127090301	2.0080039509394054	0.051966595412864997	2.008003950939405	0.051966595412865066	2.1195987847592157	0.13022782171463917	8.208183476779508	102.16496074599262	2.7721895578806297	0.9799602439639283	32.27470408647705	820.9849073611192	-0.8103393681823066
2.9166989966555183	9.351170568561873	2.0093116299688627	0.05181749292091744	2.0093116299688623	0.051817492920917474	2.1219318380799788	0.1296389648814291	8.208355531233801	102.34802962094973	2.7741667267377492	0.9799562523381214	32.29695382553036	828.6115471743037	-0.8103393681823066
2.9166989966555183	9.387959866220736	2.0106062920059404	0.05167033723650764	2.01060629200594	0.051670337236507685	2.124241951203247	0.12905750426040147	8.208526302235075	102.5293802791567	2.7761279874238105	0.9799524462880743	32.319004965428725	836.2735151118345	-0.8103393681823066
2.9166989966555183	9.424749163879598	2.011888236112408	0.05152507181211626	2.0118882361124077	0.0515250718121164	2.1265295799382637	0.1284832768906363	8.208695887734798	102.7090464721515	2.7780736297181017	0.9799488237274394	32.34086100036773	843.9708758797151	-0.8103393681823066
2.9166989966555183	9.461538461538462	2.0131577507312075	0.051381642453079156	2.013157750731208	0.05138164245307915	2.128795166360265	0.12791612500182928	8.208864380374239	102.88706093832356	2.780003934987316	0.9799453825638441	32.362525330169305	851.7036928751602	-0.8103393681823066
2.9166989966555183	9.498327759197325	2.0144151141736435	0.05123999719686815	2.0144151141736435	0.051239997196868156	2.1310391393553996	0.12735589579891365	8.209031867769944	103.06345544306483	2.7819191765063644	0.9799421207005743	32.38400126369201	859.4720282305194	-0.8103393681823066
2.9166989966555183	9.535117056856187	2.0156605950796567	0.05110008619964402	2.0156605950796567	0.05110008619964399	2.133261915139165	0.12680244125762866	8.209198432782644	103.23826081696839	2.7838196197643525	0.9799390360381581	32.405292022088254	867.2759428552508	-0.8103393681823066
2.9166989966555183	9.57190635451505	2.0168944528528896	0.050961861629580676	2.01689445285289	0.0509618616295806	2.135463897749796	0.12625561793038745	8.209364153770515	103.41150699218228	2.7857055227565044	0.9799361264758573	32.42640074191644	875.1154964760307	-0.8103393681823066
2.9166989966555183	9.608695652173912	2.0181169380722235	0.05082527756648871	2.018116938072223	0.050825277566488816	2.1376454795181647	0.12571528676181845	8.20952910482805	103.58322303703102	2.7875771362628825	0.9799333899130701	32.44733047811663	882.9907476751606	-0.8103393681823066
2.9166989966555183	9.645484949832776	2.019328292881146	0.050690289907325894	2.0193282928811453	0.05069028990732597	2.1398070415153287	0.12518131291343065	8.20969335601109	103.75343718899167	2.789434704114424	0.9799308242506486	32.46808420685517	890.9017539272465	-0.8103393681823066
2.9166989966555183	9.68227424749164	2.02052875135649	0.05055685627718114	2.02052875135649	0.050556856277181136	2.141948953979169	0.12465356559685167	8.209856973549266	103.92217688612831	2.791278463447182	0.9799284273921396	32.48866482824708	898.8485716343854	-0.8103393681823066
2.9166989966555183	9.719063545150501	2.021718539857661	0.05042493594538844	2.0217185398576616	0.05042493594538837	2.144071576721089	0.1241319179151638	8.210020020046299	104.08946879705815	2.793108644945168	0.9799261972449466	32.5090751689606	906.831256159782	-0.8103393681823066
2.9166989966555183	9.755852842809364	2.022897877357684	0.05029448974641361	2.0228978773576847	0.05029448974641347	2.146175259514022	0.12361624671185578	8.210182554669167	104.2553388495401	2.794925473072556	0.9799241317214225	32.529317984711284	914.8498618600012	-0.8103393681823066
2.9166989966555183	9.792642140468228	2.024066975757109	0.050165480005212704	2.0240669757571084	0.05016548000521274	2.1482603424626867	0.12310643242697134	8.210344633326745	104.41981225775609	2.7967291662957354	0.9799222287398938	32.54939596265079	922.9044421158734	-0.8103393681823066
2.9166989966555183	9.82943143812709	2.025226040181804	0.05003787046677278	2.025226040181805	0.05003787046677264	2.1503271563570405	0.12260235896004663	8.210506308838472	104.58291354835438	2.7985199372957013	0.9799204862256208	32.56931172365546	930.9950493621069	-0.8103393681823066
2.9166989966555183	9.866220735785953	2.0263752692656065	0.049911626229563195	2.0263752692656065	0.04991162622956323	2.152376023009824	0.12210391353946186	8.210667631093713	104.74466658532128	2.800297993171273	0.9799189021116955	32.589067824519425	939.1217351156737	-0.8103393681823066
2.9166989966555183	9.903010033444817	2.02751485541878	0.049786713682646394	2.02751485541878	0.049786713682646325	2.15440725557915	0.12161098659783934	8.210828647202524	104.9050945937509	2.802063535633717	0.9799174743398839	32.608666760058284	947.2845500031011	-0.8103393681823066
2.9166989966555183	9.939799331103679	2.0286449850829946	0.04966310044622784	2.0286449850829946	0.04966310044622785	2.156421158876716	0.12112347165318203	8.210989401638022	105.0642201825568	2.803816761193007	0.9799162008614106	32.62811096512583	955.4835437865928	-0.8103393681823066
2.9166989966555183	9.976588628762542	2.029765838973743	0.04954075531541692	2.0297658389737436	0.04954075531541687	2.1584180296626094	0.12064126519541352	8.211149936371168	105.22206536619483	2.8055578613363092	0.9799150796376948	32.647402816549565	963.7187653891583	-0.8103393681823066
2.9166989966555183	10.013377926421406	2.030877592310825	0.049419648207009725	2.030877592310825	0.049419648207009725	2.1603981569272337	0.12016426657805195	8.211310290998238	105.37865158543897	2.807287022698997	0.9799141086410332	32.66654463498837	971.9902629187382	-0.8103393681823066
2.9166989966555183	10.050167224080267	2.031980415037627	0.049299750109102765	2.031980415037627	0.04929975010910278	2.1623618221611194	0.11969237791472734	8.211470502861461	105.53399972726375	2.809004427228565	0.9799132858552404	32.68553868671593	980.2980836913808	-0.8103393681823066
2.9166989966555183	10.08695652173913	2.0330744720298064	0.04918103303336846	2.033074472029807	0.04918103303336839	2.164309299613168	0.11922550398029812	8.211630607163222	105.68813014387524	2.8107102523417806	0.97991260927624	32.70438718533353	988.6422742535128	-0.8103393681823066
2.9166989966555183	10.123745819397993	2.034159923294005	0.04906346996982802	2.034159923294005	0.04906346996982798	2.1662408565379563	0.11876355211631866	8.211790637074202	105.84106267093657	2.812404671075435	0.9799120769126183	32.72309229341573	997.022880403366	-0.8103393681823066
2.9166989966555183	10.160535117056856	2.035236924157117	0.0489470348439753	2.035236924157117	0.04894703484397529	2.168156753432636	0.11830643214063392	8.211950623835818	105.99281664502651	2.814087852230968	0.9799116867861354	32.74165612409202	1005.4399472115863	-0.8103393681823066
2.9166989966555183	10.19732441471572	2.0363056254466523	0.048831702476109955	2.0363056254466523	0.04883170247610993	2.1700572442639348	0.11785405626088853	8.212110596857276	106.14341092036992	2.8157599605132586	0.9799114369321994	32.76008074256707	1013.8935190410552	-0.8103393681823066
2.9166989966555183	10.234113712374581	2.0373661736626847	0.04871744854274904	2.0373661736626847	0.04871744854274898	2.1719425766857623	0.11740633899174933	8.212270583807536	106.29286388487594	2.817421156663873	0.9799113254003045	32.77836816758293	1022.383639565976	-0.8103393681823066
2.9166989966555183	10.270903010033445	2.038418711141827	0.04860424953999773	2.038418711141827	0.048604249539997736	2.1738129922478735	0.11696319707565324	8.212430610702516	106.44119347551728	2.8190715975890144	0.9799113502544354	32.796520372825455	1030.9103517902518	-0.8103393681823066
2.9166989966555183	10.307692307692308	2.0394633762136714	0.04849208274876429	2.039463376213671	0.04849208274876434	2.1756687265960135	0.11652454940690475	8.212590701987743	106.58841719308278	2.820711436482419	0.9799115095734394	32.81453928827751	1039.473698065174	-0.8103393681823066
2.9166989966555183	10.34448160535117	2.0405003033501234	0.04838092620170994	2.040500303350124	0.04838092620170982	2.1775100096639943	0.11609031695894997	8.212750880616799	106.73455211633552	2.822340822943484	0.9799118014513687	32.83242680152195	1048.0737201065133	-0.8103393681823066
2.9166989966555183	10.381270903010034	2.0415296233079316	0.04827075865184278	2.0415296233079316	0.04827075865184276	2.179337065858003	0.1156604227146807	8.212911168125643	106.87961491559889	2.823959903090701	0.9799122239977915	32.850184758995184	1056.7104590108993	-0.8103393681823066
2.9166989966555183	10.418060200668897	2.0425514632648887	0.04816155954265035	2.0425514632648882	0.04816155954265038	2.1811501142336382	0.11523479159960505	8.213071584703258	107.02362186580713	2.8255688196708313	0.9799127753380789	32.86781496719547	1065.3839552717195	-0.8103393681823066
2.9166989966555183	10.454849498327759	2.0435659469499234	0.04805330897969588	2.043565946949924	0.04805330897969584	2.1829493686658963	0.11481335041775843	8.21323214925861	107.1665888590365	2.8271677121638166	0.9799134536136636	32.88531919384645	1074.0942487943935	-0.8103393681823066
2.9166989966555183	10.491638795986622	2.044573194767452	0.04794598770359044	2.044573194767452	0.047945987703590424	2.1847350380124926	0.11439602779021475	8.213392879484244	107.30853141654613	2.8287567168836993	0.9799142569822749	32.90269916901811	1082.8413789111114	-0.8103393681823066
2.9166989966555183	10.528428093645484	2.0455733239162917	0.04783957706426427	2.0455733239162917	0.04783957706426425	2.186507326270832	0.11398275409607478	8.213553791916665	107.44946470035066	2.8303359670757455	0.9799151836181501	32.91995658620775	1091.6253843950726	-0.8103393681823066
2.9166989966555183	10.565217391304348	2.046566448503403	0.04773405899646753	2.0465664485034023	0.047734058996467606	2.1882664327289176	0.11357346141581191	8.213714901993713	107.5894035243467	2.8319055930099153	0.9799162317122243	32.93709310338197	1100.446303474236	-0.8103393681823066
2.9166989966555183	10.602006688963211	2.0475526796527137	0.047629415996433014	2.0475526796527133	0.04762941599643299	2.190012552110457	0.11316808347686672	8.213876224109049	107.72836236501176	2.8334657220708452	0.9799173994722987	32.95411034398166	1109.304173844597	-0.8103393681823066
2.9166989966555183	10.638795986622073	2.048532125609253	0.04752563109964152	2.048532125609253	0.0475256310996415	2.191745874714405	0.11276655560138824	8.214037771663849	107.86635537169394	2.8350164788444467	0.9799186851231898	32.97100989789106	1118.1990326829728	-0.8103393681823066
2.9166989966555183	10.675585284280936	2.0495048918389163	0.047422687859619034	2.0495048918389167	0.04742268785961897	2.193466586549299	0.11236881465600711	8.214199557116073	108.00339637651768	2.8365579852013894	0.9799200869068588	32.98779332237344	1127.130916659422	-0.8103393681823066
2.9166989966555183	10.7123745819398	2.050471081123979	0.04732057032772397	2.050471081123979	0.047320570327723945	2.1951748694625115	0.11197479900356497	8.214361592027219	108.1394989039151	2.838090360377506	0.9799216030825255	33.00446214297405	1136.0998619492264	-0.8103393681823066
2.9166989966555183	10.749163879598662	2.0514307936546037	0.047219263033864575	2.0514307936546037	0.04721926303386458	2.196870901264669	0.11158444845669936	8.214523887106727	108.27467617980166	2.8396137210512276	0.9799232319267631	33.021017854391296	1145.1059042444426	-0.8103393681823066
2.9166989966555183	10.785953177257525	2.0523841271165573	0.04711875096809885	2.0523841271165573	0.04711875096809884	2.1985548558494865	0.11119770423320259	8.21468645225428	108.4089411404141	2.841128181418282	0.9799249717335784	33.037461921318666	1154.149078765117	-0.8103393681823066
2.9166989966555183	10.822742474916389	2.053331176775296	0.04701901956307119	2.0533311767752958	0.04701901956307125	2.200226903309196	0.11081450891307386	8.214849296599992	108.5423064408237	2.84263385326367	0.9799268208144766	33.05379577925746	1163.229420270107	-0.8103393681823066
2.9166989966555183	10.85953177257525	2.0542720355566293	0.04692005467723877	2.0542720355566293	0.04692005467723872	2.201887210045779	0.11043480639718624	8.21501242854268	108.6747844631406	2.84413084603113	0.9799287774985127	33.070020835302536	1172.3469630675966	-0.8103393681823066
2.9166989966555183	10.896321070234114	2.0552067941240217	0.046821842578858804	2.0552067941240226	0.04682184257885871	2.2035359388780864	0.11005854186750753	8.215175855786134	108.80638732441543	2.845619266890022	0.9799308401323279	33.08613846890048	1181.5017410251744	-0.8103393681823066
2.9166989966555183	10.933110367892976	2.0561355409529063	0.046724369930674435	2.0561355409529063	0.04672436993067443	2.2051732491452585	0.10968566174878265	8.215339585373894	108.93712688426777	2.8470992208000676	0.9799330070801768	33.1021500325844	1190.6937875797714	-0.8103393681823066
2.9166989966555183	10.96989966555184	2.057058362401862	0.046627623775294225	2.057058362401862	0.046627623775294204	2.2067992968062695	0.1093161136716457	8.215503623722038	109.06701475222988	2.8485708105735763	0.9799352767239379	33.11805685268203	1199.9231357470728	-0.8103393681823066
2.9166989966555183	11.006688963210703	2.0579753427810688	0.04653159152120139	2.0579753427810683	0.04653159152120146	2.208414234536074	0.10894984643706798	8.215667976650625	109.19606229483986	2.8500341369356996	0.9799376474631167	33.133860230002256	1209.1898181308002	-0.8103393681823066
2.9166989966555183	11.043478260869565	2.0588865644180028	0.0464362609293801	2.0588865644180028	0.04643626092938009	2.210018211818298	0.10858680998210517	8.215832649413501	109.32428064247975	2.851489298582515	0.9799401177148371	33.14956144049832	1218.4938669316286	-0.8103393681823066
2.9166989966555183	11.080267558528428	2.0597921077205563	0.04634162010052012	2.0597921077205563	0.046341620100520134	2.211611375034697	0.10822695534687915	8.215997646726718	109.45168069597663	2.8529363922371367	0.9799426859138219	33.16516173590961	1227.8353139558533	-0.8103393681823066
2.9166989966555183	11.117056856187292	2.0606920512377043	0.04624765746277207	2.0606920512377047	0.04624765746277201	2.213193867551518	0.10787023464274145	8.216162972795622	109.57827313297432	2.8543755127039203	0.9799453505123654	33.18066234438289	1237.2141906237923	-0.8103393681823066
2.9166989966555183	11.153846153846153	2.061586471717806	0.04615436176002722	2.0615864717178054	0.04615436176002732	2.2147658298028516	0.10751660102157161	8.216328631340561	109.7040684140845	2.8558067529208	0.9799481099802957	33.1960644710732	1246.6305279779144	-0.8103393681823066
2.9166989966555183	11.190635451505017	2.062475444164684	0.0460617220406949	2.0624754441646838	0.046061722040694884	2.21632739937116	0.1071660086461587	8.216494625621504	109.82907678882867	2.8572302040099236	0.9799509628049303	33.211369298726154	1256.0843566907815	-0.8103393681823066
2.9166989966555183	11.22742474916388	2.0633590418915255	0.045969727646955505	2.0633590418915255	0.04596972764695551	2.21787871106501	0.10681841266162588	8.216660958461349	109.95330830137534	2.858645955326501	0.9799539074910217	33.22657798824111	1265.5757070726663	-0.8103393681823066
2.9166989966555183	11.264214046822742	2.0642373365727673	0.04587836820446311	2.0642373365727673	0.04587836820446313	2.2194198969942174	0.10647376916784834	8.216827632268235	110.0767727960858	2.860054094506114	0.9799569425606983	33.24169167921715	1275.104609079031	-0.8103393681823066
2.9166989966555183	11.301003344481606	2.06511039829402	0.04578763361247687	2.06511039829402	0.04578763361247692	2.22095108664246	0.10613203519282562	8.216994649056772	110.19947992287307	2.8614547075104215	0.9799600665533961	33.25671149048187	1284.6710923177536	-0.8103393681823066
2.9166989966555183	11.33779264214047	2.065978295600092	0.045697514034404994	2.0659782956000914	0.04569751403440503	2.2224724069374124	0.1057931686669762	8.217162010468202	110.32143914237906	2.8628478786713374	0.979963278025785	33.27163852060332	1294.2751860561164	-0.8103393681823066
2.9166989966555183	11.37458193979933	2.0668410955412733	0.04560799988873261	2.0668410955412733	0.04560799988873262	2.22398398231864	0.1054571283983017	8.21732971778978	110.4426597309864	2.8642336907338297	0.9799665755516892	33.286473848386876	1303.916919227661	-0.8103393681823066
2.9166989966555183	11.411371237458194	2.0676988637178657	0.045519081840326096	2.0676988637178657	0.045519081840326096	2.22548593480316	0.10512387404840214	8.217497771973026	110.56315078565781	2.865612224897253	0.9799699577220011	33.301218533356064	1313.5963204387751	-0.8103393681823066
2.9166989966555183	11.448160535117056	2.0685516643231	0.04543075079208803	2.0685516643231	0.04543075079208806	2.2269783840489157	0.10479336610929625	8.21766617365129	110.68292122862235	2.8669835608554033	0.979973423144591	33.31587361621929	1323.3134179751503	-0.8103393681823066
2.9166989966555183	11.48494983277592	2.069399560184486	0.04534299787694995	2.0693995601844866	0.045342997876949856	2.228461447416167	0.10446556588101827	8.21783492315646	110.80197981190766	2.868347776835263	0.9799769704442105	33.3304401193222	1333.0682398080307	-0.8103393681823066
2.9166989966555183	11.521739130434783	2.070242612803645	0.0452558144501883	2.0702426128036446	0.04525581445018836	2.2299352400268657	0.10414043544996425	8.218004020534798	110.92033512172412	2.869704949634494	0.9799805982623925	33.344919047086265	1342.8608136002852	-0.8103393681823066
2.9166989966555183	11.558528428093645	2.0710808823947433	0.04516919208204377	2.071080882394743	0.04516919208204383	2.2313998748221797	0.10381793766794874	8.2181734655622	111.03799558271207	2.87105515465779	0.9799843052573465	33.35931138643472	1352.691166712347	-0.8103393681823066
2.9166989966555183	11.595317725752508	2.0719144279215116	0.04508312255063737	2.0719144279215116	0.04508312255063737	2.2328554626181134	0.10349803613195645	8.218343257758601	111.15496946204935	2.8723984659520183	0.9799880901038497	33.37361810720519	1362.559326207945	-0.8103393681823066
2.9166989966555183	11.632107023411372	2.072743307132968	0.04499759783516364	2.072743307132968	0.044997597835163654	2.2343021121594036	0.10318069516455065	8.21851339640178	111.271264873431	2.873734956240301	0.9799919514931339	33.38784016255051	1372.4653188597022	-0.8103393681823066
2.9166989966555183	11.668896321070234	2.073567576597882	0.04491261010935057	2.0735675765978816	0.044912610109350604	2.235739930171701	0.10286587979491894	8.218683880540505	111.3868897809231	2.8750646969550155	0.9799958881327703	33.401978489327675	1382.409171154582	-0.8103393681823066
2.9166989966555183	11.705685618729097	2.0743872917380126	0.04482815173517596	2.074387291738012	0.044828151735176035	2.2371690214121047	0.10255355574053135	8.218854709007081	111.50185200269536	2.8763877582697805	0.9799998987465497	33.41603400847538	1392.3909092991994	-0.8103393681823066
2.9166989966555183	11.74247491638796	2.0752025068602133	0.04474421525682483	2.0752025068602133	0.044744215256824836	2.238589488718152	0.1022436893893837	8.219025880429328	111.61615921463908	2.8777042091304654	0.9800039820743615	33.430007625380796	1402.4105592249832	-0.8103393681823066
2.9166989966555183	11.779264214046822	2.076013275187387	0.04466079339488222	2.076013275187387	0.04466079339488225	2.2400014330552405	0.10193624778281028	8.21919739324195	111.72981895387042	2.879014117285201	0.9800081368720671	33.443900230235236	1412.468146593178	-0.8103393681823066
2.9166989966555183	11.816053511705686	2.076819648888411	0.044577879040745956	2.076819648888411	0.044577879040745935	2.2414049535626366	0.1016311985988371	8.219369245697452	111.84283862212894	2.8803175493135433	0.9800123619113748	33.457712698380256	1422.5636967997746	-0.8103393681823066
2.9166989966555183	11.852842809364548	2.0776216791070152	0.04449546525125271	2.0776216791070152	0.044495465251252676	2.24280014759805	0.10132851013606071	8.219541435876499	111.95522548907047	2.881614570654694	0.9800166559797081	33.4714458906434	1432.6972349802445	-0.8103393681823066
2.9166989966555183	11.889632107023411	2.07841941598968	0.04441354524350862	2.07841941598968	0.044413545243508656	2.244187110780845	0.10102815129803193	8.219713961697796	112.0669866954597	2.8829052456348907	0.9800210178800753	33.48510065366445	1442.868786014194	-0.8103393681823066
2.9166989966555183	11.926421404682275	2.079212908712605	0.04433211238991235	2.0792129087126043	0.04433211238991245	2.245565937033973	0.100730091578123	8.219886820927577	112.17812925626839	2.884189637494008	0.9800254464309361	33.498677820213	1453.0783745299145	-0.8103393681823066
2.9166989966555183	11.963210702341136	2.080002205507759	0.044251160213364574	2.080002205507759	0.044251160213364546	2.246936718624624	0.10043430104486283	8.220060011188583	112.2886600636786	2.8854678084113083	0.9800299404660658	33.512178209496355	1463.3260249087732	-0.8103393681823066
2.9166989966555183	12.	2.0807873536880486	0.04417068238265798	2.080787353688049	0.044170682382657915	2.248299546203638	0.10014075032772547	8.220233529968619	112.39858588999584	2.8867398195304474	0.9800344988344183	33.525602627459186	1473.611761289504	-0.8103393681823066