2.5205	3.060200668896321	2.7212824702120093	0.008420862656348706	1.5813531600767057	0.937934152342261	2.6930922869016176	0.25598665325606423	10.395301950224198	105.41723812778633	4.4398135722935725	0.9883705109357337	38.93135908781573	234.3789669361278	0.4868844167918249
2.524714882943144	3.060200668896321	2.7223396565514024	0.008189794628707102	1.5807341936701265	0.9391293671715333	2.6983580198888797	0.2532067171822232	10.394918006399573	106.13335346573426	4.440037524157905	0.9885172643586612	38.981242230985636	234.42110026961956	0.4809195528480598
2.528929765886288	3.060200668896321	2.7233840779625433	0.007965305284929808	1.5801317157014243	0.9403000533978529	2.7036764335959105	0.25041137989545564	10.394197746794456	106.85489825724915	4.440270004162653	0.9886622784596172	39.03113608163803	234.46378508641413	0.47493394703451214
2.5331446488294316	3.060200668896321	2.724416156264582	0.007747191548496615	1.5795452654397315	0.9414467903435895	2.709046671120239	0.2476011816849129	10.393137995804965	107.58177498833581	4.440510676807614	0.9888055722283761	39.08103888158682	234.50699190104257	0.468927227280826
2.5373595317725752	3.060200668896321	2.725436299695064	0.007535257487046859	1.5789743970733867	0.9425701407322372	2.7144678444403736	0.2447766796741266	10.391735793591831	108.31388147902992	4.440759217297581	0.9889471645684327	39.130948930907465	234.55069225967588	0.46289902952330236
2.5415744147157193	3.060200668896321	2.726444903139159	0.007329314027282322	1.5784186791674606	0.9436706511712181	2.719939030750818	0.24193844928786806	10.389988409934809	109.05111056870916	4.441015311132293	0.9890870742765925	39.180864584412305	234.5948586973949	0.456849000848747
2.545789297658863	3.060200668896321	2.7274423483213193	0.007129178683209075	1.5778776941440626	0.944748852615221	2.7254592686832475	0.23908708574313448	10.387893359023042	109.79334979556911	4.441278653701957	0.9892253200228831	39.23078424812901	234.6394646961242	0.4507768028341966
2.550004180602007	3.060200668896321	2.728429003960172	0.006934675296969987	1.5773510377841757	0.9458052608110689	2.731027554424198	0.23622320555703039	10.385448415176176	110.54048107177991	4.441548949888006	0.9893619203307764	39.280706375780646	234.68448464319738	0.44468211508885114
2.5542190635451507	3.060200668896321	2.7294052258875228	0.006745633791563824	1.5768383187498596	0.9468403767251189	2.736642837742081	0.2333474480632137	10.382651629481325	111.29238035609085	4.441825913668971	0.9894968935577134	39.33062946526677	234.72989379053334	0.43856463900330783
2.5584339464882944	3.060200668896321	2.730371357132362	0.0065618899347878465	1.5763391581256685	0.9478546869541747	2.7423040179392117	0.2304604769272565	10.379501347319135	112.04891732593774	4.442109267731048	0.9896302578759346	39.380552055144626	234.77566821438208	0.4324241017091177
2.5626488294314385	3.060200668896321	2.7313277279709633	0.006383285113777117	1.5758531889782335	0.9488486641208911	2.74800993974749	0.2275629816500362	10.375996226739565	112.80995505138849	4.4423987430833645	0.989762031253626	39.4304727211125	234.82178477563605	0.4262602602498867
2.566863712374582	3.060200668896321	2.732274655944258	0.006209666119549382	1.5753800559329652	0.9498227672546619	2.75375938918978	0.22465567904677936	10.372135257632898	113.57534967359017	4.442694078677703	0.9898922314363977	39.48039007249631	234.86822108068333	0.42007290596238694
2.5710785953177258	3.060200668896321	2.73321244584388	0.006040884940995208	1.5749194147669037	0.950777442158969	2.7595510894326276	0.22173931468793276	10.367917781625357	114.34495009070447	4.442995021032684	0.9900208759291257	39.53030274874349	234.9149554428003	0.41386186906334566
2.57529347826087	3.060200668896321	2.7341413896685234	0.00587679856778412	1.5744709320167845	0.9517131217662059	2.7653836966597383	0.21881466428651092	10.363343512610697	115.11859765465762	4.443301323862468	0.9901479819781964	39.580209415929225	234.96196684409236	0.40762702343422175
2.5795083612040135	3.060200668896321	2.735061766552472	0.005717268801684731	1.5740342846014106	0.9526302264809817	2.7712557959997177	0.21588253501497132	10.358412557809242	115.89612588238344	4.443612747710076	0.9902735665542057	39.63010876328165	235.00923489799237	0.40136829159240384
2.583723244147157	3.060200668896321	2.7359738426685136	0.0055621620758227915	1.5736091594574884	0.953529164512932	2.7771658975457223	0.21294376673313412	10.353125439224774	116.67736018558226	4.443929059585516	0.9903976463351745	39.6799994997341	235.05673981233826	0.395085649833105
2.5879381270903012	3.060200668896321	2.73687787110776	0.005411349281426529	1.573195253188094	0.9544103322000947	2.7831124325089833	0.20999923310709417	10.347483115346892	117.4621176233627	4.444250032609114	0.9905202376903606	39.729880350515415	235.10446235307154	0.3887791335213745
2.592153010033445	3.060200668896321	2.7377740917392934	0.005264705601631265	1.5727922717230052	0.955274114323899	2.789093749552487	0.20704984259762418	10.341487002922843	118.25020668246246	4.444575445660448	0.9906413566647562	39.779750053790586	235.15238380860208	0.3824488425085963
2.596367892976589	3.060200668896321	2.738662731052967	0.005122110351937565	1.5723999299901588	0.9561208844168496	2.7951081113552116	0.204096539295243	10.335138998597932	119.04142709003408	4.4449050830335315	0.990761018964374	39.82960735736664	235.20048595490647	0.37609494664234744
2.6005827759197326	3.060200668896321	2.739544001989076	0.004983446826940013	1.572017951597508	0.9569510050639984	2.801153691461453	0.20114030357791077	10.328441500198588	119.83556966425618	4.445238734098826	0.9908792399424408	39.87945101548013	235.2487510214239	0.3697176913322823
2.6047976588628763	3.060200668896321	2.7404181037591653	0.004848602152962628	1.5716460685246587	0.9577648281992871	2.807228571473431	0.19818215256643051	10.3213974274073	120.63241620823483	4.445576192973098	0.9909960345866305	39.92927978568638	235.29716165785706	0.36331740312895566
2.6090125418060204	3.060200668896321	2.741285221662593	0.004717467146259743	1.5712840208236343	0.9585626953978601	2.8133307386485447	0.19522314035197538	10.314010241553712	121.43173945280454	4.445917258197948	0.9911114175074771	39.97909242587104	235.34570090196542	0.3568944952658127
2.613227424749164	3.060200668896321	2.7421455269040496	0.004589936176459405	1.5709315563282227	0.9593449381654265	2.8194580839654058	0.19226435796988797	10.306283964223551	122.23330305391754	4.446261732428303	0.991225402928125	40.028887691408464	235.39435214848902	0.3504494731082874
2.6174423076923077	3.060200668896321	2.7429991764175723	0.004465907034948634	1.5705884303713715	0.960111878225729	2.825608400724278	0.18930693309414884	10.298223194365894	123.03686165025664	4.446609422132003	0.9913380046755796	40.07866433249206	235.44309911932115	0.34398293944774294
2.6216571906354518	3.060200668896321	2.743846312703125	0.004345280807919968	1.5702544055101662	0.960863827807141	2.831779383748655	0.18635202942752813	10.289833123561358	123.84216098659198	4.446960137301991	0.99144923617363	40.12842109166423	235.49192583508693	0.33749559957175895
2.6258720735785954	3.060200668896321	2.7446870636821146	0.004227961753818788	1.569929251257978	0.9616010899293648	2.8379686292540796	0.18340084576378038	10.281119549099904	124.64893810811567	4.447313691182526	0.9915591104376198	40.17815670157479	235.54081658827778	0.33098826603694026
2.6300869565217395	3.060200668896321	2.745521542578584	0.00411385718495362	1.5696127438234295	0.96232395869113	2.844173635448611	0.18045461470017207	10.27208888450809	125.45692163058604	4.447669900011136	0.9916676400712432	40.22786988299818	235.58975591811944	0.32446186306551633
2.634301839464883	3.060200668896321	2.7463498478330437	0.004002877353052605	1.5693046658558827	0.9630327195596988	2.8503918039261023	0.17751460098123198	10.26274816716243	126.26583209055867	4.448028582777919	0.9917748372655415	40.27755934313946	235.63872858733694	0.3179174304831103
2.638516722408027	3.060200668896321	2.7471720630560177	0.0038949353385722796	1.5690048061972213	0.9637276496628847	2.8566204419083014	0.17458209945805833	10.253105062630038	127.0753823792487	4.448389561003966	0.9918807138002653	40.32722377426009	235.68771956100238	0.3113561271124391
2.642731605351171	3.060200668896321	2.7479882570284433	0.0037899469435865116	1.5687129596397813	0.9644090180841438	2.862856765385172	0.17165843265157954	10.243167865389193	127.88527826270088	4.448752658540701	0.9919852810477602	40.37686185265321	235.73671398764364	0.304779233536538
2.6469464882943146	3.060200668896321	2.7487984837558472	0.0036878305881082865	1.5684289266903215	0.9650770861611596	2.8690979031939663	0.16874494791312095	10.232945495603735	128.69521898988253	4.449117701391709	0.9920885499795097	40.42647223799591	235.78569718277512	0.2981881541454883
2.651161371237458	3.060200668896321	2.74960278258307	0.0035885072097175566	1.5681525133400451	0.9657321077881581	2.8753409020671654	0.165843014181202	10.222447491654856	129.50489798911957	4.44948451755898	0.9921905311754531	40.476053573106135	235.8346546150409	0.2915844183833436
2.6553762541806023	3.060200668896321	2.750401178375668	0.00349190016639462	1.5678835308406887	0.9663743297219982	2.881582732666781	0.1629540183398044	10.211683998173926	130.3140036519373	4.4498529369147475	0.9922912348361601	40.52560448412454	235.88357189508608	0.284969681116201
2.659591137123746	3.060200668896321	2.7511936817736498	0.003397935142478339	1.567621795486825	0.9670039918918751	2.887820296608514	0.1600793611901716	10.200665749369477	131.12222020190404	4.450222791100564	0.9923906707979149	40.57512358114161	235.93243476731254	0.27834572204958563
2.6638060200668896	3.060200668896321	2.7519802895222854	0.003306540057691547	1.5673671284045598	0.9676213277122516	2.8940504344635207	0.1572204530554849	10.189404047500641	131.92922864450742	4.450593913454632	0.9924888485507191	40.624609459283036	235.98122910461709	0.2717144441321889
2.6680209030100337	3.060200668896321	2.7527609848837065	0.0032176449791967215	1.5671193553468379	0.9682265643984006	2.900269934708488	0.1543787090453503	10.17791073641728	132.73470779245008	4.45096613896816	0.992585777259181	40.674060700259915	236.02994090617057	0.2650778708948183
2.6722357859531773	3.060200668896321	2.7535357381318937	0.0031311820366631596	1.56687830649568	0.9688199232837109	2.906475543577069	0.15155554401463808	10.16619817016312	133.5383353591216	4.451339304271404	0.9926814657862076	40.72347587438605	236.07855629829768	0.2584381426870918
2.6764506688963214	3.060200668896321	2.7543045071322414	0.0030470853403438514	1.5666438162716574	0.9694016201376833	2.9126639757472828	0.14875236725876717	10.154279176720161	134.33978911135918	4.451713247649423	0.9927759227193673	40.77285354305448	236.12706153843607	0.25179751179040094
2.680665551839465	3.060200668896321	2.755067238005454	0.002965290902174498	1.5664157231509717	0.9699718654833249	2.918831925781428	0.14597057699462782	10.142167017059476	135.13874807107808	4.452087809087347	0.9928691563997352	40.822192261659865	236.17544302213818	0.2451583364032936
2.6848804347826087	3.060200668896321	2.755823865873938	0.0028857365599177557	1.5661938694905058	0.9705308649124587	2.92497608021732	0.14321155468290378	10.12987533975254	135.93489375392363	4.452462830344345	0.9929611749529851	40.87149058294316	236.22368729301115	0.2385230735145519
2.689095317725753	3.060200668896321	2.756574315687217	0.0028083619043836423	1.5659781013612213	0.971078819397286	2.9310931301933585	0.14047665925318273	10.11741813148575	136.7279114318683	4.452838155055178	0.9930519863224351	40.92074706072844	236.27178105545607	0.23189427069939586
2.6933102006688965	3.060200668896321	2.7573185031213114	0.0027331082097603984	1.5657682683902736	0.9716159255964181	2.937179784475271	0.13776722129784158	10.104809663906828	137.51749140567014	4.453213628857736	0.9931415983037108	40.96996025401322	236.3197111900219	0.22527455689461884
2.69752508361204	3.060200668896321	2.7580563355452963	0.002659918367090964	1.5655642236121459	0.9721423761534839	2.943232782740029	0.13508453730394102	10.092064437311576	138.30333027238143	4.453589099544239	0.9932300185806457	41.019128731364496	236.36746477111097	0.21866663222863253
2.7017399665551842	3.060200668896321	2.7587877130468734	0.002588736820925133	1.5653658233291168	0.9726583599863776	2.9492489089630407	0.13242986399418502	10.079197121751292	139.08513217268393	4.4539644172337916	0.9933172547619998	41.068251075568526	236.41502908677737	0.21207325700206303
2.705954849498328	3.060200668896321	2.759512529507315	0.002519509509170539	1.5651729269812684	0.973164062565215	2.955225004748434	0.1298044128481885	10.066222496201478	139.86261000275022	4.454339434563202	0.9934033144185561	41.117325888474056	236.46239166027658	0.20549723993222496
2.7101697324414715	3.060200668896321	2.7602306737149713	0.0024521838061536253	1.564985397026192	0.9736596661770973	2.9611579824396363	0.12720934487383462	10.05315538647975	140.63548657561526	4.454714006892805	0.9934882051201288	41.16635179596507	236.50954027301404	0.198941425790749
2.7143846153846156	3.060200668896321	2.760942030505597	0.0023867084688874427	1.564803098828461	0.9741453501759142	2.967044837848516	0.12464576569539756	10.040010602633071	141.40349571767274	4.455087992523681	0.9935719344720138	41.215327452995	236.5564629885016	0.19240868257679786
2.7185994983277593	3.060200668896321	2.761646481916994	0.0023230335865256687	1.5646259005588457	0.9746212912155392	2.9728826624462514	0.1221147210203547	10.026802876530025	142.16638328689447	4.455461252922548	0.9936545101504136	41.26425154861312	236.6031481769214	0.185901888378406
2.7228143812709034	3.060200668896321	2.7623439083451573	0.0022611105329622743	1.5644536731031629	0.9750876634649912	2.978668654867799	0.11961719254057868	10.01354680039255	142.92390810067818	4.455833652950423	0.993735939936383	41.313122810913775	236.64958453988768	0.17942391808096653
2.727029264214047	3.060200668896321	2.7630341896888693	0.0022008919225165813	1.564286289980514	0.9755446388043568	2.9844001315936635	0.11715409431610858	10.000256766983052	143.67584276278933	4.456205061090964	0.9938162317478652	41.36194001183792	236.69576113496936	0.17297763008479747
2.7312441471571907	3.060200668896321	2.7637172064700475	0.002142331568620556	1.5641236272706247	0.9759923870005539	2.990074536688134	0.11472626968104159	9.986946912127841	144.42197438070144	4.456575349674847	0.9938953936694255	41.410701971763636	236.74166739959807	0.16656585319277523
2.7354590301003348	3.060200668896321	2.7643928409175333	0.002085384445405114	1.5639655635498455	0.9764310758622954	2.9956894504905933	0.11233448870173332	9.973631060207788	145.16210516659822	4.456944395096217	0.9939734339793314	41.459407563822474	236.78729317394652	0.16019137382439558
2.7396739130434784	3.060200668896321	2.765060978002855	0.002030006652061127	1.5638119798353296	0.976860871373937	3.00124259717651	0.10997944620752809	9.960322673183276	145.8960529174217	4.457312078017815	0.9940503611736781	41.50805571788693	236.83262872243117	0.1538569237042816
2.743888795986622	3.060200668896321	2.7657215064175316	0.0019761553798321113	1.5636627595368022	0.9772819378081945	3.0067318511257777	0.10766176040413726	9.947034803645987	146.62365137148544	4.457678283561545	0.9941261839873201	41.55664542418045	236.87766475350838	0.1475651681618402
2.748103678929766	3.060200668896321	2.766374319482664	0.0019237888814799436	1.5635177884152653	0.9776944378180332	3.0121552420578137	0.10538197206979621	9.93378005230674	147.34475044129252	4.458042901481503	0.9942009114114244	41.6051757364681	236.92239243746695	0.14131869516452775
2.75231856187291	3.060200668896321	2.767019315983096	0.0018728664430496867	1.5633769545479705	0.9780985325083249	3.0175109589149764	0.1031405443246533	9.920570530239381	148.0592163242626	4.458405826317284	0.9942745527075292	41.65364577479755	236.96680342200034	0.13512000519086267
2.7565334448160534	3.060200668896321	2.7676564009197624	0.0018233483577508737	1.5632401482988838	0.9784943814881389	3.022797352496813	0.10093786295493976	9.907417826109185	148.76693149496344	4.458766957525208	0.9943471174180522	41.702054727764256	237.010889845331	0.12897150203098412
2.7607483277591975	3.060200668896321	2.768285486175627	0.0017751959017639593	1.5631072622939215	0.9788821429047824	3.0280129368680484	0.09877423726532396	9.894332978521888	149.46779458418865	4.459126199586234	0.9944186153732555	41.7504018542884	237.0546443467743	0.12287548458375257
2.764963210702341	3.060200668896321	2.7689064910920638	0.0017283713117779026	1.5629781914001721	0.9792619734609073	3.033156389581413	0.09664990142586785	9.881326453540549	150.16172015171963	4.459483462089337	0.9944890566947301	41.79868648489656	237.09806007463422	0.11683413969959179
2.7691780936454853	3.060200668896321	2.7695193429542124	0.0016828377640639614	1.5628528327083684	0.9796340284161791	3.038226550772979	0.09456501627406842	9.868408127332446	150.84863836088948	4.459838659789844	0.9945584517955199	41.84690802251128	237.14113069139634	0.11084953609897527
2.773392976588629	3.060200668896321	2.770123977385244	0.001638559354894653	1.5627310855178564	0.9799984615751227	3.043222421201406	0.09251967152792953	9.855587273831196	151.52849456404726	4.460191712642496	0.9946268113770484	41.895065942758386	237.1838503762155	0.10492361937760836
2.7776078595317726	3.060200668896321	2.7707203386509787	0.0015955010821218781	1.5626128513233897	0.9803554252628581	3.048143159314146	0.09051388836259082	9.842872557229562	152.2012488087756	4.460542545809677	0.9946941464230548	41.94315979380998	237.2262138247609	0.09905820809195952
2.7818227424749167	3.060200668896321	2.771308379877432	0.0015536288277379479	1.5624980338030787	0.9807050702904748	3.0529880774322335	0.08854762230100197	9.830272029059195	152.8668752751669	4.460891089645301	0.9947604681907775	41.991189195786184	237.26821624649205	0.09325499090249861
2.7860376254180603	3.060200668896321	2.7718880631850658	0.0015129093412535948	1.5623865388069005	0.9810475459118125	3.0577566371515914	0.08662076636818086	9.817793129563892	153.52536165469573	4.461237279655482	0.9948257881996502	42.03915383974432	237.30985335949933	0.08751552473777778
2.790252508361204	3.060200668896321	2.772459359744373	0.0014733102237400517	1.5622782743452448	0.981382999773379	3.0624484440622433	0.08473315445882809	9.805442693034134	154.1767084812	4.46158105643726	0.9948901182177919	42.08705348628879	237.35112138305905	0.08184123393047475
2.794467391304348	3.060200668896321	2.773022249758227	0.0014347999123964508	1.5621731505770018	0.9817115778590847	3.0670632418882597	0.08288456486918377	9.79322695674212	154.8209284242775	4.461922365596877	0.994953470246585	42.134887963836654	237.392017028074	0.07623341026588092
2.7986822742474917	3.060200668896321	2.7735767223769674	0.0013973476655186124	1.5620710797968074	0.9820334244313887	3.071600906150282	0.08107472394604613	9.781151573097747	155.4580455549978	4.462261157649395	0.9950158565036378	42.182657166578146	237.4325374856041	0.07069321387584808
2.8028971571906354	3.060200668896321	2.774122775552568	0.0013609235477610297	1.5619719764210807	0.9823486819703359	3.0760614374497375	0.07930330980856444	9.769221624636891	156.08809459328498	4.46259738790135	0.9950772894044281	42.23036105216967	237.47268041367002	0.06522167490487275
2.8071120401337795	3.060200668896321	2.7746604158385573	0.0013254984155987748	1.5618757569726065	0.9826574911118554	3.0804449544697325	0.07756995610162298	9.757441641452136	156.711120145678	4.462931016318587	0.9951377815429144	42.2779996392004	237.51244392256996	0.05981969587140389
2.811326923076923	3.060200668896321	2.775189658142358	0.0012910439029117037	1.5617823400634434	0.9829599905865432	3.0847516867818645	0.07587425574329618	9.745815620682443	157.3271759414156	4.463262007381131	0.9951973456713905	42.325573004470996	237.5518265589099	0.0544880546453132
2.815541806020067	3.060200668896321	2.775710525436674	0.0012575324066277048	1.561691646375985	0.9832563171600213	3.088981967541696	0.07421576463274214	9.734347047691033	157.93632407399278	4.463590329926955	0.9952559946798439	42.37308128012106	237.5908272885472	0.049227407961931986
2.819756688963211	3.060200668896321	2.7762230484365076	0.0012249370723750438	1.5616035986421275	0.9835466055758095	3.0931362261485464	0.0725940052889192	9.723038918578297	158.53863425451343	4.4639159569868925	0.9953137415750609	42.420524650644424	237.6294454786902	0.0440382953945466
2.8239715719063545	3.060200668896321	2.7767272652479797	0.0011932317801070457	1.561518121620446	0.9838309885015113	3.0972149809373652	0.07100847039457077	9.711893763698127	159.13418308230482	4.464238865612196	0.9953705994596952	42.46790334982332	237.6676808793129	0.03892114370906047
2.8281864548494986	3.060200668896321	2.7772232209949195	0.0011623911296733563	1.5614351420714194	0.9841095964789711	3.1012188319627643	0.06945862622392501	9.70091367187114	159.7230533374458	4.464559036696828	0.9954265815115036	42.5152176576156	237.70553360410514	0.03387627152833683
2.8324013377926422	3.060200668896321	2.7777109674287614	0.0011323904263223624	1.5613545887307219	0.9843825578789241	3.105148453927276	0.06794391593637782	9.690100315014465	160.305333299051	4.464876454795994	0.9954817009629211	42.56246789702306	237.74300411111716	0.02890389423758504
2.836616220735786	3.060200668896321	2.778190562526825	0.0011032056661284368	1.5612763922806496	0.984649998860539	3.1090045892982787	0.06646376272207034	9.679454972935764	160.88111609239968	4.465191107942468	0.9955359710811299	42.60965443096669	237.7800931832602	0.02400412906698395
2.84083110367893	3.060200668896321	2.7786620700836946	0.0010748135213449479	1.5612004853197994	0.9849120433361351	3.1127880416505933	0.06501757278865716	9.668978558067385	161.45049906729145	4.46550298746224	0.9955894051487538	42.65677765919358	237.81680190882176	0.019177000292992446
2.8450459866220736	3.060200668896321	2.779125559299836	0.001047191325690697	1.5611268023311005	0.9851688129412474	3.1164996692647935	0.06360473818163527	9.658671639944103	162.01358320936208	4.465812087790663	0.9956420164452859	42.70383801523473	237.85313166211625	0.014422444505016157
2.8492608695652173	3.060200668896321	2.7795811043712013	0.0010203170595825537	1.5610552796483455	0.9854204270101284	3.1201403790047073	0.06222463943342744	9.64853446925538	162.5704725855061	4.466118406290271	0.9956938182293388	42.75083596343211	237.88908408439042	0.009740315889707071
2.8534757525083614	3.060200668896321	2.7800287840830697	0.0009941693353311169	1.5609858554213643	0.9856670025566808	3.1237111204916768	0.06087664803886482	9.63856700132849	163.12127382403142	4.466421943071289	0.9957448237217863	42.7977719960497	237.92466106508817	0.0051303914907337685
2.857690635451505	3.060200668896321	2.7804686814109494	0.0009687273823194301	1.5609184695800085	0.9859086542607554	3.1272128805878348	0.05956012875688304	9.628768918923653	163.66609562972187	4.46672270081572	0.9957950460898503	42.84464663048121	237.95986472355995	0.0005923764069212956
2.861905518394649	3.060200668896321	2.7809008831309137	0.0009439710321868923	1.5608530637970874	0.9861454944596789	3.130646678195669	0.05827444174011983	9.619139654244359	164.2050483335775	4.467020684605659	0.9958444984321654	42.89146040656383	237.99469739128443	-0.0038740911028797716
2.8661204013377928	3.060200668896321	2.78132547944139	0.0009198807040420787	1.5607895814504456	0.9863776331448375	3.1340135593771516	0.05701894449566921	9.609678410087302	164.73824347668022	4.4673159017566135	0.9958931937648464	42.93821388400689	238.02916159467648	-0.008269434635149737
2.8703352842809364	3.060200668896321	2.7817425635979856	0.0008964373897287012	1.560727967584309	0.9866051779630868	3.1373145927918844	0.05579299368154216	9.600384180074661	165.2657934273474	4.467608361656123	0.9959411450085646	42.98490763993958	238.0632600385086	-0.012594134799758332
2.8745501672240805	3.060200668896321	2.7821522315626885	0.0008736226391691462	1.5606681688700974	0.9868282342227453	3.140550865450738	0.05459594674444412	9.591255767928441	165.78781103051637	4.467898075608337	0.995988364976632	43.031542266583784	238.09699559000887	-0.016848724538710388
2.878765050167224	3.060200668896321	2.7825545816683426	0.0008514185458098484	1.5606101335668043	0.9870469049038885	3.1437234787787043	0.053427163405295096	9.582291805761233	166.30440928811907	4.468185056684558	0.9960348663640823	43.07811836905196	238.13037126363236	-0.021033784620145254
2.882979933110368	3.060200668896321	2.782949714299205	0.0008298077321914185	1.5605538114811475	0.9872612906726568	3.1468335449787297	0.052286006999538774	9.573490771370905	166.81570106907952	4.4684693195802705	0.9960806617377272	43.12463656327326	238.16339020655553	-0.025149939318231375
2.887194816053512	3.060200668896321	2.7833377315879293	0.0008087733356661965	1.5604991539275608	0.9874714898992754	3.1498821836863455	0.05117184567972818	9.564851004537674	167.32179884745688	4.468750880478513	0.9961257635271629	43.171097474045624	238.1960556848729	-0.029197852286983173
2.8914096989966556	3.060200668896321	2.7837187371293286	0.000788298994283638	1.5604461136882235	0.9876775986794777	3.1528705189038133	0.05008405348814568	9.556370722331657	167.822814467208	4.469029756919949	0.9961701840166944	43.217501733214185	238.22837107053044	-0.033178222632700066
2.895624581939799	3.060200668896321	2.784092835710885	0.0007683688328631994	1.560394644973173	0.9878797108590295	3.1557996762012728	0.049022011307367525	9.548048033446836	168.31885893199131	4.4693059676793006	0.9962139353381431	43.2638499779717	238.26033982895427	-0.037091781188055103
2.8998394648829433	3.060200668896321	2.784460133060003	0.0007489674492720909	1.5603447033806805	0.9880779180610497	3.158670780171896	0.04798510769670863	9.539880951584161	168.8100422184376	4.46957953264855	0.996257029464495	43.31014284928069	238.29196550741537	-0.04093928698796806
2.904054347826087	3.060200668896321	2.7848207356076804	0.0007300799009241106	1.5602962458579246	0.9882723097158344	3.161484952127396	0.04697273962240914	9.531867407911381	169.2964731113069	4.469850472726346	0.9962994782043523	43.35638099041053	238.32325172406428	-0.0447215239463469
2.908269230769231	3.060200668896321	2.785174750268332	0.0007116916915135175	1.56024923066209	0.9884629730928974	3.1642433080202044	0.04598431308928537	9.524005262631947	169.77825905899098	4.470118809713875	0.9963412931971413	43.40256504558808	238.35420215766226	-0.048439297730821826
2.9124841137123747	3.060200668896321	2.785522284235313	0.0006937887579964726	1.5602036173219702	0.9886499933349561	3.1669469565784603	0.045019243681352294	9.516292315697948	170.25550604784704	4.4703845662169055	0.9963824859090354	43.448695658756286	238.3848205379738	-0.0520934328313851
2.9166989966555183	3.060200668896321	2.78586344479158	0.0006763574578307891	1.5601593666001001	0.9888334534935977	3.169596997640098	0.044076957018658554	9.508726316704601	170.72831849390346	4.4706477655536645	0.9964230676295478	43.49477347243502	238.4151106367812	-0.05568476981821426
2.9209138795986624	3.060200668896321	2.786198339135056	0.0006593845564827689	1.560116440455556	0.9890134345663867	3.1721945206727247	0.04315688913728127	9.501304974005507	171.19679915054388	4.470908431668764	0.9964630494687499	43.540799126682046	238.44507625954176	-0.05921416278251323
2.925128762541806	3.060200668896321	2.786527074217939	0.0006428572152089368	1.5600748020073878	0.989190015535171	3.174740603465978	0.042258486799107604	9.494025963088298	171.6610490308164	4.471166589052461	0.9965024423550719	43.58677325814561	238.4747212376097	-0.06268247695416759
2.9293436454849497	3.060200668896321	2.786849756599471	0.00062676297911813	1.5600344154988073	0.9893632734053841	3.1772363109839574	0.041381207737661435	9.48688693425115	172.12116734311573	4.471422262665497	0.9965412570336445	43.63269649920694	238.5040494210455	-0.0660905864890798
2.933558528428094	3.060200668896321	2.7871664923113944	0.0006110897655187623	1.5599952462621034	0.9895332832461289	3.1796826943653484	0.0405245208459094	9.479885519620204	172.57725143902266	4.4716754778688905	0.9965795040651386	43.67856947720472	238.53306467194716	-0.06943937241910465
2.9377734113712375	3.060200668896321	2.787477386735533	0.000595825852554153	1.5599572606843766	0.9897001182308675	3.1820807900597825	0.03968790631159148	9.473019339547486	173.02939677218401	4.471926260358814	0.9966171938250651	43.724392813739215	238.56177085831092	-0.07272972075683228
2.941988294314381	3.060200668896321	2.7877825444927566	0.0005809598681280125	1.5599204261740551	0.9898638496785401	3.184431619089259	0.03887085570528034	9.466286008428163	173.47769686716927	4.472174636105989	0.9966543365034956	43.77016712404878	238.59017184836426	-0.07596252074788186
2.9462031772575252	3.060200668896321	2.7880820693427255	0.0005664807791207297	1.5598847111282623	0.9900245470949612	3.1867361864242376	0.0380728720260111	9.4596831399749	173.92224329732105	4.4724206312995864	0.9966909421051687	43.815893016455725	238.61827150536766	-0.07913866326287584
2.950418060200669	3.060200668896321	2.7883760640937507	0.0005523778808962912	1.5598500849010248	0.9901822782143447	3.188995480464504	0.037293469708976505	9.453208351985676	174.36312567068214	4.472664272295368	0.9967270204499464	43.861571091876314	238.64607368285235	-0.08225903932149813
2.954632943143813	3.060200668896321	2.7886646305221188	0.0005386407870986815	1.5598165177723269	0.9903371090408372	3.191210472615517	0.03653217459945467	9.44685927064034	174.80043162314874	4.472905585567713	0.996762581173589	43.907201943390085	238.67358222026164	-0.08532453874133984
2.9588478260869566	3.060200668896321	2.7889478693003005	0.0005252594197357325	1.559783980918029	0.9904891038899366	3.1933821169515912	0.0357885238968036	9.440633534359268	175.23424681806557	4.473144597665479	0.9967976337288165	43.95278615586497	238.70080093898298	-0.08833604890395005
2.9630627090301003	3.060200668896321	2.7892258799334226	0.0005122239995477319	1.559752446380645	0.9906383254296964	3.1955113499577763	0.035062066072060694	9.43452879725629	175.66465495153963	4.473381335171366	0.996832187386629	43.99832430563364	238.72773363873992	-0.09129445363116147
2.9672775919732444	3.060200668896321	2.7894987607034265	0.000499525036657445	1.5597218870409637	0.9907848347216196	3.197599090342862	0.03435236076238642	9.428542732216101	176.09173776280502	4.47361582466457	0.9968662512378587	44.043816960217086	238.75438409431942	-0.0942006321646596
2.971492474916388	3.060200668896321	2.7897666086204125	0.00048715332149751854	1.5596922765905399	0.9909286912611632	3.1996462389165883	0.03365897864531888	9.422673033625179	176.5155750490366	4.473848092686656	0.9968998341949268	44.08926467809256	238.78075605262396	-0.09705545824220213
2.975707357859532	3.060200668896321	2.7900295193805817	0.00047509991601097805	1.5596635895050113	0.9910699530177804	3.2016536785244525	0.03298150129554397	9.416917419782981	176.93624468404795	4.474078165710282	0.9969329449937839	44.134668008501464	238.80685323001353	-0.0998597992640462
2.9799222408026758	3.060200668896321	2.7902875873303254	0.00046335614511990427	1.5596358010182516	0.9912086764744342	3.2036222740341924	0.03231952102664927	9.411273635019242	177.35382264036966	4.4743060701106865	0.9969655921960111	44.180027491294204	238.83267930992406	-0.10261451554353279
2.9841371237458194	3.060200668896321	2.7905409054359818	0.0004519135884570769	1.5596088870973466	0.9913449166665337	3.2055528723683877	0.03167264072009413	9.405739451541177	177.7683830142474	4.474531832139757	0.996997784191061	44.225343656809365	238.8582379407455	-0.10532045963595243
2.988352006688963	3.060200668896321	2.7907895652587933	0.0004407640723551925	1.5595828244183703	0.9914787272202411	3.2074463025781004	0.03104047364342472	9.400312671033037	178.1799980531375	4.474755477902479	0.9970295291986212	44.2706170257835	238.88353273393594	-0.10797847574017619
2.992566889632107	3.060200668896321	2.791033656934675	0.00042989966208785223	1.5595575903429504	0.9916101603901125	3.2093033759528455	0.03042264325956611	9.394991126028975	178.5887381853203	4.474977033335617	0.9970608352710821	44.31584810928955	238.90856726235833	-0.11058939916782762
2.996781772575251	3.060200668896321	2.791273269158398	0.0004193126543564415	1.5595331628956217	0.991739267096037	3.211124886162704	0.029818783028835706	9.389772681078762	178.99467205129457	4.475196524188543	0.997091710296094	44.361037408701286	238.9333450588286	-0.11315405587491323
3.000996655518395	3.060200668896321	2.7915084891717643	0.0004089955700169099	1.5595095207419083	0.9918660969594502	3.2129116094285113	0.02922853620516886	9.384655233724487	179.39786653663242	4.47541397600586	0.9971221619991973	44.40618541568023	238.957869614839	-0.11567326205146558
3.0052115384615385	3.060200668896321	2.7917394027555273	0.0003989411470402024	1.5594866431671786	0.9919906983387977	3.2146643047167225	0.02865155562787784	9.379636715305182	179.79838680603015	4.475629414112044	0.9971521979465157	44.451292612185384	238.9821443794818	-0.11814782376447296
3.009426421404682	3.060200668896321	2.7919660942246	0.0003891423337002391	1.5594645100561786	0.99211311836423	3.216383713955516	0.02808750351013823	9.374715091604953	180.19629633829302	4.475842863597484	0.9971818255474963	44.49635947049999	239.00617275850306	-0.12057853665031736
3.0136413043478263	3.060200668896321	2.7921886464264016	0.0003795922819830902	1.5594431018733093	0.9922334029715213	3.2180705622693493	0.027536051225259272	9.369888363359241	180.59165696204266	4.476054349306374	0.9972110520576896	44.541386453277845	239.02995811354194	-0.12296618565241915
3.01785618729097	3.060200668896321	2.792407140741912	0.00037028434121119723	1.559422399643548	0.992351596935198	3.2197255582291264	0.026996879091676786	9.365154566632455	180.98452889193933	4.4762638958257845	0.9972398845815552	44.58637401360321	239.05350376147757	-0.12531154480087336
3.022071070234114	3.060200668896321	2.792621657089287	0.00036121205187631707	1.5594023849340555	0.9924677439008752	3.2213493941156424	0.02646967615750718	9.360511773079528	181.37497076524747	4.476471527476253	0.9972683300752889	44.631322595065804	239.07681297392378	-0.12761537703029913
3.0262859531772577	3.060200668896321	2.7928322739297236	0.00035236913967506015	1.559383039836415	0.9925818864167968	3.2229427461940423	0.025954139985392057	9.355958090102696	181.76303967858567	4.476677268303511	0.9972963953496575	44.67623263184757	239.09988897683016	-0.1298784340329686
3.0305008361204013	3.060200668896321	2.7930390682753625	0.00034374950974089524	1.5593643469494864	0.9926940659645814	3.2245062749973195	0.025449976438280713	9.351491660914043	182.14879122472195	4.476881142071335	0.9973240870728393	44.721104548820286	239.12273495018803	-0.1321014561441899
3.034715719063545	3.060200668896321	2.7932421156990523	0.00033534724106649413	1.559346289362881	0.9928043229891775	3.2260406256170824	0.02495689946671631	9.347110664513538	182.53227952929504	4.477083172255523	0.9973514117732594	44.76593876165335	239.1453540278434	-0.13428517225704795
3.038930602006689	3.060200668896321	2.793441490345727	0.0003271565811105592	1.559328850641001	0.9929126969280304	3.2275464279999424	0.024474630898115076	9.342813315591398	182.91355728735215	4.477283382038784	0.9973783758424166	44.81073567692963	239.16774929739177	-0.13643029976415957
3.0431454849498327	3.060200668896321	2.7936372649452754	0.00031917194058318034	1.5593120148076605	0.9930192262394719	3.2290242972481082	0.024002900228463735	9.33859786436293	183.29267579961115	4.477481794306545	0.9974049855376949	44.855495692268946	239.18992380015874	-0.13853754452382844
3.047360367892977	3.060200668896321	2.7938295108266784	0.00031138788840404704	1.5592957663312366	0.993123948430338	3.230474833922859	0.023541444416801588	9.33446259634337	183.66968500836518	4.47767843164354	0.9974312469851556	44.900219196457705	239.21188053124956	-0.1406076008485576
3.0515752508361205	3.060200668896321	2.7940182979333064	0.00030379914682784014	1.5592800901103516	0.9932269000828281	3.2318986243497627	0.02309000768279627	9.330405832069518	184.04463353296038	4.477873316331165	0.9974571661823064	44.94490656958405	239.2336224396692	-0.14264115151377224
3.055790133779264	3.060200668896321	2.794203694839243	0.00029640058673129186	1.5592649714600781	0.9933281168806142	3.233296240924648	0.02264834130767617	9.32642592677449	184.41756870478977	4.478066470345584	0.9974827490008413	44.98955818317818	239.25515242850875	-0.14463886778480228
3.060005016722408	3.060200668896321	2.794385768766451	0.00028918722305662134	1.5592503960986166	0.9934276336342138	3.234668242419316	0.022216203438740555	9.32252127002121	184.7885366017452	4.478257915356372	0.9975080011893522	45.03417440035585	239.27647335517673	-0.14660140946047726
3.064219899665552	3.060200668896321	2.794564585602722	0.00028215421040601814	1.5592363501344546	0.9935254843056416	3.236015174286299	0.021793358897624796	9.318690285299985	185.15758208209206	4.478447672725791	0.9975329283760052	45.07875557596544	239.29758803168846	-0.14852942493164237
3.068434782608696	3.060200668896321	2.794740209920265	0.00027529683878214375	1.559222820053984	0.99362170203235	3.2373375689618697	0.021379578992467414	9.314931429594777	185.5247488177268	4.478635763508557	0.997557536071181	45.123302056737295	239.31849922499276	-0.1504235512530458
3.0726496655518396	3.060200668896321	2.794912704994871	0.00026861052946964794	1.5592097927095643	0.9937163191504765	3.2386359461667427	0.02097464133409364	9.31124319292265	185.89007932679058	4.478822208452168	0.997581829670079	45.167814181435745	239.3392096573508	-0.15228441422723887
3.0768645484949833	3.060200668896321	2.795082132825503	0.00026209083105295007	1.5591972553079962	0.9938093672174125	3.239910813203851	0.020578329656300534	9.307624097850168	186.25361500561237	4.479007027997545	0.997605814455279	45.21229228101157	239.3597220067359	-0.15411262849926188
3.081079431438127	3.060200668896321	2.7952485541543046	0.0002557334155655332	1.5591851953994225	0.9939008770337067	3.2411626652528063	0.020190433640306805	9.304072698990494	186.61539615996818	4.47919024228019	0.9976294955992632	45.25673667875634	239.38003890727822	-0.1559087976608307
3.085294314381271	3.060200668896321	2.7954120284868846	0.00024953407476628424	1.5591736008666082	0.9939908786643219	3.2423919856605607	0.019810748743407304	9.300587582484242	186.97546203563897	4.479371871131617	0.9976528781668954	45.30114769045672	239.4001629497284	-0.157673514362999
3.0895091973244146	3.060200668896321	2.7955726141128516	0.0002434887165384727	1.5591624599146086	0.9940794014592588	3.243599246227951	0.01943907603185491	9.297167365467153	187.33385084825687	4.4795519340811545	0.9976759671178558	45.34552562454919	239.42009668195192	-0.15940736043625728
3.0937240802675587	3.060200668896321	2.7957303681265246	0.00023759336140708219	1.5591517610608068	0.9941664740735632	3.2447849074918524	0.01907522201797128	9.29381069552723	187.69059981244015	4.479730450358048	0.9976987673090323	45.389870782274805	239.43984260944478	-0.16111090701719508
3.0979389632107024	3.060200668896321	2.79588534644775	0.00023184413917043016	1.5591414931252938	0.9942521244867341	3.2459494190026357	0.018718998501477933	9.29051625015361	188.04574517020558	4.479907438893778	0.9977212834968656	45.4341834578329	239.45940319586387	-0.16278471468082403
3.102153846153846	3.060200668896321	2.7960376038427848	0.00022623728564206809	1.5591316452215884	0.9943363800215456	3.247093219596751	0.018370222415025218	9.287282736179494	188.39932221866346	4.48008291832463	0.9977435203396502	45.478463938534254	239.47878086357525	-0.16442933357784775
3.10636872909699	3.060200668896321	2.7961871939452245	0.00022076913949910048	1.5591222067477015	0.994419267362302	3.248216737664309	0.01802871567388268	9.284108889220981	188.75136533699884	4.480256906994559	0.9977654823997881	45.52271250495388	239.4979779942245	-0.16604530357607392
3.110583612040134	3.060200668896321	2.7963341692768693	0.00021543613923325608	1.5591131673774872	0.9945008125725391	3.2493203914114117	0.01769430502974847	9.280993473113496	189.1019080127361	4.480429422958094	0.9977871741459982	45.56692943108141	239.5169969293045	-0.16763315440543453
3.114798494983278	3.060200668896321	2.7964785812685578	0.00021023482020104928	1.559104517052314	0.9945810411121881	3.25040458911726	0.017366821928624168	9.277935279347503	189.45098286730237	4.4806004839835145	0.9978085999554781	45.6111149844708	239.53583997074242	-0.16919340580593437
3.1190133779264215	3.060200668896321	2.796620480280911	0.0002051618117696223	1.5590962459730282	0.9946599778542184	3.251469729385878	0.01704610237269686	9.274933126504825	189.79862168089176	4.48077010755617	0.9978297641160218	45.65526942638849	239.55450938149565	-0.17072656767800168
3.123228260869565	3.060200668896321	2.796759915624919	0.00020021383455490408	1.5590883445921822	0.9947376471007738	3.2525162013924067	0.0167319867861618	9.271985859696743	190.14485541664	4.480938310881832	0.9978506708280896	45.69939301195905	239.57300738614333	-0.17223314023478678
3.127443143812709	3.060200668896321	2.796896935582433	0.00019538769774882317	1.5590808036065544	0.9948140725988154	3.253544385124	0.016424319884915533	9.269092350005128	190.4897142441243	4.481105110890321	0.9978713242068356	45.743485990310084	239.5913361714991	-0.17371361415586895
3.131658026755853	3.060200668896321	2.7970315874264213	0.00019068029653253123	1.5590736139499044	0.9948892775552893	3.2545546516152077	0.016122950550046863	9.266251493927435	190.8332275621922	4.481270524239046	0.9978917282840868	45.787548604713834	239.60949788720862	-0.17516847074207484
3.1358729096989966	3.060200668896321	2.797163917441075	0.00018608860957255758	1.5590667667859943	0.99496328465183	3.2555473631779552	0.01582773170504424	9.26346221282653	191.17542402113975	4.481434567316761	0.9979118870102807	45.831581092727674	239.6274946463629	-0.1765981820709579
3.1400877926421407	3.060200668896321	2.7972939709416744	0.00018160969659705063	1.5590602535018432	0.9950361160590159	3.2565228736260563	0.015538520196642737	9.260723452385987	191.5163315442443	4.4815972562473005	0.9979318042563565	45.87558368633173	239.64532852610327	-0.17800321115258483
3.1443026755852843	3.060200668896321	2.7974217922942475	0.00017724069604927212	1.5590540657012188	0.9951077934501896	3.257481528494387	0.015255176679225187	9.25803418207171	191.85597734867417	4.481758606893467	0.9979514838156048	45.91955661206485	239.6630015682353	-0.179384012085406
3.148517558528428	3.060200668896321	2.7975474249349537	0.00017297882281571084	1.559048195198339	0.9951783380148563	3.258423665252632	0.014977565502695923	9.255393394600155	192.19438796577666	4.4819186348608415	0.9979709294054724	45.96350009115759	239.68051577982897	-0.18074103021183507
3.152732441471572	3.060200668896321	2.7976709113892344	0.00016882136602615642	1.5590426340117995	0.9952477704716735	3.259349613513794	0.014705554603741088	9.252800105413975	192.53158926077063	4.4820773555017315	0.9979901446693258	46.00741433966331	239.69787313382832	-0.18207470227338732
3.1569473244147157	3.060200668896321	2.7977922932906862	0.00016476568692327996	1.5590373743587005	0.9953161110810459	3.2602596952374556	0.014439015400389351	9.250253352165272	192.867606451851	4.4822347839190915	0.9980091331781737	46.05129956858657	239.71507556965093	-0.18338545656504757
3.16116220735786	3.060200668896321	2.7979116113996585	0.00016080921679929354	1.5590324086489762	0.9953833796573367	3.261154224927882	0.014177822689788011	9.247752194206932	193.20246412872186	4.482390934970477	0.9980278984323472	46.09515598400937	239.73212499378658	-0.18467371308877367
3.1653770903010034	3.060200668896321	2.7980289056215626	0.00015694945499738233	1.5590277294799064	0.9954495955807069	3.2620335098270274	0.01392185454910998	9.245295712092268	193.5361862705703	4.482545823271992	0.9980464438631401	46.13898378721444	239.7490232803893	-0.1859398837058399
3.169591973244147	3.060200668896321	2.7981442150248883	0.00015318396697566226	1.5590233296308176	0.9955147778085958	3.2628978501025574	0.013670992239503962	9.242883007083297	193.86879626349906	4.482699463202245	0.9980647728344109	46.18278317480649	239.76577227186536	-0.1871843722879896
3.1738068561872907	3.060200668896321	2.7982575778589482	0.00014951038243150288	1.5590192020579672	0.9955789448868536	3.2637475390309763	0.013425120113005664	9.24051320066784	194.20031691743245	4.482851868906347	0.9980828886441439	46.22655433883112	239.78237377946138	-0.1884075748671047
3.178021739130435	3.060200668896321	2.7983690315712755	0.00014592639348418696	1.5590153398895772	0.9956421149605379	3.2645828631758804	0.013184125522324834	9.238185434085459	194.53077048250282	4.483003054299783	0.9981007945259738	46.27029746689039	239.79882958383226	-0.1896098797834285
3.1822366220735785	3.060200668896321	2.7984786128247694	0.0001424297529138448	1.5590117364210547	0.995704305784382	3.2654041025615466	0.01294789873342684	9.23589886786261	194.86017866494333	4.483153033072413	0.9981184936506733	46.314012742257	239.8151414356204	-0.19079166783208476
3.1864515050167226	3.060200668896321	2.798586357514496	0.00013901827245479102	1.5590083851103524	0.9957655347329502	3.2662115308418445	0.012716332840825836	9.233652681356835	195.1885626424913	4.483301818692322	0.9981359891276024	46.35770034398517	239.83131105601325	-0.1919533124078836
3.1906663879598662	3.060200668896321	2.798692300784204	0.00013568982114139407	1.5590052795734886	0.9958258188104859	3.2670054154646415	0.012489323685510442	9.231446072310202	195.51594307932106	4.483449424409723	0.9981532840061237	46.401360447019336	239.84734013730184	-0.19309517964831485
3.19488127090301	3.060200668896321	2.798796477042536	0.00013244232370467708	1.5590024135802156	0.9958851746604652	3.2677860178317766	0.012266769775423835	9.229278256412007	195.84234014052032	4.483595863260837	0.9981703812769823	46.44499322230085	239.86323034343383	-0.19421762857460834
3.199096153846154	3.060200668896321	2.798898919978918	0.00012927375901796443	1.558999781049821	0.9959436185748637	3.268553593454686	0.012048572208419268	9.227148466870624	196.16777350611954	4.4837411480716876	0.9981872838736509	46.488598836871546	239.8789833105515	-0.19532101123086534
3.2033110367892976	3.060200668896321	2.7989996625791402	0.0001261821585899028	1.5589973760470621	0.9960011665031473	3.269308392105789	0.011834634597618006	9.225055953994604	196.4922623846906	4.483885291461853	0.9982039946736421	46.53217745397499	239.89460064752362	-0.19640567282119675
3.2075259197324417	3.060200668896321	2.7990987371406644	0.00012316560510323876	1.5589951927782473	0.9960578340609951	3.270050657965787	0.01162486299909346	9.222999984782952	196.8158255265301	4.484028305848278	0.9982205164997879	46.575729233156125	239.91008393647772	-0.19747195184473249
3.2117408026755854	3.060200668896321	2.799196175287596	0.00012022223099785694	1.558993225587427	0.9961136365387628	3.270780629766894	0.011419165841810899	9.22097984252448	197.13848123643461	4.484170203448948	0.9982368521214875	46.61925433035784	239.92543473331563	-0.1985201802286037
3.215955685618729	3.060200668896321	2.799292007985367	0.00011735021709657714	1.5589914689527087	0.996168588909696	3.2714985409321393	0.01121745385975231	9.218994826406176	197.46024738608267	4.4843109962865535	0.9982530042559228	46.66275289801545	239.94065456822267	-0.1995506834587772
3.220170568561873	3.060200668896321	2.799386265555118	0.00011454779127228202	1.5589899174826902	0.9962227058379002	3.2722046197108483	0.011019640026156678	9.21704425113051	197.78114142603746	4.484450696192099	0.9982689755692455	46.70622508514888	239.95574494617009	-0.20056378070876674
3.2243854515050168	3.060200668896321	2.799478977687798	0.00011181322715501021	1.5589885659130118	0.9962760016860771	3.272899089310403	0.010825639489810239	9.215127446541628	198.1011803973807	4.484589314808516	0.9982847686777329	46.74967103745289	239.97070734741098	-0.20155978496612478
3.2286003344481604	3.060200668896321	2.7995701734579423	0.00010914484287768811	1.5589874091029958	0.9963284905230329	3.273582168024322	0.010635369513320728	9.213243757260182	198.42038094298596	4.484726863594104	0.9983003861489147	46.79309089738438	239.98554322795883	-0.2025390031568835
3.2328152173913045	3.060200668896321	2.799659881337202	0.00010654099985921835	1.5589864420324224	0.9963801861309673	3.274254069356862	0.01044874941331249	9.211392542326825	198.73875931845058	4.4848633538261105	0.998315830502673	46.83648480424875	240.00025402007424	-0.20350173626764212
3.237030100334448	3.060200668896321	2.799748129207548	0.00010400010162371307	1.558985659798372	0.9964311020125506	3.2749150021441165	0.010265700502481332	9.209573174854174	199.05633140268768	4.484998796604066	0.9983311042123131	46.879852894282735	240.01484113272375	-0.20444827946566427
3.241244983277592	3.060200668896321	2.7998349443742248	0.0001015205926546601	1.5589850576121904	0.9964812513977926	3.275565170671801	0.010086146033448642	9.207785041687103	199.37311270819689	4.485133202853205	0.9983462097056084	46.92319530073623	240.0293059520461	-0.20537892221667906
3.245459866220736	3.060200668896321	2.799920353578415	0.0000991009572829069	1.5589846307965376	0.9965306472507167	3.2762047747897625	0.009910011144357446	9.206027543071237	199.68911839101955	4.485266583327793	0.9983611493658188	46.96651215395183	240.04364984180378	-0.20629394840052673
3.2496747491638796	3.060200668896321	2.8000043830096173	0.00009673971860735211	1.558984374782517	0.9965793022758361	3.2768340100233013	0.00973722280615396	9.204300092329529	200.0043632603885	4.48539894861435	0.9983759255326836	47.009803581441595	240.05787414382155	-0.2071936364247418
3.2538896321070236	3.060200668896321	2.8000870583177853	0.0000944354374472643	1.5589842851069144	0.9966272289244485	3.277453067681441	0.009567709771499136	9.202602115546709	200.31886178808608	4.485530309134917	0.9983905405033895	47.05306970796324	240.07198017842765	-0.20807825933583868
3.2581045150501673	3.060200668896321	2.8001684046251727	0.00009218671132524364	1.5589843574094968	0.996674439400747	3.278062134962168	0.009401402525258925	9.200933051261538	200.63262811751432	4.485660675150182	0.998404996533514	47.09631065559305	240.08596924487625	-0.208948084928619
3.262319397993311	3.060200668896321	2.800248446537937	0.0000899921734798009	1.5589845874304094	0.9967209456677574	3.2786613950547787	0.009238233236520085	9.19929235016665	200.94567607249155	4.48579005676262	0.9984192958379461	47.13952654379792	240.0998426217692	-0.20980337585325787
3.266534280936455	3.060200668896321	2.8003272081574813	0.00008785049190662591	1.5589849710076402	0.9967667594531074	3.2792510272393844	0.009078135712083145	9.197679474815844	201.2580191657807	4.485918463919515	0.9984334405917831	47.18271748950477	240.11360156746343	-0.2106443897203658
3.2707491638795987	3.060200668896321	2.800404713091547	0.00008576036842761852	1.5589855040745704	0.9968118922546314	3.2798312069836704	0.008921045351383688	9.196093899338699	201.56967060736045	4.486045906416017	0.9984474329312051	47.225883607169045	240.12724732047997	-0.21147137920392772
3.274964046822743	3.060200668896321	2.8004809844650516	0.00008372053778680403	1.5589861826575808	0.9968563553458152	3.2804021060369695	0.008766899102795309	9.194535109162327	201.88064331244496	4.486172393898018	0.9984612749543279	47.2690250088403	240.14078109988915	-0.21228459214229298
3.2791789297658864	3.060200668896321	2.8005560449306928	0.00008172976677226869	1.5589870028737454	0.9969001597810915	3.280963892521745	0.008615635421269831	9.193002600740074	202.1909499092627	4.4862979358651	0.9984749687220347	47.312141804227025	240.15420410570465	-0.21308427163700847
3.28339381270903	3.060200668896321	2.8006299166793327	0.00007978685336329127	1.5589879609285915	0.9969433164009828	3.281516731022577	0.008467194227269662	9.191495881287164	202.50060274660308	4.486422541673402	0.998488516258787	47.35523410075985	240.16751751926427	-0.21387065614974685
3.2876086956521737	3.060200668896321	2.800702621450099	0.00007789062590189878	1.5589890531139043	0.9969858358371027	3.2820607826726405	0.008321516866951536	9.19001446852288	202.8096139011318	4.486546220538334	0.9985019195534146	47.39830200365187	240.18072250359285	-0.2146439795972836
3.291823578595318	3.060200668896321	2.8007741805403175	0.0000760399422880447	1.5589902758056249	0.9970277285170182	3.282596205237861	0.00817854607355989	9.188557890419412	203.11799518449297	4.486668981537374	0.9985151805598877	47.441345615958824	240.19382020377338	-0.21540447144447553
3.2960384615384615	3.060200668896321	2.80084461481518	0.00007423368919769222	1.5589916254617877	0.9970690046689761	3.2831231531987375	0.008038225929990196	9.187125684956987	203.4257581501954	4.486790833612752	0.9985283011980676	47.484365038636966	240.20681174730277	-0.21615235679535222
3.3002533444816056	3.060200668896321	2.8009139447172062	0.00007247078132308146	1.558993098620522	0.9971096743264994	3.2836417778299065	0.00790050183248479	9.185717399885245	203.7329141002943	4.486911785574047	0.9985412833544407	47.5273603705993	240.21969824443616	-0.2168878564823493
3.304468227424749	3.060200668896321	2.8009821902755085	0.00007075016063448726	1.5589946918981223	0.9971497473328578	3.28415222727758	0.007765320455422927	9.184332592490756	204.03947409187785	4.487031846100846	0.9985541288828333	47.57033170877105	240.23248078853766	-0.21761118715363878
3.308683110367893	3.060200668896321	2.801049371114806	0.00006907079566281355	1.5589964019871483	0.9971892333454145	3.284654646634789	0.007632629717171335	9.182970829370351	204.34544894335582	4.487151023745182	0.9985668396051096	47.61327914814245	240.24516045640453	-0.21832256135874664
3.312897993311037	3.060200668896321	2.801115506464278	0.0000674316808023578	1.558998225654608	0.9972281418398564	3.285149178014663	0.007502378746958043	9.181631686210347	204.65084924056873	4.487269326934103	0.998579417311851	47.656202781821484	240.25773830860382	-0.21902218763222572
3.3171128762541806	3.060200668896321	2.801180615166189	0.00006583183563315017	1.5590001597401701	0.9972664821143069	3.2856359606216543	0.007374517852738533	9.180314747571366	204.95568534271354	4.4873867639720695	0.9985918637630206	47.699102701084236	240.27021538978966	-0.21971027057571177
3.3213277591973247	3.060200668896321	2.801244715684319	0.00006427030426225064	1.5590022011544338	0.997304263293329	3.2861151308208387	0.007248998490020636	9.179019606678619	205.2599673880947	4.487503343043333	0.9986041806886099	47.74197899542425	240.28259272901582	-0.2203870109381795
3.3255426421404684	3.060200668896321	2.8013078261122213	0.00006274615468342712	1.5590043468772528	0.9973414943318208	3.286586822205381	0.007125773231616857	9.177745865217656	205.56370529971167	4.48761907221432	0.9986163697892706	47.78483175260078	240.29487134004887	-0.2210526056945098
3.329757525083612	3.060200668896321	2.8013699641812613	0.00006125847815466123	1.5590065939560922	0.9973781840188053	3.287051165662115	0.007004795738294984	9.176493133135242	205.86690879067774	4.487733959435869	0.9986284327369301	47.82766105868521	240.30705222166236	-0.2217072481224319
3.3339724080267557	3.060200668896321	2.801431147268495	0.000059806388592932636	1.559008939504443	0.9974143409811191	3.2875082894354017	0.00688602073029697	9.17526102844539	206.16958736948482	4.487848012545515	0.9986403711753932	47.87046699810677	240.31913635793674	-0.22235112787778416
3.3381872909698997	3.060200668896321	2.801491392404362	0.000058389021985760515	1.5590113807002737	0.9974499736870043	3.2879583191892467	0.006769403959698293	9.174049177040331	206.47175034511457	4.487961239269672	0.9986521867209277	47.913249653696646	240.33112471854434	-0.22298443106821186
3.3424021739130434	3.060200668896321	2.801550716280203	0.00005700553581900192	1.5590139147845292	0.9974850904496024	3.288401378067774	0.006654902183580325	9.172857212506344	206.7734068320034	4.4880736472258205	0.9986638809628368	47.956009106731365	240.34301825903634	-0.22360734032523663
3.3466170568561875	3.060200668896321	2.8016091352555876	0.0000556551085204146	1.5590165390596578	0.9975196994303596	3.2888375867540347	0.006542473137990398	9.17168477594426	207.0745657548601	4.488185243924553	0.9986754554640175	47.998745436974104	240.35481792111108	-0.22422003487489478
3.350831939799331	3.060200668896321	2.8016666653655045	0.0000543369389185084	1.5590192508881935	0.9975538086423394	3.2892670635273036	0.006432075512662761	9.170531515794615	207.3752358533509	4.488296036771688	0.9986869117615053	48.041458722715944	240.3665246328896	-0.2248226906067557
3.355046822742475	3.060200668896321	2.801723322327376	0.00005305024571623236	1.5590220476913763	0.9975874259534503	3.289689924318821	0.0063236689264770714	9.169397087667218	207.6754256866475	4.4884060330703255	0.9986982513670054	48.08414904081571	240.3781393091836	-0.2254154801414817
3.359261705685619	3.060200668896321	2.8017791215478867	0.00005179426697906435	1.559024926947784	0.9976205590895888	3.2901062827660343	0.0062172139036303095	9.168281154175089	207.9751436378441	4.488515240022728	0.9987094757674125	48.12681646673782	240.38966285174246	-0.2259985728970323
3.3634765886287625	3.060200668896321	2.801834078129707	0.00005056825963705375	1.5590278861920415	0.9976532156377006	3.290516250265462	0.006112671850499289	9.167183384772681	208.27439791825358	4.48862366473239	0.9987205864253161	48.16946107459083	240.40109614952078	-0.22657213515331204
3.3676914715719066	3.060200668896321	2.8018882068779996	0.000049371499000432634	1.5590309230135215	0.9976854030487633	3.2909199360240815	0.006010005033171777	9.166103455598122	208.57319657157555	4.488731314205799	0.9987315847794955	48.21208293716293	240.4124400789113	-0.22713633011554404
3.3719063545150503	3.060200668896321	2.8019415223068482	0.00004820327828836638	1.5590340350551182	0.997717128640692	3.2913174471094537	0.005909176555624636	9.165041049319619	208.87154747795418	4.4888381953544325	0.9987424722454021	48.25468212595855	240.4236955040008	-0.22769131797619058
3.376121237458194	3.060200668896321	2.8019940386454647	0.00004706290817048791	1.5590372200120164	0.9977483996011701	3.2917088884984387	0.005810150338528852	9.163995854985604	209.16945835791415	4.488944314996458	0.9987532502156303	48.29725871123202	240.43486327679534	-0.22823725597562514
3.3803361204013376	3.060200668896321	2.802045769844322	0.000045949716320810356	1.5590404756305285	0.9977792229904084	3.2920943631247224	0.005712891098660903	9.162967567878864	209.46693677619405	4.489049679858618	0.9987639200603777	48.33981276202198	240.445944237462	-0.22877429846141917
3.3845510033444817	3.060200668896321	2.802096729581096	0.000044863046983682164	1.5590437997069289	0.9978096057438346	3.292473971925035	0.005617364328901989	9.161955889374248	209.76399014546638	4.489154296577876	0.9987744831278935	48.38234434618343	240.45693921454588	-0.2293025969464526
3.3887658862876253	3.060200668896321	2.8021469312665013	0.00004380226055142067	1.5590471900863443	0.9978395546747125	3.2928478138842046	0.005523536278805887	9.160960526800006	210.06062572995756	4.489258171703209	0.9987849407449173	48.424853530420165	240.46784902520093	-0.22982230016563124
3.3929807692307694	3.060200668896321	2.8021963880499836	0.000042766733153283	1.5590506446616554	0.9978690764766986	3.293215986079033	0.005431373935717757	9.159981193302702	210.3568506489672	4.48936131169722	0.9987952942171067	48.46734038031534	240.47867447539997	-0.230333554131547
3.397195652173913	3.060200668896321	2.8022451128252843	0.00004175585625546032	1.5590541613724378	0.9978981777263316	3.293578583721033	0.005340845006426816	9.15901760771548	210.65267188028935	4.489463722937809	0.9988055448294558	48.509804960361976	240.4894163601523	-0.23083650218880705
3.4014105351170567	3.060200668896321	2.802293118235867	0.0000407690362717605	1.5590577382039172	0.9979268648854611	3.293935700198049	0.005251917899335601	9.158069494429629	210.94809626353876	4.489565411719735	0.9988156938467032	48.55224733399174	240.50007546370543	-0.23133128506727463
3.405625418060201	3.060200668896321	2.802340416680244	0.00003980569418468249	1.5590613731859668	0.997955144303616	3.294287427114843	0.0051645617071300765	9.157136583269477	211.24313050338864	4.489666384256212	0.99882574251373	48.594667563603956	240.51065255975257	-0.2318180409341219
3.4098403010033445	3.060200668896321	2.8023870203171652	0.000038865265176581426	1.5590650643921204	0.9979830222203141	3.294633854332614	0.005078746189934722	9.156218609370375	211.53778117271838	4.48976664668044	0.9988356920559505	48.63706571059322	240.52114841163103	-0.2322969054447748
3.4140551839464885	3.060200668896321	2.802432941070683	0.00003794719827063519	1.5590688099386056	0.9980105047673141	3.2949750700075047	0.004994441758937676	9.155315313059733	211.83205471567416	4.4898662050470834	0.9988455436796911	48.679441835376224	240.5315637725138	-0.23276801179279882
3.418270066889632	3.060200668896321	2.8024781906351253	0.000037050955981332716	1.5590726079834174	0.9980375979708134	3.29531116062815	0.004911619460471039	9.15442643974108	212.12595745064993	4.48996506533376	0.9988552985725632	48.72179599741824	240.54189938560268	-0.2332314907586305
3.422484949832776	3.060200668896321	2.8025227804799226	0.000036176013974217116	1.5590764567253914	0.9980643077535911	3.295642211052237	0.004830250960532707	9.153551739780976	212.4194955731838	4.4900632334424415	0.9988649579038248	48.764128255258264	240.5521559843097	-0.2336874707573692
3.4266998327759195	3.060200668896321	2.802566721854366	0.00003532186073461205	1.5590803544033267	0.9980906399370998	3.295968304542181	0.004750308529735509	9.152690968398794	212.71267515878029	4.4901607152009	0.9988745228247363	48.80643866653432	240.56233429244404	-0.2341360778854259
3.4309147157190636	3.060200668896321	2.8026100257922226	0.000034487997245088994	1.559084299295107	0.998116600243506	3.296289522799872	0.0046717650286710296	9.151843885559241	213.0055021656547	4.49025751636406	0.9988839944689062	48.84872728800736	240.5724350243873	-0.2345774359662971
3.4351295986622072	3.060200668896321	2.8026527031162565	0.000033673936671421016	1.5590882897168554	0.9981421942976821	3.2966059460005424	0.004594593893675022	9.1510102558675	213.29798243740305	4.49035364261532	0.9988933739526301	48.89099417558459	240.58245888526525	-0.2350116665952485
3.4393444816053513	3.060200668896321	2.8026947644426694	0.00003287920405678458	1.5590923240221126	0.9981674276291493	3.2969176528258335	0.004518769122982156	9.15018984846708	213.59012170560584	4.490449099567931	0.998902662375221	48.933239384342876	240.59240657112437	-0.23543888918310976
3.443559364548495	3.060200668896321	2.802736220185399	0.000032103336023983426	1.5590964006010173	0.9981923056739752	3.2972247204959535	0.0044442652632585055	9.149382436940058	213.88192559235515	4.4905438927662	0.9989118608193334	48.97546296855027	240.60227876909013	-0.23585922099911344
3.4477742474916386	3.060200668896321	2.802777080560364	0.00003134588048546324	1.559100517879534	0.9982168337766253	3.2975272248011245	0.004371057396499734	9.148587799209931	214.17339961272276	4.490638027686813	0.9989209703512784	49.0176649816881	240.61207615753574	-0.23627277721280146
3.4519891304347827	3.060200668896321	2.8028173555895814	0.00003060639636090569	1.5591046743186712	0.9982410171917716	3.297825240132178	0.0042991211272844715	9.14780571744675	214.4645491771575	4.490731509740036	0.9989299920213331	49.059845476471885	240.621799406239	-0.2366796709350895
3.4562040133779264	3.060200668896321	2.8028570551052043	0.000029884453302186295	1.5591088684137355	0.9982648610860569	3.298118839510431	0.004228432570371505	9.147035977974655	214.75537959382248	4.490824344270913	0.9989389268640426	49.10200450487162	240.6314491765369	-0.2370800132583856
3.4604188963210705	3.060200668896321	2.8028961887534782	0.000029179631425494305	1.5591130986936033	0.9982883705398203	3.2984080946168177	0.004158968338631072	9.146278371181646	215.04589607087118	4.490916536560475	0.9989477758985142	49.144142118132	240.6410261214817	-0.2374739132959025
3.464633779264214	3.060200668896321	2.8029347659985904	0.000028491521050415314	1.5591173637200018	0.9983115505487788	3.2986930758203044	0.0040907055312994585	9.145532691431601	215.3361037186634	4.4910080918268696	0.9989565401287069	49.18625836679148	240.6505308859869	-0.23786147822012113
3.4688486622073578	3.060200668896321	2.802972796126439	0.00002781972244578582	1.5591216620868076	0.9983344060256725	3.2989738522055925	0.004023621722547898	9.144798736978398	215.62600755192386	4.491099015226487	0.9989652205437132	49.228353300701144	240.6599641069735	-0.2382428133004666
3.4730635451505014	3.060200668896321	2.8030102882483283	0.00002716384558212997	1.5591259924193719	0.9983569418018703	3.299250491600178	0.003957694950355856	9.144076309882163	215.9156124918458	4.491189311855076	0.9989738181180341	49.27042696904315	240.66932641351343	-0.2386180219401005
3.4772784280936455	3.060200668896321	2.803047251304568	0.00002652350989050036	1.559130353373849	0.9983791626289387	3.299523060600718	0.0038929037056798675	9.14336521592756	216.20492336813967	4.491278986748816	0.99898233381185	49.312479420348375	240.67861842696848	-0.23898720571206
3.481493311036789	3.060200668896321	2.8030836940679897	0.000025898344027547473	1.5591347436365437	0.998401073180175	3.299791624598768	0.0038292269219091053	9.142665264544002	216.49394492102826	4.491368044885352	0.9989907685712832	49.35451070251358	240.68784076112524	-0.23935046439450777
3.4857081939799333	3.060200668896321	2.8031196251474144	0.00002528798564664283	1.5591391619232868	0.9984226780521045	3.3000562478059288	0.003766643964598946	9.141976268727923	216.78268180319506	4.491456491184881	0.9989991233286568	49.396520862818754	240.69699402233317	-0.23970789600532452
3.489923076923077	3.060200668896321	2.803155052991004	0.000024692081174898627	1.5591436069788034	0.9984439817659437	3.3003169932783365	0.0037051346214747685	9.141298044966797	217.07113858167781	4.491544330511119	0.999007399002746	49.438509947943054	240.7060788096316	-0.24005959683594402
3.4941379598662206	3.060200668896321	2.803189985889556	0.000024110285595915547	1.5591480775761106	0.9984649887690317	3.3005739229405866	0.00364467909269756	9.140630413165029	217.3593197397162	4.491631567672292	0.9990155964990255	49.48047800398076	240.71509571487707	-0.2404056614844549
3.4983528428093646	3.060200668896321	2.8032244319797317	0.000023542262238107297	1.5591525725159256	0.9984857034362262	3.3008270976090985	0.0035852579813838007	9.139973196571653	217.6472296785539	4.491718207422124	0.9990237167099101	49.522425076456976	240.72404532287115	-0.24074618288804162
3.5025677257525083	3.060200668896321	2.803258399247199	0.000022987682568450486	1.5591570906260814	0.9985061300712712	3.301076577014898	0.003526852284372396	9.139326221709752	217.9348727191938	4.491804254460744	0.9990317605149915	49.564351210342274	240.73292821147882	-0.24108125235474953
3.5067826086956524	3.060200668896321	2.803291895529729	0.000022446225991509318	1.5591616307609761	0.9985262729081322	3.3013224198258957	0.003469443383230879	9.138689318307561	218.22225310411122	4.491889713435703	0.9990397287812688	49.60625645006824	240.7417449517566	-0.24141095959449071
3.510997491638796	3.060200668896321	2.8033249285201767	0.000021917579653601658	1.559166191800995	0.9985461361123019	3.3015646836685675	0.0034130130354947104	9.13806231923119	218.50937499891972	4.491974588942733	0.9990476223633742	49.64814083954034	240.75049610805576	-0.24173539274959677
3.5152123745819397	3.060200668896321	2.803357505769463	0.00002140143825195526	1.5591707726519943	0.9985657237820768	3.301803425149213	0.0033575433661320255	9.13744506041897	218.79624249400175	4.492058885526785	0.9990554421037943	49.69000442215316	240.75918223815196	-0.2420546384244726
3.5194272575250833	3.060200668896321	2.8033896346894314	0.000020897503848732064	1.5591753722447588	0.9985850399498061	3.3020386998746467	0.0033030168592280383	9.136837380817408	219.0828596060948	4.4921426076827995	0.9990631888330868	49.73184724080298	240.7678038933476	-0.24236878171489304
3.5236421404682274	3.060200668896321	2.803421322555672	0.000020405485689783377	1.559179989534489	0.998604088583112	3.3022705624724193	0.003249416349882319	9.136239122318516	219.36923027983806	4.492225759856594	0.9990708633700912	49.77366933790131	240.77636161858572	-0.2426779062364836
3.5278570234113715	3.060200668896321	2.8034525765102805	0.000019925100028009418	1.5591846235002953	0.9986228735860837	3.3024990666105833	0.0031967250163130313	9.135650129698796	219.65535838928378	4.492308346445667	0.999078466522137	49.81547075538727	240.78485595255438	-0.24298209415275857
3.532071906354515	3.060200668896321	2.8034834035645515	0.000019456069951204732	1.5591892731447052	0.9986413988004462	3.302724265016987	0.003144926372162106	9.135070250559519	219.94124773936971	4.492390371800056	0.9990859990852458	49.85725153474046	240.79328742779694	-0.2432814262024599
3.536286789297659	3.060200668896321	2.8035138106016118	0.000018998125214263695	1.5591939374931787	0.9986596680067017	3.3029462094981055	0.0030940042589954636	9.134499335268462	220.2269020673549	4.492471840223072	0.9990934618443297	49.8990117169925	240.80165657080863	-0.24357598172641406
3.5405016722408025	3.060200668896321	2.8035438043790077	0.000018551002075636178	1.5591986155936381	0.9986776849252476	3.3031649509574708	0.0030439428389932074	9.133937236903062	220.51232504422364	4.492552755972142	0.9991008555733857	49.94075134273928	240.80996390214364	-0.24386583869380402
3.5447165551839466	3.060200668896321	2.8035733915312133	0.000018114443137916386	1.5592033065160016	0.9986954532174694	3.3033805394136304	0.00299472658782379	9.133383811194763	220.79752027605065	4.492633123259501	0.999108181035686	49.98247045215173	240.81820993650666	-0.24415107372788797
3.54893143812709	3.060200668896321	2.8036025785721206	0.000017688197192456456	1.5592080093517406	0.998712976486812	3.3035930240177485	0.0029463402876972484	9.132838916474812	221.08249130533886	4.492712946253028	0.9991154389839639	50.02416908498771	240.82639518285947	-0.24443176213119314
3.5531463210702343	3.060200668896321	2.803631371897426	0.00001727201906790039	1.559212723213425	0.9987302582798254	3.3038024530707433	0.0028987690205925717	9.132302413621197	221.36724161231984	4.492792229076871	0.9991226301605964	50.06584728060188	240.834520144503	-0.24470797791023083
3.557361204013378	3.060200668896321	2.803659777787016	0.000016865669482531074	1.5592174472343001	0.9987473020871891	3.3040088740400817	0.0028519981616539816	9.13177416600688	221.6517746162261	4.492870975812237	0.9991297552977819	50.107505077956844	240.84258531917973	-0.24497979379963583
3.5615760869565216	3.060200668896321	2.803687802407261	0.000016468914900333653	1.5592221805678603	0.9987641113447158	3.304212333576164	0.002806013372751658	9.131254039449193	221.93609367653258	4.49294919049806	0.9991368151177157	50.14914251563311	240.85059119915942	-0.24524728128587453
3.5657909698996653	3.060200668896321	2.803715451813288	0.000016081527390675074	1.5592269223874367	0.9987806894343328	3.304412877528354	0.0027608005962020048	9.13074190216042	222.22020209416775	4.493026877131697	0.9991438103327607	50.19075963183902	240.85853827132988	-0.24551051063040663
3.5700058528428094	3.060200668896321	2.803742731951183	0.000015703284491505862	1.5592316718857875	0.998797039685042	3.304610550960625	0.0027163460486434787	9.13023762469951	222.50410311269664	4.493104039669575	0.999150741645615	50.232356464420285	240.86642701728132	-0.24576955089246869
3.5742207357859535	3.060200668896321	2.80376964866016	0.0000153339690759925	1.5592364282747075	0.998813165373861	3.3048053981668777	0.0026726362150631443	9.129741079924871	222.78779991947567	4.4931806820278775	0.9991576097494762	50.27393305086958	240.87425791339408	-0.24602446995126834
3.578435618729097	3.060200668896321	2.8037962076746816	0.00001497336922248815	1.5592411907846393	0.9988290697267446	3.3049974626859018	0.002629657842970137	9.129252142948305	223.07129564678127	4.493256808083176	0.9991644153282021	50.31548942833553	240.88203143092176	-0.24627533452782963
3.5826505016722408	3.060200668896321	2.8038224146265214	0.000014621278087758358	1.559245958664289	0.9988447559194855	3.3051867873159924	0.002587397936711737	9.128770691089912	223.35459337290945	4.49333242167304	0.9991711590564679	50.357025633631565	240.88974803607002	-0.24652221020636284
3.5868653846153844	3.060200668896321	2.8038482750467932	0.000014277493783373808	1.559250731180255	0.9988602270785976	3.3053734141292512	0.0025458437519283055	9.128296603834059	223.6376961232522	4.493407526596648	0.9991778415999205	50.39854170324431	240.8974081900761	-0.24676516145518487
3.5910802675585285	3.060200668896321	2.8038737943679455	0.000013941819255187755	1.559255507616672	0.9988754862821813	3.3055573844855872	0.0025049827901431733	9.127829762786394	223.92060687134938	4.493482126615432	0.99918446361533	50.44003767334247	240.90501234929175	-0.24700425164724094
3.595295150501672	3.060200668896321	2.8038989779256926	0.000013614062165821782	1.5592602872748464	0.9988905365607692	3.3057387390463657	0.0024648027934838458	9.127370051631726	224.20332853991232	4.493556225453624	0.999191025750737	50.48151357978453	240.912560965255	-0.24723954308018503
3.5995100334448162	3.060200668896321	2.8039238309609207	0.000013294034780075208	1.5592650694729129	0.9989053808981571	3.3059175177877957	0.0024252917395307812	9.126917356092951	224.4858640018288	4.493629826798865	0.9991975286455986	50.52296945812704	240.92005448476903	-0.24747109699607883
3.60372491638796	3.060200668896321	2.8039483586215375	0.000012981553853190923	1.5592698535454863	0.9989200222322147	3.3060937600139857	0.0023864378362905767	9.126471563890837	224.76821608113994	4.4937029343027195	0.9992039729309297	50.564405343631755	240.92749334996918	-0.24769897360071036
3.6079397993311035	3.060200668896321	2.8039725659643033	0.00001267644052189451	1.559274638843336	0.998934463455683	3.3062675043697527	0.002348229517289816	9.126032564704758	225.05038755399934	4.49377555158128	0.9992103592294423	50.60582127127369	240.93487799840142	-0.24792323208248127
3.612154682274247	3.060200668896321	2.8039964579566172	0.000012378520198142782	1.5592794247330586	0.9989487074169541	3.3064387888531286	0.0023106554367866455	9.125600250134287	225.33238114960793	4.4938476822157165	0.999216688155683	50.64721727574844	240.94220886309333	-0.24814393063092405
3.6163695652173913	3.060200668896321	2.804020039478236	0.000012087622465508347	1.5592842105967453	0.9989627569208341	3.306607650827567	0.0022737044650967086	9.125174513661594	225.61419955112493	4.493919329752728	0.9992229603161652	50.6885933914785	240.94948637261393	-0.24836112645491523
3.6205844481605354	3.060200668896321	2.804043315323005	0.000011803580978132123	1.5592889958316813	0.9989766147292926	3.3067741270339517	0.0022373656840303964	9.124755250614788	225.89584539656465	4.493990497705146	0.9992291763095016	50.72994965262097	240.9567109511516	-0.24857487580042123
3.624799331103679	3.060200668896321	2.8040662902005193	0.000011526233362178913	1.5592937798500328	0.9989902835621965	3.3069382536022784	0.0022016283824384995	9.124342358131972	226.17732127966661	4.4940611895523945	0.9992353367265319	50.77128609307374	240.96388301857394	-0.24878523396798594
3.6290142140468227	3.060200668896321	2.8040889687377613	0.000011255421119731409	1.5592985620785493	0.9990037660980281	3.3071000660631285	0.0021664820518633113	9.123935735126153	226.4586297507505	4.4941314087410245	0.9992414421504487	50.812602746482426	240.9710029904971	-0.24899225532979086
3.6332290969899663	3.060200668896321	2.80411135548069	0.00001099098953506093	1.5593033419582594	0.9990170649745906	3.3072595993588534	0.00213191638229236	9.12353528225085	226.7397733175475	4.494201158685136	0.9992474931569219	50.85389964624598	240.97807127834227	-0.24919599334644912
3.6374439799331104	3.060200668896321	2.8041334548958305	0.000010732787583211772	1.5593081189441973	0.9990301827896985	3.3074168878545875	0.0020979212580120848	9.12314090186662	227.02075444601982	4.4942704427669495	0.9992534903142184	50.89517682552375	240.98508828940803	-0.24939650058342372
3.641658862876254	3.060200668896321	2.804155271371789	0.000010480667840843433	1.5593128925051067	0.9990431221018538	3.3075719653489366	0.0020644867535588507	9.122752498008078	227.30157556115347	4.4943392643371975	0.9992594341833222	50.9364343172408	240.99205442692283	-0.24959382872710736
3.645873745819398	3.060200668896321	2.8041768092207593	0.000010234486399270112	1.5593176621231695	0.9990558854309112	3.3077248650845084	0.0020316031297645874	9.122369976351871	227.58223904774036	4.4944076267156055	0.9992653253180496	50.97767215409378	240.99897009010752	-0.24978802860066535
3.650088628762542	3.060200668896321	2.8041980726800015	9.994102779642982e-6	1.559322427293735	0.9990684752587277	3.3078756197581973	0.0019992608298947086	9.121993244185195	227.86274725114055	4.4944755331913715	0.999271164265164	51.01889036855706	241.00583567423757	-0.249979150179448
3.6543035117056855	3.060200668896321	2.8042190659132666	9.759379850220996e-6	1.55932718752505	0.9990808940298008	3.308024261531225	0.001967450475875885	9.121622210375051	228.14310247802518	4.494542987023539	0.9992769515644878	51.0600889928874	241.01265157069247	-0.2501672426062226
3.658518394648829	3.060200668896321	2.8042397930122176	9.530183745675783e-6	1.5593319423379992	0.9990931441518937	3.308170822039014	0.0019361628646111784	9.121256785338177	228.42330699710797	4.494609991441485	0.9992826877490119	51.101268059129936	241.01941816701864	-0.2503523542060117
3.662733277591973	3.060200668896321	2.8042602579978144	9.306383788379835e-6	1.5593366912658573	0.9991052279966488	3.3083153324008303	0.001905388964380445	9.120896881011632	228.7033630398582	4.494676549645344	0.9992883733450031	51.142427599123344	241.0261358469851	-0.25053453250068003
3.6669481605351173	3.060200668896321	2.80428046482165	9.087852411628805e-6	1.5593414338540281	0.9991171479001899	3.308457823229213	0.001875119911323642	9.120542410823969	228.98327280119662	4.4947426648063775	0.9992940088721105	51.183567644504464	241.03280499063231	-0.2507138242232656
3.671163043478261	3.060200668896321	2.8043004173672825	8.874465084746668e-6	1.5593461696598028	0.999128906163711	3.308598324639221	0.0018453470060050491	9.12019328966707	229.26303844017835	4.494808340067408	0.9992995948434682	51.22468822671349	241.03942597432845	-0.25089027533197245
3.6753779264214046	3.060200668896321	2.8043201194515346	8.666100240027577e-6	1.5593508982521256	0.9991405050540558	3.3087368662574916	0.001816061710056141	9.119849433868577	229.54266208066093	4.494873578543222	0.9993051317657975	51.26578937699873	241.0459991708222	-0.2510639310239271
3.6795928093645482	3.060200668896321	2.8043395748257502	8.462639201468419e-6	1.5593556192113458	0.9991519468042842	3.3088734772310873	0.0017872556428951316	9.1195107611649	229.8221458119566	4.494938383320922	0.9993106201395061	51.30687112642095	241.0525249492889	-0.25123483574869604
3.6838076923076923	3.060200668896321	2.804358787177058	8.263966115245092e-6	1.5593603321290028	0.9991632336142299	3.309008186236197	0.0017589205785214133	9.119177190674822	230.10149168947254	4.495002757460373	0.9993160604587862	51.347933505858464	241.05900367538914	-0.2514030332214369
3.688022575250836	3.060200668896321	2.804377760129569	8.069967881891188e-6	1.5593650366075886	0.9991743676510464	3.3091410214866146	0.0017310484423826886	9.118848642873626	230.38070173533458	4.495066703994518	0.9993214532117101	51.38897654601088	241.0654357113095	-0.25156856643592795
3.69223745819398	3.060200668896321	2.804396497245576	7.880534090133618e-6	1.5593697322603268	0.9991853510497419	3.309272010742069	0.001703631308313051	9.118525039567817	230.6597779390002	4.495130225929757	0.9993267988803247	51.430000277403614	241.07182141581356	-0.2517314776772812
3.6964523411371237	3.060200668896321	2.8044150020267233	7.695556952345374e-6	1.55937441871096	0.9991961859137061	3.3094011813163826	0.0016766613955403846	9.118206303870359	230.93872225785734	4.495193326246319	0.9993320979407437	51.471004730391954	241.0781611442893	-0.25189180853439097
3.7006672240802674	3.060200668896321	2.804433277915152	7.514931241573679e-6	1.5593790955935358	0.9992068743152254	3.3095285600854507	0.0016501310657609824	9.117892360176402	231.21753661781025	4.495256007898622	0.9993373508632382	51.511989935165275	241.08445524879664	-0.2520495999121603
3.704882107023411	3.060200668896321	2.8044513282946117	7.338554230105211e-6	1.5593837625521947	0.9992174182959883	3.309654173495069	0.001624032820279987	9.11758313413959	231.49622291385379	4.495318273815588	0.9993425581123253	51.55295592175067	241.09070407811	-0.2522048920435438
3.709096989966555	3.060200668896321	2.804469156491569	7.166325629528412e-6	1.5593884192409693	0.999227819867584	3.3097780475685923	0.0015983592972158606	9.117278552648786	231.77478301063462	4.495380126901012	0.9993477201468562	51.593902720016885	241.09690797776474	-0.25235772450126975
3.713311872909699	3.060200668896321	2.8044867657762715	6.998147532257177e-6	1.5593930653235804	0.9992380810119875	3.3099002079144437	0.0015731032687672849	9.116978543805347	232.05321874300117	4.495441570033869	0.9993528374201013	51.634830359677885	241.10306729009892	-0.252508136209418
3.717526755852843	3.060200668896321	2.8045041593638067	6.83392435447728e-6	1.559397700473241	0.9992482036820397	3.3100206797334684	0.0015482576385409128	9.116683036900817	232.33153191654162	4.4955026060686505	0.9993579103798341	51.67573887029648	241.10918235429787	-0.25265616545472536
3.7217416387959865	3.060200668896321	2.8045213404151363	6.673562780481927e-6	1.5594023243724673	0.9992581898019156	3.31013948782615	0.0015238154389384671	9.116391962395166	232.60972430811228	4.495563237835691	0.9993629394684146	51.716628281287896	241.11525350643555	-0.2528018498977131
3.72595652173913	3.060200668896321	2.8045383120380976	6.516971708361133e-6	1.5594069367128829	0.9992680412675867	3.310256656599661	0.0014997698286017933	9.11610525189537	232.8877976663524	4.495623468141464	0.9993679251228693	51.75749862192296	241.1212810795149	-0.25294522658356433
3.7301714046822743	3.060200668896321	2.8045550772884047	6.364062197010184e-6	1.5594115371950397	0.9992777599472717	3.3103722100747923	0.0014761140899142296	9.115822838134525	233.1657537121905	4.4956832997689125	0.9993728677749717	51.798349921331635	241.12726540351045	-0.25308633195282604
3.734386287625418	3.060200668896321	2.804571639170614	6.214747414426318e-6	1.559416125528235	0.9992873476818818	3.3104861718927365	0.001452841626557126	9.11554465495137	233.4435941393391	4.49574273547773	0.9993777678513196	51.839182208505996	241.13320680540613	-0.25322520185191055
3.738601170568562	3.060200668896321	2.8045880006390584	6.0689425872600874e-6	1.5594207014303232	0.999296806285456	3.310598565321712	0.0014299459611199648	9.115270637270156	233.72132061477788	4.495801778004631	0.9993826257734125	51.87999551230303	241.13910560923088	-0.2533618715433885
3.7428160535117057	3.060200668896321	2.804604164598813	5.926564951589958e-6	1.5594252646275606	0.9993061375455898	3.3107094132635186	0.0014074207327628733	9.115000721081072	233.99893477923203	4.495860430063722	0.9993874419577266	51.92078986144856	241.14496213610605	-0.25349637571603717
3.7470309364548493	3.060200668896321	2.8046201339065755	5.787533704891514e-6	1.5594298148544146	0.999315343223855	3.310818738259886	0.0013852596949301928	9.11473484342094	234.2764382476341	4.495918694346693	0.9993922168157883	51.961565284539134	241.15077670427308	-0.2536287484948401
3.751245819397993	3.060200668896321	2.804635911371577	5.651769959170053e-6	1.5594343518534097	0.9993244250562127	3.3109265624987603	0.0013634567131138953	9.11447294235437	234.55383260958166	4.4959765735231665	0.9993969507542477	52.002321810045615	241.15654962913743	-0.25375902345062107
3.755460702341137	3.060200668896321	2.8046514997564493	5.519196695228473e-6	1.5594388753749526	0.9993333847534184	3.311032907820414	0.0013420057626655677	9.114214956955262	234.831119429782	4.496034070240917	0.9994016441749495	52.04305946631536	241.16228122329872	-0.2538872336096408
3.759675585284281	3.060200668896321	2.8046669017780936	5.389738718041742e-6	1.5594433851771785	0.9993422240014198	3.31113779572349	0.001320900926655844	9.113960827288745	235.10830024849136	4.496091187126191	0.9994062974750026	52.08377828157546	241.1679717965925	-0.25401341146293493
3.763890468227425	3.060200668896321	2.8046821201085073	5.263322613211774e-6	1.5594478810257864	0.9993509444617485	3.311241247370872	0.0013001363937801633	9.113710494393384	235.38537658194124	4.496147926783918	0.9994109110468501	52.12447828393477	241.1736216561186	-0.2541375889755099
3.7681053511705684	3.060200668896321	2.8046971573756165	5.13987670447442e-6	1.5594523626938839	0.999359547771903	3.311343283595481	0.0012797064563095336	9.11346390026385	235.66234992275957	4.496204291797987	0.9994154852783352	52.16515950138666	241.17923110627805	-0.2542597975953838
3.772320234113712	3.060200668896321	2.804712016164095	5.019331012233785e-6	1.5594568299618454	0.9993680355457258	3.311443924905957	0.001259605508085488	9.113220987833875	235.93922174038318	4.496260284731555	0.9994200205527692	52.20582196181192	241.18480044881136	-0.25438006826236176
3.776535117056856	3.060200668896321	2.8047266990161264	4.901617213098588e-6	1.5594612826171446	0.9993764093737747	3.311543191492184	0.0012398280425580366	9.112981700959525	236.21599348145745	4.496315908127192	0.9994245172489958	52.246465692980216	241.19032998282154	-0.25449843141680795
3.78075	3.060200668896321	2.8047412084322128	4.7866686003944555e-6	1.5594657204542244	0.9993846708236854	3.31164110323078	0.0012203686508655133	9.11274598440292	236.49266657023577	4.496371164507215	0.9994289757414554	52.287090722553195	241.19582000481546	-0.25461491700812283