3.081079431438127	1.	4.85657987067062	1.388443611322483e-9	4.77449068175115	0.9999999981108099	6.195117773784793	0.00003311036324550044	12.769645308522797	429.0318918209882	13.784575817962782	0.9999867859051458	96.20597842215193	241.95734105004902	2.9006825239910015
3.081079431438127	1.0367892976588629	4.768350458665881	2.3490899116734054e-9	4.605053863928627	0.9999999955528485	6.072256657423609	0.00004237345542308208	12.636130728693217	418.22421088925	13.295174753184764	0.9999824588964116	93.99444820789516	241.9534015325936	2.788703261907918
3.081079431438127	1.0735785953177257	4.684897366950861	3.86133496071311e-9	4.447225543823496	0.9999999901662977	5.955829202001348	0.00005357681351909746	12.507833086710546	408.02603736710154	12.839260482667108	0.9999771787395807	91.90240832936928	241.9482158065678	2.682139041265196
3.081079431438127	1.1103678929765886	4.605809276717531	6.1819513073330824e-9	4.299851479957596	0.99999997944374	5.845303500522912	0.000066995529869075	12.384449863458796	398.3855875217387	12.413499660432176	0.9999708419391004	89.91965340096058	241.94158427797197	2.5804444029049627
3.081079431438127	1.1471571906354514	4.530722087428845	9.661021923827771e-9	4.1619255185319535	0.9999999591523397	5.740206059561171	0.00008292499313467803	12.265700659520931	389.25679564258087	12.014986993811313	0.9999633498735563	88.0371479357293	241.93330983236334	2.4831547250284873
3.081079431438127	1.1839464882943145	4.459312245309611	1.476665085394835e-8	4.032566588280004	0.9999999224668056	5.640113831422339	0.00010168082796563697	12.151325653042116	380.5985423888936	11.641178806852418	0.9999546102885113	86.24686103856025	241.92320210040378	2.389870761963783
3.081079431438127	1.2207357859531773	4.391291180846836	2.211373609223142e-8	3.910999853633373	0.9999998588274398	5.544647531793403	0.0001235988144379398	12.041084093076295	372.37400498928116	11.28983859858341	0.9999445384915435	84.54162871954176	241.91108125881837	2.3002467763128696
3.081079431438127	1.2575250836120402	4.326400644520733	3.249698996673188e-8	3.7965411748574738	0.9999997524967208	5.453466004633089	0.000149034802489679	11.934752856704634	364.55010736595557	10.958992141047315	0.9999330582505268	82.91503851609413	241.8967812975273	2.2139812958650444
3.081079431438127	1.294314381270903	4.264408774875369	4.6928336585781275e-8	3.6885842174890184	0.9999995808029292	5.366261445693585	0.0001783646355457463	11.83212508617263	357.0970526670636	10.646890220787348	0.9999201024088558	81.36133226153378	241.88015272412736	2.1308098205090253
3.081079431438127	1.3311036789297659	4.205106767378552	6.667875847523828e-8	3.5865896988776873	0.9999993120775407	5.282755334257177	0.00021198409643446243	11.73300891419909	349.9879241233205	10.351977546999615	0.9999056132402026	79.87532371288528	241.8610647083784	2.050499000068579
3.081079431438127	1.3678929765886287	4.148306039010616	9.332460722758539e-8	3.490076369860152	0.9999989033128135	5.2026949523059125	0.0002503088876001318	11.637226280226294	343.19834283619593	10.072866667369532	0.9998895425710043	78.45232842256488	241.8394066917258	1.9728419370456423
3.081079431438127	1.4046822742474916	4.093835804118533	1.287983374312445e-7	3.3986134138097817	0.9999982975855187	5.125850393509508	0.0002937746565433002	11.544611836863009	336.7061732286878	9.808315975368595	0.999871851701827	77.08810375835543	241.81508950161802	1.8976543604464484
3.081079431438127	1.4414715719063544	4.0415409932049275	1.754435707401268e-7	3.3118140101500866	0.9999974213102937	5.052011982657837	0.00034283707640676126	11.455011943538478	330.4912685765559	9.557211079702041	0.9998525111595812	75.77879738126815	241.78804601872142	1.824771481841156
3.081079431438127	1.4782608695652173	3.991280459046807	2.360743488229293e-7	3.2293298597199063	0.9999961814003071	4.980988040624184	0.0003979719906951255	11.368283743032341	324.5352503857746	9.31854895159601	0.9998315003118445	74.52090280897536	241.75823144841445	1.7540453913204737
3.081079431438127	1.5150501672240804	3.9429254246439616	3.140383910018483e-7	3.150846508671863	0.9999944624226935	4.912602941484287	0.0004596756302880639	11.284294315797288	318.821316465439	9.091424378907249	0.9998088068727154	73.31122094399419	241.72562324787373	1.6853428847894774
3.081079431438127	1.5518394648829432	3.8963581355711976	4.132841353333948e-7	3.0760793384871676	0.9999921238409424	4.846695417679231	0.000528464910196766	11.202919906651314	313.3340734209554	8.875018345158106	0.9997844263270815	72.14682664594618	241.69022075750132	1.6185436388915557
3.081079431438127	1.588628762541806	3.851470685799461	5.384313111841996e-7	3.004770114149665	0.9999889974360072	4.783117076591714	0.0006048778129287981	11.124045218351966	308.0593900038239	8.668588022161806	0.999758361297235	71.02503958755607	241.65204458162907	1.5535386683660775
3.081079431438127	1.625418060200669	3.808163991298274	6.948447673290963e-7	2.9366840020027807	0.9999848849926092	4.721731097980622	0.0006894738648741658	11.047562766680333	302.98426833524775	8.471458121112795	0.9997306208726549	69.9433987632862	241.6111357589684	1.4902290145871175
3.081079431438127	1.6622073578595318	3.766346889997097	8.887112624232016e-7	2.8716069844211907	0.9999795563276257	4.662411086679259	0.0007828347118063329	10.973372291892714	298.0967304974605	8.283013392057144	0.9997012199206594	68.89964012429687	241.5675547587851	1.428524624645226
3.081079431438127	1.6989966555183946	3.7259353501672767	1.127118914437723e-6	2.8093436110058208	0.9999727477244853	4.605040059032253	0.0008855647994055722	10.901380221696193	293.3857183794486	8.102692097945864	0.9996701783926584	67.89167689886429	241.5213803345041	1.3683433884936935
3.081079431438127	1.7357859531772575	3.6868517721461784	1.4181390022721509e-6	2.749715036200603	0.9999641608220726	4.549509544901032	0.0009982921646541664	10.83149918123911	288.84100498882555	7.929980318864861	0.9996375206379591	66.91758222743641	241.4727082626699	1.3096103080110233
3.081079431438127	1.7725752508361203	3.6490243706830032	1.7709098161645708e-6	2.692557301528306	0.9999534619898376	4.4957187898453315	0.0011216693440187712	10.763647545956758	284.4531157117003	7.764406965957787	0.9996032747345802	65.97557379921408	241.4216499919627	1.252256776784243
3.081079431438127	1.8093645484949832	3.6123866271378646	2.1957222635611813e-6	2.6377198274347067	0.9999402822035658	4.443574044396965	0.0012563744045177112	10.69774903346083	280.2132582275893	7.605539404119254	0.9995674718442985	65.06400022490455	241.3683312242129	1.1962199533236655
3.081079431438127	1.8461538461538463	3.576876802388354	2.7041069535732217e-6	2.5850640853149787	0.9999242174194458	4.392987929268792	0.0014031121040630622	10.633732330999143	276.11325997487995	7.4529795986043075	0.999530145597219	64.18132892000246	241.31289044717693	1.1414422135234508
3.081079431438127	1.882943143812709	3.5424375026511914	3.3089225058088445e-6	2.534462424907574	0.9999048294284608	4.3438788669547295	0.0015626151878614847	10.571530755332631	272.14551222052825	7.306360713951458	0.9994913315095078	63.32613530608431	241.2554774369557	1.087870670664832
3.081079431438127	1.919732441471572	3.5090152915595185	4.024444857946789e-6	2.485797036064062	0.9998816471591722	4.296170571531855	0.0017356458281460832	10.511081942176494	268.3029199208644	7.165344104590683	0.9994510664365325	62.497093165361036	241.1962517464396	1.0354567532578798
3.081079431438127	1.9565217391304348	3.476560342787652	4.8664573806255574e-6	2.4389590270846737	0.9998541683851696	4.249791589617376	0.0019229972150870843	10.452327562629433	264.57885667282966	7.029616645628679	0.9994093880625086	61.692966007064186	241.13538119485366	0.9841558326362607
3.081079431438127	1.9933110367892977	3.445026128316178	5.852341647741002e-6	2.3938476044652486	0.9998218617839093	4.204674886397754	0.002125495307385212	10.395213064267798	260.96712415014633	6.898888359911263	0.9993663344268154	60.91259932390913	241.07304037228297	0.933926893537458
3.081079431438127	2.0301003344481607	3.4143691381071077	7.0011687547362325e-6	2.3503693411258557	0.9997841692865406	4.160757471464897	0.002344000751780695	10.339687434812076	257.46191549974543	6.772890303831609	0.9993219434864052	60.154913633523215	241.00940917202243	0.8847322419793267
3.081079431438127	2.0668896321070234	3.3845486275316587	8.33379112659949e-6	2.3084375220594042	0.9997405086534983	4.117980059888304	0.0025794109815077213	10.285702986479969	254.05778224249048	6.651372679699216	0.9992762527131502	59.418898213828555	240.94467136246567	0.8365372456300056
3.081079431438127	2.1036789297658864	3.3555263893801124	9.87293481068644e-6	2.2679715579119044	0.9996902762079953	4.076286764543507	0.0028326625045817623	10.233215159326663	250.74960428089003	6.534103146990261	0.9992292987245361	58.703605453378714	240.87901320926576	0.7893101026000289
3.081079431438127	2.140468227424749	3.327266547697234	0.000011643292306825992	2.228896458333875	0.9996328496588837	4.035624816221623	0.003104733393718233	10.182182342038537	247.5325626665934	6.4208653086050145	0.9991811169457948	58.008145747871225	240.81262215734043	0.7430216351908532
3.081079431438127	2.177257525083612	3.2997353710405903	0.00001367161604808381	2.1911423580660956	0.999567590945383	3.995944308476988	0.0033966459906383437	10.13256570879384	244.40211482342934	6.311457351484724	0.9991317413013461	57.331682882812785	240.74568558126504	0.6976451056378195
3.081079431438127	2.2140468227424748	3.2729011030615807	0.000015986812709745017	2.154644089675605	0.9994938490386317	3.9571979645404136	0.0037094698385109026	10.084329070933963	241.35397195863777	6.205690823681445	0.9990812039332833	56.67342984980565	240.67838961142508	0.6531560513046876
3.081079431438127	2.250836120401338	3.2467338085685773	0.000018620038591213556	2.1193407976674496	0.9994109626386194	3.9193409239443207	0.00404432485729586	10.037438742302495	238.38407842669596	6.103389532311195	0.9990295349445613	56.03264505036471	240.61091804216383	0.6095321371370168
3.081079431438127	2.2876254180602005	3.221205233455074	0.000021604796385339942	2.085175589387345	0.9993182627095331	3.88233054678152	0.004402384777778824	9.991863417209208	235.48859283759452	6.004388548818839	0.9989767621645265	55.408628846727865	240.54345132706976	0.5667530234744623
3.081079431438127	2.3244147157190636	3.1962886770682073	0.000024977033721965966	2.052095218718729	0.9992150748016174	3.8461262337572286	0.004784880851095633	9.947574060060939	232.6638707251231	5.908533309694524	0.9989229109344467	54.8007204239094	240.47616566537906	0.524800247566698
3.081079431438127	2.3612040133779266	3.1719588757597528	0.000028775243946992376	2.020049799081143	0.999100721113122	3.8106892604010256	0.005193105851513009	9.904543805774152	229.90644861134604	5.815678802253322	0.9988680039107526	54.20829493140023	240.40923218243404	0.4836571173425964
3.081079431438127	2.3979933110367893	3.1481918965062317	0.00003304056967490686	1.9889925426683372	0.9989745222515375	3.7759826239858154	0.005628418391117814	9.862747870143998	227.2130293213833	5.725688826357379	0.9988120608837774	53.63076087652094	240.34281620608448	0.4433086161525536
3.081079431438127	2.4347826086956523	3.124965039610603	0.0000378169097313404	1.9588795232353453	0.9988357986589753	3.7419709018591116	0.006092247565823951	9.8221634693925	224.58046841829358	5.638435324055559	0.9987550986098819	53.06755774457286	240.27707663998103	0.4037413173457848
3.081079431438127	2.471571906354515	3.1022567496078417	0.00004315103018277644	1.9296694600631519	0.9986838716720541	3.7086201200313034	0.006586097952669177	9.782769748154148	222.0057616416131	5.553797770064328	0.9986971306549609	52.51815382367303	240.21216543382013	0.36494330766081357
3.081079431438127	2.508361204013378	3.08004653359296	0.00004909268023298946	1.9013235210054795	0.9985180641919229	3.675897630989405	0.007111554978658516	9.744547715180426	219.486033245244	5.471662616837698	0.9986381672474527	51.982044214557774	240.14822714981162	0.32690411850199674
3.081079431438127	2.5451505016722407	3.0583148862747263	0.00005569471385007435	1.8738051427611129	0.9983377009449972	3.6437719998157103	0.007670290681310449	9.70748018605476	217.01852514116902	5.391922788691663	0.9985782151391097	51.45874900775108	240.0853986239718	0.2896146642501108
3.081079431438127	2.5819397993311037	3.037043221133067	0.00006301321807403026	1.8470798667225787	0.9981421083195201	3.612212897791137	0.008264069880436138	9.671551732204971	214.60058676510724	5.314477220074459	0.9985172774719371	50.94781161234892	240.02380872023923	0.2530671868123406
3.081079431438127	2.6187290969899664	3.0162138071245197	0.00007110764904262347	1.8211151889326842	0.9979306137672032	3.5811910027553835	0.00889475677935606	9.636748635480403	212.22966558896243	5.239230433621858	0.998455353649859	50.44879722231439	239.96357817495513	0.2172552056578387
3.081079431438127	2.6555183946488294	2.9958097104392882	0.00008004097686250422	1.7958804228381604	0.9977025447628685	3.550677905582121	0.00956432201150502	9.603058847522805	209.90329821290726	5.166092154117031	0.9983924392138536	49.961291407634974	239.9048195288852	0.18217347261043382
3.081079431438127	2.6923076923076925	2.9758147408665563	0.00008987984054285614	1.7713465736678724	0.9974572273182882	3.5206460222096614	0.010274850144913097	9.570471953102185	207.619101977417	5.094976954896596	0.9983285257194755	49.48489881898859	239.84763714370922	0.14781793067958718
3.081079431438127	2.729096989966555	2.956213402372684	0.00010069471429962785	1.7474862233844835	0.9971939840492482	3.4910685107477013	0.011028547652018087	9.538979136506882	205.37476704266217	5.025803933616303	0.9982636006159077	49.019241995722126	239.79212729976757	0.11418567620519297
3.081079431438127	2.765886287625418	2.9369908475405455	0.00011256008662856262	1.7242734252654026	0.996912131797361	3.4619191932611275	0.011827751345214221	9.508573149968294	203.16804888961616	4.958496414617887	0.9981976471259083	48.56396026798286	239.73837837180824	0.08127492356997984
3.081079431438127	2.802675585284281	2.9181328355585063	0.00012555465363328768	1.7016836072634942	0.9966109788103429	3.4331724819148457	0.012674937268915986	9.479248282959963	200.9967612042082	4.89298167542933	0.9981306441263001	48.118708744779134	239.68647107959097	0.04908497169490248
3.081079431438127	2.839464882943144	2.8996256934845204	0.00013976152817858064	1.679693483381598	0.9962898214864522	3.404803309251042	0.01357273002601512	9.451000331031668	198.85876911305613	4.829190695187241	0.9980625660289556	47.683157380584035	239.63647881029976	0.017616171475978114
3.081079431438127	2.8762541806020065	2.8814562805460047	0.00015526846651519788	1.6582809723694663	0.9959479406907001	3.3767870624661254	0.014523912499584074	9.42382656261808	196.7519827470557	4.767057922999363	0.9979933826626022	47.25699011386865	239.5884680100639	-0.013130106755144406
3.081079431438127	2.9130434782608696	2.8636119552691377	0.00017216811408738455	1.637425123117708	0.995584597652374	3.349099521660388	0.01553143590847824	9.397725681987435	194.67435111755347	4.706521064467558	0.9979230591561994	46.83990407164391	239.5424986421616	-0.043151506762600426
3.081079431438127	2.9498327759197323	2.846080545263281	0.00019055827228133156	1.617106046182338	0.9951990294556112	3.321716802154024	0.016598430106838803	9.372697786164094	192.62385629940815	4.647520884772982	0.9978515558251573	46.431608834734476	239.4986247099498	-0.07244472206697608
3.081079431438127	2.9866220735785953	2.828850319517391	0.0002105421878947371	1.597304850925937	0.9947904441373701	3.294615301101471	0.017728214000879053	9.34874431325843	190.59850792622936	4.5900010268861084	0.997778828062267	46.03182575909707	239.45689484302656	-0.1010055350198375
3.081079431438127	3.0234113712374584	2.8119099630961193	0.00023222886709424917	1.578003587808115	0.9943580154104696	3.267771648797016	0.018924305909918147	9.325867979160414	188.59633801593867	4.533907843608311	0.9977048262359471	45.640287349045344	239.41735294568028	-0.1288288607520904
3.081079431438127	3.060200668896321	2.7952485541543037	0.00025573341556553366	1.5591851953994225	0.9939008770337067	3.2411626652528067	0.020190433640306787	9.304072698990497	186.6153961599683	4.479190242280188	0.9976294955992632	45.25673667875633	239.38003890727805	-0.15590879766083346
3.081079431438127	3.096989966555184	2.7788555432194713	0.0002811774064339495	1.5408334517292142	0.993418116856754	3.214765322850509	0.02153054396823031	9.283363489044063	184.65374512739876	4.425799541105627	0.9975527762142068	44.8809268589086	239.3449893747525	-0.18223868633542048
3.081079431438127	3.1337792642140467	2.7627207347240406	0.00030868927732053775	1.5229329296100915	0.9929087705750633	3.188556716126177	0.0229488111376805	9.263746344211098	182.7094569567857	4.373689336143551	0.9974746028969169	44.512620545764065	239.31223858803125	-0.20781117908817548
3.081079431438127	3.17056856187291	2.7468342708007465	0.0003384047575736018	1.5054689556088061	0.99237181523978	3.162514040047611	0.02444964387027753	9.24522808499745	180.78060963379858	4.322815378108436	0.9973949051909377	44.15158949042302	239.2818192796443	-0.23261832254880835
3.081079431438127	3.2073578595317724	2.7311866173874195	0.0003704673262487818	1.4884275723567288	0.9918061625803051	3.136614578490026	0.026037690251201912	9.227816167328893	178.865284482778	4.2731354582008345	0.9973136073772335	43.79761412638999	239.25376364020812	-0.2566516560952195
3.081079431438127	3.2441471571906355	2.7157685527192723	0.000405028700764048	1.4717955039116235	0.9912106522131807	3.1108357050100266	0.027717839697653724	9.211518447301627	176.9615644352983	4.224609302257932	0.9972306285315362	43.45048319395942	239.22810435165485	-0.2799023292168372
3.081079431438127	3.280936454849498	2.7005711583176684	0.00044224935528873916	1.4555601238968037	0.9905840448310115	3.0851548984588857	0.029495221031166804	9.196342891994044	175.06753337913113	4.177198472573823	0.9971458826416792	43.109993400277226	239.20487569006505	-0.3023612412214997
3.081079431438127	3.317725752508361	2.685585812611775	0.00048229906679268596	1.4397094261532672	0.9899250154897382	3.0595497764559	0.03137519546243017	9.182297226436477	173.18127683647734	4.1308662767877635	0.9970592787998366	42.77594911422994	239.18411469943266	-0.32401920697432157
3.081079431438127	3.3545150501672243	2.6708041873516586	0.0005253574852354718	1.4242319976454583	0.9892321471421456	3.0339981502466062	0.033363343059276095	9.169388505952776	171.3008842703357	4.085577683278704	0.9969707214869749	42.4481620955684	239.16586243681553	-0.34486715255533545
3.081079431438127	3.391304347826087	2.656218246983712	0.0005716147225760084	1.4091169933612553	0.9885039246001622	3.0084781049696847	0.03546544101146743	9.157622602485844	169.42445337067477	4.041299242532312	0.996880110969211	42.1264512578375	239.15016528755055	-0.36489634478459804
3.081079431438127	3.42809364548495	2.6418202511576485	0.0006212719530973713	1.3943541129422012	0.9877387291479995	2.982968109806693	0.03768743174220896	9.147003593412055	167.55009672473312	3.9979990139652384	0.9967873438279641	41.810642464759525	239.13707634671198	-0.3840986584098181
3.081079431438127	3.4648829431438126	2.627602760511271	0.0006745420149671044	1.379933578770726	0.9869348340714411	2.9574471628219445	0.040035378666709316	9.13753304201852	165.67595132331908	3.955646497697197	0.9966923136474999	41.50056835964574	239.1266568592279	-0.4024668842815108
3.081079431438127	3.5016722408026757	2.613558645827331	0.0007316500000226962	1.365846115228296	0.9860904014135724	2.9318949754214514	0.04251540719474283	9.129209160630628	163.80019139008314	3.914212570756399	0.996594911884301	41.19606822716326	239.118977706034	-0.4199950809285475
3.081079431438127	3.5384615384615383	2.599681100565792	0.0007928338155861101	1.3520829288231315	0.985203480310429	2.9062922011409063	0.04513362846337918	9.122025850782524	161.92104503287388	3.873669427186839	0.9964950289420976	40.89698788630002	239.11412091701868	-0.4366789704455261
3.081079431438127	3.5752508361204014	2.585963656634542	0.0008583446988583855	1.3386356888708075	0.9842720072961139	2.8806207127515386	0.04789604333067586	9.115971620333944	160.03681519154694	3.833990521498157	0.996392555473709	40.60317961260069	239.11218118317274	-0.45251637735520817
3.081079431438127	3.612040133779264	2.5724002030619055	0.000928447661433978	1.3254965083989956	0.9832938089883725	2.8548639302562817	0.05080842444128679	9.11102838558417	158.1459052774563	3.795150514863076	0.9962873839252571	40.31450208664316	239.11326733038723	-0.4675077059613658
3.081079431438127	3.648829431438127	2.5589850069675624	0.0010034218391575028	1.3126579249435049	0.9822666075626061	2.8290072000296367	0.053876174785016516	9.107170177680368	156.2468497461184	3.7571252234273635	0.9961794103289825	40.03082036425165	239.11750370591432	-0.4816564475506469
3.081079431438127	3.68561872909699	2.5457127358931797	0.0010835607215307404	1.3001128809126605	0.9811880293830346	2.8030382219392593	0.057104162209958266	9.104361787218483	154.33834959526115	3.719891568060262	0.996068536337024	39.752005862105534	239.12503141628733	-0.4949697036141356
3.081079431438127	3.722408026755853	2.532578480158744	0.001169172235912012	1.2878547032280154	0.9800556170713236	2.7769475166463105	0.060496530913217335	9.10255739873521	152.4193124178196	3.6834275248493045	0.9959546714695909	39.4779363502613	239.1360093435978	-0.5074587051733225
3.081079431438127	3.759197324414716	2.5195777734790017	0.0012605786656550916	1.2758770820087821	0.9788668451436054	2.750728919421063	0.06405649306808002	9.101699286986518	150.48889615468414	3.647712075645358	0.9958377355269901	39.20849594080313	239.15061485709674	-0.5191393016754315
3.081079431438127	3.7959866220735785	2.5067066096504163	0.0013581163888799397	1.2641740481616992	0.9776191391285944	2.7243800799584155	0.067786106438031	9.10171666778714	148.54655509338076	3.6127251580073567	0.9957176610868701	38.94357505962774	239.16904413141702	-0.5300323864294473
3.081079431438127	3.8327759197324416	2.49396145276864	0.0014621354362681356	1.2527399498705338	0.9763098977929018	2.6979029403760717	0.071686046942034	9.102524814949858	146.59208598070947	3.578447613997228	0.9955943959779653	38.68307038661728	239.19151198398245	-0.5401642201857703
3.081079431438127	3.869565217391304	2.4813392382462265	0.0015729988821315726	1.2415694281482028	0.9749365177579937	2.6713041567393567	0.0757553883867281	9.10402456763023	144.62567142772366	3.544861137447876	0.9954679055931337	38.426884748634535	239.21825115524942	-0.5495666115132284
3.081079431438127	3.9063545150501673	2.4688373619666684	0.0016910821022231104	1.2306573918093136	0.9734964194265695	2.6445954243561234	0.07999140451528547	9.106102354529883	142.64791718880687	3.511948219575612	0.9953381748825861	38.17492695039216	239.24951097849555	-0.5582769135490195
3.081079431438127	3.94314381270903	2.456453655322524	0.0018167719525588235	1.2199989924224828	0.9719870727922464	2.6177936652319906	0.08438941054013076	9.108630848346959	140.65987952717487	3.4796920931272544	0.9952052098587337	37.92711153076417	239.28555542199825	-0.5663378028088458
3.081079431438127	3.979933110367893	2.4441863446952174	0.0019504659431219878	1.209589599981362	0.9704060214471442	2.5909210389378723	0.08894266176636191	9.111470332242398	138.66307888066186	3.4480766756161767	0.9950690384526971	37.68335843676481	239.32666053423492	-0.5737968178397265
3.081079431438127	4.016722408026756	2.4320339951307575	0.002092571495233796	1.1994247801570344	0.9687509029931568	2.56400474674103	0.09364232519791446	9.11447080927016	136.6594965339502	3.417086512569344	0.9949297105931509	37.44359261411647	239.37311137815288	-0.5807056534003459
3.081079431438127	4.053511705685619	2.419995439450295	0.0022435053780725405	1.1895002740293983	0.9670194641586844	2.5370766133143947	0.09847753584460414	9.11747481901499	134.6515520405927	3.3867067220216107	0.994787297431301	37.20774352149111	239.42519859660203	-0.5871192280929373
3.081079431438127	4.090301003344481	2.4080696956184786	0.002403693415621055	1.1798119811187018	0.9652095692483258	2.5101724495556956	0.10343554295774592	9.120320850857007	132.64206067129666	3.3569229416928916	0.9946418897072499	36.97574458409583	239.48321479864808	-0.5930945671357404
3.081079431438127	4.127090301003345	2.396255876622375	0.002573570539328612	1.1703559463465676	0.9633192010896772	2.4833312216095553	0.1085019432959357	9.122847171758858	130.63417202497283	3.3277212803175935	0.9944935953337831	36.7475326099222	239.54745098658762	-0.5986895634805757
3.081079431438127	4.1638795986622075	2.384553098123684	0.0027535812354695178	1.1611283512682213	0.961346454322486	2.4565940717312396	0.11366098992180858	9.124895831106251	128.63129285411097	3.2990882744382763	0.994342536351224	36.52304719728787	239.6181932489268	-0.6039616957958006
3.081079431438127	4.20066889632107	2.3729603895282696	0.002944180403388391	1.1521255095758662	0.9592895215968604	2.430003252572193	0.11889595737201684	9.126316577049591	126.63699880539838	3.2710108516383967	0.9941888454681942	36.30223016419541	239.69571992262797	-0.6089667878362903
3.081079431438127	4.237458193979933	2.3614766137780734	0.00314583460692399	1.143343866532184	0.9571466738908087	2.403601044903146	0.12418953865746434	9.126970424240971	124.65494086887536	3.2434763007205483	0.9940326624372295	36.08502502807878	239.7802993811747	-0.6137578890351473
3.081079431438127	4.274247491638796	2.3501004001675345	0.0033590236719351525	1.1347800017080374	0.954916236620013	2.377428728291212	0.12952424733763754	9.126732651284824	122.68875267927888	3.216472248813345	0.9938741305160049	35.871376559050994	239.87218854122906	-0.6183843415831377
3.081079431438127	4.311036789297659	2.338830093009294	0.003584242562495111	1.126430634211038	0.952596563432029	2.35152566522555	0.13488279910899723	9.12549507033597	120.74196439027557	3.189986644895654	0.9937133932358765	35.6612304218384	239.97163211052194	-0.6228910776016229
3.081079431438127	4.3478260869565215	2.327663717293136	0.0038220034592932666	1.1182926295209665	0.9501860095436647	2.325928543712002	0.1402484515010787	9.12316748913069	118.81792776959392	3.1640077488345923	0.9935505916469798	35.454532912639266	240.07886253442842	-0.6273181652484175
3.081079431438127	4.384615384615385	2.3165989608772213	0.00407283796594712	1.1103630070885095	0.947682906234255	2.3006708045171655	0.14560528641440423	9.119678363953744	116.91975567600134	3.1385241247879416	0.9933858621442235	35.25123078864205	240.19410054726154	-0.631700598854635
3.081079431438127	4.421404682274248	2.305633171445061	0.004337299380103051	1.1026389479805732	0.9450855377214974	2.2757822602933846	0.1509384271655084	9.114974709093449	115.05027745577017	3.113524637734119	0.9932193349127315	35.05127118104268	240.31755620172206	-0.6360683087797129
3.081079431438127	4.45819397993311	2.2947633655838375	0.00461596498305479	1.0951178020335612	0.9423921212035151	2.251288897442389	0.156234188307097	9.109021376740506	113.21201028929471	3.0889984519456313	0.9930511329740682	34.85460157777077	240.44943023697272	-0.6404463535055119
3.081079431438127	4.494983277591973	2.283986246915973	0.004909438320629867	1.0877970941697779	0.9396007904242154	2.2272128394426067	0.16148016194357345	9.101799848341356	111.40714530673533	3.064935030376915	0.9928813717717759	34.661169859886954	240.5899156496883	-0.6448552499889073
3.081079431438127	4.531772575250836	2.2732982301923066	0.005218351466351966	1.0806745297129075	0.936709582760357	2.203572443041882	0.16666524813006345	9.09330668557017	109.63754646262478	3.0413241341508486	0.9927101592083379	34.47092437546273	240.73919934856912	-0.6493113976809904
3.081079431438127	4.568561872909699	2.2626954685291096	0.0055433672734489445	1.0737479986878198	0.9337164295640346	2.1803824958660143	0.1717796391577689	9.083551780509653	107.90475971762399	3.0181558215584645	0.9925375960345115	34.28381403615229	240.8974637958334	-0.6538275554148839
3.081079431438127	4.605351170568562	2.2521738814261067	0.005885181634231893	1.067015579199816	0.9306191493273259	2.157654484710307	0.17681476828735598	9.072556525643513	106.21002996666405	2.995420446202761	0.9923637764929611	34.09978842401205	241.0648885645267	-0.6584133368618484
3.081079431438127	4.642140468227424	2.2417291817327296	0.00624452577366363	1.060475540059171	0.9274154431550959	2.13539690693772	0.18176323313761908	9.060352000015147	104.5543232918419	2.9731086541004204	0.9921887891274301	33.918797898863986	241.2416517645377	-0.6630756979101927
3.081079431438127	4.678929765886288	2.2313569002542173	0.006622168609065477	1.054126342853995	0.9241028920179404	2.1136156019156322	0.18661870284932178	9.046977242585426	102.93835241513881	2.9512113796964536	0.9920127176826402	33.74079369921932	241.42793131088803	-0.6678193969450532
3.081079431438127	4.7157190635451505	2.221052407155646	0.007018919210643131	1.0479666436860624	0.9206789552886971	2.092314084395484	0.19137581666804548	9.032477660331452	101.3626036004435	2.9297198408461615	0.9918356420357262	33.5657280322081	241.62390602420137	-0.6726474158283241
3.081079431438127	4.752508361204013	2.210810929703878	0.007435629398679214	1.0419952947785878	0.9171409701236712	2.071493866543853	0.19603007999526625	9.016903598632368	99.82736364517231	2.9086255328811492	0.9916576391151832	33.393554149962206	241.82975656515583	-0.6775613350009041
3.081079431438127	4.789297658862877	2.200627566177922	0.007873196513576887	1.0362113461492053	0.9134861513186229	2.0511547595883557	0.20057776242900743	9.00030908564568	98.33274596801853	2.88792022190883	0.9914787837767687	33.22422641143738	242.04566621265653	-0.6825616604443991
3.081079431438127	4.826086956521739	2.190497295982877	0.008332566395049796	1.030614047521319	0.9097115913390427	2.0312951495661755	0.20501580096405686	8.982750750651501	96.87871511775181	2.8675959375057536	0.99129914961695	33.05770032976318	242.27182150015943	-0.6876481033226968
3.081079431438127	4.862876254180602	2.1804149861339526	0.008814736607084168	1.0252028506264945	0.9058142602876311	2.0119122444212896	0.20934171039642074	8.964286908278284	95.46510928901117	2.847644964961023	0.9911188097132219	32.89393260594059	242.5084127267808	-0.6928198151532381
3.081079431438127	4.8996655518394645	2.170375394350051	0.009320759946158844	1.0199774120322802	0.9017910056258536	1.9930022917418455	0.21355350208604335	8.944976795479741	94.09166063437861	2.828059837213052	0.9909378372870895	32.73288115014269	242.75563436030473	-0.6980755825478739
3.081079431438127	4.936454849498328	2.16037316902554	0.009851748271806687	1.014937596615205	0.8976385515096172	1.9745607678620416	0.21764961155871704	8.924879945426307	92.75801331294866	2.8088333266051912	0.9907563062900573	32.574505092088394	243.01368534853881	-0.7034139861253814
3.081079431438127	4.973244147157191	2.1504028463469322	0.010408876701078392	1.0100834817883442	0.8933534976317737	1.956582539989377	0.22162883494274638	8.904055681477189	91.46373932198718	2.7899584365662986	0.9905742919159495	32.41876478201712	243.28276935411765	-0.7088335283181567
3.081079431438127	5.010033444816053	2.140458844798486	0.010993388211929179	1.0054153625870537	0.8889323174871229	1.9390620035716508	0.22549027390409698	8.882562714578691	90.2083522287106	2.7714283933033346	0.9903918710446767	32.26562178374803	243.56309492619968	-0.7143327346247708
3.081079431438127	5.046822742474917	2.1305354572650423	0.011606598705081067	1.0009337577150528	0.8843713559902147	1.9219931973895632	0.2292332885317995	8.860458828368103	88.99131896193359	2.7532366375755273	0.9902091226234717	32.11503886120063	243.8548756207326	-0.7199102325148501
3.081079431438127	5.083612040133779	2.120626840897321	0.012249902579615519	0.9966394166559079	0.879666826383768	1.9053698989332897	0.23285745750373388	8.837800637632245	87.81206984546901	2.735376816604271	0.9900261279919119	31.966979959614275	244.15833007926585	-0.7255648117569649
3.081079431438127	5.120401337792642	2.1107270048579796	0.012924778884553864	0.992533327961863	0.8748148063770917	1.889185702560656	0.2363625448067132	8.814643407346582	86.67000706261314	2.717842776159789	0.9898429711569305	31.82141018255193	244.47368207471405	-0.731295469472043
3.081079431438127	5.157190635451505	2.10082979601849	0.013632798117122766	0.9886167288428377	0.8698112334505478	1.8734340827911546	0.2397484722738985	8.79104092114877	85.56451173855392	2.700628552854862	0.989659739023647	31.678295765623698	244.80116053111004	-0.737101442752931
3.081079431438127	5.193979933110368	2.0909288826281522	0.014375629748512635	0.9848911161932183	0.8646518992544717	1.8581084448993088	0.2430152972220832	8.767045389678923	84.49494981857089	2.683728366667159	0.9894765215873391	31.537604047724308	245.14099952320834	-0.7429822312574186
3.081079431438127	5.230769230769231	2.08101773592793	0.015155050569949624	0.981358259212982	0.8593324430195669	1.843202164759264	0.24616319450958457	8.742707390687201	83.46067690714978	2.667136613704799	0.9892934120913	31.399303440450353	245.49343826080306	-0.7489376117900844
3.081079431438127	5.2675585284280935	2.0710896096328337	0.01597295396617584	0.9780202138030062	0.8538483438809413	1.828708619676638	0.24919244238436744	8.718075834137181	82.46104221844249	2.650847859224538	0.9891105071547501	31.26336339625236	245.85872106185008	-0.7549676465430923
3.081079431438127	5.304347826086956	2.0611375171566486	0.016831360240373034	0.9748793389426677	0.8481949119995046	1.8146212117346494	0.25210341154587784	8.693197946708104	81.49539177315395	2.6348568309078946	0.9889279068744079	31.12975437577936	246.23709731782256	-0.761072686367444
3.081079431438127	5.34113712374582	2.0511542064006956	0.01773242813471999	0.9719383152916676	0.8423672783424029	1.8009333849858478	0.25489655689905333	8.668119271121254	80.5630709617796	2.6191584123975455	0.9887457149028159	30.99844781479242	246.62882145423157	-0.7672533701926245
3.081079431438127	5.377926421404682	2.0411321318728968	0.018678467714790325	0.9692001662985155	0.8363603829579034	1.7876386376418163	0.2575724115327141	8.642883676593915	79.66342657968109	2.6037476370942882	0.9885640385060636	30.869416090956552	247.03415288887527	-0.7735106214995696
3.081079431438127	5.414715719063545	2.031063423842572	0.019671954814739923	0.9666682821463839	0.830168961549191	1.7747305302521377	0.26013158250555957	8.617533377469833	78.79580842606423	2.5886196822131824	0.988382988603145	30.742632490763093	247.45335599005298	-0.7798456425756427
3.081079431438127	5.451505016722408	2.020939854168508	0.020715547274731676	0.9643464469249298	0.8237875301148213	1.7622026907206065	0.2625747480706901	8.592108957702463	77.95957054665028	2.573769863096695	0.9882026797888603	30.618071176790917	247.88670003680772	-0.7862599071351565
3.081079431438127	5.488294314381271	2.0107527983599884	0.021812103243665927	0.9622388694860998	0.8172103673799288	1.750048816880275	0.26490265601350976	8.566649399390213	77.15407218876166	2.559193627781775	0.9880232303418811	30.49570715547621	248.33445918305904	-0.7927551517715304
3.081079431438127	5.525083612040134	2.000493193339971	0.02296470187069833	0.9603502185257389	0.8104314946900524	1.7382626772379097	0.2671161228182571	8.54119211399505	76.37867852762352	2.5448865518175827	0.9878447622193725	30.37551624553255	248.79691242741464	-0.7993333666120936
3.081079431438127	5.561872909698996	1.9901514902723683	0.0241766667704282	0.9586856625343374	0.8034446529765655	1.7268381104015305	0.2692160334152163	8.515772975229906	75.63276121388454	2.530844333330103	0.9876674010393824	30.257475047137515	249.27434359031892	-0.8059967854714223
3.081079431438127	5.59866220735786	1.9797176016869846	0.025451592721797	0.9572509153841046	0.7962432763262013	1.715769023619818	0.27120334129446666	8.490426352887125	74.91569878454403	2.5170627883299104	0.9874912760520623	30.14156091198437	249.7670413001728	-0.8127478757389347
3.081079431438127	5.635451505016722	1.9691808419798476	0.02679337615327881	0.9560522884712822	0.7888204615938236	1.7050493907884379	0.2730790688027682	8.465185147110285	74.22687697260835	2.503537846259005	0.9873165201006731	30.02775191428016	250.2752989899625	-0.8195893281904689
3.081079431438127	5.672240802675585	1.9585298601759482	0.028206250081548957	0.9550967505199767	0.7811689333823136	1.694673250213757	0.27484430746848626	8.44008082279294	73.56568894473669	2.4902655457726306	0.9871432695732533	29.916026822759854	250.79941490590522	-0.8265240468772647
3.081079431438127	5.709030100334449	1.947752563605638	0.0296948243136707	0.9543919963864068	0.7732810035703747	1.6846347023681612	0.2765002182253681	8.415143443928521	72.93153549082552	2.477242030751644	0.9869716643457652	29.80636507377376	251.33969212953292	-0.8335551392187082
3.081079431438127	5.745819397993311	1.9368360308520638	0.031264131902099555	0.9539465264935157	0.7651485243898197	1.6749279078220978	0.27804803142981016	8.39040170784178	72.3238251848281	2.464463546540917	0.9868018477174956	29.698746745496972	251.89643861458782	-0.840685906404444
3.081079431438127	5.782608695652174	1.9257664119576068	0.03291968306834455	0.9537697388925693	0.7567628338277134	1.665547085495085	0.27948904658812235	8.365882979309376	71.74197453204171	2.451926436408792	0.9866339663394607	29.593152533299712	252.46996723999848	-0.8479198341965637
3.081079431438127	5.8193979933110365	1.9145288134088787	0.03466752809964662	0.9538720364140296	0.7481146918408543	1.656486511330709	0.2808246317303232	8.341613324630787	71.18540811456954	2.439627138222294	0.9864681701365512	29.48956372630925	253.06059588010723	-0.8552605842114266
3.081079431438127	5.8561872909699	1.9031071648209106	0.036514331093423245	0.9542649519662371	0.7391942055005155	1.6477405174680175	0.2820562223854136	8.31761754574431	70.65355874358906	2.4275621813323287	0.986304612224133	29.387962185185817	253.66864749320524	-0.8627119857527368
3.081079431438127	5.892976588628763	1.8914840634681955	0.038467456903916765	0.9549612958105443	0.7299907407067998	1.639303491954053	0.2831853201295587	8.293919214500809	70.1458676244598	2.4157281836626203	0.9861434488198185	29.28833032112693	254.29445022929366	-0.870278028262201
3.081079431438127	5.929765886287625	1.8796405918031047	0.04053507427249313	0.955975329645723	0.7204928174861295	1.6311698790179292	0.28421349069375035	8.27054070721258	69.66178453843715	2.4041218489955583	0.9859848391511018	29.190651076105585	254.9383375578424	-0.8779628544497792
3.081079431438127	5.966555183946488	1.8675561017766076	0.04272627895084954	0.9573229736568644	0.71068798505906	1.623334179906819	0.2851423616306931	8.247503239589914	69.20076804290562	2.392739964447484	0.9858289453595449	29.094907904339248	255.6006484161278	-0.8857707541633322
3.081079431438127	6.003344481605351	1.8552079580122214	0.045051241731147114	0.9590220544447382	0.7005626717621836	1.6157909542669968	0.2859736195524675	8.224826902165132	68.76228569046705	2.38157939812544	0.9856759324021721	29.00108475497819	256.2817273785787	-0.893706159054868
3.081079431438127	6.040133779264214	1.8425712295088876	0.04752138778873518	0.9610926041230684	0.6901020034179415	1.6085348220392597	0.28670900696053386	8.20253069628617	68.34581426596756	2.370637096956709	0.985525967950712	28.90916605599212	256.981924847347	-0.9017736380993941
3.081079431438127	6.076923076923077	1.8296183163094017	0.05014961578273859	0.96355722410657	0.6792895817079249	1.6015604658270015	0.28735031869808425	8.180632570740308	67.9508400395547	2.359910084681911	0.9853792222892822	28.81913669922557	257.70159726412805	-0.9099778940209424
3.081079431438127	6.11371237458194	1.816318493091937	0.05295056798736081	0.9664415315873155	0.6681072112793294	1.5948626336865488	0.28789939806169484	8.159149459045167	67.5768590330903	2.34939546000174	0.9852358682110726	28.730982026582062	258.4411073430196	-0.9183237606789312
3.081079431438127	6.150501672240803	1.80263734535456	0.055940966706085844	0.969774712980396	0.656534560336308	1.5884361422834954	0.28835813261450877	8.138097317420547	67.22337729672728	2.339090394867086	0.9850960809145318	28.644687817289835	259.2008243240444	-0.9268162014670851
3.081079431438127	6.187290969899665	1.7885360648876698	0.05914003791459992	0.9735902175899299	0.644548733775638	1.5822758803545434	0.28872844974716394	8.117491163430978	66.88991119209618	2.328992132901572	0.984960037899495	28.560240276191344	259.981124246697	-0.9354603087755474
3.081079431438127	6.224080267558528	1.773970558182381	0.06257005137458503	0.9779266377881162	0.6321237296312677	1.5763768124125699	0.2890123120350927	8.097345115267297	66.57598767839295	2.3190979879452045	0.9848279188636287	28.477626022990354	260.78239024267833	-0.9442613045662528
3.081079431438127	6.260869565217392	1.7588903020675515	0.06625701879636235	0.9828288413499886	0.6192297372573388	1.5707339826320046	0.28921171244220684	8.077672431615525	66.28114459760776	2.309405342707489	0.9846999055994888	28.39683208238302	261.60501284678566	-0.9532245421099326
3.081079431438127	6.297658862876254	1.7432368514968493	0.07023161038921474	0.9883494509515253	0.605832216919729	1.565342518852949	0.289328669420943	8.058485552044383	66.00493095524875	2.2999116475178947	0.9845761818924041	28.317845874989533	262.44939032467	-0.9623555089329545
3.081079431438127	6.334448160535117	1.726941858690299	0.07453037940313251	0.9945508115493945	0.5918906712018447	1.56019763664466	0.2893652219577952	8.039796137828551	65.74690719309564	2.2906144191614586	0.9844569334193165	28.24065520899693	263.315929016005	-0.9716598310213672
3.081079431438127	6.37123745819398	1.709924389599801	0.0791974312448325	1.0015076595882075	0.5773569716522076	1.5552946433723895	0.28932342461162075	8.02161511311374	65.50664545079466	2.2815112397869717	0.9843423476486104	28.16524827241521	264.2050436913743	-0.9811432783295969
3.081079431438127	6.408026755852843	1.6920872024391667	0.08428675167829544	1.009310829202475	0.5621730261743333	1.5506289422157875	0.28920534258941133	8.003952706321904	65.28372981344589	2.2725997558751416	0.9842326137408736	28.091613625843365	265.11715792099454	-0.990811771641874
3.081079431438127	6.444816053511706	1.6733114446066706	0.0898655428613931	1.0180725389842944	0.546267438418637	1.5461960360917366	0.2890130469010684	7.986818491690059	65.07775654270478	2.2638776772538933	0.9841279224504346	28.019740195634128	266.05270445316864	-1.0006713908356653
3.081079431438127	6.481605351170568	1.6534488498630826	0.09601915764756834	1.0279341773433557	0.5295505687589938	1.5419915314396597	0.2887486096310832	7.970221430834716	64.88833428932597	2.2553427761479488	0.984028466027425	27.94961726734143	267.0121256001573	-1.0107283845986959
3.081079431438127	6.518394648829432	1.6323098087182282	0.1028586810018351	1.0390782133855456	0.5119069480162892	1.5380111418327287	0.28841409936102924	7.954169914234698	64.7150842854928	2.2469928862496844	0.9839344381200149	27.88123447932786	267.9958736289291	-1.0209891816540788
3.081079431438127	6.555183946488294	1.6096442557282185	0.11053313339363528	1.051747289475621	0.49318306907823856	1.5342506913838265	0.28801157677261546	7.938671802528819	64.55764051568863	2.238825901798285	0.9838460336763809	27.814581816405152	269.00441115405226	-1.0314604035524197
3.081079431438127	6.591973244147157	1.5851092035803385	0.11925029232446309	1.0662766654616194	0.47316656026941273	1.5307061179204884	0.2875430904567628	7.923734467530551	64.41564986526964	2.230839776653895	0.9837634488458633	27.749649603373065	270.03821152968203	-1.0421488790954603
3.081079431438127	6.62876254180602	1.5582092694325198	0.12931499574610222	1.083153668934599	0.4515478767272805	1.527373475908233	0.28701067294992477	7.909364832869165	64.28877224627784	2.223032523353562	0.9836868808786836	27.686428498318552	271.09775923739994	-1.0530616604623093
3.081079431438127	6.665551839464883	1.5281760603200354	0.1412071349651993	1.1031382845355708	0.4278423022001515	1.5242489391066296	0.2864163370146841	7.895569414176106	64.17668070039117	2.215402212135394	0.9836165280234999	27.624909485529816	272.1835502663281	-1.064206041118154
3.081079431438127	6.702341137123746	1.4936851190246028	0.1557653935530334	1.1275461807207214	0.4012062047597101	1.5213288029470062	0.2857620721776657	7.88235435874539	64.0790614792292	2.2079469699171375	0.9835525894219936	27.56508386787387	273.2960924816227	-1.0755895755952178
3.081079431438127	6.739130434782608	1.4520177492830746	0.17473339904736104	1.1590868548936404	0.36989087965302064	1.518609486624667	0.2850498415341111	7.869725484607813	63.995614102505975	2.200664979214997	0.9834952649995956	27.506943258478998	274.4359059770909	-1.087220101247591
3.081079431438127	6.775919732441472	1.3951119998344614	0.20334314994005	1.2058126171705743	0.32865911681075505	1.5160875349024614	0.28428157882484484	7.857688318970673	63.92605139479037	2.193554476988035	0.9834447553513754	27.45047957155613	275.603523407262	-1.0991057620955558
3.081079431438127	6.812709030100335	1.2967796645719791	0.2610751184320952	1.2967796645723855	0.2610751184318567	1.5137535032244147	0.28346129064381526	7.846226100360254	63.869619850868084	2.1866104853282313	0.9834009171235077	27.39564480587143	276.7985473248958	-1.1112369103858968
3.081079431438127	6.849498327759197	1.2933231202607225	0.2615984794125111	1.293323120260737	0.2615984794125014	1.5114302234389028	0.28265155258859387	7.8349542550676645	63.813209962807306	2.179714491783185	0.9833592408513486	27.341158214723706	277.9901754420535	-1.123445423943028
3.081079431438127	6.88628762541806	1.4387785524871537	0.17788453935095547	1.4387785524871453	0.17788453935095966	1.5211623372038188	0.2776261935645011	7.833738310843805	64.58911696524281	2.182742865548696	0.9832763888438685	27.385025834174524	281.6980704783398	-1.123445423943028
3.081079431438127	6.923076923076923	1.4903787109371656	0.15358465887928247	1.4903787109371576	0.15358465887928596	1.5327780431387323	0.2721123672613989	7.835932776911351	65.49488968559756	2.1875088391738746	0.9832248187331473	27.446635958151465	285.9019627734375	-1.123445423943028
3.081079431438127	6.959866220735786	1.5251056994335175	0.1387600153267238	1.5251056994335177	0.1387600153267238	1.544903537950705	0.2666032544121418	7.839457736701585	66.43231147436622	2.193013061918075	0.9831894073857609	27.515604768191338	290.35055509604877	-1.123445423943028
3.081079431438127	6.996655518394649	1.5519432993088595	0.12813726107466075	1.5519432993088613	0.12813726107466003	1.557091310223132	0.2612471640189197	7.843620478881601	67.36973787213539	2.1989093325612483	0.9831647763226061	27.588335946417907	294.9575013662127	-1.123445423943028
3.081079431438127	7.033444816053512	1.5740079647358731	0.11994196055201431	1.5740079647358742	0.11994196055201393	1.5691185734349526	0.2561068330329745	7.84806138014157	68.29167317968329	2.205005972767815	0.9831477663900073	27.662844588025997	299.6743931255539	-1.123445423943028
3.081079431438127	7.070234113712375	1.5927999386992675	0.11334023514489984	1.592799938699265	0.11334023514490076	1.5808652275343997	0.2512070168985377	7.852572951232887	69.18996431699466	2.211183503918712	0.9831362585923601	27.73789980058364	304.4703215178389	-1.123445423943028
3.081079431438127	7.107023411371237	1.6091764926308063	0.10786682036934044	1.609176492630806	0.1078668203693405	1.5922673931761155	0.2465530081489624	7.857031632508449	70.06044662410618	2.2173641035733898	0.9831287522702452	27.812705561512132	309.3244652832319	-1.123445423943028
3.081079431438127	7.1438127090301	1.6236827351289935	0.1032332092372871	1.6236827351289977	0.10323320923728564	1.6032943147642185	0.2421397488295634	7.861364100749884	70.90128121471635	2.2234963419752205	0.9831241562909766	27.886740890674762	314.22244290373607	-1.123445423943028
3.081079431438127	7.1806020066889635	1.636691382785764	0.09924727901326076	1.6366913827857623	0.09924727901326143	1.6139353409160335	0.23795678570775575	7.865528309709178	71.71202244924632	2.2295463130651956	0.9831216658589439	27.95966691278405	319.1542066358175	-1.123445423943028
3.081079431438127	7.217391304347826	1.6484708947669253	0.09577437311303763	1.6484708947669258	0.09577437311303744	1.6241920958818725	0.2339910845882072	7.869502058237548	72.49306087577531	2.23549204364173	0.983120682410898	28.031268299018034	324.11271394673173	-1.123445423943028
3.081079431438127	7.254180602006689	1.6592222867165172	0.09271641354020672	1.6592222867165147	0.09271641354020758	1.6340736061416845	0.23022865147441188	7.873275820918976	73.24527915907177	2.241319802038323	0.9831207586000903	28.10141465767023	329.0930451115969	-1.123445423943028
3.081079431438127	7.290969899665551	1.66910063706461	0.08999979350799114	1.6691006370646113	0.08999979350799071	1.6435932097153372	0.22665546049084848	7.876848144203829	73.96983587268777	2.247021591813828	0.9831215592817407	28.17003437365599	334.09179828203304	-1.123445423943028
3.081079431438127	7.327759197324415	1.678228444205659	0.08756792874262753	1.6782284442056608	0.08756792874262706	1.6527665790660513	0.22325797031535097	7.880222646352512	74.66802870460502	2.2525934189637167	0.9831228332837652	28.23709656932279	339.1066660060188	-1.123445423943028
3.081079431438127	7.364548494983278	1.6867043399325523	0.08537645303583812	1.686704339932554	0.08537645303583759	1.6616104550189217	0.22002339418907604	7.883406045313753	75.34120803925687	2.2580340789135227	0.9831243926980614	28.30259851581083	344.13613432933	-1.123445423943028
3.081079431438127	7.40133779264214	1.6946090056703658	0.08338999833867444	1.6946090056703653	0.08338999833867461	1.670141841107949	0.2169398224781123	7.886406856939075	75.99072292506128	2.2633442997556523	0.9831260975317575	28.3665567736536	349.17926657176423	-1.123445423943028
3.081079431438127	7.438127090301004	1.7020093244755445	0.0815799675428519	1.7020093244755445	0.08157996754285188	1.678377498764276	0.21399625795267874	7.8892345358294165	76.61788802892886	2.268526133174825	0.9831278442366989	28.429000920802274	354.23554655140185	-1.123445423943028
3.081079431438127	7.474916387959866	1.7089613765207243	0.07992295259106243	1.7089613765207246	0.0799229525910623	1.686333640057275	0.21118260062630204	7.891898911137929	77.22396424175167	2.27358251950228	0.9831295570769777	28.489969095233825	359.3047640759738	-1.123445423943028
3.081079431438127	7.511705685618729	1.715512651250011	0.07839958538282826	1.7155126512500098	0.07839958538282858	1.694025750342703	0.20848960475966552	7.894409820200533	77.8101481596162	2.2785169762815394	0.9831311815923229	28.549504821143895	364.3869307980432	-1.123445423943028
3.081079431438127	7.548494983277592	1.7217037139450924	0.0769936867538681	1.7217037139450928	0.07699368675386793	1.7014684961236584	0.2059088218503546	7.896776875395272	78.37756730668771	2.283333375091493	0.9831326796213509	28.60765474955082	369.482218075634	-1.123445423943028
3.081079431438127	7.585284280936455	1.7275694830430306	0.07569162549956032	1.7275694830430288	0.0756916254995609	1.7086756884038883	0.2034325379741999	7.899009320876837	78.92727903111196	2.2880357818256045	0.9831340254938168	28.66446705412297	374.59091090368355	-1.123445423943028
3.081079431438127	7.622073578595318	1.7331402238963363	0.0744818283917081	1.7331402238963365	0.07448182839170807	1.7156602816853346	0.20105371044325265	7.901115949877437	79.46027170398519	2.2926283428293224	0.9831352031044922	28.71999029873126	379.7133736622942	-1.123445423943028
3.081079431438127	7.65886287625418	1.7384423321712792	0.07335440065804097	1.7384423321712799	0.07335440065804084	1.7224343953258354	0.19876590662534874	7.903105062644819	79.97746731337426	2.2971152043143754	0.983136203655822	28.77427264585807	384.85002460652294	-1.123445423943028
3.081079431438127	7.695652173913044	1.7434989586646292	0.07230082853834868	1.74349895866463	0.07230082853834845	1.7290093483683535	0.19656324645316808	7.904984451408008	80.47972485279978	2.3015004559950216	0.983137023910666	28.82736131192515	390.00131685768275	-1.123445423943028
3.081079431438127	7.7324414715719065	1.74833051286304	0.07131374367781082	1.7483305128630402	0.07131374367781068	1.7353957019123312	0.19444034933977847	7.906761403051207	80.96784410917714	2.3057880923901	0.9831376648360539	28.87930220172203	395.16772425303594	-1.123445423943028
3.081079431438127	7.769230769230769	1.7529550726021559	0.0703867346941791	1.7529550726021554	0.07038673469417919	1.7416033050985738	0.1923922857262964	7.908442713107638	81.44256959316965	2.3099819870189955	0.9831381305480944	28.930139672728924	400.34973084096885	-1.123445423943028
3.081079431438127	7.806020066889632	1.7573887201780845	0.06951419514171524	1.7573887201780845	0.06951419514171527	1.7476413421355796	0.19041453319765556	7.910034706698529	81.9045944476465	2.3140858760018648	0.9831384274898427	28.97991639347399	405.54782312090344	-1.123445423943028
3.081079431438127	7.842809364548495	1.76164582025759	0.0686911998474045	1.7616458202575898	0.0686911998474045	1.753518378716263	0.18850293693974784	7.911543263432845	82.35456423228139	2.3181033485025497	0.9831385637900978	29.0286732697017	410.7624843555976	-1.123445423943028
3.081079431438127	7.879598662207358	1.7657392512985695	0.0679134035737062	1.7657392512985697	0.06791340357370611	1.759242406797957	0.18665367422790122	7.912973844244445	82.79308052406735	2.3220378421268513	0.9831385487632376	29.076449419113054	415.99419045118674	-1.123445423943028
3.081079431438127	7.916387959866221	1.7696805995181453	0.06717695740326929	1.7696805995181446	0.06717695740326947	1.7648208871413384	0.1848632226019964	7.914331518811766	83.22070430140049	2.3258926418829113	0.9831383925193583	29.123282180541302	421.24340702477417	-1.123445423943028
3.081079431438127	7.953177257525083	1.7734803224516391	0.06647843930386367	1.773480322451639	0.06647843930386373	1.770260789287337	0.1831283313784909	7.9156209926683845	83.63795909774068	2.3296708816729046	0.983138105660939	29.16920714716053	426.51058737180114	-1.123445423943028
3.081079431438127	7.989966555183947	1.7771478876422748	0.06581479612422358	1.7771478876422744	0.0658147961242236	1.7755686288396038	0.18144599616164453	7.916846633434002	84.04533392277482	2.3333755475527	0.9831376990475442	29.214258216069865	431.7961711145599	-1.123445423943028
3.081079431438127	8.02675585284281	1.7806918908563347	0.06518329486840953	1.780691890856335	0.06518329486840947	1.78075050204389	0.17981343603746225	7.918012495818561	84.44328595659013	2.3370094821948366	0.9831371836141516	29.25846764862932	437.10058336540254	-1.123445423943028
3.081079431438127	8.063545150501673	1.7841201573368317	0.064581481550392	1.7841201573368315	0.06458148155039205	1.785812117734058	0.1782280731596502	7.919122345204808	84.83224302692842	2.3405753901373334	0.9831365702318096	29.301866137423108	442.4242342774267	-1.123445423943028
3.081079431438127	8.100334448160535	1.7874398289245568	0.06400714627893406	1.7874398289245574	0.06400714627893393	1.7907588267624694	0.17668751446401507	7.9201796797189665	85.21260588218084	2.3440758435105953	0.983135869601752	29.344482876840544	447.7675188852023	-1.123445423943028
3.081079431438127	8.137123745819398	1.7906574393399344	0.06345829349235867	1.7906574393399335	0.06345829349235889	1.7955956490599714	0.17518953527447684	7.921187750769761	85.58475027404599	2.347513288017118	0.9831350921759792	29.386345635097367	453.13081716095536	-1.123445423943028
3.081079431438127	8.173913043478262	1.7937789794964545	0.06293311647293773	1.7937789794964538	0.0629331164729379	1.8003272984837093	0.17373206458930393	7.922149582081967	85.94902886413703	2.3508900489997586	0.9831342480987718	29.427480826134442	458.514494228854	-1.123445423943028
3.081079431438127	8.210702341137123	1.7968099543808145	0.062429975435647586	1.796809954380815	0.062429975435647427	1.80495820561495	0.17231317185968315	7.923067987280214	86.30577296863106	2.3542083374805127	0.9831333471647602	29.467913580291818	463.9189006934324	-1.123445423943028
3.081079431438127	8.247491638795987	1.7997554327664826	0.061947378616473564	1.7997554327664833	0.06194737861647337	1.809492538667016	0.17093105509411852	7.923945586096663	86.65529415451536	2.3574702560861427	0.9831323987900625	29.507667812998253	469.3443730484142	-1.123445423943028
3.081079431438127	8.284280936454849	1.8026200908112748	0.061483965889242584	1.8026200908112748	0.06148396588924265	1.8139342226574569	0.16958403014139933	7.924784819285834	86.99788570023591	2.3606778048028025	0.983131411993724	29.5467662909699	474.7912341400956	-1.123445423943028
3.081079431438127	8.321070234113712	1.805408250414492	0.061038494523062606	1.8054082504144917	0.06103849452306262	1.8182869569902964	0.16827052102207907	7.925587962333969	87.33382393268893	2.363832886520968	0.9831303953872457	29.585230695599204	480.2597936655308	-1.123445423943028
3.081079431438127	8.357859531772576	1.8081239130668865	0.06060982675928911	1.808123913066887	0.06060982675928903	1.8225542315848862	0.16698905119361618	7.926357138050879	87.66336945160913	2.36693731234641	0.9831293571704371	29.62308168335454	485.7503486905099	-1.123445423943028
3.081079431438127	8.394648829431437	1.81077078980995	0.060196918941114855	1.81077078980995	0.06019691894111486	1.826739341677869	0.165738235647831	7.927094328130069	87.98676825150068	2.369992806663463	0.9831283051321835	29.660338943110993	491.26318417595235	-1.123445423943028
3.081079431438127	8.431438127090301	1.8133523278253663	0.05979881197285657	1.8133523278253656	0.05979881197285673	1.8308454014149647	0.16451677375116766	7.927801383759657	88.30425275040061	2.3730010119447504	0.9831272466549981	29.697021250407197	496.79857350422486	-1.123445423943028
3.081079431438127	8.468227424749164	1.815871734095975	0.05941462292206339	1.8158717340959751	0.059414622922063315	1.8348753563393825	0.16332344274874316	7.9284800353616705	88.61604273392246	2.375963493307057	0.9831261887224588	29.733146518673557	502.3567789990196	-1.123445423943028
3.081079431438127	8.505016722408026	1.8183319965140312	0.059043537607090406	1.8183319965140328	0.05904353760709003	1.8388319948746799	0.16215709186229568	7.929131901532809	88.92234622227315	2.3788817428172098	0.9831251379288057	29.768731847514726	507.9380524342017	-1.123445423943028
3.081079431438127	8.54180602006689	1.8207359027576038	0.05868480403718405	1.8207359027576029	0.05868480403718422	1.8427179588910498	0.16101663692024035	7.929758497254179	89.22336026720963	2.3817571835546176	0.983124100490122	29.80379356815292	513.542635528315	-1.123445423943028
3.081079431438127	8.578595317725753	1.8230860572101473	0.058337726592314613	1.823086057210147	0.058337726592314676	1.8465357534361388	0.15990105546508734	7.930361241432802	89.51927168525677	2.384591173439186	0.9831230822566421	29.83834728615547	519.1707604225138	-1.123445423943028
3.081079431438127	8.615384615384615	1.825384896159626	0.058001660846797545	1.8253848961596262	0.05800166084679747	1.8502877557038853	0.15880938228971728	7.930941463832175	89.81025773289635	2.3873850088343125	0.9831220887258155	29.872407921576794	524.8226501403702	-1.123445423943028
3.081079431438127	8.652173913043478	1.8276347014810856	0.05767600895477795	1.827634701481085	0.05767600895477809	1.8539762233081674	0.15774070535946794	7.93150041144475	90.09648672889746	2.390139927935665	0.98312112505584	29.905989746651414	530.4985190287144	-1.123445423943028
3.081079431438127	8.688963210702342	1.8298376129791973	0.057360215527366455	1.8298376129791978	0.05736021552736638	1.857603301921972	0.1566941620817398	7.932039254354722	90.37811862847524	2.3928571139567585	0.9831201960794317	29.939106421175122	536.1985731790985	-1.123445423943028
3.081079431438127	8.725752508361204	1.8319956395436932	0.057053763941148146	1.8319956395436932	0.05705376394114813	1.8611710323368729	0.15566893588911737	7.932559091135035	90.65530555349677	2.395537698122279	0.9831193063176538	29.97177102570846	541.9230108297795	-1.123445423943028
3.081079431438127	8.762541806020067	1.8341106692508675	0.05675617302609556	1.8341106692508675	0.056756173026095556	1.864681356992706	0.15466425310566867	7.933060953818868	90.9281922825677	2.3981827624801615	0.983118459993661	30.00399609273412	547.6720227484268	-1.123445423943028
3.081079431438127	8.799331103678929	1.8361844785273023	0.056466994087977	1.8361844785273027	0.0564669940879769	1.8681361260226141	0.1536793800693799	7.933545812482219	91.19691670446022	2.400793342543071	0.9831176610462534	30.035793635895285	553.4457925959305	-1.123445423943028
3.081079431438127	8.836120401337793	1.8382187404772794	0.05618580822636673	1.8382187404772794	0.05618580822636669	1.8715371028543728	0.152713620486581	7.9340145794707935	91.46161023801527	2.4033704297695784	0.9831169131431553	30.067175177435377	559.2444972718212	-1.123445423943028
3.081079431438127	8.872909698996656	1.8402150324630273	0.055912223914436766	1.8402150324630273	0.05591222391443676	1.8748859694053093	0.15176631299673887	7.934468113301761	91.72239822136602	2.405914973894995	0.9831162196939573	30.09815177395564	565.0683072419434	-1.123445423943028
3.081079431438127	8.909698996655518	1.8421748430158842	0.05564587481111216	1.8421748430158844	0.05564587481111206	1.8781843309044184	0.1508368289282996	7.934907222267643	91.9794002730468	2.408427885121178	0.9831155838626776	30.128734040598186	570.9173868490199	-1.123445423943028
3.081079431438127	8.946488294314381	1.8440995781473615	0.05538641777987334	1.844099578147361	0.055386417779873416	1.881433720372459	0.14992457022821343	7.935332667767693	92.23273062733031	2.4109100361743376	0.9831150085799097	30.158932173758465	576.7918946068664	-1.123445423943028
3.081079431438127	8.983277591973245	1.8459905671208852	0.05513353109171898	1.8459905671208845	0.05513353109171907	1.8846356027878703	0.1490289675495777	7.935745167389489	92.48249844590957	2.4133622642392645	0.9831144965545358	30.18875597242349	582.6919834789901	-1.123445423943028
3.081079431438127	9.020066889632107	1.8478490677379058	0.054886912792574266	1.8478490677379054	0.05488691279257431	1.8877913789637741	0.14814947848340768	7.936145397761385	92.72880810784399	2.415785372777838	0.9831140502849939	30.218214858225416	588.6178011422721	-1.123445423943028
3.081079431438127	9.05685618729097	1.8496762711862516	0.05464627921777143	1.849676271186251	0.05464627921777156	1.8909023891593626	0.14728558592189672	7.936533997195099	92.9717594795355	2.418180133239502	0.9831136720700935	30.247317894297552	594.5694902365829	-1.123445423943028
3.081079431438127	9.093645484949834	1.8514733064927378	0.0544113636383786	1.8514733064927376	0.05441136363837863	1.893969916446364	0.1464367965418622	7.936911568135077	93.21144816630306	2.420547286670399	0.9831133640193779	30.276073803008774	600.5471886009045	-1.123445423943028
3.081079431438127	9.130434782608695	1.8532412446180309	0.054181915025840605	1.853241244618031	0.05418191502584058	1.8969951898501103	0.14560263939806586	7.937278679431001	93.44796574703265	2.422887545228056	0.9831131280630394	30.30449098265369	606.5510294968391	-1.123445423943028
3.081079431438127	9.167224080267559	1.854981102227029	0.05395769692305619	1.8549811022270288	0.053957696923056235	1.8999793872823472	0.14478266461720093	7.937635868447042	93.68139999319956	2.4252015936074387	0.9831129659613929	30.3325775231643	612.5811418200292	-1.123445423943028
3.081079431438127	9.20401337792642	1.8566938451650097	0.05373848641128475	1.85669384516501	0.05373848641128471	1.9029236382820793	0.1439764421841183	7.937983643021554	93.9118350734914	2.427490090384401	0.9831128793139196	30.36034122091025	618.6376503003032	-1.123445423943028
3.081079431438127	9.240802675585284	1.8583803916661177	0.05352407316353699	1.8583803916661183	0.05352407316353687	1.905829026578723	0.14318356081274736	7.938322483288513	94.1393517451124	2.4297536692815696	0.9831128695678896	30.38778959264464	624.7206756910274	-1.123445423943028
3.081079431438127	9.277591973244148	1.8600416153184094	0.053314258576082144	1.8600416153184096	0.0533142585760821	1.9086965924911716	0.14240362689479322	7.938652843372021	94.36402753279138	2.4319929403619103	0.9831129380265788	30.414929888653422	630.8303349483979	-1.123445423943028
3.081079431438127	9.31438127090301	1.861678347806891	0.053108854970657385	1.8616783478068908	0.05310885497065743	1.9115273351748046	0.14163626351998904	7.938975152963504	94.5859368964029	2.4342084911544415	0.9831130858570938	30.441769105158393	636.9667414011525	-1.123445423943028
3.081079431438127	9.351170568561873	1.8632913814540468	0.052907684860729	1.8632913814540473	0.05290768486072893	1.914322214727771	0.140881109562201	7.939289818790864	94.80515138805261	2.4364008877165406	0.9831133140978154	30.46831399602323	643.1300049113105	-1.123445423943028
3.081079431438127	9.387959866220736	1.8648814715751931	0.052710580275896264	1.8648814715751931	0.05271058027589626	1.9170821541666658	0.1401378188262464	7.939597225987719	95.02173979938974	2.438570675636785	0.9831136236654828	30.494571083806168	649.3202320264045	-1.123445423943028
3.081079431438127	9.424749163879598	1.8664493386644823	0.05251738213911612	1.8664493386644827	0.05251738213911603	1.9198080412811291	0.1394060592506948	7.939897739370458	95.23576829986247	2.440718380982158	0.9831140153619252	30.520546670201895	655.5375261237276	-1.123445423943028
3.081079431438127	9.461538461538462	1.867995670425752	0.05232793969198899	1.867995670425752	0.05232793969198896	1.922500730375972	0.13868551216237016	7.940191704630036	95.44730056656346	2.4428445111930968	0.9831144898804616	30.546246845911114	661.7819875470474	-1.123445423943028
3.081079431438127	9.498327759197325	1.8695211236610292	0.052142109963839625	1.8695211236610294	0.052142109963839514	1.9251610439087625	0.13797587157863908	7.940479449444857	95.65639790626079	2.4449495559296386	0.9831150478119807	30.571677499973774	668.0537137362076	-1.123445423943028
3.081079431438127	9.535117056856187	1.871026326028362	0.0519597572807393	1.8710263260283622	0.05195975728073931	1.9277897740301992	0.13727684355389888	7.940761284520585	95.86311937016478	2.4470339878717002	0.9831156896507158	30.596844328599445	674.3527993500318	-1.123445423943028
3.081079431438127	9.57190635451505	1.8725118776795315	0.05178075281101016	1.8725118776795313	0.05178075281101015	1.9303876840340364	0.1365881455669913	7.9410375045623915	96.06752186193864	2.449098263476388	0.9831164157997295	30.62175284352675	680.679336382943	-1.123445423943028
3.081079431438127	9.608695652173912	1.873978352787179	0.051604974144089474	1.8739783527871787	0.05160497414408952	1.9329555097226923	0.13590950594654952	7.941308389184376	96.26966023941178	2.451142823694879	0.9831172265761207	30.64640837993999	687.0334142756071	-1.123445423943028
3.081079431438127	9.645484949832776	1.8754263009700776	0.051432304899933425	1.8754263009700778	0.05143230489993339	1.9354939606943053	0.13524066333152368	7.941574203760788	96.46958741042916	2.453168094651386	0.9831181222159672	30.670816103970502	693.4151200199664	-1.123445423943028
3.081079431438127	9.68227424749164	1.8768562486245053	0.05126263436640328	1.8768562486245053	0.05126263436640326	1.9380037215565513	0.1345813661643628	7.941835200223328	96.66735442323359	2.4551744882865703	0.9831191028790182	30.6949810198086	699.8245382590171	-1.123445423943028
3.081079431438127	9.719063545150501	1.8782687001688738	0.051095857162333794	1.878268700168874	0.05109585716233371	1.9404854530720261	0.13393137221454274	7.942091617808193	96.86301055174182	2.457162402967419	0.983120168653147	30.718907976448634	706.2617513815695	-1.123445423943028
3.081079431438127	9.755852842809364	1.8796641392082472	0.0509318729241811	1.8796641392082472	0.05093187292418112	1.9429397932397445	0.13329044813030821	7.9423436837564925	97.05660337605465	2.4591322240656917	0.9831213195585773	30.742601674089812	712.7268396123225	-1.123445423943028
3.081079431438127	9.792642140468228	1.881043029624737	0.0507705860143565	1.8810430296247374	0.05077058601435645	1.9453673583169233	0.1326583690166707	7.942591613971323	97.24817885851309	2.4610843245067473	0.9831225555518927	30.766066670213057	719.2198810974878	-1.123445423943028
3.081079431438127	9.82943143812709	1.8824058165992827	0.05061190524951368	1.8824058165992836	0.05061190524951348	1.9477687437848714	0.13203491803786463	7.942835613634424	97.43778141558695	2.463019065290502	0.9831238765298409	30.789307385352775	725.7409519862189	-1.123445423943028
3.081079431438127	9.866220735785953	1.8837529275698743	0.05045574364721715	1.8837529275698748	0.05045574364721705	1.9501445252626446	0.13141988604258775	7.943075877785316	97.62545398586826	2.4649367959862043	0.9831252823329447	30.81232810858221	732.290126508113	-1.123445423943028
3.081079431438127	9.903010033444817	1.8850847731307838	0.05030201818956463	1.8850847731307832	0.050302018189564764	1.9524952593716849	0.1308130712105068	7.943312591865374	97.81123809441206	2.4668378552024657	0.9831267727489261	30.835133002727908	738.8674770469469	-1.123445423943028
3.081079431438127	9.939799331103679	1.886401747877078	0.05015064960245298	1.8864017478770785	0.05015064960245294	1.9548214845545857	0.13021427871860422	7.943545932229281	97.99517391365765	2.4687225710340424	0.9831283475159561	30.857726109330027	745.4730742109085	-1.123445423943028
3.081079431438127	9.976588628762542	1.887704231198234	0.050001562149303604	1.8877042311982337	0.050001562149303645	1.9571237218507709	0.12962332042606728	7.943776066625937	98.17730032114008	2.470591261486614	0.9831300063257359	30.880111353361677	752.1069868994574	-1.123445423943028
3.081079431438127	10.013377926421406	1.8889925880245355	0.049854683438144254	1.8889925880245357	0.049854683438144184	1.9594024756318564	0.12904001457649514	7.944003154651093	98.35765495419707	2.472444234880957	0.9831317488264223	30.90229254772285	758.7692823670909	-1.123445423943028
3.081079431438127	10.050167224080267	1.890267169529409	0.049709944241066936	1.8902671695294087	0.04970994424106705	1.961658234299021	0.12846418551632383	7.944227348173309	98.53627426184688	2.4742817902374936	0.9831335746254009	30.92427339751957	765.4600262840685	-1.123445423943028
3.081079431438127	10.08695652173913	1.8915283137908179	0.04956727832513812	1.8915283137908174	0.049567278325138214	1.9638914709447959	0.12789566342841668	7.944448791735174	98.71319355401569	2.4761042176424737	0.9831354832919169	30.946057504141997	772.1792827943722	-1.123445423943028
3.081079431438127	10.123745819397993	1.8927763464144303	0.04942662229393166	1.8927763464144303	0.049426622293931646	1.9661026439813154	0.1273342840798726	7.9446676229313	98.88844704826768	2.477911798596684	0.9831374743595717	30.96764836915126	778.9271145709498	-1.123445423943028
3.081079431438127	10.160535117056856	1.894011581121195	0.049287915438913435	1.8940115811211953	0.0492879154389134	1.9682921977371075	0.1267798885831502	7.944883972764659	99.06206791419245	2.4797048063477543	0.9831395473286892	30.989049397986637	785.7035828684723	-1.123445423943028
3.081079431438127	10.19732441471572	1.8952343203016508	0.049151099599974706	1.8952343203016515	0.049151099599974615	1.9704605630242082	0.12623232316968813	7.945097965982609	99.23408831558353	2.481483506206895	0.9831417016685622	31.010263903502292	792.508747573691	-1.123445423943028
3.081079431438127	10.234113712374581	1.8964448555391595	0.049016119034469466	1.896444855539159	0.04901611903446955	1.9726081576773482	0.12569143897525226	7.945309721393859	99.40453945053754	2.483248155850892	0.9831439368195811	31.031295109342487	799.342667253501	-1.123445423943028
3.081079431438127	10.270903010033445	1.8976434681041487	0.04888292029415267	1.8976434681041485	0.04888292029415269	1.9747353870668718	0.1251570918362896	7.945519352167737	99.57345158959859	2.4849990056102635	0.9831462521952541	31.052146153165104	806.2053992009165	-1.123445423943028
3.081079431438127	10.307692307692308	1.8988304294211495	0.04875145210948103	1.8988304294211495	0.04875145210948101	1.9768426445868057	0.12462914209663466	7.945726966116625	99.74085411205314	2.4867362987441686	0.9831486471841225	31.07282008972004	813.0969994789504	-1.123445423943028
3.081079431438127	10.34448160535117	1.9000060015104618	0.04862166528076016	1.9000060015104616	0.048621665280760167	1.978930312119592	0.1241074544239383	7.945932665962883	99.90677554048835	2.4884602717029005	0.9831511211515769	31.093319893791456	820.0175229626099	-1.123445423943028
3.081079431438127	10.381270903010034	1.901170437405961	0.04849351257568412	1.901170437405961	0.04849351257568408	1.9809987604786912	0.12359189763525563	7.946136549590941	100.07124357370404	2.4901711543785394	0.9831536734415799	31.11364846301012	826.9670233790388	-1.123445423943028
3.081079431438127	10.418060200668897	1.902323981550665	0.048366948632820345	1.9023239815506647	0.048366948632820345	1.9830483498304208	0.12308234453124003	7.9463387102857785	100.23428511807927	2.491869170344459	0.9831563033782994	31.133808620543444	833.9455533459554	-1.123445423943028
3.081079431438127	10.454849498327759	1.9034668701712871	0.04824192987066401	1.9034668701712876	0.048241929870663953	1.985079430096024	0.12257867173846046	7.946539236958271	100.39592631746895	2.4935545370841434	0.9831590102676565	31.153803117668282	840.953164408389	-1.123445423943028
3.081079431438127	10.491638795986622	1.904599331633221	0.048118414401873484	1.9045993316332215	0.04811841440187346	1.9870923413351889	0.12208075955935972	7.94673821435849	100.55619258171977	2.4952274662100127	0.9831617933987942	31.173634636233896	847.989907073902	-1.123445423943028
3.081079431438127	10.528428093645484	1.9057215867770636	0.04799636195235946	1.9057215867770634	0.04799636195235945	1.9890874141119699	0.1215884918294223	7.946935723277571	100.71510861387794	2.4968881636726783	0.9831646520454684	31.193305791019846	855.0558308463117	-1.123445423943028
3.081079431438127	10.565217391304348	1.9068338492378147	0.047875733784909134	1.9068338492378147	0.04787573378490913	1.9910649698440492	0.12110175578114676	7.947131840738776	100.87269843615734	2.4985368299611346	0.9831675854673673	31.212819131994255	862.150984257994	-1.123445423943028
3.081079431438127	10.602006688963211	1.9079363257477788	0.04775649262705479	1.9079363257477786	0.04775649262705486	1.9930253211362343	0.12062044191443821	7.947326640178438	101.02898541473542	2.5001736602943154	0.9831705929113606	31.23217714647713	869.2754149008275	-1.123445423943028
3.081079431438127	10.638795986622073	1.9090292164241887	0.04763860260291211	1.9090292164241884	0.047638602602912195	1.9949687720990947	0.12014444387305916	7.9475201916174765	101.18399228344414	2.5017988448045663	0.9831736736126857	31.25138226121467	876.4291694559236	-1.123445423943028
3.081079431438127	10.675585284280936	1.9101127150423536	0.04752202916874537	1.9101127150423534	0.04752202916874538	1.9968956186533835	0.11967365832681699	7.947712561823796	101.33774116640382	2.50341256871322	0.9831768267960681	31.270436844366795	883.6122937220457	-1.123445423943028
3.081079431438127	10.7123745819398	1.911187009295309	0.04740673905201361	1.9111870092953096	0.047406739052013556	1.9988061488211692	0.11920798485915694	7.947903814466438	101.49025359966834	2.5050150124989425	0.9831800516767862	31.289343207414877	890.8248326429901	-1.123445423943028
3.081079431438127	10.749163879598662	1.9122522810405926	0.04729270019369822	1.9122522810405929	0.04729270019369816	2.0007006430041603	0.11874732585988736	7.94809401026155	101.64155055191895	2.5066063520589066	0.9831833474616772	31.30810360699057	898.0668303337484	-1.123445423943028
3.081079431438127	10.785953177257525	1.9133087065350378	0.04717988169369246	1.913308706535038	0.04717988169369245	2.0025793742500744	0.11829158642274464	7.948283207111069	101.79165244426852	2.5081867588634164	0.9831867133500919	31.32672024663239	905.3383301057255	-1.123445423943028
3.081079431438127	10.822742474916389	1.9143564566581341	0.0470682537590809	1.9143564566581344	0.0470682537590809	2.004442608507503	0.11784067424755106	7.948471460234131	101.94057916921068	2.5097564001040746	0.9831901485347961	31.345195278470975	912.6393744908779	-1.123445423943028
3.081079431438127	10.85953177257525	1.91539569712472	0.04695778765512094	1.9153956971247204	0.04695778765512082	2.0062906048699927	0.11739449954671399	7.9486588222920025	102.0883501087675	2.511315438835987	0.9831936522028272	31.363530804848658	919.9700052649697	-1.123445423943028
3.081079431438127	10.896321070234114	1.916426588687487	0.04684845565877611	1.9164265886874867	0.04684845565877612	2.008123615809747	0.11695297495584979	7.948845343506529	102.23498415186522	2.5128640341141395	0.9831972235363015	31.381728879874498	927.3302634698778	-1.123445423943028
3.081079431438127	10.933110367892976	1.9174492873299482	0.04674023101464089	1.9174492873299478	0.04674023101464093	2.0099418874015758	0.11651601544830706	7.9490310717727475	102.38049971098548	2.514402341124304	0.9832008617131798	31.399791510919066	934.7201894350334	-1.123445423943028
3.081079431438127	10.96989966555184	1.9184639444503755	0.046633087893116154	1.918463944450376	0.046633087893116126	2.011745659537542	0.11608353825339193	7.949216052765875	102.52491473812441	2.5159305113087678	0.9832045659079922	31.417720660051625	942.1398227980967	-1.123445423943028
3.081079431438127	11.006688963210703	1.9194707070371388	0.04652700135071239	1.9194707070371393	0.04652700135071231	2.013535166132693	0.11565546277811492	7.949400330042906	102.66824674008998	2.5174486924869757	0.9832083352925216	31.435518245421367	949.5892025247546	-1.123445423943028
3.081079431438127	11.043478260869565	1.9204697178360155	0.04642194729234275	1.9204697178360155	0.04642194729234276	2.015310635322441	0.11523171053226282	7.949583945139286	102.81051279317744	2.5189570289715126	0.9832121690364507	31.45318614258678	957.0683669278493	-1.123445423943028
3.081079431438127	11.080267558528428	1.9214611155098151	0.0463179024355035	1.9214611155098154	0.04631790243550348	2.017072289651884	0.11481220505664409	7.949766937660804	102.95172955724699	2.5204556616795073	0.9832160663079741	31.470726185794327	964.5773536857545	-1.123445423943028
3.081079431438127	11.117056856187292	1.922445034790756	0.046214844276229065	1.922445034790756	0.04621484427622905	2.018820346257488	0.11439687185434486	7.949949345370953	103.09191328923248	2.521944728239693	0.9832200262743748	31.488140169208993	972.1161998600527	-1.123445423943028
3.081079431438127	11.153846153846153	1.9234216066259915	0.04611275105671989	1.9234216066259913	0.04611275105671994	2.0205550170415187	0.11398563832484104	7.950131204274103	103.23107985611239	2.5234243630953803	0.9832240481025705	31.50542984809936	979.6849419126008	-1.123445423943028
3.081079431438127	11.190635451505017	1.9243909583166459	0.04601160173454903	1.9243909583166459	0.046011601734549046	2.022276508839557	0.1135784337008317	7.950312548694671	103.36924474736577	2.524894697603465	0.9832281309596276	31.522596939978694	987.2836157219459	-1.123445423943028
3.081079431438127	11.22742474916388	1.9253532136506493	0.045911375953363934	1.9253532136506488	0.04591137595336402	2.023985023581368	0.11317518898766141	7.95049341135237	103.50642308693504	2.526355860129653	0.9832322740132469	31.539643125703947	994.9122565991361	-1.123445423943028
3.081079431438127	11.264214046822742	1.9263084930297494	0.04581205401499499	1.9263084930297492	0.04581205401499502	2.025680758445508	0.11277583690520372	7.950673823433976	103.64262964472283	2.527807976140098	0.9832364764322211	31.556570050534773	1002.5708993029725	-1.123445423943028
3.081079431438127	11.301003344481606	1.9272569135909936	0.04571361685289272	1.9272569135909936	0.04571361685289275	2.027363906007943	0.11238031183208409	7.950853814661642	103.777878847644	2.5292511682896275	0.9832407373868665	31.573379325154676	1010.2595780547338	-1.123445423943028
3.081079431438127	11.33779264214047	1.9281985893228941	0.045616046006830474	1.928198589322894	0.045616046006830495	2.0290346543848776	0.11198854975214376	7.951033413357915	103.91218479024752	2.5306855565066217	0.9832450560494291	31.59007252665467	1017.978326552334	-1.123445423943028
3.081079431438127	11.37458193979933	1.929133631176654	0.04551932359878918	1.9291336311766536	0.04551932359878922	2.0306931873701894	0.11160048820302	7.951212646507789	104.04556124493705	2.5321112580748038	0.9832494315944672	31.606651199482616	1025.7271779840241	-1.123445423943028
3.081079431438127	11.411371237458194	1.9300621471726	0.04542343230997436	1.9300621471725996	0.04542343230997445	2.032339684567587	0.11121606622675967	7.951391539817742	104.17802167180002	2.5335283877119874	0.9832538631992109	31.623116856358546	1033.5061650415912	-1.123445423943028
3.081079431438127	11.448160535117056	1.9309842425021218	0.04532835535889694	1.9309842425021218	0.04532835535889693	2.033974321517807	0.11083522432236315	7.951570117772102	104.30957922806726	2.5349370576459553	0.9832583500439003	31.639470979157846	1041.3153199331002	-1.123445423943028
3.081079431438127	11.48494983277592	1.9319000196253187	0.04523407648046268	1.9319000196253187	0.04523407648046267	2.0355972698210434	0.1104579044001693	7.951748403686712	104.44024677721895	2.5363373776875933	0.9832628913121031	31.65571501976379	1049.1546743952144	-1.123445423943028
3.081079431438127	11.521739130434783	1.9328095783645522	0.04514057990602085	1.9328095783645527	0.04514057990602073	2.0372086972548056	0.11008404973800176	7.951926419760157	104.57003689775084	2.5377294553013447	0.9832674861910121	31.671850400890136	1057.0242597050506	-1.123445423943028
3.081079431438127	11.558528428093645	1.9337130159941625	0.04504785034431301	1.9337130159941627	0.045047850344312954	2.0388087678874762	0.1097136049389879	7.952104187122675	104.6989618916203	2.5391133956732266	0.9832721338717257	31.68787851687622	1064.924106691715	-1.123445423943028
3.081079431438127	11.595317725752508	1.9346104273264202	0.044955872963289394	1.9346104273264202	0.04495587296328941	2.0403976421876266	0.10934651589098696	7.95228172588268	104.82703379237782	2.540489301776316	0.9832768335495085	31.703800734453772	1072.8542457473513	-1.123445423943028
3.081079431438127	11.632107023411372	1.9355019047940147	0.044864633372733616	1.9355019047940152	0.04486463337273352	2.0419754771294074	0.10898272972754278	7.95245905517129	104.95426437300627	2.5418572744339847	0.9832815844240362	31.719618393488503	1080.8147068378794	-1.123445423943028
3.081079431438127	11.668896321070234	1.9363875385291935	0.044774117607660986	1.9363875385291942	0.04477411760766089	2.0435424262941333	0.10862219479029799	7.952636193184828	105.08066515347782	2.5432174123809275	0.9832863856996258	31.735332807696736	1088.8055195133918	-1.123445423943028
3.081079431438127	11.705685618729097	1.9372674164396606	0.044684312112455445	1.9372674164396604	0.044684312112455486	2.0450986399681508	0.10826486059281142	7.95281315722525	105.20624740803436	2.544569812321973	0.9832912365854468	31.7509452653372	1096.8267129181365	-1.123445423943028
3.081079431438127	11.74247491638796	1.9381416242815033	0.04459520372569584	1.9381416242815033	0.044595203725695844	2.046644265237315	0.10791067778570139	7.95298996373897	105.3310221722157	2.5459145689889655	0.9832961362957228	31.76645702988104	1104.8783158002616	-1.123445423943028
3.081079431438127	11.779264214046822	1.9390102457291616	0.04450677966565022	1.9390102457291618	0.044506779665650184	2.048179446078026	0.10755959812307542	7.953166628353747	105.45500024963269	2.5472517751955865	0.9833010840499151	31.781869340658634	1112.960356521174	-1.123445423943028
3.081079431438127	11.816053511705686	1.9398733624426594	0.04441902751639539	1.9398733624426594	0.044419027516395405	2.0497043234451082	0.1072115744301768	7.953343165913998	105.57819221850521	2.5485815218903505	0.9833060790728956	31.797183413485747	1121.072863064628	-1.123445423943028
3.081079431438127	11.852842809364548	1.9407310541322074	0.044331935214533894	1.940731054132207	0.04433193521453394	2.05121903535663	0.10686656057219943	7.953519590514595	105.70060843797278	2.5499038982077944	0.9833111205951063	31.81240044126931	1129.2158630455342	-1.123445423943028
3.081079431438127	11.889632107023411	1.9415833986202549	0.04424549103648147	1.941583398620255	0.04424549103648141	2.0527237169757258	0.10652451142422642	7.953695915533021	105.8222590541828	2.5512189915179007	0.9833162078527073	31.827521594593232	1137.389383718456	-1.123445423943028
3.081079431438127	11.926421404682275	1.9424304719011782	0.044159683586291645	1.942430471901178	0.04415968358629163	2.0542185006896503	0.10618538284223471	7.953872153660247	105.94315400617283	2.5525268874738924	0.9833213400877134	31.84254802228572	1145.593451985866	-1.123445423943028
3.081079431438127	11.963210702341136	1.943272348198653	0.04407450178399593	1.9432723481986527	0.04407450178399599	2.0557035161860973	0.10584913163512968	7.954048316930161	106.06330303154934	2.5538276700584164	0.9833265165481199	31.857480851968404	1153.8280944061366	-1.123445423943028
3.081079431438127	12.	1.944109100020822	0.043989934854435364	1.9441091000208224	0.04398993485443531	2.0571788905269024	0.10551571553776323	7.954224416747699	106.18271567197256	2.555121421628174	0.983331736488018	31.872321190587748	1162.0933372012714	-1.123445423943028