3.169591973244147	1.	4.856601552631025	5.876335717400654e-10	4.774510272642218	0.999999999188725	6.195210917602884	0.00001999151445088883	12.769415351659926	441.5461202710044	13.784850747148479	0.9999909552860347	97.97204088238597	241.96035271319087	2.9006511570121476
3.169591973244147	1.0367892976588629	4.7683779974906715	1.0098337923181054e-9	4.605078235702932	0.999999998032153	6.072373486265224	0.000025765861445325715	12.635846696683874	430.4281243851927	13.295515915241191	0.9999878636563491	95.72503268765426	241.95773295005753	2.788664064826958
3.169591973244147	1.0735785953177257	4.68493172357985	1.6845761633391375e-9	4.44725531998656	0.9999999955254468	5.955973785861482	0.00003279712893645081	12.50748582311915	419.9375727680912	12.83967614487139	0.9999840510608837	93.59944469472723	241.9542127985535	2.682090267497503
3.169591973244147	1.1103678929765886	4.605851458736939	2.7349173924971152e-9	4.299887277625481	0.999999990399479	5.845480263688922	0.00004127280748774035	12.384029224820837	410.02121832129046	12.413997855944597	0.9999794302374877	91.58491435451546	241.94963054518828	2.58038397004637
3.169591973244147	1.1471571906354514	4.530773140524828	4.331094140355644e-9	4.161967940878313	0.999999980451737	5.740419777666177	0.000051395428600129236	12.265195472124386	400.63169604568253	12.015575386245887	0.9999739163953179	89.67226563382496	241.94382292431115	2.4830801719680933
3.169591973244147	1.1839464882943145	4.459373245313838	6.703903590330371e-9	4.0326162187530254	0.9999999620371418	5.640369628570863	0.00006338258491369145	12.150723672855626	391.726729226346	11.64186457493754	0.9999674285819213	87.8533413210325	241.93662865032184	2.38977920522901
3.169591973244147	1.2207357859531773	4.391363226561012	1.016053268143713e-8	3.9110572519443276	0.9999999293761852	5.544950878148694	0.00007746691577567316	12.040371968753274	383.26846100272684	11.290628341780334	0.9999598908431736	86.12086338577168	241.92789169808302	2.300134865895753
3.169591973244147	1.2575250836120402	4.326484851427189	1.5103002652288837e-8	3.7966068745951165	0.999999873653441	5.453822714746582	0.00009389606836567138	11.933916095428796	375.222888757229	10.959891805815937	0.9999512331639545	84.4683159928399	241.91746424600925	2.2138451706852362
3.169591973244147	1.294314381270903	4.2645062697780975	2.20493663985153e-8	3.6886587250935174	0.9999997818874393	5.3666776777691	0.00011293264416453543	11.831148021977665	367.5593832944781	10.647905046334913	0.999941392189198	82.88984693830346	241.90520923004564	2.1306450635885414
3.169591973244147	1.3311036789297659	4.205218683973544	3.165776417191541e-8	3.586673493618888	0.9999996355637324	5.283237590477321	0.00013485414004850535	11.731874678297299	360.2502783172805	10.353112028784833	0.9999303117339648	81.38018416556015	241.89100248511946	2.0503005934276426
3.169591973244147	1.3678929765886287	4.1484335143556565	4.475340943507754e-8	3.4901699044123453	0.9999994090360279	5.2032500803056925	0.0001599528927183352	11.63591677281784	353.2705184756919	10.074124536320342	0.9999179430976743	79.9345647025485	241.87473447277998	1.9726042162808803
3.169591973244147	1.4046822742474916	4.093979975957853	6.235854226840489e-8	3.398717114997878	0.9999990677143387	5.126485589058899	0.0001885360345639383	11.543107699865786	346.597356452156	9.809700190652858	0.9999042452018809	78.5486738902705	241.85631160999154	1.8973709689198612
3.169591973244147	1.4414715719063544	4.0417029981004635	8.572535355748774e-8	3.3119282794586056	0.9999985660731056	5.052734793607318	0.00022092546844327906	11.453292533672778	340.2100912823095	9.558723832917895	0.9998891845733865	77.21859318523	241.8356572250477	1.8244353243898273
3.169591973244147	1.4782608695652173	3.99146143127256	1.1637185010955648e-7	3.2294550732016645	0.9999978455249922	4.981806372171613	0.00025745786824090045	11.366327104710019	334.0898414987067	9.320191680379457	0.9998727351953958	75.94075514221021	241.8127121731343	1.7536485873898826
3.169591973244147	1.5150501672240804	3.9431264958091883	1.5612059958058177e-7	3.150983015960739	0.9999968322165556	4.9135250628322815	0.00029848471148419525	11.282077153293327	328.2193477998097	9.093197788145185	0.9998548782492139	74.71190443977974	241.78743514713832	1.6848767208941535
3.169591973244147	1.5518394648829432	3.8965804349501303	2.071402652394307e-7	3.0762274607023072	0.9999954348095299	4.8477299701674585	0.00034437234974836717	11.200417555072951	322.5828008476954	8.876922434219885	0.999835601767955	73.52906401458036	241.75980271988496	1.6179985203131864
3.169591973244147	1.588628762541806	3.8517153413572363	2.7198981463451297e-7	3.004930140568858	0.9999935423155516	4.784273083404159	0.0003955021220853338	11.121231612960175	317.16569052981475	8.670622116793684	0.9998149002221448	72.38950553350126	241.7298091527571	1.5529040700078007
3.169591973244147	1.625418060200669	3.808432131413397	3.536652635342803e-7	2.9368561854736313	0.999991022052664	4.723017975542164	0.00045227051627592875	11.044410410156779	311.954673617614	8.473620908862694	0.99979277405517	71.2907235641921	241.69746600338408	1.4894934309116388
3.169591973244147	1.6622073578595318	3.766639645888748	4.5564879736109974e-7	2.871791535563778	0.9999877177890152	4.663838657867166	0.0005150893823345738	10.969852219178883	306.9374572448776	8.285302960299378	0.9997692291844325	70.2304129107787	241.66280156224843	1.4276755186311552
3.169591973244147	1.6989966555183946	3.7262538590409533	5.819600969181746e-7	2.809540691335277	0.9999834481331433	4.606618568336021	0.000584386202394484	10.897461962058594	302.10269603243086	8.105105973752506	0.9997442764819136	69.20644866835332	241.62586014508923	1.3673671395485942
3.169591973244147	1.7357859531772575	3.6871971810728676	7.37209683640075e-7	2.74992475035853	0.9999780052216539	4.551249675667678	0.0006606044208714385	10.827150717233291	297.4399010198946	7.932515510117972	0.9997179312457654	68.2168686208208	241.58670126503864	1.3084921587796583
3.169591973244147	1.7725752508361203	3.6493978412259755	9.266540919353722e-7	2.6927796888566764	0.9999711537446266	4.4976316837477865	0.0007442038386444178	10.758835268974147	292.9393588427875	7.767060003216623	0.9996902126725608	67.25985766515218	241.5453987058409	1.2509807787864702
3.169591973244147	1.8093645484949832	3.6127893407372533	1.1562526724443883e-6	2.6379548531538455	0.9999626303373655	4.4456713232604175	0.0008356610749013528	10.692437695545122	288.59205982468194	7.608306382850067	0.9996611433380101	66.33373399344659	241.50203951511497	1.194768911348477
3.169591973244147	1.8461538461538463	3.5773099665077575	1.4327258301701236e-6	2.5853116315791187	0.9999521433548241	4.395281719385142	0.0009354701002745948	10.627884992615124	284.3896338478791	7.455856221450943	0.9996307486923085	65.43693680438398	241.4567229346968	1.13979762869391
3.169591973244147	1.882943143812709	3.542902357683145	1.7636145053900565e-6	2.534722282008632	0.999939373032827	4.346381826009391	0.0010441428449307199	10.565108728760299	280.3242930287127	7.309342332777031	0.9995990565748196	64.5680153491689	241.4095592834264	1.0860126820743143
3.169591973244147	1.919732441471572	3.5095131184783734	2.1573407129226374e-6	2.4860688940387115	0.9999239720285824	4.298895918260756	0.0011622098853794303	10.504044730188777	276.388780360623	7.168425762057201	0.999566096751539	63.72561914513865	241.36066880637563	1.0333640780612585
3.169591973244147	1.9565217391304348	3.477092471529849	2.6232689665837304e-6	2.439242467953858	0.9999055663223505	4.252753136306113	0.0012902212139221758	10.44463279209377	272.57632360390886	7.0327931161068244	0.9995319004776936	62.90848921380903	241.31018050336704	0.981805704461982
3.169591973244147	1.9933110367892977	3.4455939468596535	3.171768430381755e-6	2.3941420953017034	0.9998837564528607	4.207887074330343	0.0014287470948696256	10.386816414292518	268.88059379914677	6.9021541895303065	0.9994965000869235	62.115450220032095	241.2582309486569	0.9312949990681838
3.169591973244147	2.0301003344481607	3.414974102213847	3.8142756560049613e-6	2.350674228106263	0.9998581190513028	4.164235409426561	0.0015783790119139247	10.330542559038165	265.2956678645822	6.776239849491213	0.999459928607732	61.345403405780765	241.20496311279078	0.8817926555313196
3.169591973244147	2.0668896321070234	3.3851922711108373	4.563357787272041e-6	2.308752025616132	0.9998282086326051	4.121739565826141	0.0017397307113437791	10.275761429099555	261.8159948087417	6.6548001468745674	0.9994222194072779	60.597320226361425	241.1505251968222	0.8332623615454575
3.169591973244147	2.1036789297658864	3.3562103354236954	5.432776136258431e-6	2.268294769056724	0.9997935595982249	4.080344410490594	0.0019134393461344762	10.222426264392288	258.43636515009723	6.537602626169572	0.9993834058620816	59.87023660901638	241.0950694883418	0.7856705652524963
3.169591973244147	2.140468227424749	3.32799251973591	6.437550062571094e-6	2.2292273361846084	0.9997536884018097	4.03999797659461	0.002100166726327771	10.170493155613196	255.151883187438	6.424430810206987	0.9993435210548383	59.163247764249896	241.03875124798085	0.738986266393564
3.169591973244147	2.177257525083612	3.300505205064979	7.594021116523892e-6	2.191479728567936	0.999708095827662	4.000651211864022	0.002300600681536605	10.119920873481727	251.95794180904718	6.315082839111822	0.9993025974962289	58.475503489083614	240.9817276342804	0.6931808292375173
3.169591973244147	2.2140468227424748	3.2737167598522903	8.919917438539749e-6	2.1549866454732345	0.9996562693318647	3.962257749105616	0.0025154565418618966	10.070670712327608	248.85019956701444	6.209370245575152	0.9992606668704073	57.80620390905729	240.92415667403046	0.6482278147413705
3.169591973244147	2.250836120401338	3.2475973863784233	0.000010434418440782848	2.119687099052568	0.9995976853969805	3.9247736965865823	0.002745478743994175	10.022706346884272	245.82455977590934	6.10711685088682	0.9992177598026846	57.1545956123281	240.86619628435727	0.6041028297529932
3.169591973244147	2.2876254180602005	3.2221189809875703	0.000012158219832575572	2.085524066219249	0.9995318118532538	3.888157446198427	0.002991442569783732	9.9759937012553	242.87715142348912	6.008157768169962	0.9991739056478346	56.51996813485942	240.80800335202028	0.5607833913651824
3.169591973244147	2.3244147157190636	3.1972550066981738	0.000014113599088412798	2.0524441731934635	0.9994581101220263	3.852369497579508	0.00325415602510151	9.930500829116333	240.00431170570087	5.912338500971109	0.9991291322973903	55.901650760555086	240.74973287453054	0.5182488047819633
3.169591973244147	2.3612040133779266	3.1729803769441793	0.00001632448149614979	2.0203974092071793	0.9993760373404439	3.8173722965778274	0.003534461867369085	9.886197804298908	237.20257001957694	5.819514126831829	0.999083466004274	55.299009604409065	240.69153716685742	0.476480053270703
3.169591973244147	2.3979933110367893	3.1492713493363937	0.000018816506963049412	1.9893368662938413	0.9992850483303021	3.783130086616268	0.0038332397907085043	9.843056620977546	234.46863326618717	5.729548556736492	0.9990369312231188	54.71144495040108	240.6335651367008	0.4354596989534263
3.169591973244147	2.4347826086956523	3.1261054284592342	0.000021617097798712938	1.9592185024631676	0.9991845973779236	3.7496087716793784	0.004151408778241213	9.801051102746213	231.79937233196267	5.64231386242567	0.9989895504646602	54.13838881904617	240.57596163046014	0.39517179334293695
3.169591973244147	2.471571906354515	3.1034612768280327	0.000024755527736333067	1.9300009258846533	0.9990741397961036	3.716775789778415	0.004489929631642264	9.76015681992763	229.19180963084906	5.557689664513844	0.9989413441626263	53.57930274228802	240.51886685131822	0.3556017966582422
3.169591973244147	2.508361204013378	3.081318633227755	0.000028262992497161128	1.9016451979824227	0.9989531332433228	3.6845999958716393	0.004849807688615854	9.72035101450773	226.64310760210694	5.4755625751726535	0.9988923305516091	53.033675725846635	240.46241585008661	0.31673650506283046
3.169591973244147	2.5451505016722407	3.0596582377380317	0.00003217268224746279	1.8741146535858202	0.998821038779505	3.653051553323076	0.005232095739487072	9.681612532129916	224.1505580694637	5.395825689858061	0.9988425255544698	52.501022381266225	240.406738088856	0.27856398506128605
3.169591973244147	2.5819397993311037	3.038461762823035	0.000036519856342569216	1.8473747364897752	0.9986773216414758	3.622101833076515	0.005637897154578417	9.64392176061827	221.71157237688803	5.318378123183753	0.9987919426779006	51.98088121177346	240.3519570768329	0.24107351436707658
3.169591973244147	2.6187290969899664	3.0177117499297306	0.000041341920798860936	1.8213928489614855	0.9985214517249568	3.5917233198048932	0.006068369234430936	9.607260574527091	219.32367222474042	5.243124584589857	0.9987405929148467	51.472813037710026	240.29819007726064	0.20425552861887153
3.169591973244147	2.6555183946488294	2.997391551095398	0.00004667850898170293	1.7961382138890447	0.9983529037633067	3.561889524369554	0.00652472679520215	9.5716122852355	216.98448113757848	5.169974989934113	0.9986884846525765	50.97639954875728	240.2455478838255	0.1681015733757632
3.169591973244147	2.6923076923076925	2.9774852751161704	0.00005257156604548238	1.771581748406789	0.998171157196297	3.5325749019907144	0.007008246001680591	9.536961596119529	214.69171650160186	5.098844105552741	0.9986356235852702	50.49124197146167	240.19413466455228	0.1326042608647569
3.169591973244147	2.729096989966555	2.9579777378736902	0.000059065437711016125	1.7476959479541965	0.9979756957249494	3.503754775591357	0.007520268460239957	9.5032945623412	212.44318211576723	5.029651221708316	0.9985820126300915	50.01695984171851	240.14404787091095	0.09775723098778162
3.169591973244147	2.765886287625418	2.93885441645733	0.00006620696401571964	1.724454779832358	0.9977660065508741	3.4754052638322914	0.008062205583642542	9.47059855479258	210.23676120604824	4.962319852667374	0.9985276518457972	49.553189872889725	240.09537820955504	0.0635551161201223
3.169591973244147	2.802675585284281	2.9201014067558106	0.00007404557872301126	1.7018335854167295	0.997541579300611	3.447503213408073	0.008635543238796404	9.438862227722856	208.07040985731442	4.896777460939115	0.998472538353043	49.09958491114707	240.04820967399297	0.029993509249507656
3.169591973244147	2.839464882943144	2.9017053842246208	0.00008263341512941944	1.6798089902683788	0.997301904637226	3.4200261352220833	0.0092418466872606	9.408075489556522	205.94215082190036	4.832955203461074	0.9984166662556433	48.655812970446156	240.00261963334086	-0.00293106498659526
3.169591973244147	2.8762541806020065	2.883653567565352	0.00009202541906056408	1.658358821460144	0.9970464725628566	3.3929521441060824	0.00988276582633232	9.378229476380033	203.85006766827394	4.770787697744103	0.9983600265621628	48.22155634027235	239.95867897529016	-0.035221176806785284
3.169591973244147	2.9130434782608696	2.8659336850800172	0.00010227946990027363	1.6374620315000057	0.9967747704170786	3.366259901795582	0.010560040735754287	9.349316527530805	201.79229923735036	4.710212806190124	0.9983026071073363	47.79651075996176	239.91645230045984	-0.06687851578346361
3.169591973244147	2.9498327759197323	2.8485339434881545	0.00011345651055013837	1.6170986282926596	0.9964862805768947	3.3399285629183613	0.01127550753124268	9.321330162664543	199.76703437803255	4.651171436974655	0.9982443924729587	47.38038465399455	239.87599816534504	-0.09790391379742099
3.169591973244147	2.9866220735785953	2.8314429990174177	0.00012562068726897264	1.5972496106327734	0.9961804778649157	3.313937723801002	0.012031104520864103	9.294265059602237	197.77250693760791	4.593607360046114	0.9981853639080368	46.97289842320332	239.83736937126127	-0.12829736693892776
3.169591973244147	3.0234113712374584	2.8146499305997	0.00013883950039190657	1.5778969087703616	0.9958568266729236	3.288267373948103	0.01282887865346934	9.26811703216431	195.80699098678042	4.537467036936075	0.9981254992481801	46.57378378732877	239.80061329683747	-0.15805805688001284
3.169591973244147	3.060200668896321	2.7981442150248883	0.00015318396697566213	1.5590233296308174	0.9955147778085958	3.262897850102558	0.013670992239503955	9.242883007083302	193.8687962634992	4.482699463202241	0.9980647728344109	46.18278317480645	239.76577227186505	-0.18718437228799623
3.169591973244147	3.096989966555184	2.781915703923446	0.00016872879645789412	1.5406125063099616	0.9951537650737723	3.237809792854239	0.01455972991307281	9.218560998944318	191.95626382447853	4.429256022439901	0.9980031554318196	45.79964915607896	239.73288399057745	-0.21567393090726772
3.169591973244147	3.1337792642140467	2.7659546024674113	0.00018555258045152386	1.5226488514984657	0.9947732015834011	3.212984105830348	0.01549750578955382	9.195150081931256	190.06776189855333	4.377090350899926	0.9979406141487692	45.42414391710783	239.701981962741	-0.24352360300628004
3.169591973244147	3.17056856187291	2.750251449697296	0.0002037379978160978	1.5051175145205273	0.9943724758352851	3.188401917575504	0.016486870754615073	9.172650356951433	188.20168194193693	4.3261582118432615	0.9978771123576927	45.05603877011055	239.6730960012957	-0.27072953697000013
3.169591973244147	3.2073578595317724	2.7347971003999003	0.0002233720361527667	1.4880043416990556	0.9939509475421506	3.164044546315135	0.017530519797374498	9.15106291246802	186.35643490223646	4.276417378843835	0.9978126096189179	44.695113698870635	239.64625274559324	-0.2972871879173189
3.169591973244147	3.2441471571906355	2.7195827084797504	0.00024454623085113145	1.471295839784186	0.9935079432394964	3.1398934678946615	0.01863129927166841	9.130389777083773	184.53044770596773	4.227827527326245	0.9977470616094171	44.34115693627679	239.62147621971047	-0.32319135033695506
3.169591973244147	3.280936454849498	2.7045997117843132	0.00026735692276770454	1.4549791422037084	0.9930427516853736	3.115930287301167	0.019792213933850743	9.110633861586873	182.72215999351525	4.180350133690316	0.9976804200589278	43.993964572026854	239.59878842560778	-0.34843619586767643
3.169591973244147	3.317725752508361	2.689839818361135	0.00029190553552719764	1.4390419779133123	0.9925546190719089	3.0921367143068412	0.021016433561981514	9.091798887786911	180.93002113629382	4.133948381434296	0.9976126326965311	43.65334018870289	239.57820997129548	-0.3730153174969488
3.169591973244147	3.3545150501672243	2.675294994143107	0.00031829887329758215	1.4234726426413784	0.9920427440732519	3.068494543926621	0.022307298908284683	9.073889301033915	179.1524875835525	4.088587073741448	0.9975436432115187	43.319094524676096	239.55976073446908	-0.39692178161733677
3.169591973244147	3.391304347826087	2.6609574520764343	0.000346649439683998	1.4082599723374503	0.991506272761008	3.0449856425586104	0.023668326672926954	9.056910162826908	177.38802060111965	4.04423255204156	0.9974733912332474	42.99104516253562	239.5434605622984	-0.4201481895602982
3.169591973244147	3.42809364548495	2.6468196427244495	0.0003770757780975861	1.3933933186455767	0.9909442934263994	3.02159194087685	0.025103213111029938	9.0408670193845	175.63508448168648	4.000852620100719	0.997401812335669	42.66901624196169	239.5293300082417	-0.4426867504173943
3.169591973244147	3.4648829431438126	2.6328742463986265	0.0004097028335644482	1.378862526233268	0.990355831358716	2.998295434772372	0.026615835795086057	9.025765741479763	173.8921453261866	3.958416473228489	0.9973288380733457	42.352838196168925	239.51739110674976	-0.4645293671550287
3.169591973244147	3.5016722408026757	2.61911416688593	0.0004446623354239056	1.3646579118140074	0.9897398436424006	2.9750781958899073	0.0282102529506365	9.011612330253604	172.15767051861326	3.9168946322230815	0.9972543960570097	42.04234751123928	239.5076681866288	-0.48566773821859693
3.169591973244147	3.5384615384615383	2.605532526857462	0.0004820931997012979	1.3507702447056915	0.9890952140506627	2.9519223935795873	0.02989069966394069	8.998412683145768	170.43012904210696	3.8762588817002293	0.997178410078086	41.7373865078265	239.50018872337037	-0.5060934769926958
3.169591973244147	3.5752508361204014	2.5921226650567863	0.0005221419491026933	1.3371907287693698	0.9884207481320607	2.9288103303693265	0.031661580127242475	8.986172313568412	168.70799281211936	3.836482212472616	0.9971008002930402	41.4378031448575	239.49498423013637	-0.5257982516125903
3.169591973244147	3.612040133779264	2.5788781353749206	0.0005649631475446122	1.3239109855718152	0.9877151686081398	2.9057244933504442	0.033527454942702435	8.974896017560823	166.98973923211028	3.797538767661583	0.9970214834798712	41.14345084495241	239.49209118595684	-0.5447739476810861
3.169591973244147	3.648829431438127	2.5657927079208354	0.0006107198448825368	1.3109230386120343	0.9869771112248368	2.8826476241367986	0.03549302235526132	8.964587480501558	165.2738552072995	3.7594037922326713	0.9969403733804694	40.85418834133576	239.49155199815547	-0.5630128563948363
3.169591973244147	3.68561872909699	2.552860372188228	0.0006595840260289817	1.2982192984458873	0.9862051212274985	2.859562810275977	0.03756309213626707	8.955248817141882	163.55884288033505	3.722053585650778	0.9968573811437522	40.56987954599322	239.49341599387571	-0.5805078903752107
3.169591973244147	3.722408026755853	2.5400753423973437	0.0007117370569644149	1.28579254853483	0.9853976506580522	2.836453601117466	0.03974255070709524	8.946880038926267	161.84322737617572	3.685465457348685	0.9967724158852971	40.290393438720045	239.49774043269713	-0.5972528290700391
3.169591973244147	3.759197324414716	2.5274320650505424	0.0007673701182766586	1.2736359316352486	0.9845530567014836	2.813304151120884	0.04203631599464318	8.939478443984479	160.1255668575581	3.649617684696016	0.9966853853793601	40.01560397649522	239.50459152876974	-0.6132425948699036
3.169591973244147	3.7959866220735785	2.514925228676559	0.0008266846148904475	1.2617429365347403	0.9836696013347958	2.790099393343806	0.04444928047518798	8.933037927551842	158.40446519104583	3.6144894731430317	0.9965961968983839	39.74539002226009	239.51404546639648	-0.6284735599854654
3.169591973244147	3.8327759197324416	2.502549775645931	0.0008898925486926799	1.2501073849327677	0.9827454525514935	2.7668252452957858	0.046986240924323984	8.927548214160446	156.67858749919213	3.5800609181974243	0.9965047582129599	39.479635291669354	239.52618938771099	-0.6429438825761161
3.169591973244147	3.869565217391304	2.4903009158139895	0.0009572168390095697	1.2387234182574678	0.9817786874435395	2.74346884838161	0.04965181359113207	8.922994017999653	154.94667881748848	3.546312968873674	0.9964109787613009	39.21822831568741	239.5411223250737	-0.6566538685296287
3.169591973244147	3.9063545150501673	2.478174141584884	0.0010288915746133232	1.2275854842109557	0.9807672974147489	2.7200188406792685	0.05245033390287149	8.919354144577913	153.20758597527296	3.5132273922363577	0.9963147709911183	38.96106241601772	239.55895604427755	-0.6696063526203472
3.169591973244147	3.94314381270903	2.466165243790387	0.0011051621804699066	1.2166883228456642	0.9797091957677253	2.696465660713562	0.05538574043261565	8.916600555321928	151.460282667313	3.4807867386452007	0.9962160518680102	38.70803568928398	239.57981575806707	-0.6818070895222836
3.169591973244147	3.979933110367893	2.4542703275459474	0.001186285483193638	1.2060269519981177	0.9786022278434651	2.6728018771386624	0.05846144377032491	8.914697426911172	149.70389746901185	3.4489743073059325	0.9961147445327649	38.45905099466938	239.60384066350395	-0.6932651414105863
3.169591973244147	4.016722408026756	2.4424858269963026	0.0012725296615898644	1.1955966519479642	0.9774441837920519	2.649022535843724	0.06168018215366645	8.913600248538947	147.93774426932134	3.4177741117436025	0.9960107800754316	38.21401593844071	239.63118425228618	-0.7039932448555344
3.169591973244147	4.053511705685619	2.4308085176162613	0.0013641740731563832	1.1853929492323323	0.9762328139102352	2.6251255120643258	0.06504386723005397	8.913255012067589	146.16135425589624	3.3871708448513713	0.9959040993770547	37.97284284756877	239.66201434144898	-0.7140081357530371
3.169591973244147	4.090301003344481	2.4192355245217274	0.0014615089542666683	1.1754115996301864	0.9749658462973553	2.6011118508851636	0.06855342507488323	8.91359756085349	144.37450820328954	3.357149843234553	0.995794654951724	37.73544872368132	239.69651277424177	-0.7233308076666219
3.169591973244147	4.127090301003345	2.407764325114669	0.0015648350010176568	1.1656485704370156	0.9736410063620746	2.57698607549709	0.07220863945227977	8.914553171002188	142.57726741914186	3.327697050672855	0.9956824127038377	37.50175516808478	239.73487474879673	-0.73198667685356
3.169591973244147	4.1638795986622075	2.3963927443819433	0.0016744628490607315	1.156100022271347	0.9722560374744915	2.5527564393397664	0.07600800606413642	8.91603644173476	140.7700013445267	3.2987989806639044	0.9955673535007434	37.27168826880529	239.7773077463668	-0.7400056271791196
3.169591973244147	4.20066889632107	2.3851189413393086	0.0017907124833311144	1.1467622907811073	0.97080872182683	2.528435096564805	0.07994860790782447	8.917951567081253	138.95340954714345	3.270442678185803	0.9954494744522543	37.045178441774084	239.82403005202707	-0.7474219108266733
3.169591973244147	4.237458193979933	2.3739413854925395	0.001913912621119912	1.1376318687344362	0.9692969003747482	2.5040381658603414	0.08402602252514771	8.920193047337381	137.12853576189985	3.242615681011968	0.9953287897890614	36.82216022055179	239.8752688878482	-0.7542738867239652
3.169591973244147	4.274247491638796	2.362858822786205	0.0020444001226346802	1.1287053890678305	0.9677184906183188	2.4795856662134543	0.08823427155793397	8.922646874711956	135.29677178942663	3.2153059811101716	0.9952053312443684	36.602571992374834	239.93125821002224	-0.7606035880526354
3.169591973244147	4.311036789297659	2.351870231297848	0.0021825194901250442	1.1199796095054828	0.966071500982083	2.455101309937654	0.09256582139997581	8.925192194058967	133.4598495032912	3.188501986832101	0.9950791478683629	36.386355682613015	239.99223625373656	-0.7664561226224684
3.169591973244147	4.3478260869565215	2.3409747678377353	0.0023286225180669845	1.1114513993419028	0.9643540406907333	2.43061214802014	0.09701164079326159	8.927703399254904	131.6198199442237	3.16219248672081	0.9949503052425587	36.17345639453298	240.05844293845252	-0.7718789241221039
3.169591973244147	4.384615384615385	2.330171707519784	0.002483068151705306	1.1031177288884064	0.9625643243142312	2.4061480746869472	0.10156131713627686	8.930052583357101	129.77901944385914	3.1363666158053722	0.9948188841072677	35.963822015967324	240.13011726695734	-0.7769208865402031
3.169591973244147	4.421404682274248	2.3194603791421695	0.0026462225994055154	1.0949756619270479	0.960700670551266	2.381741210605431	0.10620322848373172	8.932112222242374	127.94002381503448	3.1110138251973782	0.9946849784649133	35.75740280838063	240.20749485996484	-0.7816314262713691
3.169591973244147	4.45819397993311	2.308840099726175	0.0028184597269483506	1.087022351310256	0.9587614952858159	2.357425195552452	0.11092476335161959	8.933757943275687	126.10559272264753	3.0861238556515462	0.9945486932676006	35.55415099625329	240.29080576174118	-0.7860595245409565
3.169591973244147	4.494983277591973	2.29831011171384	0.003000161741417623	1.0792550376181047	0.9567452994239343	2.3332344298917493	0.11571257621500813	8.934871217778886	124.27860724689164	3.0616867155182526	0.9944101418323962	35.354020375217715	240.38027263122353	-0.790252805319485
3.169591973244147	4.531772575250836	2.287869526084244	0.0031917201516632387	1.0716710505701241	0.9546506524284133	2.309203308461877	0.12055286364327515	8.935341821232086	122.46200422977721	3.037692663230358	0.9942694431467958	35.156965955850275	240.47610939995116	-0.7942567003095433
3.169591973244147	4.568561872909699	2.2775172740514433	0.0033935369744732824	1.0642678127152356	0.9524761727605052	2.2853654898587585	0.12543164478400531	8.935069927599208	120.65871117131253	3.014132194171541	0.9941267192274053	34.962943656692005	240.57852043773931	-0.7981137434377151
3.169591973244147	4.605351170568562	2.2672520691530904	0.0036060261429440104	1.057042844813394	0.9502205065765645	2.2617532388683386	0.130335030494075	8.93396774018209	118.8715852021624	2.990996031508747	0.9939820926778143	34.77191005548535	240.68770022516497	-0.8018630241074174
3.169591973244147	4.642140468227424	2.257072380565241	0.0038296150673770395	1.049993772284983	0.9478823060086811	2.2383968710158872	0.1352494676125825	8.931960605074176	117.10335906659282	2.968275120370552	0.9938356845608767	34.583822202503235	240.8038334943536	-0.8055398133960843
3.169591973244147	4.678929765886288	2.246976417529458	0.004064746299398432	1.0431183321347814	0.945460208204543	2.2153243173997867	0.14016194821149347	8.928987597959258	115.35659621860546	2.9459606246346626	0.9936876126618758	34.39863749494738	240.92709577056974	-0.8091753626400744
3.169591973244147	4.7157190635451505	2.236962123973131	0.0043118792558486715	1.036414379841853	0.9429528160541185	2.1925608168424215	0.14506017755664166	8.925001614736258	113.63365620478334	2.9240439255547273	0.9935379901785963	34.21631360730638	241.0576542291315	-0.8127968613036605
3.169591973244147	4.752508361204013	2.227027181819335	0.004571491968629699	1.0298798958245559	0.9403586812377595	2.1701287323679264	0.14993269838423223	8.919969027051197	111.93667061175256	2.9025166214975	0.9933869248375037	34.03680846965145	241.19566877528717	-0.8164275318684828
3.169591973244147	4.789297658862877	2.2171690211463937	0.00484408283819719	1.023512991220056	0.9376762899372086	2.1480474811018366	0.1547689724837872	8.91386898329425	110.26752909581614	2.8813705281574715	0.993234518405805	33.860080284230776	241.34129325759167	-0.8200868341408444
3.169591973244147	4.826086956521739	2.207384835253861	0.005130172380038789	1.0173119128422894	0.9349040512920584	2.126333561345988	0.15955942318924451	8.906692444054487	108.6278744465817	2.860597678743131	0.9930808665488627	33.686087570290915	241.49467673525754	-0.823790749631131
3.169591973244147	4.862876254180602	2.1976715987769126	0.0054303049639999575	1.0112750472890821	0.932040288480037	2.1050006578019733	0.1642954441076352	8.898441040038445	107.01910528278957	2.8401903237668993	0.9929260589712838	33.514789227574155	241.65596473428653	-0.8275521178351334
3.169591973244147	4.8996655518394645	2.1880260872067465	0.00574505055497344	1.0054009242515596	0.9290832321572539	2.0840598053438995	0.16896938029939387	8.889125832514367	105.44238482133079	2.8201409302013625	0.9927701797767896	33.346144610101064	241.8253004430642	-0.8313809994557492
3.169591973244147	4.936454849498328	2.178444896462688	0.006075006469991642	0.9996882191358666	0.9260310159111714	2.0635195928391554	0.1735744883031078	8.8787660441043	103.89865416311878	2.8004421798774217	0.9926133079847572	33.18011360335683	242.00282581358528	-0.835285045952888
3.169591973244147	4.973244147157191	2.1689244614729692	0.0064207991712641205	0.994135755140898	0.9228816733450746	2.0433863907041934	0.17810488105304373	8.86738781360755	102.38864865687005	2.7810869670898883	0.9924555181481004	33.01665669960985	242.18868254820902	-0.8392698595424977
3.169591973244147	5.010033444816053	2.1594610730189645	0.00678308611752293	0.9887425049504707	0.9196331364159375	2.0236645886354445	0.18255546305660422	8.855023014367934	100.91291608946783	2.762068395441231	0.9922968810260215	32.85573506761658	242.38301296299417	-0.8433393323222514
3.169591973244147	5.046822742474917	2.1500508923595527	0.007162557697606119	0.9835075921993097	0.9162832346753904	2.004356832857664	0.1869218603439525	8.841708162758234	99.47183567164586	2.743379773997451	0.9921374642746846	32.69731061430391	242.5859607271669	-0.8474959572278485
3.169591973244147	5.083612040133779	2.1406899633669165	0.0075599392709667255	0.9784302928641316	0.9128296951053035	1.9854642549917894	0.19120034879987316	8.82748343235775	98.06563701167553	2.7250146128547788	0.9919773331279806	32.541346037114984	242.7976714842667	-0.8517411068460302
3.169591973244147	5.120401337792642	2.1313742220698804	0.007975993340139017	0.9735100367180167	0.9092701422868491	1.966986687085086	0.19538778362623038	8.812391780610174	96.69441847837015	2.706966618225997	0.9918165510486566	32.38780486654526	243.0182933642772	-0.8560752786860959
3.169591973244147	5.157190635451505	2.1220995036192756	0.008411521880440722	0.9687464089713277	0.9056020986889772	1.9489228593854213	0.19948153191474058	8.796478188130939	95.35816453714646	2.6892296871552475	0.9916551803368797	32.23665149900442	243.24797739811348	-0.8604983073888895
3.169591973244147	5.193979933110368	2.1128615467680865	0.008867368852584167	0.9641391522078652	0.9018229849052021	1.9312705790623628	0.2034794096596004	8.779789006159206	94.0567617944102	2.6717979019636147	0.9914932826887145	32.087851220551826	243.4868778466391	-0.8650095456247866
3.169591973244147	5.230769230769231	2.1036559960047323	0.00934442292459012	0.9596881687120505	0.8979301197045294	1.9140268893067978	0.2073796240134698	8.762371404604611	92.7900136058996	2.6546655245170023	0.9913309197011185	31.941370222300797	243.73515245621624	-0.8696080162157681
3.169591973244147	5.2675585284280935	2.0944784014984323	0.009843620430563697	0.9553935232726247	0.8939207197924416	1.8971882091280525	0.2111807211815515	8.7442729113852	91.5576531962822	2.637826990395646	0.9911681533230434	31.797175608417696	243.9929626521328	-0.8742925384238219
3.169591973244147	5.304347826086956	2.0853242170176793	0.010365948595598017	0.9512554465408951	0.8897918992011444	1.8807504547712788	0.21488154004346494	8.725541032972371	90.3593553040374	2.6212769030317378	0.9910050462542893	31.655235397680812	244.26047368018916	-0.8790618314815856
3.169591973244147	5.34113712374582	2.0761887959720586	0.010912449058379342	0.947274339017121	0.8855406682452763	1.8647091440578707	0.21848117137446743	8.706222945974861	89.19474641185528	2.6050100278696147	0.990841662295068	31.51551851954513	244.53785470556494	-0.8839145983863108
3.169591973244147	5.377926421404682	2.067067385708307	0.011484221726042925	0.943450775737095	0.8811639319906873	1.8490594851606772	0.22197892238974837	8.68636524998125	88.06341365261243	2.5890212865918967	0.9906780666499846	31.377994805601162	244.8252788768725	-0.8888495928027209
3.169591973244147	5.414715719063545	2.057955120166723	0.012082428999534963	0.9397855117322399	0.87665848819055	1.8337964514101686	0.22537428624227315	8.666013772562147	86.96491249830687	2.573305751445349	0.9905143261904895	31.242634977236964	245.1229233621514	-0.8938656716753263
3.169591973244147	5.451505016722408	2.048847010976269	0.012708300412242891	0.9362794883405042	0.8720210246455801	1.8189148437244735	0.22866691605265474	8.645213418177693	85.89877334737454	2.557858639692137	0.9903505096799009	31.109410630224012	245.4309693625195	-0.898961835872384
3.169591973244147	5.488294314381271	2.039737937037165	0.013363137730067459	0.932933840451847	0.8672481159442731	1.804409342194622	0.23185660302758945	8.624008053648812	84.86450712722788	2.5426753082053204	0.9901866879649613	30.97829421685695	245.74960210825952	-0.9041372608986873
3.169591973244147	5.525083612040134	2.0306226326094707	0.014048320567533933	0.9297499047811615	0.8623362195352432	1.7902745482587492	0.23494325822254142	8.602440423766605	83.86161002576316	2.5277512482219113	0.9900229341376384	30.849259026189664	246.07901084131638	-0.9093913194381015
3.169591973244147	5.561872909698996	2.021495673895421	0.014765312582131429	0.9267292292732071	0.8572816710772688	1.776505018781438	0.23792689751781199	8.580552091492125	82.88956745955788	2.513082080262597	0.9898593236705493	30.722279162831672	246.4193887875357	-0.9147235972296794
3.169591973244147	5.59866220735786	2.0123514640719904	0.01551566831802252	0.923873583758504	0.8520806790038817	1.7630952932284016	0.2408076293996056	8.55838339801295	81.94785737872515	2.4986635492236364	0.9896959345290477	30.597329524694523	246.77093312138686	-0.9201339035490148
3.169591973244147	5.635451505016722	2.0031842166982776	0.016301040780801083	0.9211849719966364	0.8467293182281747	1.7500399150003494	0.24358564516541384	8.535973438660905	81.03595299978015	2.484491519644069	0.9895328472626546	30.474385780017126	247.1338449255078	-0.925622277360529
3.169591973244147	5.672240802675585	1.9939879373888743	0.017123189837414392	0.9186656452641704	0.8412235229000733	1.7373334478676261	0.24626121120342276	8.513360051351773	80.15332504895898	2.4705619711491136	0.9893701450781809	30.35342434394112	247.50832914699032	-0.9311889900274345
3.169591973244147	5.709030100334449	1.984756403609381	0.017983991550033718	0.9163181176691815	0.8355590781122965	1.7249704883332972	0.24883466302651186	8.490579814784132	79.29944358971005	2.4568709940696154	0.989207913896581	30.234422354864936	247.89459455212366	-0.9368345453121859
3.169591973244147	5.745819397993311	1.9754831424119115	0.01888544857005377	0.9141451834036	0.8297316104324095	1.712945674646685	0.2513064007720913	8.467668054133888	78.47377949967441	2.443414785236065	0.9890462423952948	30.11735765076263	248.29285368102904	-0.9425596772697374
3.169591973244147	5.782608695652174	1.9661614058864354	0.019829701739053237	0.9121499361793111	0.8237365771162362	1.7012536930942979	0.25367688590819487	8.444658852410178	77.67580565467196	2.430189643945145	0.9888852220375923	30.002208745622458	248.7033228034841	-0.9483653465263197
3.169591973244147	5.8193979933110365	1.9567841440564453	0.02081904306817515	0.9103357911351906	0.8175692538318239	1.6898892821094844	0.25594663891388975	8.42158506600351	76.90499787000309	2.4171919680963962	0.9887249470902225	29.888954806133793	249.12622187712094	-0.954252735344965
3.169591973244147	5.8561872909699	1.9473439748930932	0.021855930296879083	0.9087065095513853	0.8112247206923346	1.678847234665858	0.25811623772785813	8.398478343265166	76.16083564280918	2.4044182504961547	0.9885655146304879	29.77757562872757	249.56177450906796	-0.9602232418038151
3.169591973244147	5.892976588628763	1.9378331510588849	0.022943003267464308	0.9072662267660091	0.804697846359584	1.6681223993520984	0.26018631678289766	8.375369145215426	75.4428027333177	2.391865075325881	0.9884070245437159	29.66805161705833	250.0102079220548	-0.9662784733513852
3.169591973244147	5.929765886287625	1.9282435229176094	0.02408310239459229	0.9060194837601794	0.7979832699360889	1.6577096804661453	0.26215756646614274	8.352286767692563	74.75038761748297	2.379529114771852	0.9882495795119751	29.560363760000765	250.47175292594426	-0.9724202399529418
3.169591973244147	5.966555183946488	1.9185664972586132	0.025279289561011466	0.9049712629628726	0.7910753803106713	1.647604037414265	0.26403073286519546	8.329259364431428	74.0830838387825	2.367407125813106	0.9880932849947865	29.45449361022114	250.94664389559992	-0.9786505470018466
3.169591973244147	6.003344481605351	1.908792991076891	0.026534871834111632	0.904127028931069	0.7839682925585508	1.6378004836542521	0.2658066176791429	8.306313970704418	73.4403902827006	2.3554959471646217	0.9879382492024978	29.350423263374942	251.4351187559903	-0.9849715881372886
3.169591973244147	6.040133779264214	1.898913379621054	0.027853428475728758	0.9034927746877306	0.7766558209186515	1.6282940853815524	0.26748607819069103	8.283476527273667	72.82181139369006	2.3437924963724983	0.9877845830629319	29.248135337972478	251.9374189753643	-0.9913857380848075
3.169591973244147	6.076923076923077	1.8889174377627984	0.02923884181362202	0.9030750746564851	0.7691314477745419	1.6190799601211303	0.26907002721177176	8.26077190449529	72.22685735106091	2.332293767057951	0.9876324001818715	29.147612955947565	252.45378956730815	-0.9978955456156733
3.169591973244147	6.11371237458194	1.8787942735461345	0.030695332662200675	0.9028811453252937	0.7613882879462482	1.6101532753567822	0.27055943292962226	8.238223926488045	71.65504421733225	2.3209968263067577	0.987481816797908	29.048839723957812	252.98447910244286	-1.0045037267062304
3.169591973244147	6.150501672240803	1.8685322525318473	0.0322275011289621	0.9029189150124362	0.7534190474512995	1.601509247301913	0.2719553185940714	8.215855395333127	71.10589406998685	2.3098988122008417	0.9873329517321607	28.951799715440544	253.52973973050146	-1.0112131579660457
3.169591973244147	6.187290969899665	1.8581189112482912	0.03384037383042628	0.9031971044103347	0.7452159757064961	1.5931431398915241	0.2732587619993387	8.193688115311241	70.57893512529486	2.2989969314880963	0.9871859263333458	28.85647745343973	254.08982721338427	-1.0180268703955266
3.169591973244147	6.224080267558528	1.8475408576759702	0.035539458778674975	0.9037253199650248	0.7367708099047907	1.5850502640542825	0.2744708947251614	8.17174291721082	70.0737018609063	2.288288457386891	0.9870408644186712	28.76285789421908	254.6650009698343	-1.0249480435263683
3.169591973244147	6.260869565217392	1.8367836562043989	0.0373308095027655	0.9045141626356845	0.7280747099992446	1.5772259773047956	0.2755929011127236	8.150039682758186	69.5897351421667	2.2777707275209056	0.9868978922110143	28.6709264116662	255.25552413217625	-1.0319799999939414
3.169591973244147	6.297658862876254	1.8258316938727295	0.03922110035961477	0.905575355204036	0.7191181823362697	1.5696656836805414	0.276626016960403	8.128597369229857	69.1265823556415	2.26744114198011	0.9867571382728314	28.58066878249237	255.8616636155765	-1.0391262005868296
3.169591973244147	6.334448160535117	1.814668023892932	0.041217715496119064	0.9069218921137773	0.7098909894740466	1.5623648340339185	0.2775715279330841	8.107434034309282	68.68379755204371	2.257297161503022	0.986618733437239	28.492071172223202	256.4836902000889	-1.0463902398166176
3.169591973244147	6.37123745819398	1.8032741813917126	0.0433288545894815	0.9085682168808196	0.7003820430575826	1.5553189266783822	0.2784307676864661	8.086566861247466	68.26094159969462	2.247336305775373	0.9864828107366911	28.40512012197384	257.121878625721	-1.0537758420487016
3.169591973244147	6.408026755852843	1.7916299649028273	0.045563659374229334	0.9105304335171683	0.6905792757413227	1.5485235083777473	0.2792051157145952	8.066012184380277	67.85758234874508	2.2375561518397427	0.986349505329662	28.31980253599461	257.77650770058165	-1.061286858234226
3.169591973244147	6.444816053511706	1.779713175264404	0.04793236614559435	0.9128265602858546	0.6804694869699259	1.5419741756596854	0.27989599493472167	8.04578551504531	67.47329480565122	2.2279543326105022	0.986218954425728	28.236105669968634	258.4478604220721	-1.0689272632817977
3.169591973244147	6.481605351170568	1.767499301036969	0.050446491030656654	0.9154768366405802	0.6700381558270335	1.535666576427998	0.28050486902851307	8.025901567929651	67.10766131681667	2.218528535488077	0.9860912972094129	28.154017120037956	259.1362241109595	-1.0767011541071527
3.169591973244147	6.518394648829432	1.7549611360781374	0.05311905701922663	0.9185040976805169	0.659269211962232	1.5295964118431655	0.2810332395627485	8.006374287867171	66.76027175985956	2.2092765010661166	0.98596667476314	28.073524812527975	259.8418905580061	-1.0846127483983732
3.169591973244147	6.555183946488294	1.7420683100725933	0.055964874812862664	0.9219342352850574	0.6481447525408385	1.5237594384371302	0.28148264291576	7.987216877090908	66.43072374064485	2.2001960219250267	0.9858452299895973	27.994616994336354	260.56515618273545	-1.0926663841336655
3.169591973244147	6.591973244147157	1.7287867059850586	0.05900089389044675	0.9257967719207871	0.6366446888219556	1.5181514704256511	0.28185464703831964	7.968441822933112	66.11862279399227	2.191284941504877	0.9857271075337883	27.91728222394576	261.30632220374144	-1.100866519888468
3.169591973244147	6.62876254180602	1.7150777285914163	0.06224664643716697	0.9301255829218825	0.6247462997226926	1.5127683821802835	0.2821508480792287	7.950060925953317	65.82358258585495	2.182541153050501	0.9856124537049998	27.841509363015135	262.0656948198107	-1.109217735968396
3.169591973244147	6.665551839464883	1.700897373877378	0.06572481595149278	0.9349598174070757	0.6124236605593129	1.5076061108215983	0.28237286690674207	7.9320853284637245	65.54522511472143	2.173962598621402	0.9855014163988723	27.767287568499505	262.84358540100726	-1.117724736404395
3.169591973244147	6.702341137123746	1.6861950276148263	0.06946197608118793	0.9403450894713615	0.5996469014202924	1.5026606588956357	0.2825223455571891	7.9145255434111546	65.2831809100237	2.165547268158844	0.985394145019711	27.69460628524277	263.6403106887011	-1.1263923518465118
3.169591973244147	6.739130434782608	1.6709118885455707	0.07348956631074739	0.9463350441662808	0.5863812285555617	1.497928097096697	0.2826009436417703	7.8973914835665875	65.03708922542113	2.157293198602301	0.9852907904031256	27.623455238983514	264.45619300339285	-1.135225543393136
3.169591973244147	6.775919732441472	1.654978859917902	0.07784520431183331	0.9529934544622493	0.5725856089773405	1.4934045670014016	0.28261033474157266	7.8806924909666565	64.80659822497672	2.149198473047368	0.9851915047390297	27.553824429709465	265.2915604590413	-1.1442294073930894
3.169591973244147	6.812709030100335	1.6383136693978362	0.08257448863808842	0.9603970891041085	0.5582109645987265	1.4890862837809482	0.2825522028195642	7.8644373665463005	64.59136516040432	2.141261219936973	0.9850964414949793	27.48570412529119	266.1467471824379	-1.1534091812590628
3.169591973244147	6.849498327759197	1.6208168370024252	0.08773353594241294	0.9686397316398149	0.5431976317397429	1.4849695388612616	0.28242823867654976	7.848634399898694	64.39105653778026	2.133479612277738	0.9850057553397689	27.419084855322257	267.02209353605	-1.162770250332326
3.169591973244147	6.88628762541806	1.6023658657703121	0.09339265509978915	0.9778379758279374	0.5274716836256681	1.4810507025034472	0.2822401364760825	7.833291399096716	64.20534827232969	2.1258518668731767	0.984919602067149	27.353957405088632	267.9179463425849	-1.1723181558406193
3.169591973244147	6.923076923076923	1.5828065820644444	0.09964185041611	0.9881398704422502	0.5109394237055298	1.4773262262799267	0.28198959036111226	7.818415720510116	64.03392583012632	2.1183762435652205	0.9848381385194673	27.29031280958537	268.8346591093449	-1.1820586039939251
3.169591973244147	6.959866220735786	1.5619396867776372	0.1065994073132522	0.9997383521084147	0.49347879640878184	1.4737926454248387	0.2816782911827115	7.804014298553982	63.876484355789486	2.1110510444756083	0.9847615225109807	27.228142347495808	269.7725922503219	-1.1919974762660515
3.169591973244147	6.996655518394649	1.539498788597831	0.1144259765915942	1.0128931949125222	0.47492529924730387	1.470446581040279	0.28130792335877053	7.790093675306438	63.73272878548936	2.1038746132384207	0.9846899127505244	27.167437535043746	270.73211330375716	-1.2021408409141086
3.169591973244147	7.033444816053512	1.5151121644213323	0.12334919312934957	1.0279692315798699	0.45504736041193566	1.4672847421429593	0.2808801618780457	7.776660029937353	63.60237394479532	2.0968453342148856	0.9846234687631714	27.108190119624513	271.7135971427028	-1.212494965793111
3.169591973244147	7.070234113712375	1.4882304073876926	0.13371043882007203	1.045508685626733	0.4334995720703343	1.464303927538899	0.280396669462402	7.763719207894384	63.48514463112388	2.089961631681501	0.984562350810453	27.050392073117692	272.7174261759315	-1.2230663325286517
3.169591973244147	7.107023411371237	1.4579729333992941	0.14606442231338934	1.0663846434852333	0.4097231068099333	1.4615010275163085	0.27985909389771474	7.751276749798129	63.38077568072841	2.0832219689821185	0.9845067198086636	26.99403558477795	273.74399053627155	-1.2338616521180408
3.169591973244147	7.1438127090301	1.4227422983228355	0.16143030588835466	1.0921867142546864	0.3826945869048599	1.4588730253495046	0.2792690655415126	7.739337920004114	63.28901202036114	2.0766248476344433	0.984456737244713	26.93911305359617	274.79368825319284	-1.244887882038161
3.169591973244147	7.1806020066889635	1.3789351108703365	0.1821341217338009	1.1265100919169768	0.3500836641408153	1.4564169986088678	0.27862819501327635	7.727907734795919	63.20960870388939	2.070168806381048	0.9844125650889405	26.88561708001769	275.8669254061907	-1.256152244947956
3.169591973244147	7.217391304347826	1.3124300134880802	0.2173942932361848	1.183467547505883	0.302667494605767	1.4541301202739414	0.2779380710712241	7.716990990180476	63.142330934289674	2.06385242017446	0.98437436570425	26.83354045689682	276.96411625515333	-1.2676622490844545
3.169591973244147	7.254180602006689	1.2450992555489062	0.25763686040730716	1.2450992555488243	0.2576368604073563	1.4519735803884377	0.27721307894136826	7.706496526131172	63.08420012730539	2.0576528647887944	0.9843410150113503	26.78262561091559	278.0794510137134	-1.2793635029646346
3.169591973244147	7.290969899665551	1.3260904180197852	0.2073525435663001	1.3260904180197994	0.20735254356629212	1.4533799190037981	0.2752128396819324	7.6986539380709536	63.27407336892393	2.054316987506431	0.984289978410928	26.760973463712308	279.9512619304796	-1.2869369240100443
3.169591973244147	7.327759197324415	1.4079007291614283	0.1650037142847667	1.407900729161426	0.16500371428476784	1.4635077953663158	0.2701689361189758	7.699109536740895	64.07557056152274	2.0579203767562553	0.9842349767500054	26.81119675112401	283.7228199473401	-1.2869369240100443
3.169591973244147	7.364548494983278	1.4510276767140304	0.14549735630472863	1.4510276767140273	0.14549735630473007	1.4747781080738118	0.26488229914810035	7.701771551569625	64.95555296204886	2.062650469089059	0.9842015334570178	26.873269709177023	287.8506248115709	-1.2869369240100443
3.169591973244147	7.40133779264214	1.482121037615021	0.1326159611216921	1.4821210376150198	0.13261596112169266	1.4864043400502758	0.2596375955406758	7.70546758763809	65.85723153763429	2.0679526529197783	0.9841811834241712	26.941212571581982	292.18732062208784	-1.2869369240100443
3.169591973244147	7.438127090301004	1.506866853885495	0.12306231202768304	1.5068668538854952	0.12306231202768296	1.4980486156638384	0.25454616493446136	7.7096808088200754	66.756476274376	2.073570974085561	0.9841698676872788	27.012269130512646	296.6649050341115	-1.2869369240100443
3.169591973244147	7.474916387959866	1.5275505521728359	0.1155448467744548	1.5275505521728368	0.11554484677445444	1.5095294131360493	0.24965847682982903	7.714121114841966	67.64052182620351	2.079352323591124	0.9841650080183606	27.084796757186968	301.2420652681188	-1.2869369240100443
3.169591973244147	7.511705685618729	1.545355034381798	0.10941004716967243	1.5453550343817983	0.10941004716967236	1.5207446227149304	0.24499517075187702	7.7186137114973254	68.50234500232175	2.0851973536897725	0.9841648092990223	27.15773553529809	305.89130853153614	-1.2869369240100443
3.169591973244147	7.548494983277592	1.5609871053397721	0.10427648883659867	1.560987105339772	0.10427648883659875	1.5316381536529167	0.24056074683943218	7.723051222420569	69.33822526403279	2.0910396262276425	0.9841679723165865	27.23038196968789	310.5936147770391	-1.2869369240100443
3.169591973244147	7.585284280936455	1.5749102379503395	0.09990028309928572	1.5749102379503386	0.099900283099286	1.5421820886760669	0.23635077780797775	7.727368236229699	70.14644503762581	2.0968343605614623	0.9841735392401693	27.302266624650525	315.33559053239844	-1.2869369240100443
3.169591973244147	7.622073578595318	1.5874485997628405	0.09611533897764467	1.5874485997628398	0.09611533897764495	1.5523661284096688	0.23235601490583635	7.731526263528938	70.92652473499588	2.1025515533108394	0.9841807971966449	27.373079268094404	320.10773674246656	-1.2869369240100443
3.169591973244147	7.65886287625418	1.5988398023697101	0.09280323155772267	1.5988398023697106	0.09280323155772252	1.562191013774464	0.22856480403668525	7.735504328908721	71.67874898869795	2.1081714785112675	0.9841892130336465	27.442619951780436	324.9033133346412	-1.2869369240100443
3.169591973244147	7.695652173913044	1.6092642610031322	0.08987652626569285	1.60926426100313	0.0898765262656935	1.5716643128429675	0.2249645206327216	7.739292896259003	72.403865352648	2.1136816318236713	0.984198387194493	27.510765846192545	329.71756269430045	-1.2869369240100443
3.169591973244147	7.7324414715719065	1.6188627535360849	0.0872688768231105	1.6188627535360867	0.08726887682310992	1.580797683466696	0.22154241523442186	7.742889871301451	73.10289014211457	2.1190746086742154	0.9842080202833645	27.57744826538853	334.5471648358062	-1.2869369240100443
3.169591973244147	7.769230769230769	1.6277475381932136	0.08492881277348466	1.6277475381932152	0.08492881277348412	1.5896050839241136	0.21828609923762124	7.7462979404824885	73.77698272891175	2.1243466099305954	0.9842178884590789	27.642636533060067	339.38984872858566	-1.2869369240100443
3.169591973244147	7.806020066889632	1.6360097248329	0.08281566657043729	1.6360097248328984	0.08281566657043776	1.5981016034344095	0.2151838095561909	7.749522787506369	74.42736433083212	2.1294963793874278	0.9842278251408726	27.706326549018883	344.2441117554312	-1.2869369240100443
3.169591973244147	7.842809364548495	1.643724350245572	0.08089680601987592	1.643724350245571	0.08089680601987624	1.6063027025248144	0.212224537686789	7.752571894456855	75.05526602922949	2.134524443115495	0.9842377073033914	27.76853263515119	349.10901541420986	-1.2869369240100443
3.169591973244147	7.879598662207358	1.650953983590161	0.07914569714972779	1.6509539835901603	0.07914569714972805	1.6142237262800665	0.20939807641638017	7.755453736286029	75.66189610642603	2.1394325622410837	0.9842474451460779	27.829281694699056	353.98403548143745	-1.2869369240100443
3.169591973244147	7.916387959866221	1.657751355572028	0.0775405141523616	1.6577513555720291	0.07754051415236136	1.6218795999599502	0.20669501751164351	7.758177241978304	76.24842018912678	2.1442233379517135	0.9842569742644819	27.888609017150166	358.86895147229785	-1.2869369240100443
3.169591973244147	7.953177257525083	1.6641613186153421	0.07606312052442069	1.664161318615343	0.07606312052442044	1.6292846465978328	0.20410672129110294	7.760751437470833	76.8159498760065	2.1488999258475183	0.9842662496892387	27.946555261731326	363.76376469096164	-1.2869369240100443
3.169591973244147	7.989966555183947	1.6702223361559694	0.07469830850043613	1.6702223361559698	0.07469830850043596	1.6364524860048932	0.2016252711418633	7.763185212880931	77.36553696269122	2.153465829304247	0.9842752413275205	28.00316428980658	368.668637231171	-1.2869369240100443
3.169591973244147	8.02675585284281	1.675967632783084	0.07343322217162351	1.675967632783084	0.07343322217162346	1.6433959877743622	0.19924342107581444	7.765487174880255	77.89817132688047	2.1579247502173837	0.9842839304633537	28.05848161160067	373.5838464264677	-1.2869369240100443
3.169591973244147	8.063545150501673	1.6814260951776578	0.07225691373392032	1.6814260951776583	0.07225691373392021	1.6501272597088055	0.19695454126433434	7.767665557354583	78.41478116983494	2.1622804815951238	0.9842923070614299	28.112553279209994	378.5097507588684	-1.2869369240100443
3.169591973244147	8.100334448160535	1.6866229867173654	0.07115999784787659	1.6866229867173645	0.07115999784787684	1.6566576590544406	0.1947525644849618	7.769728171831225	78.91623473599986	2.166536830777455	0.9843003676835487	28.16542510480197	383.44676430979075	-1.2869369240100443
3.169591973244147	8.137123745819398	1.6915805206022188	0.07013437938245472	1.6915805206022185	0.07013437938245477	1.6629978179749658	0.19263193514248675	7.771682384858554	79.40334291999737	2.1706975651269764	0.9843081138742937	28.21714211626007	388.39533760892175	-1.2869369240100443
3.169591973244147	8.173913043478262	1.696318324087161	0.0691730367791119	1.6963183240871613	0.06917303677911184	1.6691576774592676	0.19058756172698085	7.773535113443969	79.87686236518529	2.1747663742357703	0.9843155509076433	28.26774818638316	393.355943294705	-1.2869369240100443
3.169591973244147	8.210702341137123	1.7008538178808286	0.06826984807823729	1.7008538178808281	0.06826984807823741	1.675146525750124	0.1886147730735614	7.775292832371949	80.3374987907463	2.1787468442793316	0.984322686812341	28.317285788922252	398.3290654067124	-1.2869369240100443
3.169591973244147	8.247491638795987	1.7052025287300583	0.06741945002481692	1.7052025287300603	0.06741945002481643	1.680973038679422	0.186709278485648	7.776961589109637	80.78591037469303	2.1826424412984164	0.9843295316133583	28.36579584715519	403.31519142762875	-1.2869369240100443
3.169591973244147	8.284280936454849	1.7093783488627239	0.06661712307695156	1.7093783488627226	0.06661712307695193	1.68664532018933	0.18486713160471002	7.778547023326142	81.22271108193003	2.1864565010293404	0.9843360967414619	28.413317649743846	408.31480641217036	-1.2869369240100443
3.169591973244147	8.321070234113712	1.7133937527841259	0.06585869688199081	1.7133937527841263	0.06585869688199067	1.692170941932786	0.18308469781034042	7.7800543889743246	81.64847386852327	2.190192223518149	0.9843423945739586	28.4598888152252	413.3283887028108	-1.2869369240100443
3.169591973244147	8.357859531772576	1.7172599795688228	0.06514047206081186	1.7172599795688224	0.06514047206081203	1.6975569812677862	0.18135862488552226	7.781488577531577	82.0637337218231	2.193852671206946	0.9843484380780931	28.50554529133871	418.3564068532735	-1.2869369240100443
3.169591973244147	8.394648829431437	1.7209871870257902	0.06445915508649494	1.7209871870257913	0.06445915508649466	1.7028100572483225	0.17968581666400352	7.782854141452609	82.46899051533299	2.197440769516244	0.9843542405349808	28.55032137897685	423.3993174716888	-1.2869369240100443
3.169591973244147	8.431438127090301	1.724584582776334	0.06381180375255417	1.7245845827763342	0.06381180375255407	1.7079363644092072	0.17806340937793821	7.784155317206398	82.86471166996476	2.2009593091953534	0.9843598153268431	28.594249773187677	428.45756376333964	-1.2869369240100443
3.169591973244147	8.468227424749164	1.7280605362603148	0.06319578126218725	1.728060536260315	0.06319578126218722	1.7129417042736768	0.17648875043582302	7.785396047495478	83.25133462176143	2.2044109498990654	0.9843651757740975	28.63736161563407	433.5315746048188	-1.2869369240100443
3.169591973244147	8.505016722408026	1.7314226748929564	0.06260871737997767	1.7314226748929562	0.06260871737997772	1.717831514597644	0.1749593793789782	7.786580002411656	83.6292691014408	2.2077982245866736	0.9843703350117431	28.67968655437063	438.62176402030934	-1.2869369240100443
3.169591973244147	8.54180602006689	1.734677966977578	0.06204847540299692	1.7346779669775774	0.06204847540299697	1.7226108964205038	0.17347301078530264	7.787710599392837	83.99889923443858	2.2111235444440887	0.984375305896755	28.721252807901237	443.7285309608335	-1.2869369240100443
3.169591973244147	8.578595317725753	1.7378327934930733	0.061513123953555196	1.7378327934930733	0.06151312395355517	1.7272846390251861	0.1720275189106484	7.788791021919954	84.36058547190997	2.2143892041072712	0.9843801009399415	28.762087231291982	448.8522593099563	-1.2869369240100443
3.169591973244147	8.615384615384615	1.7408930104906626	0.061000912787570596	1.7408930104906621	0.06100091278757066	1.7318572429294794	0.17062092387904945	7.789824236944732	84.71466636405894	2.217597387024299	0.9843847322570943	28.8022153827302	453.9933180570833	-1.2869369240100443
3.169591973244147	8.652173913043478	1.7438640035273802	0.06051025196366763	1.74386400352738	0.06051025196366777	1.7363329410392718	0.1692513792529352	7.790813011072664	85.06146018738225	2.2207501708374133	0.9843892115353354	28.84166158937641	459.1520615929135	-1.2869369240100443
3.169591973244147	8.688963210702342	1.7467507353176075	0.060039693837926296	1.746750735317607	0.060039693837926345	1.740715718096701	0.16791716083278935	7.791759925547714	85.40126643725401	2.223849532699863	0.9843935500114064	28.88044901170102	464.32883009208433	-1.2869369240100443
3.169591973244147	8.725752508361204	1.7495577875849662	0.05958791744482479	1.7495577875849655	0.059587917444824924	1.7450093285538135	0.16661665655248464	7.792667390098358	85.73436719682375	2.226897354467361	0.9843977584593133	28.918599705752865	469.52394995607165	-1.2869369240100443
3.169591973244147	8.762541806020067	1.7522893979354455	0.05915371490164564	1.7522893979354466	0.05915371490164543	1.7492173129975386	0.16534835735156683	7.7935376557121865	86.06102839262513	2.229895427722942	0.9844018471852681	28.95613468299901	474.73773429569485	-1.2869369240100443
3.169591973244147	8.799331103678929	1.7549494924405258	0.05873597953557111	1.754949492440527	0.05873597953557086	1.753343013244817	0.16411084891933211	7.794372826409131	86.38150094659521	2.232845458607966	0.9844058260282821	28.99307396751527	479.97048343736384	-1.2869369240100443
3.169591973244147	8.836120401337793	1.7575417145111771	0.058333695482873295	1.7575417145111762	0.05833369548287354	1.7573895862196214	0.16290280421746983	7.795174870084388	86.69602183353021	2.235749072442934	0.9844097043651052	29.029436650415178	485.22248544112034	-1.2869369240100443
3.169591973244147	8.872909698996656	1.7600694505538208	0.05794592855065249	1.76006945055382	0.05794592855065273	1.7613600167151326	0.16172297669881194	7.795945628489747	87.00481505225348	2.2386078181291538	0.9844134911184617	29.065240941476805	490.49401662126854	-1.2869369240100443
3.169591973244147	8.909698996655518	1.762535852825917	0.05757181816503699	1.7625358528259174	0.05757181816503696	1.7652571291369294	0.1605701941490601	7.796686826420333	87.30809251812427	2.2414231723285667	0.9844171947677534	29.100504217987513	495.78534206289504	-1.2869369240100443
3.169591973244147	8.946488294314381	1.7649438598468725	0.057210570257444186	1.764943859846873	0.057210570257444034	1.7690835983149067	0.1594433530867548	7.797400080169428	87.60605488382845	2.2441965434228415	0.9844208233615637	29.135243070861417	501.09671612917475	-1.2869369240100443
3.169591973244147	8.983277591973245	1.767296214668822	0.056861450963272664	1.7672962146688214	0.056861450963272754	1.7728419594645048	0.1583414136640555	7.798086905310852	87.89889229479606	2.246929275256122	0.9844243845314361	29.169473348114817	506.4283829558705	-1.2869369240100443
3.169591973244147	9.020066889632107	1.7695954812686732	0.05652378102633615	1.769595481268673	0.056523781026336185	1.7765346173708336	0.1572633950173679	7.798748723864065	88.1867850850151	2.24962265066783	0.9844278855065075	29.203210195801606	511.78057693046685	-1.2869369240100443
3.169591973244147	9.05685618729097	1.7718440592863487	0.056196930818148964	1.7718440592863494	0.0561969308181488	1.7801638548626508	0.15620837102258892	7.799386870893053	88.46990441847201	2.2522778948232385	0.9844313331286637	29.236468096521314	517.153523154174	-1.2869369240100443
3.169591973244147	9.093645484949834	1.7740441973037133	0.0558803158943258	1.7740441973037135	0.055880315894325724	1.7837318406373797	0.1551754664147182	7.800002600586361	88.74841288098278	2.2548961783506196	0.9844347338679584	29.26926090562033	522.5474378857423	-1.2869369240100443
3.169591973244147	9.130434782608695	1.77619800483261	0.055573393021439245	1.776198004832611	0.05557339302143908	1.787240636492811	0.15416385323602233	7.800597091861869	89.02246502673306	2.2574786202942474	0.9844380938380904	29.301601885209195	527.9625289665394	-1.2869369240100443
3.169591973244147	9.167224080267559	1.7783074631581506	0.05527565661702202	1.7783074631581501	0.05527565661702212	1.790692204015871	0.1531727475808727	7.801171453535866	89.29220788342936	2.2600262908925415	0.9844414188117786	29.333503736116295	533.3989962265769	-1.2869369240100443
3.169591973244147	9.20401337792642	1.7803744351647997	0.054986635553240494	1.7803744351647994	0.05498663555324058	1.7940884107745703	0.1522014066087761	7.801726729093341	89.55778141962291	2.2625402141910285	0.9844447142359161	29.364978627900065	538.8570318716597	-1.2869369240100443
3.169591973244147	9.240802675585284	1.7824006742564553	0.054705890281466336	1.782400674256455	0.054705890281466406	1.797431036054817	0.15124912580018907	7.802263901092674	89.81931897741828	2.265021370499313	0.984447985246407	29.396038227034705	544.3368208518643	-1.2869369240100443
3.169591973244147	9.277591973244148	1.7843878324679536	0.054433010240640484	1.7843878324679532	0.05443301024064061	1.8007217761801022	0.1503152364323877	7.802783895235418	90.0769476734916	2.2674706987012834	0.9844512366826217	29.42669372338287	549.8385412118447	-1.2869369240100443
3.169591973244147	9.31438127090301	1.7863374678534831	0.05416761151716221	1.786337467853484	0.05416761151716199	1.8039622494485887	0.1493991032550362	7.803287584129004	90.33078877106911	2.26988909842723	0.9844544731014157	29.456955855061505	555.3623644234622	-1.2869369240100443
3.169591973244147	9.351170568561873	1.788251051227045	0.05390933472818645	1.7882510512270444	0.05390933472818654	1.8071540007189404	0.1485001223472293	7.803775790767819	90.5809580252694	2.2722774320963444	0.9844576987906823	29.486834931803184	560.9084557013999	-1.2869369240100443
3.169591973244147	9.387959866220736	1.7901299723213393	0.05365784310373855	1.7901299723213395	0.05365784310373849	1.8102985056736007	0.1476177191396085	7.804249291756007	90.82756600400602	2.2746365268376523	0.984460917782414	29.516340856909878	566.4769743024407	-1.2869369240100443
3.169591973244147	9.424749163879598	1.7919755454234927	0.05341282074614191	1.7919755454234922	0.053412820746142065	1.8133971747853461	0.14675134658687156	7.80470882029295	91.0707183864255	2.2769671762968615	0.9844641338652583	29.545483147888486	572.0680738090665	-1.2869369240100443
3.169591973244147	9.461538461538462	1.7937890145395703	0.05317397104785134	1.7937890145395705	0.053173971047851334	1.8164513570109735	0.14590048347740814	7.80515506894102	91.31051624070228	2.279270142336443	0.9844673505965684	29.57427095585525	577.6819023981528	-1.2869369240100443
3.169591973244147	9.498327759197325	1.7955715581338025	0.052941015251079214	1.7955715581338032	0.05294101525107899	1.819462343233621	0.14506463286815224	7.805588692193081	91.54705628282932	2.2815461566356525	0.9844705713139426	29.602713083788256	583.3186030954516	-1.2869369240100443
3.169591973244147	9.535117056856187	1.7973242934833948	0.052713691134563895	1.7973242934833944	0.052713691134563985	1.8224313694734622	0.14424332063388112	7.80601030885589	91.78043111790889	2.283795922196853	0.9844737991462623	29.630818003703244	588.9783140165626	-1.2869369240100443
3.169591973244147	9.57190635451505	1.7990482806853318	0.052491751814539626	1.799048280685332	0.0524917518145396	1.8253596198847548	0.14343609412125247	7.806420504264163	92.0107294653113	2.286020114764171	0.9844770370242379	29.65859387282323	594.6611685951251	-1.2869369240100443
3.169591973244147	9.608695652173912	1.8007445263475477	0.052274964648466656	1.8007445263475481	0.052274964648466565	1.828248229555577	0.14264252089880242	7.806819832338513	92.23803636894364	2.288219384159963	0.9844802876904688	29.68604854880655	600.3672957988335	-1.2869369240100443
3.169591973244147	9.645484949832776	1.8024139869936064	0.05206311023134881	1.8024139869936064	0.05206311023134881	1.831098287125412	0.14186218759493294	7.807208817499855	92.46243339377943	2.290394355544492	0.9844835537090386	29.713189604095742	606.0968203340237	-1.2869369240100443
3.169591973244147	9.68227424749164	1.8040575722067174	0.05185598147564146	1.804057572206717	0.051855981475641535	1.8339108372341653	0.14109469881670325	7.807587956451212	92.6839988096811	2.292545630603581	0.9844868374746554	29.740024339443302	611.849862839377	-1.2869369240100443
3.169591973244147	9.719063545150501	1.8056761475364733	0.05165338276670388	1.8056761475364733	0.05165338276670386	1.8366868828152847	0.14033967614286966	7.807957719837332	92.90280776347468	2.2946737886688875	0.9844901412213536	29.766559796667895	617.6265400693801	-1.2869369240100443
3.169591973244147	9.755852842809364	1.807270537189141	0.05145512918665779	1.807270537189141	0.05145512918665777	1.8394273872444264	0.13959675718524905	7.808318553791434	93.11893244014522	2.2967793877750533	0.9844934670307768	29.792802770690418	623.426965068109	-1.2869369240100443
3.169591973244147	9.792642140468228	1.808841526520341	0.05126104580025462	1.8088415265203406	0.05126104580025472	1.8421332763542613	0.138865594712995	7.808670881377699	93.33244221395415	2.2988629656576927	0.9844968168400551	29.81875982089585	629.2512473338536	-1.2869369240100443
3.169591973244147	9.82943143812709	1.810389864347089	0.051070966997036636	1.8103898643470886	0.0510709669970367	1.8448054403251348	0.13814585583487035	7.809015103937459	93.54340379021424	2.300925040696019	0.984500192449296	29.844437281864533	635.099492975154	-1.2869369240100443
3.169591973244147	9.866220735785953	1.8119162650944058	0.05088473588468233	1.8119162650944058	0.050884735884682335	1.8474447354604067	0.13743722123504276	7.809351602346135	93.75188133838897	2.3029661128034635	0.9845035955287047	29.86984127351162	640.9718048586652	-1.2869369240100443
3.169591973244147	9.903010033444817	1.813421410790355	0.05070220372893934	1.8134214107903552	0.05070220372893931	1.8500519858546915	0.13673938445831121	7.8096807381876845	93.95793661713856	2.3049866642696135	0.9845070276253509	29.894977710673135	646.8682827493636	-1.2869369240100443
3.169591973244147	9.939799331103679	1.8149059529220244	0.05052322943601348	1.8149059529220248	0.05052322943601339	1.8526279849625664	0.13605205124102332	7.810002854852677	94.161629091883	2.3069871605564924	0.9845104901695982	29.91985231217285	652.7890234435321	-1.2869369240100443
3.169591973244147	9.976588628762542	1.8163705141636766	0.05034767907371642	1.8163705141636768	0.0503476790737164	1.8551734970745568	0.13537493888428662	7.810318278565393	94.36301604539773	2.30896805105191	0.9845139844812122	29.944470609401993	658.7341208948886	-1.2869369240100443
3.169591973244147	10.013377926421406	1.8178156899874405	0.050175425428010914	1.8178156899874405	0.0501754254280109	1.8576892587069072	0.1347077756663329	7.810627319345302	94.56215268193158	2.31092976978263	0.984517511775162	29.96883795444253	664.7036663343075	-1.2869369240100443
3.169591973244147	10.050167224080267	1.819242050165773	0.050006347591948185	1.8192420501657731	0.050006347591948115	1.8601759799109006	0.1340503002911924	7.810930271907481	94.75909222528274	2.3128727360896844	0.9845210731671306	29.992959527761197	670.6977483834322	-1.2869369240100443
3.169591973244147	10.08695652173913	1.82065014017424	0.04984033058426331	1.82065014017424	0.049840330584263313	1.8626343455072534	0.13340226137104125	7.811227416506417	94.953886011249	2.314797355268255	0.9845246696787481	30.016840345501564	676.7164531626048	-1.2869369240100443
3.169591973244147	10.123745819397993	1.82204048250232	0.049677264995159565	1.8220404825023206	0.04967726499515947	1.8650650162505524	0.13276341693981872	7.811519019727181	95.14658357482605	2.316704019174139	0.9845283022425619	30.040485266397475	682.759864393354	-1.2869369240100443
3.169591973244147	10.160535117056856	1.823413577879204	0.049517046657059215	1.8234135778792049	0.04951704665705909	1.867468629928316	0.13213353399591418	7.811805335227583	95.33723273250054	2.318593106798841	0.9845319717067562	30.063898998330874	688.8280634957897	-1.2869369240100443
3.169591973244147	10.19732441471572	1.8247699064211294	0.04935957633827717	1.8247699064211298	0.04935957633827709	1.8698458023990812	0.1315123880718715	7.812086604434856	95.5258796599671	2.3204649848151977	0.9845356788396342	30.087086104555862	694.9211296812031	-1.2869369240100443
3.169591973244147	10.234113712374581	1.8261099287060218	0.04920475945778778	1.8261099287060216	0.04920475945778781	1.872197128573367	0.13089976282925514	7.812363057199894	95.71256896556147	2.322320008095183	0.9845394243338744	30.110051009607773	701.0391400400961	-1.2869369240100443
3.169591973244147	10.270903010033445	1.8274340867808394	0.04905250581941091	1.8274340867808392	0.049052505819410924	1.8745231833412355	0.13029544967695125	7.812634912411979	95.89734375968787	2.324158520201598	0.9845432088105729	30.132798004916523	707.1821696259339	-1.2869369240100443
3.169591973244147	10.307692307692308	1.8287428051065695	0.04890272936388687	1.8287428051065695	0.04890272936388684	1.8768245224498679	0.1296992474113087	7.81290237857671	96.0802457204987	2.3259808538551345	0.9845470328230824	30.15533125414126	713.3502915348456	-1.2869369240100443
3.169591973244147	10.34448160535117	1.830036491445313	0.04875534793746303	1.830036491445313	0.04875534793746305	1.8791016833342538	0.12911096187666626	7.81316565435955	96.26131515605952	2.32778733137822	0.984550896860658	30.17765479824225	719.543576981482	-1.2869369240100443
3.169591973244147	10.381270903010034	1.8313155376936545	0.048610283075716895	1.8313155376936545	0.04861028307571688	1.8813551859039859	0.12853040564490004	7.813424929097341	96.4405910632237	2.3295782651169987	0.9845548013519204	30.199772560305387	725.7620953712632	-1.2869369240100443
3.169591973244147	10.418060200668897	1.8325803206660987	0.04846745980146163	1.8325803206660978	0.048467459801461756	1.883585533288854	0.12795739771274817	7.813680383279913	96.61811118341944	2.3313539578427047	0.9845587466681447	30.22168835013347	732.0059143692098	-1.2869369240100443
3.169591973244147	10.454849498327759	1.8338312028320123	0.04832680643568471	1.8338312028320127	0.04832680643568464	1.8857932125457384	0.12739176321575454	7.813932189003654	96.7939120555373	2.333114703133532	0.984562733126385	30.243405868617	738.2750999655218	-1.2869369240100443
3.169591973244147	10.491638795986622	1.835068533009367	0.04818825442054041	1.8350685330093666	0.04818825442054048	1.8879786953292013	0.12683333315775977	7.814180510399027	96.9680290660981	2.33486078573817	0.9845667609924426	30.264928711897404	744.5697165381132	-1.2869369240100443
3.169591973244147	10.528428093645484	1.8362926470181828	0.048051738153518805	1.8362926470181828	0.04805173815351886	1.8901424385279548	0.12628194415494362	7.814425504033598	97.14049649686461	2.336592481921981	0.984570830483685	30.286260375334095	750.8898269122457	-1.2869369240100443
3.169591973244147	10.565217391304348	1.8375038682963878	0.04791719483198039	1.8375038682963876	0.04791719483198044	1.8922848848691778	0.12573743819351157	7.814667319292129	97.31134757004551	2.3383100597967568	0.9845749417717251	30.307404257285647	757.235492417401	-1.2869369240100443
3.169591973244147	10.602006688963211	1.8387025084807018	0.047784564307298966	1.8387025084807023	0.04778456430729894	1.8944064634927227	0.12519966240015157	7.814906098735402	97.48061449124455	2.3400137796350666	0.9845790949849663	30.32836366271671	763.6067729416071	-1.2869369240100443
3.169591973244147	10.638795986622073	1.8398888679547176	0.047653788947948056	1.839888867954718	0.04765378894794801	1.896507590496794	0.12466846882449435	7.815141978438781	97.64832849027367	2.3417038941698496	0.9845832902110209	30.34914180663805	770.0037269832375	-1.2869369240100443
3.169591973244147	10.675585284280936	1.841063236366484	0.04752481351088036	1.8410632363664838	0.04752481351088041	1.8985886694569263	0.1241437142328175	7.8153750883121065	97.81451985996729	2.3433806488802493	0.9845875274990076	30.36974181739091	776.4264117005417	-1.2869369240100443
3.169591973244147	10.7123745819398	1.8422258931174689	0.04739758502063479	1.8422258931174684	0.04739758502063483	1.900650091919696	0.12362525991232377	7.815605552401892	97.97921799310491	2.3450442822642836	0.9845918068617362	30.390166739782405	782.8748829589314	-1.2869369240100443
3.169591973244147	10.749163879598662	1.8433771078247934	0.04727205265563355	1.843377107824793	0.04727205265563368	1.9026922378726507	0.12311297148535202	7.815833489177008	98.14245141755441	2.3466950260991317	0.9845961282777825	30.410419538080816	789.3491953761925	-1.2869369240100443
3.169591973244147	10.785953177257525	1.8445171407584084	0.04714816764117692	1.8445171407584087	0.04714816764117688	1.9047154761917717	0.1226067187329291	7.816059011798759	98.30424782973292	2.348333105689634	0.9846004916934608	30.430503098877562	795.8494023656897	-1.2869369240100443
3.169591973244147	10.822742474916389	1.8456462432548466	0.04702588314867953	1.845646243254847	0.04702588314867946	1.9067201650677903	0.12210637542710565	7.81628222837648	98.46463412648615	2.3499587401057043	0.9846048970246982	30.45042023382345	802.3755561777211	-1.2869369240100443
3.169591973244147	10.85953177257525	1.8467646581089332	0.04690515420073781	1.8467646581089336	0.04690515420073775	1.9087066524124425	0.12161181917157249	7.8165032422093175	98.6236364354662	2.3515721424091223	0.9846093441588177	30.47017368224496	808.9277079390391	-1.2869369240100443
3.169591973244147	10.896321070234114	1.847872619944909	0.04678593758162986	1.8478726199449083	0.04678593758162995	1.9106752762458656	0.12112293125006203	7.816722152015213	98.78128014409842	2.353173519870374	0.9846138329562306	30.48976611364765	815.5059076907163	-1.2869369240100443
3.169591973244147	10.933110367892976	1.848970355568183	0.04666819175289535	1.848970355568183	0.04666819175289539	1.9126263650661228	0.12063959648209494	7.816939052147755	98.93758992721122	2.3547630741759744	0.9846183632520478	30.509200130111825	822.1102044243835	-1.2869369240100443
3.169591973244147	10.96989966555184	1.8500580842988468	0.0465518767736718	1.8500580842988466	0.04655187677367182	1.914560238201761	0.12016170308566079	7.81715403280154	99.09258977339707	2.3563410016267423	0.984622934857609	30.528478268585697	828.7406461169077	-1.2869369240100443
3.169591973244147	11.006688963210703	1.8511360182881775	0.04643695422546083	1.851136018288177	0.0464369542254609	1.9164772061484834	0.11968914254641863	7.817367180206967	99.24630301018458	2.357907493327599	0.9846275475619392	30.54760300308243	835.3972797636717	-1.2869369240100443
3.169591973244147	11.043478260869565	1.8522043628189955	0.04632338714106126	1.8522043628189955	0.04632338714106126	1.918377570890588	0.11922180949307752	7.817578576814782	99.39875232807181	2.3594627353691626	0.9846322011331303	30.566576746784243	842.0801514104118	-1.2869369240100443
3.169591973244147	11.080267558528428	1.8532633165909398	0.04621113993739079	1.85326331659094	0.046211139937390754	1.9202616262081238	0.11875960157859572	7.817788301471201	99.549959803491	2.361006909001676	0.9846368953196578	30.585401854059597	848.7893061837789	-1.2869369240100443
3.169591973244147	11.117056856187292	1.854313071991494	0.046100178351956546	1.8543130719914944	0.04610017835195648	1.9221296579704397	0.1183024193668854	7.817996429583984	99.69994692075576	2.3625401908015693	0.9846416298516292	30.604080622396694	855.5247883206208	-1.2869369240100443
3.169591973244147	11.153846153846153	1.8553538153536042	0.045990469382747576	1.8553538153536044	0.04599046938274751	1.9239819444168633	0.11785016622472234	7.8182030332801355	99.84873459304613	2.3640627528310634	0.9846464044419732	30.622615294258143	862.2866411960881	-1.2869369240100443
3.169591973244147	11.190635451505017	1.856385727200655	0.04588198123133666	1.8563857272006554	0.04588198123133659	1.9258187564251508	0.11740274821857902	7.818408181555547	99.99634318247867	2.3655747627911263	0.9846512187875694	30.641008058860127	869.0749073505978	-1.2869369240100443
3.169591973244147	11.22742474916388	1.857408982479555	0.04577468324899126	1.8574089824795548	0.04577468324899137	1.9276403577683854	0.1169600740161098	7.8186119404171786	100.14279251931326	2.3670763841681355	0.9846560725703227	30.659261053879973	875.8896285157201	-1.2869369240100443
3.169591973244147	11.264214046822742	1.8584237507825494	0.045668545885619645	1.8584237507825496	0.045668545885619596	1.9294470053608404	0.11652205479205341	7.8188143730181086	100.28810192033474	2.3685677763745168	0.9846609654581838	30.67737636709553	882.730845639037	-1.2869369240100443
3.169591973244147	11.301003344481606	1.8594301965584334	0.04556354064137212	1.8594301965584334	0.045563540641372136	1.9312389494934004	0.11608860413830945	7.819015539785814	100.43229020645362	2.3700490948836492	0.9846658971061194	30.695356037959098	889.5985989079991	-1.2869369240100443
3.169591973244147	11.33779264214047	1.860428479313763	0.045459640020743354	1.8604284793137627	0.04545964002074342	1.9330164340590974	0.1156596379779717	7.819215498544244	100.57537571956813	2.3715204913593655	0.9846708671570361	30.713202059110017	896.4929277728834	-1.2869369240100443
3.169591973244147	11.37458193979933	1.8614187538045837	0.04535681748902616	1.8614187538045839	0.04535681748902617	1.934779696769177	0.11523507448311744	7.81941430462978	100.71737633871815	2.3729821137802185	0.9846758752426563	30.73091637782779	903.4138709688303	-1.2869369240100443
3.169591973244147	11.411371237458194	1.862401170219212	0.04525504743098067	1.862401170219212	0.04525504743098064	1.9365289693602221	0.11481483399615487	7.81961201100158	100.85830949557048	2.374434106558812	0.9846809209843517	30.748500897428833	910.3614665370326	-1.2869369240100443
3.169591973244147	11.448160535117056	1.863375874352566	0.045154305111586	1.863375874352566	0.04515430511158596	1.9382644777927467	0.11439883895454843	7.81980866834657	100.9981921892667	2.3758766106564284	0.9846860039939359	30.765957478609792	917.3357518451289	-1.2869369240100443
3.169591973244147	11.48494983277592	1.8643430077724736	0.04505456663875832	1.8643430077724739	0.0450545666387583	1.9399864424416688	0.11398701381875256	7.820004325179361	101.13704100066407	2.3773097636931335	0.9846911238744173	30.78328794073929	924.3367636068018	-1.2869369240100443
3.169591973244147	11.521739130434783	1.8653027079784255	0.04495580892791753	1.865302707978426	0.04495580892791746	1.9416950782790814	0.11357928500318669	7.820199027937361	101.2748721060005	2.3787337000536044	0.9846962802207138	30.800494063100896	931.3645379006481	-1.2869369240100443
3.169591973244147	11.558528428093645	1.8662551085531234	0.04485800966830352	1.8662551085531234	0.04485800966830355	1.94339059504964	0.11317558081010988	7.820392821071341	101.41170129000768	2.38014855098885	0.9847014726203328	30.817577586089232	938.4191101883331	-1.2869369240100443
3.169591973244147	11.595317725752508	1.867200339307269	0.04476114729093497	1.8672003393072691	0.04476114729093493	1.9450731974389939	0.11277583136623817	7.820585747131756	101.54754395850449	2.3815544447140464	0.9847067006540174	30.834540212361723	945.500515332097	-1.2869369240100443
3.169591973244147	11.632107023411372	1.8681385264178652	0.044665200938128494	1.8681385264178654	0.04466520093812846	1.9467430852354877	0.11237996856198483	7.820777846850901	101.68241515048713	2.3829515065025904	0.984711963896359	30.85138360794719	952.6087876115661	-1.2869369240100443
3.169591973244147	11.668896321070234	1.869069792560432	0.04457015043448348	1.869069792560432	0.044570150434483466	1.9484004534855355	0.11198792599318325	7.820969159221251	101.81632954974667	2.3843398587766202	0.98471726191638	30.868109403314016	959.7439607399875	-1.2869369240100443
3.169591973244147	11.705685618729097	1.8699942570354295	0.04447597625925446	1.8699942570354295	0.044475976259254466	1.9500454926429251	0.11159963890517942	7.821159721570167	101.94930149603267	2.3857196211941196	0.9847225942780873	30.884719194399285	966.9060678798644	-1.2869369240100443
3.169591973244147	11.74247491638796	1.8709120358891729	0.04438265952003502	1.8709120358891729	0.044382659520035006	1.9516783887123383	0.11121504413917568	7.8213495696310975	102.08134499578453	2.3870909107327627	0.9847279605409976	30.901214543600545	974.0951416580225	-1.2869369240100443
3.169591973244147	11.779264214046822	1.871823242029524	0.044290181927683005	1.871823242029524	0.044290181927683026	1.9532993233873264	0.11083408008072593	7.821538737611482	102.21247373244876	2.3884538417706387	0.9847333602606362	30.917596980731958	981.3112141801382	-1.2869369240100443
3.169591973244147	11.816053511705686	1.8727279853366214	0.04419852577241888	1.872727985336621	0.04419852577241895	1.954908474183036	0.11045668661027054	7.821727258257524	102.34270107640349	2.3898085261639843	0.9847387929890089	30.933868003946063	988.5543170447406	-1.2869369240100443
3.169591973244147	11.852842809364548	1.873626372768906	0.04410767390103366	1.873626372768906	0.044107673901033685	1.956506014563891	0.11008280505562504	7.82191516291604	102.47204009450657	2.391155073322092	0.984744258275053	30.95002908062316	995.8244813567367	-1.2869369240100443
3.169591973244147	11.889632107023411	1.8745185084646707	0.04401760969514769	1.874518508464671	0.044017609695147654	1.9580921140664784	0.1097123781463217	7.822102481593452	102.60050355928452	2.392493590279469	0.9847497556650621	30.966081648229235	1003.1217377404523	-1.2869369240100443
3.169591973244147	11.926421404682275	1.8754044938393342	0.043928317050467604	1.8754044938393344	0.043928317050467604	1.9596669384178191	0.10934534996972901	7.8222892430121025	102.7281039577773	2.3938241817653867	0.9847552847030904	30.982027115143755	1010.4461163522136	-1.2869369240100443
3.169591973244147	11.963210702341136	1.8762844276786836	0.04383978035698451	1.8762844276786839	0.043839780356984534	1.9612306496492673	0.10898166592885851	7.822475474664068	102.854853500056	2.395146950270937	0.9847608449313359	30.997866861458995	1017.7976468925069	-1.2869369240100443
3.169591973244147	12.	1.877158406228254	0.043751984480067875	1.877158406228254	0.043751984480067826	1.962783406206203	0.10862127270178633	7.822661202862517	102.9807641274263	2.3964619961136946	0.9847664358905043	31.01360223975165	1025.1763586177215	-1.2869369240100443