3.178021739130435	1.	4.856603205015048	5.414312141512321e-10	4.7745117783802415	0.9999999992514751	6.195217872022363	0.000019054188459070866	12.76939866612012	442.7377983204767	13.784871899999057	0.9999912750392776	98.1390932307304	241.96057171564655	2.900648988092138
3.178021739130435	1.0367892976588629	4.768380108293954	9.318192599116462e-10	4.605080120692198	0.9999999981791702	6.072382250354253	0.000024574379921060505	12.635826012137528	431.59021295234714	13.29554233306729	0.9999882807085962	95.88872597011947	241.95805264364012	2.788661350538335
3.178021739130435	1.0735785953177257	4.684934370848401	1.5566192736602014e-9	4.447257636393417	0.9999999958487182	5.955984679663834	0.0000313005280135668	12.507460445405524	421.07177493406243	12.839708524524397	0.9999845843985796	93.75996074616862	241.95466087902926	2.682086883158955
3.178021739130435	1.1103678929765886	4.6058547247133	2.530543544723243e-9	4.299890077503087	0.9999999910709473	5.845493636325699	0.000039413384015949475	12.383998381957655	411.1290974752966	12.414036881834619	0.9999801003109208	91.7424202133727	241.95023803052376	2.5803797657636176
3.178021739130435	1.1471571906354514	4.530777110930467	4.012505258196608e-9	4.161971275484899	0.9999999817766789	5.740436007129952	0.000049108315082582094	12.26515831054745	401.7146915187126	12.01562171857356	0.9999747449300788	89.82691512175428	241.9446238635993	2.4830749691711858
3.178021739130435	1.1839464882943145	4.459378008665846	6.2182337416711746e-9	4.03262013800416	0.9999999645330232	5.640389121500131	0.00006059533137365257	12.150679253917026	392.78616981166243	11.641918839416848	0.9999684383754467	88.00527639433113	241.9376597633717	2.3897727931285337
3.178021739130435	1.2207357859531773	4.391368873541857	9.435220697238794e-9	3.9110618040064757	0.9999999338842119	5.544974069617704	0.00007409907799387757	12.04031926548557	384.30557669967044	11.29069112098597	0.9999611055540844	86.27021529974199	241.9291919628614	2.30012699788308
3.178021739130435	1.2575250836120402	4.326491474319259	1.4040160910434687e-8	3.7966121056153534	0.9999998814902785	5.453850068096147	0.0000898588015190967	11.933853989567503	376.2388210139206	10.959963632182605	0.9999526771009745	84.6152063119791	241.9190744502619	2.2138355606942115
3.178021739130435	1.294314381270903	4.264513961969476	2.0519023669089567e-8	3.6886646790498334	0.9999997950442778	5.36670968449685	0.00010812830053124443	11.83107530122312	368.5551939764243	10.647986396758002	0.9999430901053765	83.03438841867879	241.9071715019999	2.130633382429287
3.178021739130435	1.3311036789297659	4.205227539536984	2.948986101902687e-8	3.5866802122671846	0.9999996569590546	5.28327477019957	0.00012917586912055033	11.731790033786616	361.22695758978216	10.353203320714655	0.9999322886308388	81.52248153054012	241.89335981623367	2.0502864650974844
3.178021739130435	1.3678929765886287	4.148443627699854	4.172842706423515e-8	3.490177427300298	0.9999994428269888	5.2032929807990085	0.00015328424178285026	11.635818796771273	354.22899175643175	10.0742261252067	0.9999202240429371	80.07471532895053	241.87753024348754	1.97258721425259
3.178021739130435	1.4046822742474916	4.093991441548263	5.819664977229126e-8	3.398725479512964	0.9999991196698031	5.126534786386759	0.00018075054756808755	11.542994883367024	347.53849056474286	9.809812368578191	0.9999068551631463	78.68676841872424	241.85958912737462	1.8973506124043478
3.178021739130435	1.4414715719063544	4.041715910246186	8.00739640833637e-8	3.311937520877216	0.9999986440091029	5.052790892336142	0.00021188628074750388	11.453163264541265	341.1346999207454	9.558846828252408	0.9998921482697565	77.35471606597288	241.8394592795413	1.824411074568118
3.178021739130435	1.4782608695652173	3.9914758839756823	1.087914833551464e-7	3.2294652247082376	0.9999979598008708	4.981870005679973	0.0002470172946824767	11.366179665422539	334.99869009564713	9.320325658295731	0.9998760769677878	76.07498512548	241.81708061969934	1.7536198436081023
3.178021739130435	1.5150501672240804	3.9431425826735675	1.4606895600784716e-7	3.1509941086101234	0.9999969962875727	4.913596893717942	0.0002864838250143683	11.281909718914022	329.1131578774964	9.093342851841978	0.9998586219497716	74.84431501834855	241.79241051499247	1.6848428168150338
3.178021739130435	1.5518394648829432	3.8965982491473685	1.9395442624990535e-7	3.0762395233041953	0.9999956658291917	4.847810690757768	0.0003306405477663757	11.20022819115296	323.46225391882473	8.877078626719673	0.9998397706683594	73.65972382468097	241.7654238537179	1.6179587200175973
3.178021739130435	1.588628762541806	3.8517349756484793	2.548664924418358e-7	3.0049431994797424	0.9999938617788435	4.784363416376431	0.00037985667746623695	11.121018273370787	318.03143160596596	8.670789423195668	0.9998195169402451	72.5184787193676	241.7361128874307	1.5528575640405078
3.178021739130435	1.625418060200669	3.808453678226534	3.316390343638001e-7	2.93687026428885	0.9999914564695397	4.723118674661966	0.00043451610997139714	11.044170934823102	312.80731437481404	8.473799258950665	0.9997978604990592	71.41807011061049	241.70448687340124	1.489439332266066
3.178021739130435	1.6622073578595318	3.766663197451382	4.2756826166995515e-7	2.871806654709215	0.9999882993761978	4.663950508853488	0.0004950176143115765	10.969584331683892	307.77757888911793	8.28549223142036	0.9997748065128824	70.35618894738303	241.67057154669826	1.4276128586686538
3.178021739130435	1.6989966555183946	3.726279507569925	5.464619203351013e-7	2.8095568675645888	0.9999842155115166	4.606742389862828	0.0005617750775619799	10.897163267089578	302.9308519022129	8.105305993896543	0.9997503650799558	69.33070674885023	241.6344084482947	1.3672948638480655
3.178021739130435	1.7357859531772575	3.687225019021662	6.92690482051759e-7	2.7499419961674763	0.999979004106282	4.551386320512169	0.0006352178065247328	10.826818697845248	298.2566189580614	7.932726061143201	0.9997245507141259	68.33965797989177	241.59605413281204	1.3084091229136958
3.178021739130435	1.7725752508361203	3.6494279615911305	8.712401333861176e-7	2.6927980118303814	0.9999724376147286	4.49778204009542	0.0007157908898276671	10.758467283645311	293.7451433657142	7.767280824173432	0.9996973818296394	67.38122445540115	241.55557927687934	1.2508857440200254
3.178021739130435	1.8093645484949832	3.6128218374249927	1.0877673770658663e-6	2.6379742552661867	0.9999642610743379	4.445836316177013	0.0008039556239463659	10.692030975001336	289.3873941133901	7.608537173367866	0.9996688802331107	66.4537215044572	241.5130677068669	1.194660540255671
3.178021739130435	1.8461538461538463	3.5773449347615385	1.3486550570296519e-6	2.5853321084652414	0.999954191837596	4.395462312465826	0.000900190006615773	10.627436636399478	285.1749815825618	7.456096645157149	0.9996390706288706	65.55558566568098	241.468615362748	1.1396744806878885
3.178021739130435	1.882943143812709	3.5429398945723802	1.6610696217594892e-6	2.5347438222323695	0.9999419196813517	4.3465790232136685	0.001004989301118872	10.564615701524382	281.1001000855396	7.3095920207232865	0.9996079801424719	64.68536371865308	241.42232921325268	1.0858732088440626
3.178021739130435	1.919732441471572	3.509553323447998	2.033019446858539e-6	2.486091478376274	0.999927107288043	4.299110765942496	0.0011188666750178956	10.50350385768117	277.15547638742663	7.168684316131611	0.9995756378658764	63.8417028843692	241.37432613610272	1.0332066189080917
3.178021739130435	1.9565217391304348	3.4771354470096485	2.4734140477184454e-6	2.4392660687138124	0.9999093910826065	4.252986725446475	0.0012423539170259876	10.44404075682028	273.33432348938567	7.03306011241349	0.9995420744267718	63.02334205133492	241.32473177597674	0.9816284815269959
3.178021739130435	1.9933110367892977	3.4456397989317193	2.9921240263092477e-6	2.3941666756992115	0.9998883823996869	4.208140542981272	0.001376002235898739	10.386169750821539	269.63029904852635	6.9024291817196275	0.9995073215835605	62.229103903828374	241.2736793919155	0.9310961124406117
3.178021739130435	2.0301003344481607	3.4150229413357223	3.600041612477069e-6	2.350699741706804	0.9998636689480073	4.164509945371776	0.001520383145454397	10.329837648922844	266.0374678932387	6.776522372025304	0.9994714118468082	61.457887845712925	241.22130870498364	0.8815700782261133
3.178021739130435	2.0668896321070234	3.3852442128914437	4.309141679477527e-6	2.308778415860973	0.9998348165326009	4.122036409466404	0.0016760894401029452	10.274994495387357	262.5502681639857	6.65508971821351	0.9994343781273177	60.70866362749073	241.1677647562639	0.8330139343370178
3.178021739130435	2.1036789297658864	3.356265501448532	5.1325431356355134e-6	2.268321968879076	0.9998013709910049	4.080664857959718	0.001843736265577051	10.221593365690826	259.1634806702912	6.5378987518646525	0.9993962534105001	59.9804655964587	241.11319678448123	0.7853939913501141
3.178021739130435	2.140468227424749	3.328051038437589	6.084570618810099e-6	2.229255267722135	0.9997628602965078	4.040343383112691	0.002023962289907518	10.169590179679904	255.8722011066598	6.424732985887758	0.9993570704563213	59.27238750021516	241.0577571318242	0.7386791059428666
3.178021739130435	2.177257525083612	3.300567212634911	7.180816447561566e-6	2.191508302974082	0.9997187967799359	4.001022995334684	0.00221743098007106	10.118943530304103	252.67181481475015	6.315390553354718	0.9993168615238042	58.58357778265044	241.0016001857925	0.6928404936312547
3.178021739130435	2.2140468227424748	3.2737824011890053	8.4382028123672e-6	2.155015762826747	0.9996686794212032	3.9626573939643035	0.002424831990155276	10.069614526659393	249.55797381745427	6.209682982641786	0.9992756581188401	57.91323531917136	240.94488136410163	0.6478515607220252
3.178021739130435	2.250836120401338	3.2476668160680253	9.875044221711257e-6	2.1197166483618837	0.9996119961626976	3.925202757907672	0.0026468826673343416	10.021566650202686	246.52657588356516	6.107434093321169	0.9992334907639068	57.26060554446019	240.88775614891557	0.6036877532893462
3.178021739130435	2.2876254180602005	3.22219236431172	0.00001151111025118239	2.0855539255159306	0.9995482261983908	3.8886175540696413	0.0028843296824230596	9.974765623104163	243.57374541023566	6.008478999244482	0.9991903887881832	56.62497693171172	240.8303791758673	0.5603264212846293
3.178021739130435	2.3244147157190636	3.1973325206651158	0.000013367688678669436	2.052474209706761	0.9994768421951542	3.8528623617530173	0.0031379507922784005	9.929179287799824	240.69581593510839	5.912663206972819	0.9991463801364918	56.00567778716463	240.77290338249722	0.5177466961408124
3.178021739130435	2.3612040133779266	3.1730622113385047	0.000015467649125165315	2.0204274796101274	0.999397312405934	3.817899711408597	0.003408556741836918	9.88477749689179	237.88931411141203	5.819841799180676	0.9991014911954692	55.402073327965276	240.71547921994065	0.47592938044515254
3.178021739130435	2.3979933110367893	3.149357707783416	0.00001783550735842015	1.9893668170098675	0.9993091026380524	3.783693936299242	0.0036969933141149927	9.841532012618615	235.15094499793352	5.729878693929389	0.9990557466353701	54.81356301506547	240.65825393089983	0.4348568484352259
3.178021739130435	2.4347826086956523	3.12619652950011	0.000020497490455590173	1.9592481700211901	0.9992116780437881	3.750211035798348	0.004004143537044825	9.799416415183883	232.47757853198823	5.642645971800793	0.9990091692659329	54.23957811603882	240.60137089611442	0.3945129562251456
3.178021739130435	2.471571906354515	3.103557355002094	0.000023481603060973332	1.9300301373099729	0.9991045047044051	3.7174185491806657	0.004330930056568046	9.758406019289296	229.86623706770112	5.5580232638310845	0.998961779904771	53.67957947548631	240.5449690508572	0.354882960799008
3.178021739130435	2.508361204013378	3.0814199401587903	0.00002681769501585879	1.901673771210296	0.9989870509828569	3.6852854388836063	0.0046783176859488485	9.718477798268355	227.31408387429803	5.475897194007425	0.9989135972568146	53.13305547312575	240.48918237221514	0.31595344691785504
3.178021739130435	2.5451505016722407	3.0597650432215353	0.00003053753067932769	1.8741423978844411	0.9988587886243597	3.6537819823232973	0.0050473161417849	9.679610315260248	224.81841250002878	5.396160870806534	0.9988646378033802	52.599520151795204	240.43413943729774	0.27771226117940223
3.178021739130435	2.5819397993311037	3.038574355911743	0.00003467486030154588	1.8474014528795177	0.9987191935878623	3.6228796714431146	0.005438982977669159	9.641783660899586	222.3766369169332	5.318713422879015	0.9988149156995236	52.078511499470366	240.37996305190046	0.24014845254801595
3.178021739130435	2.6187290969899664	3.017830440014965	0.000039265493854624625	1.8214183306174776	0.9985677465950408	3.59255111925542	0.005854426726866313	9.604979397027718	219.98628237015157	5.243459574529325	0.9987644426784003	51.5695898710481	240.3267699486296	0.203252218737878
3.178021739130435	2.6555183946488294	2.9975166689818566	0.00004434737777055579	1.7961622465145652	0.9984039333867968	3.5627699727112123	0.006294810265680995	9.569180505954463	217.6449768630056	5.1703092571192935	0.9987132279614374	51.07233653710353	240.2746705530038	0.16701485788654186
3.178021739130435	2.6923076923076925	2.9776171740879267	0.00004996067508102083	1.7716041105655207	0.998227244680289	3.533510831298887	0.006761354409375268	9.534371344816048	215.35044321578792	5.09917725294347	0.9986612781732049	50.586352348121515	240.22376881567035	0.1314287250007047
3.178021739130435	2.729096989966555	2.9581167947490754	0.00005614784950010141	1.7477164113499355	0.9980371758222563	3.5047491708333975	0.007255341752487588	9.500537604584991	213.10049164221383	5.029982868493916	0.998608597259956	50.11125650384931	240.17416210854236	0.09648719269106355
3.178021739130435	2.765886287625418	2.9390010326302183	0.00006295375403809903	1.7244731095254802	0.9978332261368008	3.4764612719518873	0.007778120765156804	9.467666273289945	210.89301279290115	4.962649634357918	0.9985551864108936	49.6466854184384	240.12594118239673	0.06218461574057057
3.178021739130435	2.802675585284281	2.9202560092204437	0.00007042572478278292	1.7018495399673252	0.997614897967872	3.448624152882715	0.00833111015647688	9.43574560299877	208.72597122019494	4.897105029279939	0.9985010439813173	49.19229167295422	240.07919018328693	0.02851629906906827
3.178021739130435	2.839464882943144	2.90186842658063	0.00007861368053340491	1.6798223217967163	0.9973816954184522	3.4212155061022047	0.008915803514913775	9.404765080103694	206.59739922318357	4.833280226174161	0.9984461654168959	48.74774304765117	240.03398672501606	-0.004521531330752588
3.178021739130435	2.8762541806020065	2.8838255309988523	0.00008757022902262732	1.6583692756157549	0.9971331227899041	3.394213638538703	0.009533774234271979	9.37471539842368	204.50539103598544	4.771109858099802	0.9983905431784198	48.312721627140164	239.990402014841	-0.03693175490729522
3.178021739130435	2.9130434782608696	2.866115079315625	0.00009735078051187577	1.6374693473313175	0.9968686827261107	3.3675974150275305	0.01018668073146097	9.34558843460434	202.44809732639928	4.710531802412371	0.9983341666664977	47.886922972237784	239.9485010295972	-0.06871638093873424
3.178021739130435	2.9498327759197323	2.8487253077054797	0.00010801366959618188	1.617102538009742	0.9965878740679945	3.3413462047639646	0.010876271959192163	9.317377225247801	200.42371997588222	4.6514869814828534	0.9982770221457891	47.470055352881005	239.90834273949577	-0.09987657123254369
3.178021739130435	2.9866220735785953	2.83164490272389	0.00011962028610477225	1.5972498392562908	0.9962901894247242	3.3154398305456265	0.011604393212502496	9.29007594514276	198.43050711564584	4.5939191785360105	0.9982190926685046	47.0618390370297	239.86998037694642	-0.1304126615920329
3.178021739130435	3.0234113712374584	2.814862974449515	0.0001322352160325549	1.5778931736603783	0.9959751124685288	3.289858520641784	0.012372992222370524	9.263679885885718	196.46674839755073	4.5377748673016685	0.998160357997062	46.66200563097196	239.83346174795707	-0.16032418253441774
3.178021739130435	3.060200668896321	2.798369031571277	0.0001459263934841868	1.5590153398895779	0.9956421149605379	3.2645828631758813	0.013184125522324834	9.23818543408546	194.53077048250293	4.483003054299787	0.9981007945259739	46.27029746689042	239.79882958383263	-0.18960987978342686
3.178021739130435	3.096989966555184	2.782152958288414	0.00016076526465474394	1.5405999620532695	0.9952906535155759	3.239593762961004	0.01403996506441373	9.213590048221755	192.62093273337658	4.429555132694506	0.9980403752032503	45.88646703396049	239.76612193119422	-0.21826773510810812
3.178021739130435	3.1337792642140467	2.766204992909323	0.00017682696490709042	1.5226314429907437	0.9949201661144159	3.214872400786793	0.014942805048722224	9.189892233081874	190.73562310418978	4.377384746754091	0.9979790694518531	45.51027644962289	239.73537257856944	-0.24629498813985073
3.178021739130435	3.17056856187291	2.7505157080522413	0.0001941905100326784	1.5050949211691458	0.9945300683727638	3.190400195222727	0.01589506891516871	9.167091510521633	188.8732542225264	4.326447666045846	0.9979168430920241	45.14149696802262	239.70661151817416	-0.27368815987237083
3.178021739130435	3.2073578595317724	2.735075992367585	0.0002129390027960397	1.487976230904131	0.9941197495773126	3.1661587670781923	0.016899316426887266	9.145188385087296	187.03225966818223	4.276701668576988	0.9978536582656574	44.779908522925105	239.67986544178984	-0.3004430786360009
3.178021739130435	3.2441471571906355	2.7198770337184937	0.00023315985585836336	1.4712618656407268	0.9936885685007283	3.142129906746538	0.017958250750255127	9.124184302786146	185.21109045790772	4.228106432166852	0.997789473364289	44.425299302721704	239.6551582700442	-0.3265549094386458
3.178021739130435	3.280936454849498	2.70491030377263	0.00025494503214631915	1.4549389440538658	0.9932358490095501	3.1182955447603753	0.01907472540659255	9.104081601003154	183.40821175413237	4.180623433401548	0.9977242429627513	44.077465355411526	239.63251171467402	-0.3520181876829255
3.178021739130435	3.317725752508361	2.6901675439752757	0.00027839130367016205	1.4389951787476696	0.9927608754819482	3.09463772600149	0.020251750933635966	9.08488344722551	181.62209982495168	4.134215853582417	0.9976579177611026	43.73621022171488	239.61194587378088	-0.3768268584014852
3.178021739130435	3.3545150501672243	2.6756407528906365	0.00030360052969085797	1.4234188473496856	0.9922628880562318	3.071138588142766	0.021492501049829006	9.066593763852437	179.85123929365503	4.088848491132242	0.9975904445380915	43.40134459471511	239.5934798603184	-0.40097432230202745
3.178021739130435	3.391304347826087	2.6613221749156826	0.0003306799549769401	1.4081987658111974	0.9917410777362702	3.0477803450541363	0.022800318059970966	9.049217135934224	178.09412072896797	4.0444876799710645	0.9975217661201802	43.07268600466248	239.5771324643798	-0.4244534900771091
3.178021739130435	3.42809364548495	2.6472042903882778	0.0003597425286639172	1.3933242637373542	0.9911945813867913	3.024545276081672	0.024178717175430745	9.03275869820393	176.34923864223575	4.0011012134151756	0.9974518213710202	42.750058527790195	239.5629228500023	-0.4472568466110741
3.178021739130435	3.4648829431438126	2.633279807128987	0.0003909072439150569	1.3787851615812428	0.9906224766602005	3.0014157223099303	0.025631389344644265	9.017223997243235	174.61508997523532	3.958658273190083	0.9973805452072757	42.43329251820167	239.5508712873453	-0.46937652690084863
3.178021739130435	3.5016722408026757	2.6195416534729903	0.00042429949816300455	1.3645717495440057	0.9900237769074022	2.9783740911423546	0.027162202098888134	9.0026188240742	172.8901731823177	3.9171293631798507	0.9973078686478095	42.122224362073936	239.54099992100086	-0.49080440569355077
3.178021739130435	3.5384615384615383	2.605982972864883	0.0004600514731648464	1.3506747680288351	0.9893974261384343	2.9554028707818576	0.02877519781364175	8.988949011912519	171.17298803327293	3.8764862475626876	0.9972337189044796	41.81669625359824	239.53333357500904	-0.5115322030192375
3.178021739130435	3.5752508361204014	2.5925971201033042	0.0004983025334062318	1.3370853894997616	0.988742294114789	2.9324846564581666	0.030474588667359116	8.976220193289866	169.46203628847087	3.8367018930044	0.9971580195241367	41.51655599222159	239.52790059459755	-0.5315516079465956
3.178021739130435	3.612040133779264	2.579377659333599	0.0005391996405193194	1.3237952015969332	0.98805717167427	2.909602190522273	0.03226474744850978	8.964437510305167	167.7558234250999	3.7977504145991494	0.9970806905927939	41.22165680087563	239.5247337239206	-0.5508544229890168
3.178021739130435	3.648829431438127	2.5663183638925333	0.0005828977803148333	1.3107961913580914	0.9873407664111664	2.8867384187959	0.03415019322155814	8.95360527146872	166.05286162176427	3.7596070252585982	0.9970016490143322	40.931857164950955	239.52387101778814	-0.5694327316092537
3.178021739130435	3.68561872909699	2.553413218107795	0.0006295603977548223	1.2980807303916977	0.9865916988591534	2.8638765658038388	0.03613557071909686	8.943726548560528	164.3516742368659	3.7222479882580544	0.9969208088773762	40.64702069180215	239.52535678372905	-0.5872790911702732
3.178021739130435	3.722408026755853	2.5406564211426184	0.0006793598337087242	1.285641560840442	0.9858084993510747	2.841000231696152	0.038225622190301435	8.934802707264886	162.65080204170135	3.685650572649371	0.9968380819250056	40.36701599051751	239.52924254835975	-0.6043867534090214
3.178021739130435	3.759197324414716	2.5280423929493914	0.0007324777556554861	1.273471781965505	0.9849896057574861	2.818093513741884	0.04042515031974365	8.926832866235392	160.9488114886998	3.6497930112471804	0.9967533781425431	40.09171657155359	239.53558803910667	-0.6207499140044866
3.178021739130435	3.7959866220735785	2.5155657823502637	0.0007891055726653761	1.2615648371723245	0.9841333623326987	2.7951411551865886	0.042738970755999944	8.919813280888912	159.244305303933	3.614654460885951	0.9966666064785374	39.82100076558173	239.5444621685273	-0.636363992000905
3.178021739130435	3.8327759197324416	2.503221477193225	0.0008494448231001909	1.2499145012892214	0.9832380199203424	2.7721287239396326	0.04517185278402808	8.913736650856315	157.53593568478504	3.5802149646325776	0.9965776757128947	39.55475166050979	239.55594400399028	-0.6512259386512951
3.178021739130435	3.869565217391304	2.4910046164334707	0.0009137075216489655	1.2385148679025029	0.9823017377863557	2.749042822905702	0.04772844677418239	8.908591353876425	155.82242035066972	3.546455415622518	0.996486495483539	39.29285705509416	239.57012370012433	-0.6653345735891901
3.178021739130435	3.9063545150501673	2.4789106038583926	0.000982116450768005	1.2273603365480705	0.981322587350887	2.7258713327023756	0.050413197286035195	8.904360614238026	154.1025616278989	3.5133575221701805	0.996392977478569	39.03520942683817	239.58710336557135	-0.6786909440528165
3.178021739130435	3.94314381270903	2.466935123007745	0.0010549053805951223	1.216445599562951	0.9802985580758231	2.7026036859155607	0.05323024114360165	8.901021620818307	152.37526863940064	3.4809037737884014	0.9962970367941953	38.78170591097164	239.6069978293095	-0.691298700144416
3.178021739130435	3.979933110367893	2.4550741526400603	0.0011323192013022055	1.205765628414035	0.9792275657247855	2.6792311698594427	0.056183290476170024	8.898544618367438	150.63958250674148	3.449077407742111	0.9961985934494636	38.53224828624286	239.6299352657362	-0.7031644758345708
3.178021739130435	4.016722408026756	2.443323981869152	0.0012146139530377904	1.195315659349473	0.9781074631406164	2.6557472519915217	0.059275501672849916	8.89689200575749	148.89470424905977	3.417862375762877	0.9960975740367061	38.286742962075856	239.6560576324785	-0.7142982617320138
3.178021739130435	4.053511705685619	2.431681223855193	0.0013020567415071242	1.1850911782641815	0.9769360535759427	2.6321479187262886	0.06250933244481505	8.896017485933093	147.14002477965192	3.387243310570478	0.9959939134719776	38.045100960439036	239.68552087154106	-0.7247137517706662
3.178021739130435	4.090301003344481	2.420142826707352	0.0013949255322044242	1.1750879047374712	0.9757111064624528	2.608432014544921	0.0658863907055693	8.89586532333355	145.37515606338854	3.357205491891579	0.9958875567930322	37.8072378846744	239.71849482403613	-0.7344286423013063
3.178021739130435	4.127090301003345	2.4087060800732343	0.001493508823565379	1.165301775288492	0.9744303753160996	2.5846015643121514	0.0694072806906927	8.896369774186718	143.5999621266168	3.3277348117401755	0.995778460934909	37.57307386673067	239.75516281265138	-0.7434648591568195
3.178021739130435	4.1638795986622075	2.3973686157968315	0.0015981052087932462	1.1557289260017878	0.9730916172575902	2.5606620580506525	0.07307145350009418	8.897454761437661	141.81458824064887	3.2988177388339577	0.9956665963968333	37.342533483955165	239.7957208554133	-0.7518486867576863
3.178021739130435	4.20066889632107	2.3861284010673796	0.0017090228473912806	1.1463656747939923	0.9716926133979927	2.5366226747080174	0.07687707083967911	8.899033867014552	140.01948628103204	3.270441282164622	0.9955519487014426	37.11554563705719	239.8403764899251	-0.7596107739690043
3.178021739130435	4.237458193979933	2.3749837226987416	0.0018265788795943131	1.1372085037126034	0.97023118912473	2.5124964203996947	0.08082089188429098	8.901010707529371	138.21543406086127	3.242592953913009	0.995434519541277	36.892043382264454	239.88934720926224	-0.7667859948706927
3.178021739130435	4.274247491638796	2.363933161598984	0.0019510988285518726	1.128254041763207	0.968705233157347	2.4883001579222643	0.08489819356944732	8.90327974376794	136.4035464149662	3.2152607320879585	0.9953143275108923	36.67196371315864	239.94285853803947	-0.773413149273637
3.178021739130435	4.311036789297659	2.3529755571120674	0.002082916044535095	1.1194990488346175	0.9671127141612474	2.464054508522758	0.08910273396362804	8.905727548955843	134.5852760312938	3.1884330234509726	0.9951914083380179	36.45524729115911	240.0011418076623	-0.779534497683386
3.178021739130435	4.3478260869565215	2.3421099616991605	0.00222237125079918	1.1109404013146669	0.9654516937423067	2.4397836141291593	0.09342676649708896	8.908234526947039	132.76240251857254	3.1620986274408653	0.9950658145545683	36.24183812788073	240.0644317199181	-0.78519513786528
3.178021739130435	4.384615384615385	2.3313355872969015	0.0023698122505065177	1.1025750799501461	0.9637203348136597	2.415514758118901	0.09786110972722377	8.910677032241292	130.93700895564848	3.136246701907057	0.9949376145866	36.03168322718436	240.13296381367152	-0.7904422439464664
3.178021739130435	4.421404682274248	2.3206517455305167	0.002525593847499241	1.0944001603985134	0.961916904625061	2.3912778542648434	0.10239527323298234	8.912929803914558	129.11144612609823	3.110866731473583	0.9948068912877759	35.82473219905515	240.20697196600094	-0.7953242023199648
3.178021739130435	4.45819397993311	2.31005778464291	0.0026900780209466206	1.0864128067539973	0.9600397721474366	2.367104825292837	0.10701763560939878	8.914868591006769	127.28828569049365	3.0859484992772512	0.9946737399878488	35.62093686083205	240.28668606330913	-0.7998896894763929
3.178021739130435	4.494983277591973	2.2995530264094155	0.002863634376389323	1.078610268125622	0.9580873999608648	2.343028902797574	0.11171566600119394	8.916372823394607	125.47026454320567	3.0614820626545938	0.9945382661694144	35.42025084318509	240.3723299678899	-0.8041867434466912
3.178021739130435	4.531772575250836	2.2891367063648214	0.0030466408758307965	1.070989878127182	0.9560583312398931	2.3190838874842616	0.1164761768403281	8.917328173969153	123.66022339133319	3.037457733113437	0.994400582916405	35.222629218247874	240.46411988195646	-0.8082618815841108
3.178021739130435	4.568561872909699	2.2788079203573455	0.0032394848301649888	1.063549056940177	0.9539511728022477	2.2953034116966267	0.12128559300381447	8.917628866770968	121.8610430590921	3.0138660606477123	0.9942608082920211	35.02802816542018	240.56226317720325	-0.8121593126780356
3.178021739130435	4.605351170568562	2.2685655798126296	0.003442564121128238	1.0562853154574052	0.9517645754355516	2.271720244565336	0.12613022182165357	8.91717961029438	120.07558209718965	2.990697822178031	0.994119062800412	34.83640468686424	240.6669577185323	-0.8159202816383634
3.178021739130435	4.642140468227424	2.2584083772428833	0.0036562886091693076	1.049196260925333	0.9494972128156615	2.248365674293958	0.13099650927597964	8.915897071407208	118.30661896872985	2.9679440136624193	0.9939754670669246	34.6477163801932	240.7783916712175	-0.8195825718285483
3.178021739130435	4.678929765886288	2.248334762605091	0.003881081679100047	1.042279603483131	0.9471477602813289	2.2252689932092116	0.13587127008385383	8.91371084744385	116.5568014618918	2.94559584524938	0.9938301398403058	34.46192127098856	240.89674374662007	-0.8231801756291872
3.178021739130435	4.7157190635451505	2.2383429302300164	0.004117381876920031	1.0355331630389328	0.9447148745591204	2.202457100748177	0.14074188267792692	8.910563935829982	114.82860516060674	2.9236447387530724	0.9936831963824703	34.2789777032594	241.022183816318	-0.8267431300426153
3.178021739130435	4.752508361204013	2.228430815315884	0.004365644597662874	1.0289548760139482	0.942197175281418	2.1799542290883855	0.14559644383110298	8.906412736791292	113.12430191932832	2.902082326717248	0.9935347472731639	34.09884428228965	241.1548738098966	-0.8302975027448479
3.178021739130435	4.789297658862877	2.2185960984698823	0.004626343793801472	1.0225428016026246	0.9395932288550994	2.157781786934159	0.1504238812853262	8.901226651754993	111.44593845636781	2.8809004523877406	0.9933848976228479	33.92147986180324	241.29496880740936	-0.8338655059381038
3.178021739130435	4.826086956521739	2.2088362165043893	0.004899973684881974	1.01629512732251	0.9369015349604589	2.1359583098937285	0.15521402583584917	8.894987356506398	109.79532449015879	2.860091170013556	0.9932337466605808	33.746843566075015	241.44261824205026	-0.8374657109320258
3.178021739130435	4.862876254180602	2.199148377632442	0.0051870504600705905	1.0102101737447347	0.9341205157194213	2.114499501261443	0.15995764665287818	8.88768783440621	108.1740293421579	2.8396467450217346	0.9930813876459054	33.57489483739767	241.59796713926852	-0.8411133352765652
3.178021739130435	4.8996655518394645	2.1895295793134957	0.005488113975081464	1.0042863983946115	0.9312485073860614	2.0934183447778105	0.16464645511870868	8.879331252714346	106.58338562886694	2.8195596537422736	0.9929279080445128	33.40559349994371	241.76115733279568	-0.8448205757923142
3.178021739130435	4.936454849498328	2.179976627220575	0.005803729452892991	0.9985223988865228	0.9282837542857988	2.072725270704035	0.1692730831769084	8.869929756681822	105.0244985446686	2.7998225824810135	0.9927733899054709	33.2388998322409	241.9323286133246	-0.8485969641476678
3.178021739130435	4.973244147157191	2.1704861540801157	0.006134489203573362	0.9929169154077548	0.9252244046581216	2.0524283577978784	0.17383104226956908	8.859503244039855	103.49825926043215	2.7804284258420635	0.9926179103811987	33.074774641947236	242.11161978020002	-0.8524497258882363
3.178021739130435	5.010033444816053	2.161054637431344	0.006481014382576016	0.9874688326946937	0.9220685080315928	2.0325335559724254	0.17831466855295341	8.848078169008089	102.00536108738397	2.7613702842819117	0.9924615423382411	32.91317933813398	242.29916957912337	-0.8563841283468989
3.178021739130435	5.046822742474917	2.1516784156311637	0.006843956809363866	0.9821771816563861	0.9188140137673764	2.0130449170798133	0.1827190594035833	8.83568641162422	100.54631724057862	2.7426414609355936	0.9923043550155273	32.75407599771482	242.49511751914386	-0.8604038071544512
3.178021739130435	5.083612040133779	2.142353701673303	0.007224000869596348	0.9770411407995028	0.9154587704369828	1.9939648240150967	0.1870400054039561	8.822364236165184	99.1214792472154	2.7242354577924774	0.9921464146958715	32.597427423893876	242.69960456983745	-0.8645110648265601
3.178021739130435	5.120401337792642	2.133076594587972	0.007621865524777327	0.9720600375998828	0.9120005257414149	1.9752942109239442	0.1912739211431227	8.808151352283721	97.73105525652234	2.706145971319965	0.9919877853650739	32.44319719551049	242.9127737449167	-0.8687071379770943
3.178021739130435	5.157190635451505	2.1238430883388926	0.008038306453576963	0.9672333499526984	0.908436926724809	1.957032769570129	0.19541777735948682	8.793090084427805	96.37512770318584	2.6883668876408504	0.9918285293405589	32.291349706923995	243.13477058177938	-0.8729924320771473
3.178021739130435	5.193979933110368	2.1146490782419396	0.008474118349303372	0.9625607078187535	0.9047655200806582	1.939179138806439	0.199469036237202	8.777224649078395	95.0536699459563	2.670892277368716	0.9916687078578154	32.14185019863348	243.36574352825312	-0.8773667243942055
3.178021739130435	5.230769230769231	2.1054903649999774	0.008930137398423445	0.9580418951704828	0.9009837523894738	1.9217310755866353	0.20342559106450436	8.760600535107772	93.7665616433516	2.6537163901984173	0.9915083816079148	31.99466477919516	243.6058442483438	-0.8818293369008688
3.178021739130435	5.2675585284280935	2.096362656488799	0.009407243965788377	0.9536768523290527	0.8970889701615758	1.9046856070847664	0.20728571097593843	8.743263979825494	92.51360273944292	2.6368336493381377	0.991347611223194	31.84976043922167	243.8552278585718	-0.8863792816454784
3.178021739130435	5.304347826086956	2.087261567446403	0.0099063655134122	0.9494656787743107	0.8930784195869368	1.8880391642995213	0.21104799112347214	8.725261531726265	91.29452601700625	2.620238645857307	0.991186457710938	31.70710505835649	244.1140531056974	-0.891015381434414
3.178021739130435	5.34113712374582	2.078182617218438	0.010428479781364599	0.9454086365025031	0.8889492459157717	1.8717876980715074	0.21471130834057914	8.706639690289508	90.10900823656984	2.603926133012698	0.9910249828367839	31.56666740614947	244.38248249565467	-0.8957363687824182
3.178021739130435	5.377926421404682	2.069121225701299	0.010974618261642772	0.9415061540026709	0.8846984924093808	1.8559267787846414	0.21827478216303964	8.687444613150248	88.9566799220996	2.587891020603326	0.9908632494607664	31.428417137734147	244.6606823823176	-0.9005409660223038
3.178021739130435	5.414715719063545	2.0600727076054146	0.011545869998826891	0.9377588309214918	0.8803230988112484	1.8404516812095821	0.2217377409346116	8.667721881357322	87.83713388122605	2.5721283693945036	0.990701321829605	31.292324785150875	244.94882302359824	-0.9054279492902696
3.178021739130435	5.451505016722408	2.0510322651372106	0.012143385754980356	0.9341674434877849	0.875819899294444	1.8253574560188277	0.22509969264069848	8.647516314097741	86.74993256350905	2.5566333856422903	0.9905392658291308	31.158361745082576	245.2470786112443	-0.9103961988657489
3.178021739130435	5.488294314381271	2.041994979171618	0.012768382580678746	0.9307329507719869	0.8711856198434874	1.8106389894952342	0.2283603000658619	8.626871825073392	85.69461436734726	2.5414014157420275	0.9903771492007905	31.026500263685683	245.55562727973776	-0.9154447380779329
3.178021739130435	5.525083612040134	2.032955798958596	0.013422148839360137	0.9274565018623908	0.8664168750277498	1.7962910528937575	0.2315193598517292	8.60583131358334	84.6706990071019	2.52642794101822	0.9902150417260197	30.896713419111887	245.8746510987894	-0.9205727627190327
3.178021739130435	5.561872909698996	2.023909530378185	0.014106049738473275	0.9243394440489338	0.8615101641195628	1.7823083428219866	0.2345767850318144	8.584436584232169	83.67769204886784	2.5117085726680326	0.9900530153820303	30.76897510223536	246.2043360531971	-0.925779662641601
3.178021739130435	5.59866220735786	2.014850822729033	0.01482153342833113	0.9213833321167796	0.8564618665038111	1.7686855138922994	0.23753259063302462	8.562728290013888	82.71508871746633	2.4972390468664925	0.9898911444722465	30.643259996022625	246.54487201318003	-0.9310650369731251
3.178021739130435	5.635451505016722	2.0057741540053864	0.015570137738314473	0.9185899388660982	0.8512682363171256	1.755417204778695	0.2403868819550962	8.540745894289568	81.78237706982915	2.4830152200384186	0.9897295057342897	30.51954355391565	246.8964526977968	-0.9364287041604752
3.178021739130435	5.672240802675585	1.9966738145867133	0.016353497630369914	0.915961266991483	0.8459253962439258	1.7424980586909564	0.2431398451656757	8.518527647873189	80.87904062171371	2.46903306429963	0.9895681784280794	30.39780197753805	247.25927563362438	-0.9418707078613731
3.178021739130435	5.709030100334449	1.9875438892321085	0.017173353461867696	0.9134995624747942	0.8404293303834165	1.7299227391632357	0.24579173987741898	8.49611057805993	80.00456050625954	2.455288663068297	0.9894072444062953	30.278012193983958	247.6335421105566	-0.9473913195299688
3.178021739130435	5.745819397993311	1.9783782372374519	0.0180315601642093	0.9112073296692826	0.8347758760860476	1.7176859419453772	0.24834289340294724	8.473530486974907	79.15841723456693	2.4417782068457377	0.9892467881691545	30.160151832902642	248.01945713627074	-0.9529910383975093
3.178021739130435	5.782608695652174	1.9691704705766033	0.018930097460511313	0.9090873482814387	0.8289607146396244	1.705782403685827	0.2507936964123174	8.45082195709272	78.3400921205691	2.428497989165443	0.9890868969051866	30.044199203559273	248.4172293907871	-0.9586705894248156
3.178021739130435	5.8193979933110365	1.9599139298068635	0.019871081265827786	0.9071426924907475	0.822979360663689	1.6942069080040736	0.2531445997455175	8.428018362183453	77.54906842501869	2.4154444027080415	0.9889276605194643	29.930133272016622	248.8270711823028	-0.9644309196989961
3.178021739130435	5.8561872909699	1.9506016574731682	0.02085677643734359	0.9053767524877192	0.8168271500454387	1.6829542894695926	0.255396112158604	8.405151882286468	76.78483226659687	2.402613935579841	0.9887691716505351	29.817933638560675	249.24919840543302	-0.9702731936597186
3.178021739130435	5.892976588628763	1.9412263686926827	0.02188961107067377	0.9037932587583499	0.81049922622048	1.672019435931722	0.2575487988066078	8.382253521605442	76.04687334191367	2.3900031677521762	0.9886115256771355	29.70758051547043	249.68383050287747	-0.9761987874684965
3.178021739130435	5.929765886287625	1.9317804185402103	0.02297219257288325	0.9023963095003972	0.8039905245660625	1.6613972895807207	0.259603280289011	8.359353128462853	75.3346854905468	2.3776087676586783	0.9884548207156226	29.5990547052154	250.13119043146898	-0.9822092827754836
3.178021739130435	5.966555183946488	1.9222557657826167	0.024107325784465398	0.9011904016256099	0.7972957546318507	1.6510828470634882	0.2615602321046158	8.336479416655912	74.64776713620614	2.365427488947511	0.9882991576089414	29.492337579150117	250.591504633515	-0.9883064600903345
3.178021739130435	6.003344481605351	1.9126439324244797	0.025298033473012314	0.9001804658851434	0.7904093798819584	1.6410711589274904	0.26342038438196275	8.313659987723872	73.98562163060176	2.353456167385576	0.9881446399078477	29.387411056763472	251.06500301430327	-0.9944922919250357
3.178021739130435	6.040133779264214	1.9029359584237435	0.02654757958286651	0.8993719067562923	0.7833255945597909	1.6313573286223355	0.2651845217693618	8.290921353773701	73.347757522563	2.3416917179116656	0.9879913738450359	29.284257585531325	251.5519189266072	-1.0007689358457548
3.178021739130435	6.076923076923077	1.8931223508106068	0.027859495700519588	0.8987706478519452	0.7760382972113242	1.6219365112496418	0.2668534833851289	8.268288960621497	72.73368877137831	2.330131131835467	0.9878394683027564	29.182860121411988	252.05248916298893	-1.0071387275461645
3.178021739130435	6.11371237458194	1.8831930262894745	0.02923761128855464	0.8983831837656421	0.7685410603091501	1.612803912217965	0.2684281627437924	8.24578721109525	72.14293492017386	2.3187714741793397	0.987689034774469	29.083202110018664	252.56695395667103	-1.0136041740358266
3.178021739130435	6.150501672240803	1.8731372462144695	0.03068608835635442	0.8982166394524115	0.7608270953041368	1.6039547859292111	0.269909507588269	8.223439488412323	71.57502124232163	2.3076098811595678	0.9875401873210382	28.985267468495064	253.0955569916847	-1.0201679470219973
3.178021739130435	6.187290969899665	1.8629435425942005	0.03220946137985604	0.8982788384787455	0.7528892122875762	1.595384434597	0.2712985195708918	8.201268179597763	71.02947887142915	2.2966435578038222	0.9873930425219576	28.88904056811666	253.6385454229824	-1.0268328765521475
3.178021739130435	6.224080267558528	1.8525996334873263	0.033812683463726456	0.8985783817672982	0.7447197732658455	1.587088207274019	0.27259625373829593	8.179294698946997	70.5058449232704	2.285869775701237	0.9872477194220672	28.794506217633582	254.1961699071094	-1.0336019449757232
3.178021739130435	6.260869565217392	1.8420923257797663	0.0355011799685797	0.8991247388309113	0.7363106378208151	1.5790614991453342	0.27380381778616203	8.157539511563465	70.0036626161342	2.2752858708814676	0.9871043394742203	28.70164964736746	254.76868464400178	-1.040478281277319
3.178021739130435	6.297658862876254	1.8314074028629155	0.03728091111833154	0.8999283539601726	0.7276530996372295	1.5712997511269338	0.2749223710599398	8.136022157018358	69.52248139441095	2.264889241818685	0.986963026478335	28.610456494068043	255.35634743035197	-1.0474651558287764
3.178021739130435	6.334448160535117	1.8205294941277963	0.039158445479002955	0.9010007704312739	0.7187378120027789	1.5637984497934443	0.2759531232868855	8.11476127318857	69.0618570588114	2.254677347556363	0.9868239065172684	28.5209127865326	255.9594197249471	-1.0545659756041998
3.178021739130435	6.37123745819398	1.8094419224079938	0.04114104668848838	0.9023547765810311	0.7095546998990565	1.5565531276457785	0.2768973330330654	8.093774620331754	68.62135190538694	2.244647705948338	0.9866871078899284	28.43300493198483	256.5781667262569	-1.061784279899393
3.178021739130435	6.408026755852843	1.7981265244826015	0.043236776456343176	0.9040045786153884	0.7000928556629212	1.549559363718363	0.2777563058862978	8.07307910545478	68.20053487449678	2.234797892011302	0.986552761042035	28.34671970320528	257.2128574624466	-1.069123736595769
3.178021739130435	6.444816053511706	1.7865634384020692	0.04545461769898921	0.9059660063638215	0.6903404143522552	1.5428127845159418	0.2785313923726508	8.052690807025655	67.79898170998437	2.225125536383608	0.9864209984949217	28.262044226400615	257.8637648938897	-1.0765881390070478
3.178021739130435	6.481605351170568	1.7747308496006522	0.04780462280806185	0.9082567599889056	0.680284403818672	1.5363090652624452	0.2792239856196197	8.03262500007017	67.41627512813926	2.2156283238849883	0.9862919547727531	28.17896596979404	258.5311660281335	-1.0841814033465194
3.178021739130435	6.518394648829432	1.7626046853291655	0.05029809358268848	0.9108967080876196	0.669910562957558	1.530043931437947	0.2798355187839556	8.012896181683347	67.05200499544041	2.206303992171375	0.9861657663285139	28.097472732913573	259.2153420471389	-1.0919075668518017
3.178021739130435	6.555183946488294	1.7501582436174286	0.05294780145896585	0.9139082509425506	0.6592031195042606	1.5240131605749414	0.280367462266031	7.993518096974052	66.7057685136441	2.1971503304787974	0.9860425714690922	28.01755263655001	259.9165784464987	-1.0997707866034399
3.178021739130435	6.591973244147157	1.737361738363065	0.05576825959406426	0.9173167672908622	0.6481445158219115	1.518212584281616	0.2808213207356908	7.974503765448591	66.37717041046407	2.1881651784499327	0.9859225102797575	27.939194113350922	260.635165186183	-1.107775339073524
3.178021739130435	6.62876254180602	1.7241817356435793	0.058776062492304174	0.9211511694755671	0.6367150669972003	1.5126380904573273	0.28119862999690404	7.95586550782702	66.06582313387085	2.179346425036841	0.9858057245482944	27.86238589901341	261.3713968522845	-1.1159256204397137
3.178021739130435	6.665551839464883	1.7105804470329466	0.061990314792772006	0.925444601155548	0.6248925296291116	1.5072856256640468	0.2815009537200805	7.9376149732740515	65.77134704791109	2.1706920074728027	0.9856923576890153	27.78711702403045	262.1255728290065	-1.124226147700491
3.178021739130435	6.702341137123746	1.6965148321010664	0.06543317951940747	0.9302353253502467	0.612651551014809	1.5021511976171444	0.28172988007182376	7.919763167016024	65.4933706279064	2.1621999103063705	0.985582554666835	27.713376805944293	262.89799748010455	-1.1326815606267777
3.178021739130435	6.739130434782608	1.6819354419934471	0.0691305890650475	0.9355678708716827	0.5999629554669383	1.4972308777591279	0.2818870182721288	7.902320478305632	65.23153065291085	2.1538681644902025	0.9854764619215397	27.641154842052885	263.6889803387695	-1.1412966245855987
3.178021739130435	6.775919732441472	1.6667849050421415	0.07311318201352371	0.9414945361383062	0.586792804664716	1.492520803880951	0.28197399510876053	7.885296708688382	64.98547239338461	2.145694846517286	0.9853742272923426	27.570441002512137	264.49883630485647	-1.1500762342716602
3.178021739130435	6.812709030100335	1.6509959068906752	0.07741756002875759	0.9480773978289924	0.5731011378164736	1.4880171827571689	0.28199245143768625	7.868701100518023	64.7548497921737	2.137678077596925	0.9852759999427564	27.50122542377249	265.3278858481963	-1.1590254183833075
3.178021739130435	6.849498327759197	1.6344884394256751	0.08208800935043331	0.955391050019794	0.5588402471014794	1.4837162927630942	0.28194403869726126	7.852542365663359	64.53932563703728	2.129816022862708	0.9851819302857708	27.433498502282887	266.17645521659074	-1.1681493452805332
3.178021739130435	6.88628762541806	1.617165962333138	0.08717891555201815	0.9635264299156046	0.5439522597425711	1.4796144864447118	0.2818304154621916	7.8368287143456685	64.33857172316937	2.1221068906046217	0.9850921699092603	27.367250888392753	267.0448766469516	-1.1774533296639673
3.178021739130435	6.923076923076923	1.598909894694775	0.09275824645538902	0.9725963126846872	0.528365651823193	1.4757081930145384	0.28165324406150516	7.821567884043933	64.15226900435131	2.1145489315173207	0.9850068715014975	27.302473480377312	267.93348857789556	-1.1869428403157936
3.178021739130435	6.959866220735786	1.5795714427939676	0.09891274422822628	0.9827434691432546	0.5119900528305437	1.4719939207496837	0.2814141872825482	7.806767168405144	63.98010773161244	2.107140437956453	0.98492618877659	27.23915741850849	268.84263586193964	-1.1966235089462371
3.178021739130435	6.996655518394649	1.5589589815766967	0.10575597904600635	0.9941532687534635	0.49470818855113013	1.4684682592710174	0.2811149051808858	7.792433446097621	63.82178757847677	2.0998797431948013	0.9848502763996028	27.17729407908882	269.7726699752837	-1.2065011401923036
3.178021739130435	7.033444816053512	1.5368175917098623	0.1134414659987415	1.0070741258932805	0.4763627606465191	1.465127881685578	0.28075705201350676	7.778573209547984	63.677017752119724	2.0927652206699885	0.9847792899110729	27.116875068363587	270.72394922301027	-1.216581722819505
3.178021739130435	7.070234113712375	1.5127937644230536	0.12218538275876632	1.0218527771028252	0.4567337254013756	1.4619695465769866	0.28034227331042605	7.7651925935054695	63.54551708995558	2.085795283215119	0.9847133856505695	27.057892216219816	271.696838937293	-1.226871442182269
3.178021739130435	7.107023411371237	1.4863694350845038	0.13230919537834615	1.0390002282374773	0.4354956642829446	1.458990099831488	0.2798722030973902	7.752297403381591	63.42701414138471	2.0789683822637963	0.9846527206788965	27.00033756957908	272.69171166606174	-1.2373766940040627
3.178021739130435	7.1438127090301	1.4567244352126623	0.14432887240943854	1.0593292816949131	0.4121285661281673	1.4561864762899461	0.2793484612799866	7.739893143318493	63.32124723462926	2.0722830070204727	0.9845974526984861	26.944203385384224	273.70894734927646	-1.2481040995457144
3.178021739130435	7.1806020066889635	1.4223999504540696	0.15917396238230846	1.0842910560419028	0.38569874592959236	1.453555701218364	0.2787726511973333	7.727985043944512	63.227964528740536	2.065737683587064	0.9845477399714735	26.88948212307721	274.74893347978247	-1.2590605222373543
3.178021739130435	7.217391304347826	1.3802268313105535	0.17888775398647347	1.1170466510990358	0.3541586808850644	1.45109489159185	0.2781463573513019	7.716578089781975	63.14692405103062	2.0593309740361536	0.9845037412349003	26.836166436457987	275.8120652453609	-1.2702530858594143
3.178021739130435	7.254180602006689	1.319226785666461	0.2106275499759547	1.1685659292579829	0.31034673269750196	1.4488012571887852	0.27747114331533	7.705677046278495	63.077893720300466	2.05306147542086	0.9844656156124355	26.784249164808962	276.89874564832206	-1.2816891943679223
3.178021739130435	7.290969899665551	1.2410203299733142	0.2571382492274324	1.2410203299753073	0.25713824922616024	1.4466526023561699	0.276755465577988	7.695227843946622	63.01913814028367	2.0469169932511484	0.9844326836949281	26.733592355087712	278.00615576247077	-1.2933324929067331
3.178021739130435	7.327759197324415	1.263327167423353	0.24135966008854381	1.2633271674233446	0.24135966008854917	1.4452348987827608	0.2757858079633908	7.685348395130446	63.01060225962976	2.041390665128923	0.9843956159874803	26.68915026014798	279.2660919999943	-1.3040535338781247
3.178021739130435	7.364548494983278	1.3435338751983066	0.19423402845468404	1.3435338751983041	0.19423402845468532	1.449407233014335	0.272825477637629	7.679941353670393	63.39228310364645	2.0403257120259837	0.9843373335923427	26.690695057976694	281.7329472424561	-1.3086966808384386
3.178021739130435	7.40133779264214	1.4068741068584971	0.16246315545026344	1.4068741068585016	0.16246315545026133	1.4595458788034852	0.2678422621849938	7.680792209859221	64.1923105883048	2.0440669435219245	0.9842873697881117	26.742349845170764	285.54759421741227	-1.3086966808384386
3.178021739130435	7.438127090301004	1.445966390319023	0.14494546230955693	1.445966390319022	0.14494546230955727	1.4705354493528935	0.2627147059518942	7.683403446895702	65.0499612428503	2.0487135901621234	0.9842554683840383	26.803516994119384	289.65991774153383	-1.3086966808384386
3.178021739130435	7.474916387959866	1.475259055885083	0.13284521120062762	1.4752590558850878	0.13284521120062565	1.4818053897316625	0.25764665424719224	7.686918385584516	65.92410629776164	2.0538599941194313	0.984235397770556	26.869805157744036	293.96157898478805	-1.3086966808384386
3.178021739130435	7.511705685618729	1.4989791868328546	0.12368164799357478	1.498979186832859	0.12368164799357298	1.4930768054720196	0.252728184805739	7.690906178210346	66.79486371258571	2.059292323191062	0.9842237287876663	26.93890361160388	298.39524303759447	-1.3086966808384386
3.178021739130435	7.548494983277592	1.519004072558195	0.11638138754795779	1.5190040725581966	0.11638138754795721	1.5041927877454666	0.24800191300678046	7.6951132127193205	67.65121661825614	2.0648768117602603	0.9842181842321251	27.009372379057602	302.92444815528904	-1.3086966808384386
3.178021739130435	7.585284280936455	1.5363556920962995	0.11037356380419133	1.536355692096302	0.11037356380419046	1.5150623870628774	0.2434857765215959	7.699381984405217	68.48691584844796	2.0705243978702703	0.9842171402342318	27.08025801016243	307.524300592792	-1.3086966808384386
3.178021739130435	7.622073578595318	1.551663454685646	0.10531489727872378	1.5516634546856447	0.10531489727872426	1.5256342015881397	0.23918389789867353	7.703613183582136	69.29854978872872	2.076174324634718	0.9842194012619275	27.15091483344459	312.17724862295586	-1.3086966808384386
3.178021739130435	7.65886287625418	1.5653483826071695	0.10098149266884963	1.5653483826071695	0.10098149266884959	1.535881640846869	0.23509254728384313	7.7077446375974255	70.08447092896193	2.0817848809934416	0.9842240731103816	27.22090383744906	316.87072639634255	-1.3086966808384386
3.178021739130435	7.695652173913044	1.5777091025958254	0.09721869774177924	1.5777091025958254	0.0972186977417792	1.5457939631054742	0.23120363399061225	7.711738504842271	70.84414616213371	2.0873275805728477	0.9842304813361823	27.289929072128444	321.5956788768458	-1.3086966808384386
3.178021739130435	7.7324414715719065	1.5889667878004834	0.0939150557707237	1.5889667878004845	0.09391505577072336	1.5553705694342388	0.22750680955615374	7.715573088772504	71.57774561697957	2.0927832777122064	0.9842381149652963	27.35779524646698	326.3455753520856	-1.3086966808384386
3.178021739130435	7.769230769230769	1.5992907278451662	0.09098757781899766	1.5992907278451671	0.09098757781899738	1.5646172801085445	0.2239907446476743	7.719237452006049	72.28587616555511	2.0981394865095684	0.984246586061821	27.424378506787846	331.1157238026761	-1.3086966808384386
3.178021739130435	7.806020066889632	1.608813876836281	0.08837285426791458	1.6088138768362796	0.08837285426791502	1.5735438724636606	0.22064389933410083	7.722727810083092	72.96940657523179	2.103388492117445	0.9842556000187166	27.489605896383445	335.9027830135095	-1.3086966808384386
3.178021739130435	7.842809364548495	1.6176428249622443	0.08602140679894509	1.6176428249622437	0.08602140679894524	1.5821624431273	0.2174549778796707	7.726045090224143	73.62935224162855	2.108526002638239	0.9842649334208464	27.553440734439114	340.70440999065886	-1.3086966808384386
3.178021739130435	7.879598662207358	1.6258644776901214	0.08389394726279603	1.6258644776901223	0.08389394726279571	1.590486317993944	0.21441318589511066	7.729193267593281	74.26679928466964	2.113550178218583	0.9842744173953586	27.61587211932382	345.51900235528615	-1.3086966808384386
3.178021739130435	7.916387959866221	1.6335506929354995	0.0819588138013313	1.6335506929354997	0.08195881380133123	1.598529330023174	0.21150836377412413	7.732178227452795	74.88285491529834	2.118460927272896	0.9842839250018528	27.676907347299174	350.34550855479347	-1.3086966808384386
3.178021739130435	7.953177257525083	1.6407615981712766	0.08019016326237569	1.6407615981712769	0.08019016326237562	1.606305345726778	0.20873104327595918	7.735006986505211	75.4786154439834	2.1232593939145343	0.9842933616280083	27.736566413436893	355.18328709594977	-1.3086966808384386
3.178021739130435	7.989966555183947	1.6475480236789017	0.07856666597569142	1.6475480236789022	0.07856666597569127	1.6138279604632257	0.20607245712174943	7.7376871613581315	76.05514617390887	2.12794758337852	0.9843026576384148	27.7948780114754	360.03200155112916	-1.3086966808384386
3.178021739130435	8.02675585284281	1.6539533259795511	0.07707054381479259	1.6539533259795505	0.07707054381479286	1.6211103084866683	0.20352452067433927	7.740226607938377	76.61346930357024	2.132528087698275	0.9843117627231475	27.851876619674588	364.89154187399856	-1.3086966808384386
3.178021739130435	8.063545150501673	1.6600147795255713	0.07568684861539064	1.6600147795255706	0.07568684861539086	1.6281649509214702	0.20107979785427652	7.7426331796158845	77.15455721302065	2.137003884630722	0.9843206415355004	27.907600377723053	369.76196519522256	-1.3086966808384386
3.178021739130435	8.100334448160535	1.66576465583537	0.0744029124642751	1.66576465583537	0.07440291246427509	1.6350038164377303	0.19873145898980302	7.7449145679479505	77.67932934612212	2.141378190358199	0.9843292703123178	27.96208954248537	374.64345112822747	-1.3086966808384386
3.178021739130435	8.137123745819398	1.6712310719201575	0.0732079231690829	1.6712310719201582	0.07320792316908267	1.6416381772864255	0.19647323542045986	7.74707820095821	78.188651467891	2.1456543518358693	0.9843376342467351	28.015385368931458	379.5362679419062	-1.3086966808384386
3.178021739130435	8.173913043478262	1.676438665498074	0.07209259239418984	1.676438665498073	0.07209259239419018	1.6480786487435128	0.19429937381285398	7.749131181423387	78.68333646171912	2.1498357684683107	0.9843457254396225	28.067529304349247	384.4407469120949	-1.3086966808384386
3.178021739130435	8.210702341137123	1.6814091382004244	0.0710488933894444	1.6814091382004255	0.07104889338944408	1.6543352037212573	0.19220459194509001	7.751080252871935	79.16414609528034	2.153925835544512	0.9843535412980047	28.11856241393977	389.3572628565622	-1.3086966808384386
3.178021739130435	8.247491638795987	1.6861616968262763	0.07006985166280426	1.6861616968262765	0.07006985166280419	1.6604171968675145	0.19018403694383362	7.752931784640417	79.63179336536783	2.157927903847687	0.9843610832801105	28.168524977562324	394.2862193640512	-1.3086966808384386
3.178021739130435	8.284280936454849	1.690713414918505	0.06914937640244434	1.6907134149185055	0.06914937640244428	1.6663333942520657	0.1882332464653845	7.754691769884562	80.08694515709612	2.1618452513039355	0.9843683559102633	28.217456213148548	399.22803759975176	-1.3086966808384386
3.178021739130435	8.321070234113712	1.695079531400524	0.06828212359569498	1.6950795314005251	0.0682821235956947	1.6720920059761444	0.18634811300266643	7.75636583223661	80.53022503942606	2.165681063593383	0.9843753660045881	28.265394093809302	404.18314784432556	-1.3086966808384386
3.178021739130435	8.357859531772576	1.6992736990152204	0.06746338404192018	1.6992736990152206	0.06746338404192016	1.6777007199045635	0.1845248513098174	7.7579592380705265	80.96221607892313	2.1694384214279623	0.9843821220619875	28.312375234111638	409.15198312807604	-1.3086966808384386
3.178021739130435	8.394648829431437	1.7033081923751925	0.06668899109025428	1.7033081923751925	0.0666889910902543	1.6831667353210065	0.18275996882386084	7.75947691223567	81.3834635950689	2.1731202927762854	0.9843886337850749	28.358434827230145	414.13497447429353	-1.3086966808384386
3.178021739130435	8.431438127090301	1.7071940832558785	0.06595524413419473	1.707194083255878	0.06595524413419483	1.6884967957274593	0.18105023890067154	7.76092345576105	81.79447780913166	2.1767295287451844	0.9843949117035966	28.403606619300938	419.1325473806986	-1.3086966808384386
3.178021739130435	8.468227424749164	1.7109413891246654	0.06525884478863216	1.710941389124666	0.06525884478863192	1.6936972203002731	0.17939267665259992	7.762303164488289	82.19573635827142	2.1802688621468134	0.9844009668788833	28.447922910738317	424.14511925427706	-1.3086966808384386
3.178021739130435	8.505016722408026	1.7145591996541338	0.06459684334645627	1.7145591996541332	0.06459684334645643	1.6987739337180277	0.17778451716530147	7.763620047917813	82.58768666004124	2.18374090802013	0.984406810672514	28.49141457684442	429.17309758062095	-1.3086966808384386
3.178021739130435	8.54180602006689	1.7180557850106826	0.0639665936217969	1.7180557850106821	0.063966593621797	1.7037324942148733	0.17622319587411464	7.7648778477848825	82.9707481215064	2.187148165555084	0.9844124545659576	28.534111101959205	434.2168786586519	-1.3086966808384386
3.178021739130435	8.578595317725753	1.7214386889688054	0.06336571467739217	1.7214386889688056	0.06336571467739209	1.7085781198078815	0.1747063308902104	7.766080056048188	83.34531419326768	2.190493021003956	0.9844179100207523	28.57604062284721	439.27684676998024	-1.3086966808384386
3.178021739130435	8.615384615384615	1.7247148093216038	0.06279205823523455	1.7247148093216043	0.06279205823523443	1.7133157127098937	0.17323170708068314	7.767229932091591	83.71175427257624	2.1937777512668144	0.9844231883709572	28.617229978104305	444.3533736814484	-1.3086966808384386
3.178021739130435	8.652173913043478	1.727890467601562	0.06224368080443124	1.7278904676015627	0.06224368080443108	1.7179498819804075	0.17179726172247026	7.768330519022739	84.07041546215771	2.1970045279158934	0.9844283007413154	28.657704761189716	449.44681840200957	-1.3086966808384386
3.178021739130435	8.688963210702342	1.7309714697629566	0.0617188197443833	1.7309714697629563	0.06171881974438338	1.7224849644924958	0.1704010715662172	7.76938465901065	84.42162419275677	2.200175421482732	0.9844332579859041	28.697489375309328	454.5575271325471	-1.3086966808384386
3.178021739130435	8.725752508361204	1.7339631591878988	0.061215872626713255	1.7339631591878992	0.061215872626713165	1.7269250443087545	0.1690413411620086	7.770395007645164	84.76568771812894	2.20329240587703	0.9844380706431071	28.736607088848288	459.68583336085516	-1.3086966808384386
3.178021739130435	8.762541806020067	1.736870463144772	0.06073337937494937	1.736870463144772	0.0607333793749494	1.731273970566404	0.16771639231397004	7.771364047328411	85.10289549141459	2.2063573628402797	0.9844427489035759	28.775080090405716	464.8320580644821	-1.3086966808384386
3.178021739130435	8.799331103678929	1.7396979336395988	0.06027000675329196	1.7396979336395981	0.06027000675329211	1.7355353739742376	0.16642465454463398	7.772294099727244	85.43352043175959	2.209372086363512	0.9844473025885133	28.812929542755924	469.99650999243744	-1.3086966808384386
3.178021739130435	8.836120401337793	1.7424497834471617	0.059824534850118516	1.7424497834471613	0.0598245348501186	1.7397126820226223	0.16516465646282164	7.773187337326636	85.75782008972496	2.2123382870180963	0.9844517411361355	28.85017563526224	475.179486003088	-1.3086966808384386
3.178021739130435	8.872909698996656	1.745129917983593	0.05939584526187002	1.7451299179835924	0.05939584526187014	1.743809133004856	0.163935017940276	7.774045794131729	86.07603771964035	2.2152575961639625	0.9844560735945931	28.886837634425998	480.3812714407178	-1.3086966808384386
3.178021739130435	8.909698996655518	1.7477419635787643	0.058982910731801556	1.7477419635787645	0.058982910731801515	1.747827788943225	0.16273444301274698	7.7748713755691945	86.38840326654461	2.218131570010852	0.9844603086199666	28.92293393236733	485.6021405370898	-1.3086966808384386
3.178021739130435	8.946488294314381	1.7502892926217073	0.05858478603791495	1.7502892926217082	0.05858478603791468	1.7517715475077698	0.16156171343052275	7.775665867640264	86.69513427484691	2.220961693517012	0.9844644544782237	28.95848209312178	490.8423568274969	-1.3086966808384386
3.178021739130435	8.983277591973245	1.7527750459816043	0.05820059995708719	1.7527750459816038	0.05820059995708726	1.7556431530099403	0.16041568279169205	7.776430945377203	86.99643672531094	2.2237493841162324	0.9844685190502388	28.993498896700903	496.10217357320533	-1.3086966808384386
3.178021739130435	9.020066889632107	1.75520215304801	0.05782954815934904	1.7552021530480097	0.057829548159349126	1.7594452065474213	0.15929527119880035	7.777168180653734	87.29250580644923	2.2264959952690813	0.9844725098391554	29.028000380912705	501.3818341841452	-1.3086966808384386
3.178021739130435	9.05685618729097	1.7575733496846506	0.05747088690857251	1.7575733496846506	0.05747088690857252	1.7631801753705296	0.15819946038611565	7.777879049397727	87.58352662591186	2.229202819837742	0.9844764339795072	29.06200188097173	506.68157263717995	-1.3086966808384386
3.178021739130435	9.093645484949834	1.7598911943497602	0.057123927464355566	1.7598911943497608	0.05712392746435543	1.7668504015350162	0.1571272892705052	7.778564938251914	87.86967486698529	2.231871093286559	0.9844802982476348	29.095518066953233	512.0016138864929	-1.3086966808384386
3.178021739130435	9.130434782608695	1.7621580826011103	0.05678803109533346	1.7621580826011094	0.05678803109533367	1.7704581099008065	0.15607784988405438	7.779227150725775	88.15111739487912	2.234501996712303	0.9844841090730174	29.128562979162954	517.3421742635697	-1.3086966808384386
3.178021739130435	9.167224080267559	1.7643762601742565	0.056462604627107775	1.7643762601742563	0.05646260462710781	1.7740054155311524	0.1550502836511106	7.779866912878723	88.42801281706348	2.237096659709501	0.9844878725502247	29.161150061505168	522.7034618649764	-1.3086966808384386
3.178021739130435	9.20401337792642	1.7665478347975911	0.05614709645883472	1.7665478347975905	0.056147096458834866	1.7774943305420556	0.15404377797644872	7.780485378571985	88.70051200154651	2.239656163077058	0.9844915944512468	29.19329219293839	528.0856769267164	-1.3086966808384386
3.178021739130435	9.240802675585284	1.7686747868863322	0.05584099299170715	1.7686747868863324	0.05584099299170709	1.7809267704474747	0.1530575631148175	7.781083634323705	88.96875855663058	2.242181541372954	0.9844952802380099	29.225001717111564	533.489012184372	-1.3086966808384386
3.178021739130435	9.277591973244148	1.7707589792395197	0.05554381542028661	1.7707589792395189	0.055543815420286816	1.7843045600419465	0.1520909092952641	7.781662703799306	89.23288927537564	2.2446737853241956	0.9844989350749326	29.256290470275808	538.9136532186317	-1.3086966808384386
3.178021739130435	9.31438127090301	1.7728021658483113	0.0552551168442545	1.7728021658483115	0.055255116844254486	1.7876294388585081	0.1511431240764448	7.782223551966417	89.49303454770094	2.247133844099221	0.9845025638413983	29.287169807564936	544.3597787860219	-1.3086966808384386
3.178021739130435	9.351170568561873	1.7748059999106045	0.05497447966372049	1.7748059999106054	0.05497447966372032	1.7909030662365721	0.15021354991158603	7.782767088941505	89.7493187427993	2.2495626274500347	0.9845061711440583	29.31765062773721	549.8275611349038	-1.3086966808384386
3.178021739130435	9.387959866220736	1.776772041135311	0.054701513226035746	1.7767720411353105	0.054701513226035836	1.794127026031268	0.14930156190397434	7.783294173552865	90.00186056429227	2.251961007731133	0.9845097613288883	29.347743396466996	555.3171663068977	-1.3086966808384386
3.178021739130435	9.424749163879598	1.7787017624097967	0.054435851696120544	1.778701762409797	0.05443585169612046	1.7973028309931602	0.14840656573578012	7.783805616643042	90.2507733803482	2.254329821802295	0.9845133384929547	29.377458168273638	560.828754424124	-1.3086966808384386
3.178021739130435	9.461538461538462	1.7805965558951369	0.05417715212586039	1.7805965558951369	0.05417715212586041	1.8004319268444664	0.14752799575478942	7.784302184131152	90.49616553076983	2.2566698728217283	0.9845169064958402	29.406804607167707	566.362479962548	-1.3086966808384386
3.178021739130435	9.498327759197325	1.7824577386066178	0.053925092701106306	1.7824577386066176	0.05392509270110636	1.8035156960759753	0.14666531320511153	7.784784599854696	90.73814061290444	2.2589819319362743	0.9845204689707123	29.43579200609567	571.9184920120218	-1.3086966808384386
3.178021739130435	9.535117056856187	1.7842865575300062	0.05367937114747583	1.7842865575300069	0.0536793711474757	1.806555461486335	0.14581800458936442	7.78525354820787	90.9767977480367	2.261266739874488	0.9845240293350072	29.464429305254036	577.4969345233595	-1.3086966808384386
3.178021739130435	9.57190635451505	1.7860841943188523	0.0534397032783438	1.786084194318853	0.05343970327834363	1.8095524894839639	0.1449855801510014	7.785709676592951	91.21223182981161	2.263525008448759	0.9845275908007242	29.492725109346335	583.0979465431354	-1.3086966808384386
3.178021739130435	9.608695652173912	1.7878517696126799	0.053205821670427415	1.7878517696126794	0.05320582167042751	1.8125079931696924	0.14416757246659137	7.78615359769898	91.44453375606929	2.2657574219717196	0.9845311563843208	29.520687703846338	588.7216624365899	-1.3086966808384386
3.178021739130435	9.645484949832776	1.7895903470118644	0.05297747445402752	1.7895903470118641	0.05297747445402765	1.8154231352169687	0.14336353513880887	7.786585891621498	91.67379064537612	2.267964638592346	0.9845347289162116	29.548325070331572	594.3682120992838	-1.3086966808384386
3.178021739130435	9.68227424749164	1.7913009367410448	0.052754424206477975	1.7913009367410446	0.05275442420647801	1.8182990305649356	0.142573041581769	7.787007107835558	91.90008603941763	2.270147291556598	0.9845383110498697	29.57564490094455	600.0377211579791	-1.3086966808384386
3.178021739130435	9.719063545150501	1.7929844990294983	0.052536446938662544	1.7929844990294979	0.05253644693866261	1.8211367489383514	0.14179568389114425	7.787417767033292	92.12350009231679	2.272305990397229	0.9845419052705403	29.602654612036698	605.7303111612902	-1.3086966808384386
3.178021739130435	9.755852842809364	1.7946419472340338	0.05232333116556505	1.7946419472340334	0.05232333116556512	1.8239373172072484	0.14103107179217672	7.7878183628363855	92.34410974785753	2.2744413220571373	0.9845455139035718	29.629361357046257	611.4460997606077	-1.3086966808384386
3.178021739130435	9.792642140468228	1.7962741507273212	0.05211487705281397	1.7962741507273208	0.05211487705281404	1.8267017215981367	0.1402788316593413	7.788209363393053	92.56198890551055	2.27655385195037	0.9845491391223753	29.655772038658444	617.1852008818141	-1.3086966808384386
3.178021739130435	9.82943143812709	1.797881937572126	0.05191089563207009	1.7978819375721264	0.05191089563207002	1.8294309097674657	0.1395386056019945	7.788591212868029	92.77720857607498	2.278644124964519	0.9845527829560223	29.68189332029183	622.9477248882253	-1.3086966808384386
3.178021739130435	9.866220735785953	1.7994660970000789	0.051711208078836716	1.7994660970000793	0.05171120807883668	1.8321257927474037	0.13881005061082197	7.788964332833779	92.98983702769776	2.280712666408219	0.9845564472964936	29.707731636954176	628.7337787352739	-1.3086966808384386
3.178021739130435	9.903010033444817	1.8010273817115714	0.05151564504697687	1.8010273817115718	0.051515645046976775	1.8347872467729656	0.13809283776038592	7.789329123570091	93.19993992295608	2.282759982907007	0.9845601339055896	29.73329320550561	634.5434661173231	-1.3086966808384386
3.178021739130435	9.939799331103679	1.8025665100118882	0.05132404605479582	1.802566510011888	0.05132404605479586	1.83741611499892	0.1373866514634746	7.789685965278935	93.40758044764105	2.2847865632507514	0.9845638444215179	29.758584034366745	640.3768876070715	-1.3086966808384386
3.178021739130435	9.976588628762542	1.8040841677971713	0.051136258918082676	1.8040841677971717	0.05113625891808254	1.8400132091142094	0.13669118877332262	7.7900352192206626	93.61281943182745	2.2867928791955667	0.9845675803651663	29.7836099327053	646.2341407879286	-1.3086966808384386
3.178021739130435	10.013377926421406	1.8055810104025007	0.0509521392259746	1.8055810104025007	0.050952139225974566	1.8425793108609279	0.13600615873013272	7.790377228777291	93.8157154637635	2.288779386222937	0.9845713431460783	29.80837651913301	652.1153203797228	-1.3086966808384386
3.178021739130435	10.050167224080267	1.807057664323348	0.05077154985589998	1.8070576643233478	0.05077154985589996	1.8451151734645355	0.13533128174859377	7.790712320448197	94.01632499708413	2.2907465242587226	0.9845751340681415	29.83288922994365	658.0205183581685	-1.3086966808384386
3.178021739130435	10.08695652173913	1.8085147288204388	0.050594360524254464	1.8085147288204382	0.050594360524254575	1.8476215229812376	0.1346662890434107	7.791040804782898	94.2147024517968	2.2926947183543223	0.9845789543350013	29.85715332691847	663.9498240683492	-1.3086966808384386
3.178021739130435	10.123745819397993	1.8099527774172925	0.050420447369766475	1.8099527774172923	0.0504204473697665	1.8500990595681759	0.1340109220900823	7.79136297725551	94.41090030946575	2.294624379332373	0.984582805055214	29.881173904726428	669.903324332622	-1.3086966808384386
3.178021739130435	10.160535117056856	1.8113723592987672	0.05024969256681564	1.8113723592987667	0.05024969256681575	1.8525484586815315	0.1333649321184035	7.791679119084809	94.60496920297969	2.296535904398946	0.9845866872471469	29.904955897942063	675.8811035531536	-1.3086966808384386
3.178021739130435	10.19732441471572	1.8127740006183315	0.05008198396621088	1.8127740006183317	0.0500819839662108	1.8549703722074253	0.13272807963635833	7.791989498003973	94.79695800127132	2.298429677724411	0.9845906018436439	29.92850408770558	681.8832438095112	-1.3086966808384386
3.178021739130435	10.234113712374581	1.8141582057208967	0.049917214761194324	1.8141582057208963	0.049917214761194366	1.8573654295298456	0.13210013398229126	7.792294368983116	94.98691388930834	2.3003060709945937	0.9845945496964601	29.951823108044245	687.9098249514398	-1.3086966808384386
3.178021739130435	10.270903010033445	1.8155254582876919	0.04975528317661351	1.815525458287692	0.049755283176613464	1.8597342385398705	0.13148087290336827	7.792593974908209	95.17488244367638	2.3021654439341277	0.984598531580482	29.974917451876546	693.9609246871951	-1.3086966808384386
3.178021739130435	10.307692307692308	1.8168762224088468	0.049596092179427335	1.8168762224088466	0.04959609217942736	1.862077386589772	0.1308700821585472	7.792888547219009	95.3609077040255	2.3040081448034595	0.9846025481977396	29.99779147671628	700.036618667583	-1.3086966808384386
3.178021739130435	10.34448160535117	1.8182109435891678	0.049439549208835185	1.8182109435891682	0.0494395492088351	1.864395441395722	0.13026755514435895	7.793178306509124	95.54503224065937	2.3058345108711955	0.9846066001812238	30.02044941009537	706.1369805660364	-1.3086966808384386
3.178021739130435	10.381270903010034	1.819530049691805	0.04928556592451878	1.819530049691805	0.049285565924518764	1.8666889518921408	0.12967309254199408	7.793463463090422	95.72729721849663	2.307644868863026	0.9846106880985159	30.04289535472007	712.2620821548489	-1.3086966808384386
3.178021739130435	10.418060200668897	1.8208339518244	0.049134057971578604	1.8208339518244003	0.04913405797157859	1.8689584490408664	0.1290865019842499	7.793744217524388	95.90774245764321	2.309439535388687	0.9846148124552394	30.06513329337698	718.411993377836	-1.3086966808384386
3.178021739130435	10.454849498327759	1.822123045171741	0.0489849447608993	1.8221230451717412	0.04898494476089921	1.8712044465978557	0.12850759774104276	7.794020761122494	96.08640649078039	2.311218817348132	0.9846189736983432	30.08716709360231	724.5867824195888	-1.3086966808384386
3.178021739130435	10.491638795986622	1.8233977097786713	0.04883814926377732	1.8233977097786709	0.048838149263777435	1.8734274418400103	0.12793620042227224	7.794293276417534	96.26332661756231	2.3129830123180506	0.9846231722192227	30.109000512127434	730.7865157714762	-1.3086966808384386
3.178021739130435	10.528428093645484	1.8246583112868493	0.04869359781972938	1.8246583112868493	0.04869359781972939	1.875627916254698	0.1273721366968961	7.794561937608144	96.43853895621778	2.314732408919982	0.9846274083566907	30.130637199114904	737.0112582946638	-1.3086966808384386
3.178021739130435	10.565217391304348	1.825905201628334	0.04855121995653028	1.8259052016283337	0.04855121995653031	1.877806336193995	0.12681523902720676	7.794826910977738	96.612078492507	2.316467287170809	0.9846316823997996	30.15208070219398	743.2610732801705	-1.3086966808384386
3.178021739130435	10.602006688963211	1.8271387196791138	0.0484109482215638	1.8271387196791145	0.048410948221563686	1.8799631534959496	0.1262653454173207	7.795088355289934	96.7839791262076	2.31818791881679	0.9846359945905278	30.17333447030877	749.5360225062248	-1.3086966808384386
3.178021739130435	10.638795986622073	1.828359191875172	0.04827271802368121	1.8283591918751718	0.04827271802368125	1.8820988060746957	0.1257222991750034	7.7953464221616775	96.95427371526644	2.319894567651937	0.9846403451263342	30.194401857388232	755.8361662930196	-1.3086966808384386
3.178021739130435	10.675585284280936	1.829566932793678	0.04813646748480014	1.8295669327936785	0.04813646748480012	1.8842137184813454	0.12518594868598665	7.795601256415677	97.12299411776186	2.3215874898216153	0.9846447341625876	30.21528612584806	762.1615635550099	-1.3086966808384386
3.178021739130435	10.7123745819398	1.8307622457015076	0.04800213730056898	1.830762245701507	0.04800213730056907	1.8863083024372511	0.12465614720002234	7.7958529964132355	97.29017123179709	2.3232669341121452	0.9846491618148775	30.235990449933144	768.5122718508735	-1.3086966808384386
3.178021739130435	10.749163879598662	1.831945423073318	0.04786967060944547	1.8319454230733179	0.047869670609445504	1.8883829573413198	0.12413275262794686	7.79610177436887	97.4558350334496	2.3249331422271515	0.9846536281612125	30.256517918909356	774.8883474312559	-1.3086966808384386
3.178021739130435	10.785953177257525	1.8331167470811125	0.04773901286961085	1.8331167470811127	0.04773901286961082	1.8904380707528252	0.12361562734909105	7.796347716647754	97.62001461288581	2.3265863490513885	0.9846581332441108	30.276871540112754	781.2898452844266	-1.3086966808384386
3.178021739130435	10.822742474916389	1.8342764900571067	0.047610111743181166	1.8342764900571067	0.047610111743181124	1.892474018851095	0.12310463802842149	7.796590944047031	97.7827382087444	2.3282267829026595	0.9846626770725898	30.297054241863236	787.7168191799332	-1.3086966808384386
3.178021739130435	10.85953177257525	1.8354249149316302	0.04748291698721322	1.8354249149316302	0.04748291698721323	1.8944911668734008	0.1225996554428286	7.796831572062013	97.94403324088769	2.329854665772488	0.9846672596240574	30.317068876250232	794.169321710363	-1.3086966808384386
3.178021739130435	10.896321070234114	1.8365622756476156	0.047357380351049166	1.8365622756476154	0.04735738035104923	1.8964898695322634	0.12210055431602522	7.7970697111381915	98.10392634161173	2.3314702135561296	0.9846718808461135	30.336918221796935	800.6474043313337	-1.3086966808384386
3.178021739130435	10.933110367892976	1.837688817553112	0.047233455479577115	1.8376888175531123	0.04723345547957707	1.8984704714132614	0.12160721316155906	7.79730546690979	98.26244338539767	2.3330736362724074	0.9846765406582607	30.35660498600881	807.151117399732	-1.3086966808384386
3.178021739130435	10.96989966555184	1.8388047777732135	0.04711109782201299	1.8388047777732133	0.04711109782201299	1.9004333073544735	0.12111951413346377	7.7975389404258095	98.419609517288	2.3346651382739725	0.9846812389535345	30.376131807812957	813.6805102103616	-1.3086966808384386
3.178021739130435	11.006688963210703	1.8399103855626662	0.04699026454583895	1.8399103855626657	0.046990264545839065	1.9023787028085457	0.1206373428841095	7.79777022836426	98.57544917996272	2.3362449184484597	0.9846859756000533	30.39550125989376	820.2356310310577	-1.3086966808384386
3.178021739130435	11.043478260869565	1.8410058626402652	0.046870914455572274	1.8410058626402652	0.046870914455572295	1.904306974188255	0.12016058842885638	7.7979994232351775	98.72998613958055	2.33781317041094	0.9846907504424931	30.414715850929436	826.8165271363059	-1.3086966808384386
3.178021739130435	11.080267558528428	1.8420914235062167	0.04675300791604034	1.8420914235062165	0.04675300791604041	1.9062184291965352	0.11968914301711232	7.798226613573199	98.88324351045745	2.339370082688177	0.9846955633034897	30.433778027735165	833.4232448394904	-1.3086966808384386
3.178021739130435	11.117056856187292	1.8431672757433912	0.046636506779888	1.8431672757433908	0.04663650677988812	1.9081133671417139	0.11922290200945304	7.798451884120221	99.03524377863914	2.340915838895042	0.9847004139849753	30.452690177316853	840.0558295237971	-1.3086966808384386
3.178021739130435	11.153846153846153	1.8442336203035425	0.04652137431903112	1.8442336203035423	0.046521374319031146	1.9099920792388485	0.11876176376045011	7.798675315998825	99.18600882443272	2.3424506179035554	0.984705302269447	30.471454628840675	846.7143256718914	-1.3086966808384386
3.178021739130435	11.190635451505017	1.845290651779173	0.046407575159835374	1.8452906517791727	0.04640757515983542	1.9118548488976848	0.11830562950692401	7.798896986876724	99.33555994393873	2.343974594004753	0.9847102279211757	30.49007365552108	853.3987768943236	-1.3086966808384386
3.178021739130435	11.22742474916388	1.8463385586621153	0.046295075221757714	1.8463385586621148	0.04629507522175778	1.9137019519981917	0.11785440326129051	7.799116971123153	99.48391786965318	2.345487937063955	0.9847151906873567	30.5085494764332	860.1092259568736	-1.3086966808384386
3.178021739130435	11.264214046822742	1.8473775235893999	0.04618384165926143	1.8473775235893994	0.04618384165926146	1.9155336571540886	0.1174079917097559	7.799335339957257	99.63110279017165	2.3469908126695542	0.9847201902992024	30.526884258251496	866.8457148067428	-1.3086966808384386
3.178021739130435	11.301003344481606	1.8484077235772265	0.046073842806793074	1.848407723577227	0.04607384280679302	1.9173502259650907	0.11696630411508749	7.799552161589171	99.7771343690497	2.3484833822757345	0.9847252264729836	30.54508011691904	873.6082845977267	-1.3086966808384386
3.178021739130435	11.33779264214047	1.849429330243701	0.045965048126637015	1.8494293302437015	0.04596504812663695	1.9191519132584207	0.11652925222371883	7.7997675013541095	99.92203176286054	2.3499658033394173	0.9847302989110193	30.563139119250827	880.3969757144089	-1.3086966808384386
3.178021739130435	11.37458193979933	1.8504425100209303	0.045857428159479234	1.8504425100209305	0.045857428159479255	1.9209389673200976	0.11609675017696564	7.799981421839838	100.06581363848798	2.351438229451644	0.9847354073026191	30.581063284473572	887.2118277953855	-1.3086966808384386
3.178021739130435	11.411371237458194	1.8514474243571204	0.04575095447751149	1.8514474243571202	0.04575095447751155	1.9227116301165597	0.11566871442613165	7.800193983007964	100.20849818969721	2.352900810463725	0.9847405513249788	30.5988545857057	894.0528797556096	-1.3086966808384386
3.178021739130435	11.448160535117056	1.8524442299091792	0.045645599639932824	1.852444229909179	0.04564559963993283	1.9244701375070519	0.11524506365131011	7.80040524230928	100.35010315301422	2.3543536926083632	0.9847457306440329	30.61651495137969	900.9201698078646	-1.3086966808384386
3.178021739130435	11.48494983277592	1.8534330787263606	0.04554133715070485	1.8534330787263609	0.045541337150704825	1.9262147194472445	0.1148257186836884	7.8006152547935494	100.49064582295007	2.355797018615979	0.9847509449152655	30.63404626660977	907.8137354834146	-1.3086966808384386
3.178021739130435	11.521739130434783	1.854414118425457	0.045438141418427565	1.854414118425457	0.045438141418427606	1.9279456001845405	0.11441060243117414	7.800824073214048	100.6301430666038	2.357230927826504	0.9847561937844813	30.65145037450749	914.7336136518871	-1.3086966808384386
3.178021739130435	11.558528428093645	1.8553874923579532	0.04533598771821798	1.8553874923579534	0.04533598771821796	1.9296629984454285	0.1139996398071804	7.801031748127086	100.76861133767032	2.3586555562967857	0.9847614768885389	30.668729077447235	921.6798405403848	-1.3086966808384386
3.178021739130435	11.595317725752508	1.8563533397695895	0.04523485215547468	1.8563533397695897	0.04523485215547463	1.9313671276152629	0.11359275766241206	7.801238327986767	100.90606668988231	2.3600710369038564	0.9847667938560489	30.685884138284152	928.6524517518977	-1.3086966808384386
3.178021739130435	11.632107023411372	1.8573117959527472	0.04513471163142041	1.8573117959527472	0.045134711631420424	1.933058195910882	0.1131898847194976	7.80144385923534	101.042524789917	2.3614774994442196	0.9847721443080357	30.702917281526595	935.6514822830176	-1.3086966808384386
3.178021739130435	11.668896321070234	1.8582629923920235	0.04503554381032327	1.8582629923920237	0.045035543810323236	1.934736406546355	0.11279095151033217	7.801648386389271	101.17800092978858	2.3628750707293764	0.9847775278585694	30.719830194465313	942.6769665410267	-1.3086966808384386
3.178021739130435	11.705685618729097	1.8592070569033363	0.04493732708830351	1.859207056903337	0.04493732708830344	1.9364019578921843	0.11239589031599806	7.801851952121281	101.31251003875211	2.364263874677698	0.9847829441153647	30.736624528260684	949.7289383603311	-1.3086966808384386
3.178021739130435	11.74247491638796	1.860144113766909	0.044840040563638044	1.860144113766909	0.04484004056363807	1.938055043628283	0.11200463510913589	7.802054597338587	101.44606669474184	2.365644032402854	0.9847883926803506	30.75330189899053	956.8074310183133	-1.3086966808384386
3.178021739130435	11.779264214046822	1.8610742838544576	0.04474366400847759	1.8610742838544576	0.0447436640084776	1.93969585289102	0.11161712149864847	7.802256361257534	101.57868513536589	2.3670156622989365	0.9847938731502116	30.7698638886598	963.9124772506125	-1.3086966808384386
3.178021739130435	11.816053511705686	1.861997684750831	0.04464817784190479	1.8619976847508313	0.04464817784190471	1.9413245704145539	0.11123328667663047	7.802457281474751	101.71037926847447	2.3683788801224006	0.984799385116903	30.78631204617376	971.0441092658392	-1.3086966808384386
3.178021739130435	11.852842809364548	1.862914430870465	0.04455356310425174	1.862914430870465	0.04455356310425175	1.942941376666815	0.11085306936740791	7.802657394035111	101.84116268232756	2.36973379907102	0.984804928168139	30.802647888276745	978.2023587598047	-1.3086966808384386
3.178021739130435	11.889632107023411	1.8638246335688056	0.04445980143262112	1.8638246335688051	0.0444598014326212	1.9445464479802577	0.11047640977860129	7.802856733496557	101.97104865537226	2.3710805298599085	0.9848105018878579	30.818872900457187	985.3872569292124	-1.3086966808384386
3.178021739130435	11.926421404682275	1.8647284012490608	0.044366875037533234	1.8647284012490604	0.04436687503753331	1.9461399566777249	0.11010324955410503	7.803055332992009	102.10005016565425	2.372419180794803	0.9848161058566622	30.83498853782107	992.5988344848939	-1.3086966808384386
3.178021739130435	11.963210702341136	1.8656258394643934	0.044274766680653985	1.8656258394643934	0.04427476668065399	1.9477220711935332	0.10973353172890823	7.803253224288423	102.22817989987269	2.3737498578426424	0.984821739652238	30.85099622593425	999.837121664543	-1.3086966808384386
3.178021739130435	12.	1.866517051015931	0.04418345965352831	1.8665170510159315	0.04418345965352824	1.9492929561901484	0.10936720068565176	7.8034504378433525	102.35545026210482	2.375072664699706	0.984827402849752	30.866897361636504	1007.1021482450938	-1.3086966808384386