3.114798494983278	1.	4.8565891555586385	1.0006236482444931e-9	4.774499036102215	0.9999999986309359	6.195158048101662	0.000027318657105572474	12.769544533582328	433.7996009179714	13.784692997464129	0.9999885658356378	96.88137918977523	241.95865899100403	2.900668480346252
3.114798494983278	1.0367892976588629	4.768362218951296	1.7030271293719183e-9	4.60506422522145	0.9999999967402179	6.072307059428307	0.00003505551405522124	12.636006470190628	422.8737931442662	13.295319706244966	0.9999847593023485	94.65628923166044	241.95528406241365	2.7886857257459354
3.114798494983278	1.0735785953177257	4.684912001286347	2.8151283532850306e-9	4.44723816669139	0.9999999927147966	5.955891447581472	0.00004443700973165106	12.50768141564784	412.5643385750983	12.839436571672188	0.9999800955900033	92.55142931586744	241.95080734951645	2.6821172423549955
3.114798494983278	1.1103678929765886	4.605827202072381	4.531025444230412e-9	4.299866615364089	0.9999999846191617	5.84537945175768	0.00005570090178816002	12.384266435393354	402.81889678426705	12.41371013393942	0.999974477562327	90.55653378056479	241.94504432689368	2.580417426330317
3.114798494983278	1.1471571906354514	4.530743735612366	7.116823919854106e-9	4.161943410822181	0.9999999691512831	5.74029772342987	0.00006910305803314739	12.265480697268046	393.59090785692723	12.015234932451632	0.99996781194563	88.66251319979469	241.93781118653106	2.4831214933496994
3.114798494983278	1.1839464882943145	4.459338059774377	1.0930219355760402e-8	4.032587472988158	0.9999999409336542	5.640223358609367	0.00008491742770935251	12.151063930660957	384.8388123004789	11.641467077901684	0.9999600107815793	86.86128816939569	241.92892882478228	2.389830017105778
3.114798494983278	1.2207357859531773	4.391321613840386	1.6443438050543288e-8	3.9110239560283135	0.9999998915682682	5.544777215743015	0.00010343598490726027	12.040774921076949	376.52539415347934	11.290169819402474	0.999950992618774	85.14565087869809	241.91822645303822	2.3001970612701137
3.114798494983278	1.2575250836120402	4.326436154621773	2.4269718018677693e-8	3.7965687091482994	0.9999998084280619	5.453618280961977	0.00012496865726147532	11.934390068348188	368.6172251215291	10.959368651124583	0.9999406834383676	83.5091491225045	241.90554475473135	2.2139209362747367
3.114798494983278	1.294314381270903	4.264449824926236	3.5193468626968335e-8	3.688615386564772	0.9999996731692858	5.3664388920349415	0.00014984325232236687	11.83170202468588	361.08419202873404	10.64731406179349	0.9999290173214067	81.94598856427527	241.89073854952028	2.13073690611191
3.114798494983278	1.3311036789297659	4.205153822808165	5.020420078689997e-8	3.586624694421688	0.9999994599644217	5.282960670584345	0.00017840539315754666	11.732518420688743	353.89909334470684	10.352450450057152	0.9999159368746194	80.45094994222856	241.8736789559213	2.0504113660506698
3.114798494983278	1.3678929765886287	4.148359566531934	7.053427235047445e-8	3.4901153726616445	0.9999991334722285	5.202931041768243	0.00021101847386043116	11.636660682056405	347.03729326843217	10.073390046635971	0.9999013934374559	79.01931858639028	241.85425506629898	1.9727371452358373
3.114798494983278	1.4046822742474916	4.093896270780155	9.770044661798732e-8	3.398656594093069	0.9999986465789357	5.126120243805624	0.00024806364476114245	11.54396293625107	340.47642399805386	9.808890927006383	0.9998853470967397	77.64682413798351	241.83237516376653	1.8975296803334574
3.114798494983278	1.4414715719063544	4.0416088657758955	1.3354921687453835e-7	3.31186152775232	0.9999979379609023	5.052318747969402	0.0002899398362776683	11.454271006126493	334.19612852139466	9.557838385336686	0.9998677665368204	76.32958877050031	241.8079675200073	1.8246238713667708
3.114798494983278	1.4782608695652173	3.9913562037169457	1.8030580766179186e-7	3.229381863971883	0.9999969295329242	4.981335024136876	0.00033706382953600794	11.367441486199619	328.177837625133	9.319229085434026	0.9998486287531034	75.06408253211376	241.78098081792874	1.7538714774049562
3.114798494983278	1.5150501672240804	3.943009507026379	2.4062672490938525e-7	3.1509031378674575	0.9999955238567713	4.9129935985277475	0.00038987038114641885	11.283340896495591	322.40457591599454	9.092157517773872	0.9998279186556889	73.84708468227467	241.75138424420518	1.6851389435461215
3.114798494983278	1.5518394648829432	3.8964510209989327	3.176556927625755e-7	3.076140718864055	0.9999936015907243	4.847133359524697	0.0004488124088632553	11.201844908560144	316.86079253263415	8.875804380814953	0.9998056285879383	72.67565009682896	241.71916729557014	1.6183055754908326
3.114798494983278	1.588628762541806	3.851572839913312	4.1508278545093236e-7	3.004836358343027	0.9999910190625921	4.783606074952627	0.0005143612442890779	11.122837638168917	311.53221294609705	8.669426575364124	0.9997817577823982	71.54707997735596	241.6843393399419	1.5532619965137893
3.114798494983278	1.625418060200669	3.8082758809270967	5.372065382036296e-7	2.9367552069719713	0.9999876060460392	4.722275090267461	0.0005870069583167684	11.04621099937783	306.4057088339683	8.472348556959641	0.9997563117738716	70.4588962304546	241.64692896986287	1.4899088355846026
3.114798494983278	1.6622073578595318	3.7664689843348658	6.889988022620129e-7	2.871683228884255	0.99998316381337	4.663014182064165	0.0006672587646401652	10.971864114785589	301.4691834950385	8.283954836271116	0.9997293017867233	69.40881898810521	241.60698318189176	1.4281556060023073
3.114798494983278	1.6989966555183946	3.7260681222529186	8.761720955983044e-7	2.8094249524465367	0.9999774635279232	4.605706545381911	0.0007556455064055195	10.899702777174978	296.7114706682849	8.103683453790405	0.9997007441108502	68.3947468261473	241.5645664117921	1.367919742066211
3.114798494983278	1.7357859531772575	3.6869957006525444	1.1052491930639439e-6	2.7498015075360973	0.999970245026659	4.550243896637606	0.0008527162309212291	10.829638958030758	292.12224494846856	7.931020284466437	0.9996706594782448	67.41473930832225	241.5197594519341	1.3091257676344104
3.114798494983278	1.7725752508361203	3.6491799420202886	1.3836346973384104e-6	2.692648907541445	0.999961216029289	4.496525676794917	0.0009590408572899003	10.761590358777267	287.69194226356933	7.765494051846213	0.9996390724497674	66.46700154131354	241.47265827424957	1.2517045753720222
3.114798494983278	1.8093645484949832	3.6125543378749314	1.7196883351478174e-6	2.6378165410846917	0.9999500517952492	4.444458341683955	0.0010752109418689776	10.695480000924325	283.4116891068909	7.606671950836223	0.9996060108196717	65.5498704742039	241.42337277955284	1.1955927993960889
3.114798494983278	1.8461538461538463	3.577057161992501	2.1227997316506003e-6	2.585165844041847	0.9999363952347492	4.393954728312355	0.0012018405466004878	10.631235851644506	279.2732394071298	7.454155794256174	0.9995715050435985	64.66180271564608	241.3720254918635	1.1407322671258384
3.114798494983278	1.882943143812709	3.542631036543725	2.6034644294811225e-6	2.534569127042726	0.9999198574657411	4.344933487621444	0.0013395672154696645	10.568790481623498	275.2689180796117	7.307578611602029	0.9995355876941615	63.80136367532482	241.3187502146282	1.087069518628929
3.114798494983278	1.919732441471572	3.5092225444807883	3.173360937513666e-6	2.4859085374501713	0.9999000187955116	4.297318575496023	0.0014890530646517405	10.508080752322872	271.3915704365558	7.166601639402658	0.9994982929469057	62.96721786416106	241.26369066424755	1.0345553837521415
3.114798494983278	1.9565217391304348	3.476781882461712	3.8454286177363296e-6	2.4390751379956908	0.9998764300940811	4.251038794978697	0.0016509859922790846	10.449047530070919	267.63451674797125	7.030911651671654	0.9994596560982809	62.15812021114471	241.20699909510634	0.9831446089436485
3.114798494983278	1.9933110367892977	3.4452625494018356	4.633946246473637e-6	2.393968086901725	0.999848614517014	4.206027383604745	0.0018260810142028024	10.391635424649545	263.9915113410903	6.900218586560531	0.9994197131163439	61.37290827444032	241.14883492920274	0.9327955269917488
3.114798494983278	2.0301003344481607	3.414621066418984	5.554611118303799e-6	2.350493906543436	0.999816069527681	4.162221640591891	0.0020150817326273444	10.335792550275682	260.45670570802463	6.774253431685834	0.9993785002241447	60.61049524112544	241.0893634024808	0.8834697639839735
3.114798494983278	2.0668896321070234	3.3848167245124143	6.624618597113531e-6	2.308565829570346	0.9997782691635416	4.1195625893145715	0.0022187619450603196	10.281470307083548	257.024615160929	6.652766335949205	0.9993360535151558	59.86986362410231	241.02875423904356	0.8351319786776238
3.114798494983278	2.1036789297658864	3.355811356802845	7.862742058533062e-6	2.268103212981387	0.9997346664875009	4.077994671084587	0.002437927401636307	10.228623181401414	253.69008863334741	6.535524920173599	0.9992924085996364	59.15005957678353	240.967180363474	0.7877496302054776
3.114798494983278	2.140468227424749	3.3275691325756602	9.289413211209881e-6	2.2290310119756094	0.9996846961637268	4.037465466765836	0.002673417719539743	10.177208563284035	250.44828127719316	6.422312762685282	0.9992476002804751	58.45018775644034	240.90481666055223	0.7412927706478578
3.114798494983278	2.177257525083612	3.300056370723642	0.000010926802830721357	2.1912793065256744	0.9996277770972928	3.9979254431838505	0.0029261084639624936	10.127186579911656	247.2946295483609	6.312928039197359	0.9992016622568001	57.76940667589671	240.8418387906946	0.6957338595074101
3.114798494983278	2.2140468227424748	3.27324137048872	0.000012798901989107942	2.154782874575714	0.999563315078376	3.9593277216624823	0.0031969134057811027	10.078519943599124	244.22482851136283	6.207182299092966	0.9991546268534747	57.10692449079425	240.77842206845452	0.651047597544903
3.114798494983278	2.250836120401338	3.247094257662243	0.00001493160391476906	2.1194808065765876	0.9994907053742907	3.921627866339667	0.003486786966921093	10.031173813276542	241.23481112560057	6.104899362543485	0.9991065247744854	56.46199517612911	240.71474041040844	0.6072107777866449
3.114798494983278	2.2876254180602005	3.221586844627153	0.0000173527866715296	2.085316156763234	0.9994093352160961	3.884783690190082	0.0037967268651818665	9.98511566840629	238.32072930368844	6.005914324895529	0.9990573848781775	55.83391505134724	240.6509653577576	0.5642021518103604
3.114798494983278	2.3244147157190636	3.196692502818225	0.000020092396901865154	2.052235627169196	0.9993185861306793	3.84875507692081	0.0041277769711169495	9.94031519439214	235.47893655630133	5.9100726564724635	0.9990072339722788	55.22201961810165	240.58726517794463	0.5220023096643086
3.114798494983278	2.3612040133779266	3.1723860463435396	0.000023182534937319677	2.020189280878842	0.9992178360738339	3.8135038171132605	0.004481030390383775	9.896744178615283	232.70597205891093	5.817229387408353	0.9989560966266738	54.62568067895315	240.52380404862862	0.4805935719834596
3.114798494983278	2.3979933110367893	3.148643625654845	0.00002665754163896471	1.9891302814510732	0.9991064613247828	3.77899345716437	0.004857632785781648	9.854376416299798	229.99854599391	5.727248368399657	0.9989039950019396	54.04430370891605	240.46074132637378	0.4399598930416004
3.114798494983278	2.4347826086956523	3.125442630280354	0.000030554087392140216	1.9590146558208532	0.99898383810761	3.745189159737589	0.005258785953955072	9.813187625467858	227.35352603748336	5.640001599355803	0.9988509486917143	53.47732545490714	240.39823090153212	0.40008677362565526
3.114798494983278	2.471571906354515	3.102761599743164	0.00003491126374264587	1.9298010783058153	0.9988493439100858	3.7120575745720865	0.005685751672427584	9.773155370292683	224.7679248744466	5.555368618878232	0.9987969745770607	52.92421174090842	240.33642063994495	0.3609611827412471
3.114798494983278	2.508361204013378	3.0805801418843917	0.000039770678225949855	1.9014506736222896	0.99870235847522	3.679566718620152	0.006139855833202777	9.734258992194706	222.2388886364404	5.473235948321119	0.9987420866910737	52.38445545906273	240.27545191131824	0.3225714872610106
3.114798494983278	2.5451505016722407	3.0588788578943698	0.00004517655300681046	1.8739268370551139	0.9985422644455169	3.6476858645907457	0.00662249287957289	9.696479548054887	219.76368616962978	5.393496584903957	0.9986862960920847	51.857574729036614	240.2154592034355	0.2849073887110771
3.114798494983278	2.5819397993311037	3.037639273429327	0.00005117582801398674	1.8471950701337982	0.9983684476442264	3.6163854370734105	0.007135130562942492	9.659799754936698	217.33969904756967	5.31604953897142	0.9986296107439313	51.34311120984431	240.15656982075797	0.24795986645926119
3.114798494983278	2.6187290969899664	3.0168437752566035	0.00005781826932341278	1.8212228303489786	0.9981802969818542	3.5856369155037426	0.007679315036316532	9.624203940715732	214.96441225341803	5.240799411043171	0.9985720354018718	50.840628549971	240.09890366546193	0.2117211266221164
3.114798494983278	2.6555183946488294	2.9964755529295664	0.00006515658361332632	1.7959793936012827	0.9979772039797791	3.5554127433106943	0.00825667630050816	9.589678000011485	212.63540546332126	5.167656004775515	0.9985135715028548	50.34971096308603	240.04257309853222	0.17618455604829794
3.114798494983278	2.6923076923076925	2.976518545045298	0.00007324653958629818	1.7714357282132547	0.9977585619060194	3.5256862426592734	0.008868934017946781	9.556209354798895	210.35034486976488	5.096533972378047	0.9984542170589867	49.86996191792855	239.9876828781999	0.1413446807634405
3.114798494983278	2.729096989966555	2.956957389684585	0.00008214709732572315	1.747564379456552	0.9975237645209606	3.4964315342708834	0.009517903707036998	9.523786919045733	208.10697549009006	5.027352489399176	0.9983939665531828	49.40100293209627	239.93433017277448	0.10719712827749485
3.114798494983278	2.765886287625418	2.937777378675738	0.00009192054662781223	1.7243393636537356	0.9972722044332811	3.4676234618697177	0.010205503327101142	9.492401066674454	205.90311391140347	4.960034956122009	0.9983328108361481	48.942472460499346	239.88260464481633	0.07373859315933716
3.114798494983278	2.802675585284281	2.9189644153616725	0.00010263265542396041	1.7017360710084029	0.9970032710683573	3.4392375208680734	0.010933760259759227	9.46204360208029	203.7366414288373	4.894508723100828	0.9982707370240071	48.4940248701578	239.83258860348886	0.040966805275012966
3.114798494983278	2.839464882943144	2.9005049755844574	0.00011435282948176277	1.6797311764011227	0.9967163482531871	3.4112497909686814	0.011704818686802117	9.432707732349412	201.6054975397618	4.830704838624883	0.9982077283960968	48.05532949385135	239.78435722199512	0.008880500064827632
3.114798494983278	2.8762541806020065	2.88238607163364	0.00012715428464459884	1.6583025574629455	0.9964108114233822	3.383636872429309	0.01252094735676431	9.404388040207083	199.50767376221486	4.768557816123807	0.9981437642926632	47.62606975587984	239.73797881712383	-0.022520609799478543
3.114798494983278	2.9130434782608696	2.8645952189343795	0.00014111423293802728	1.637429219304316	0.9960860244591252	3.3563758258061296	0.013384547721964742	9.37708045658284	197.44120775168912	4.708005419730972	0.998078820012456	47.20594236386872	239.6935151881087	-0.05323586208545643
3.114798494983278	2.9498327759197323	2.847120405279518	0.00015631408393362823	1.6170912253361653	0.9957413361582743	3.3294441150696197	0.014298162414101761	9.350782231501919	195.40417769666897	4.648988466401193	0.9980128667105203	46.79465656117211	239.65102201226892	-0.08326367277075497
3.114798494983278	2.9866220735785953	2.829950062436372	0.00017283966281410584	1.5972696336725882	0.9953760763561366	3.3028195540725998	0.01526448400875541	9.325491901794845	193.39469698017498	4.5914506431398365	0.9979458712968311	46.39193343498989	239.61054929522342	-0.112601564767948
3.114798494983278	3.0234113712374584	2.8130730399848543	0.00019078144662287004	1.577946438651583	0.9949895517029701	3.2764802564470563	0.016286364006401946	9.301209253853731	191.41090910227257	4.535338338043909	0.9978777963368382	45.997505275836005	239.57214187387552	-0.14124619855772166
3.114798494983278	3.060200668896321	2.79647858126856	0.00021023482020104828	1.559104517052315	0.994581041112188	3.250404589117263	0.017366821928624192	9.27793527934751	189.4509828673026	4.480600483983522	0.9978085999554782	45.61111498447087	239.53583997074315	-0.16919340580593295
3.114798494983278	3.096989966555184	2.7801563013654067	0.0002313003533069898	1.5407275786249528	0.994149790894747	3.224571129745308	0.01850905439173151	9.255672121432609	187.51310784983184	4.427188413867241	0.9977382357467985	45.232515522859835	239.50167979873166	-0.1964382271829139
3.114798494983278	3.1337792642140467	2.764096167009263	0.00025408410036794086	1.522800120582488	0.9936950095985161	3.1989586285745903	0.01971644397438752	9.234423008553646	185.59549016533396	4.375055726537042	0.9976666526920286	44.86146940613327	239.4696942158934	-0.22297495577047904
3.114798494983278	3.17056856187291	2.748288478419001	0.00027869792421797635	1.5053073857334305	0.9932158625758928	3.1735459753110606	0.02099256763925598	9.214192172413664	183.6963485857813	4.324158162430029	0.997593795089754	44.49774823291213	239.43991343018564	-0.2487971876332547
3.114798494983278	3.2073578595317724	2.7327238530170344	0.0003052598450144406	1.4882353239602661	0.9927114663088271	3.1483121718854217	0.022341204399076095	9.194984746102651	181.81391105713004	4.274453488226362	0.9975196025028134	44.14113225173535	239.41236575476674	-0.2738978813460233
3.114798494983278	3.2441471571906355	2.717393211045154	0.00033389441527784157	1.471570556770825	0.9921808825281727	3.1232363121750817	0.023766341832767247	9.176806637703779	179.94641169548822	4.225901389774711	0.9974440097276578	43.79140996166666	239.38707841470836	-0.2982694285069106
3.114798494983278	3.280936454849498	2.7022877631116016	0.00036473312164384285	1.4553003446686394	0.9916231121743035	3.0982975700361983	0.025272180954921227	9.15966437395464	178.0920883620706	4.178463372650919	0.997366946793215	43.44837774548679	239.3640784063481	-0.32190373752181284
3.114798494983278	3.317725752508361	2.6873989997294423	0.00039791481342266606	1.4394125571038225	0.9910370892586776	3.0734751973053234	0.026863138820264552	9.143564907738462	176.2491809442197	4.132102669761651	0.9972883389977807	43.11183953418378	239.34339341069364	-0.3447923332113794
3.114798494983278	3.3545150501672243	2.6727186829313836	0.0004335861573997108	1.423895644777827	0.9904216747019975	3.048748533776262	0.02854384810176633	9.128515382342709	174.41593050105365	4.086784155452679	0.9972081069941235	42.7816065017321	239.32505276221465	-0.36692647505512077
3.114798494983278	3.391304347826087	2.658238840069449	0.0004719021174460941	1.4087386140836993	0.9897756502442181	3.0240970315367965	0.030319152716354828	9.114522844593157	172.59057946771537	4.042474265622167	0.9971261669348209	42.457496789403656	239.30908847405465	-0.3882972971272395
3.114798494983278	3.42809364548495	2.6439517599273197	0.0005130264564027909	1.393931003467917	0.9890977125452963	2.999500296452058	0.03219409838667625	9.101593898218514	170.7713731513529	3.9991409233717943	0.9970424306917839	42.139335259062904	239.29553631993875	-0.4088959729670422
3.114798494983278	3.4648829431438126	2.6298499912863247	0.0005571322563223665	1.3794628615005105	0.9883864676234266	2.9749381499882395	0.034173916824579605	9.089734288223891	168.95656279385202	3.9567534697533	0.9969568061659231	41.82695327505584	239.2844369718055	-0.42871390872197634
3.114798494983278	3.5016722408026757	2.615926344089422	0.0006044024514698858	1.3653247264369712	0.987640425809463	2.9503907149526953	0.03626400200959212	9.078948406793973	167.14441051907633	3.915282599184399	0.9968691977048046	41.52018851438672	239.27583719026836	-0.44774296784776235
3.114798494983278	3.5384615384615383	2.602173893336525	0.0006550303664862293	1.35150760704858	0.9868579974316851	2.92583852903929	0.03846987682668022	9.069238711502578	165.33319652277973	3.8747002991157697	0.99677950664776	41.21888480486336	239.26979106225278	-0.4659757303758452
3.114798494983278	3.5752508361204014	2.5885859858132507	0.0007092202498157684	1.3380029644876548	0.9860374894827197	2.9012626902468885	0.04079714814276272	9.060605047626405	163.52122889658517	3.834979793529441	0.9966876320189764	40.922891990749115	239.26636127637286	-0.48340578917193305
3.114798494983278	3.612040133779264	2.575156249696971	0.0007671877899487297	1.3248026949419236	0.9851771035579635	2.8766450381972644	0.04325144827114784	9.053043868464883	161.70685649657872	3.796095489839418	0.996593471389212	40.63206582515667	239.26562042174626	-0.5000280846030338
3.114798494983278	3.648829431438127	2.561878606990405	0.0008291605993416614	1.3118991128189161	0.9842749353886502	2.8519683750026283	0.045838360739365536	9.046547351122596	159.88848526260543	3.7580229287464944	0.9964969219254983	40.34626788790347	239.2676522896784	-0.5158392774821089
3.114798494983278	3.68561872909699	2.548747288596692	0.0008953786482487426	1.2992849341896702	0.9833289763175724	2.827216728486084	0.04856332839365611	9.041102410623921	158.06459835427862	3.720738736574808	0.9963978816448965	40.06536552679969	239.2725531502485	-0.5308381579460557
3.114798494983278	3.722408026755853	2.535756851662898	0.0009660946284207787	1.2869532602139349	0.9823371170743794	2.802375659083687	0.05143154220979042	9.036689622887254	156.23378037937417	3.6842205795876404	0.9962962508824416	39.78923181930313	239.28043296706647	-0.5450260849369227
3.114798494983278	3.759197324414716	2.5229021985781066	0.001041574225117304	1.274897560271153	0.9812971541916125	2.777432609497587	0.05444780981064241	9.033282077286877	154.39474583378382	3.64844711975143	0.9961919339741475	39.5177455501625	239.29141650407834	-0.5584074471388529
3.114798494983278	3.7959866220735785	2.5101785967185903	0.0011220962756619127	1.2631116545376704	0.9802067993521467	2.752377292992822	0.057616403691732265	9.030844192350669	152.5463716340599	3.6133979713940003	0.9960848411428245	39.250791199079835	239.3056442686133	-0.5709901316038267
3.114798494983278	3.8327759197324416	2.4975816976974463	0.0012079527944712175	1.2515896957869082	0.9790636918632452	2.727202112073131	0.0609408905877224	9.029330543285106	150.68773329245607	3.5790536581958348	0.9959748905571916	38.98825893064237	239.32327322618963	-0.5827859810507914
3.114798494983278	3.869565217391304	2.4851075545232706	0.001299448848749956	1.2403261502512013	0.9778654143033881	2.7019025941970405	0.06442394529957385	9.028684766625856	148.81814385785802	3.545395569972037	0.995862010513616	38.73004457693848	239.34447721633148	-0.5938112153152466
3.114798494983278	3.9063545150501673	2.4727526347417443	0.0013969022764244842	1.229315777475915	0.9766095111812481	2.6764778254613923	0.06806715460238917	9.028838623788555	146.93719423694833	3.51240591875929	0.9957461416657917	38.47604960160916	239.36944699671653	-0.6040867872743294
3.114798494983278	3.94314381270903	2.4605138273820333	0.0015006432486792938	1.2185536092194194	0.9752935101852706	2.6509308572962613	0.07187081943064072	9.029711319217931	145.04479295292566	3.4800676938275696	0.9956272392028338	38.22618103290392	239.39838984745205	-0.6136386396454311
3.114798494983278	3.979933110367893	2.4483884414270896	0.0016110136934963603	1.2080349276028168	0.9739149453022573	2.625269055978596	0.0758337661332074	9.031209177026263	143.1412028551055	3.4483646153994227	0.9955052748537858	37.98035135299132	239.43152868033314	-0.6224978274254789
3.114798494983278	4.016722408026756	2.4363741936474064	0.0017283666130443608	1.1977552428801779	0.9724713807728127	2.5995043612299757	0.07995317982279938	9.033225778875424	141.22707184938076	3.417281087079064	0.995380238580564	37.738478331688114	239.46910062069824	-0.6307004725423516
3.114798494983278	4.053511705685619	2.4244691840454253	0.0018530653450070389	1.187710271365671	0.9709604345728177	2.573653419496017	0.08422447423334008	9.035642652032747	139.30345448361857	3.3868021472615433	0.9952521398165775	37.500484795249314	239.51135506240206	-0.6382875234899803
3.114798494983278	4.090301003344481	2.4126718578836712	0.0019854828336265595	1.1778959141936813	0.9693797999150284	2.54773756079009	0.08864121254054019	9.038330567843625	137.37182130219108	3.35691342008412	0.9951210081188907	37.26629832501652	239.55855123752798	-0.6453043037892121
3.114798494983278	4.127090301003345	2.400980954292033	0.0021260009875633226	1.1683082376742908	0.9677272632059065	2.5217825958905182	0.09319509188238377	9.041151467383205	135.43405336393442	3.3276010667625657	0.9949868931305064	37.03585088640207	239.61095538798233	-0.6517998487215014
3.114798494983278	4.1638795986622075	2.389395442679581	0.0022750102059144192	1.1589434560144516	0.9660007170102255	2.4958184231417095	0.09787600065450425	9.043960975923335	133.4924202265709	3.29885173838005	0.9948498637959102	36.80907839537896	239.6688376701656	-0.6578260485643894
3.114798494983278	4.20066889632107	2.3779144494580033	0.0024329091489534503	1.1497979170892318	0.9641981668845022	2.469878450100236	0.10267215221919071	9.046611407520299	131.54954098573359	3.2706525313196795	0.9947100068335742	36.58592023649088	239.73246895929714	-0.6634366361566258
3.114798494983278	4.237458193979933	2.366537178717722	0.0026001048158744225	1.140868091768133	0.9623177314187252	2.443998852805215	0.10757029202866801	9.048955104482044	129.60832947622993	3.242990946519861	0.9945674245361374	36.36631875233797	239.80211773990965	-0.6686860740065672
3.114798494983278	4.274247491638796	2.355262831280857	0.002777012969419914	1.1321505670475849	0.9603576354156953	2.4182177118928823	0.11255596824311999	9.050847913519293	127.67192628145435	3.2158548535710816	0.9944222320324702	36.150218728476084	239.878047268675	-0.67362840825397
3.114798494983278	4.311036789297659	2.34409052683183	0.002964058919895879	1.1236420429479652	0.9583161967518543	2.392574077367447	0.1176138498132439	9.052152579301426	125.7436215069348	3.189232460377609	0.9942745541954277	35.93756689891115	239.96051317361974	-0.6783161612441533
3.114798494983278	4.3478260869565215	2.3330192335321973	0.0031616786530098526	1.1153393328469339	0.9561918080067423	2.3671070204019453	0.12272807170639473	9.052741841429356	123.82677313555715	3.163112288719871	0.9941245224065905	35.7283114955925	240.04976161276085	-0.682799330289138
3.114798494983278	4.384615384615385	2.3220477087081375	0.0033703202616535747	1.1072393666844829	0.9539829143376252	2.341854730022186	0.12788258516332862	9.052501051906349	121.92472605668405	3.137483155632661	0.9939722713907122	35.52240186080894	240.14602806164413	-0.6871245480672962
3.114798494983278	4.421404682274248	2.3111744530041762	0.0035904456247123104	1.0993391963214716	0.9516879892616839	2.316853705262672	0.13306149176145937	9.05133018142779	120.04073652666469	3.112334160124529	0.9938179363091063	35.319788134975795	240.24953674170996	-0.6913344422586127
3.114798494983278	4.45819397993311	2.3003976790337113	0.003822532268088066	1.0916360022771048	0.9493055099828682	2.292138080962267	0.13824934329671915	9.049145145126023	118.17790596772693	3.0876546744589937	0.993661650258564	35.120421025083836	240.36050064853768	-0.6954672115556544
3.114798494983278	4.494983277591973	2.289715294242604	0.004067075344341461	1.0841271011069675	0.9468339336960077	2.2677391101560516	0.14343139435067506	9.045878441566616	116.33912682456989	3.0634343390307546	0.9935035422691613	34.92425165218897	240.47912209760867	-0.6995564153926905
3.114798494983278	4.531772575250836	2.2791248966131614	0.0043245896760577855	1.0768099527916164	0.9442716759753295	2.2436848105440794	0.14859379997058061	9.04147915382315	114.5270418865836	3.039663059807175	0.9933437358396251	34.73123147065937	240.60559367905392	-0.703630958259641
3.114798494983278	4.568561872909699	2.268623781078741	0.00459561182164681	1.0696821676578507	0.941617091975937	2.219999768905738	0.1537237562851457	9.035912402316656	112.74401724615183	3.016331007352501	0.9931823480004331	34.54131224799438	240.74009950247796	-0.7077152379270277
3.114798494983278	4.605351170568562	2.2582089541234	0.004880702138001186	1.0627415125214943	0.938868460806114	2.1967050869622593	0.15880958644358503	9.029158363308852	110.99212804501803	2.9934286165801316	0.9930194888574906	34.35444609201594	240.8828166162467	-0.7118294207621196
3.114798494983278	4.642140468227424	2.2478771539718516	0.005180446829865633	1.0559859158977478	0.9360239731101905	2.1738184456174654	0.16384077762224605	9.021210975198686	109.27315543817788	2.9709465865525746	0.9928552615450426	34.17058551191201	241.0339164989084	-0.7159898060668037
3.114798494983278	4.678929765886288	2.237624873957765	0.005495459989235442	1.0494134722569814	0.9330817216602046	2.151354261563688	0.1688079768938856	9.012076450016496	107.58859279090287	2.948875879837303	0.9926897625049049	33.98968350058349	241.19356653950823	-0.720209243909798
3.114798494983278	4.7157190635451505	2.2274483870033506	0.005826385638747801	1.04302244540279	0.9300396945956271	2.1293239102870762	0.17370295461680255	9.001771693720803	105.9396589842271	2.92720772110501	0.9925230820079097	33.81169362754577	241.36193144470522	-0.7244975759278666
3.114798494983278	4.752508361204013	2.2173437695656446	0.006173899800674109	1.0368112711147024	0.9268957708664608	2.1077359916896365	0.1785185439188965	8.99032272010787	104.32731677563608	2.905933594809069	0.9923553048397292	33.63657013382626	241.5391745309408	-0.7288620747719204
3.114798494983278	4.789297658862877	2.2073069238370593	0.006538712618081564	1.0307785592341234	0.9236477174110961	2.086596618001688	0.18324856411555596	8.97776312275727	102.75229437481282	2.8850452419038373	0.9921865110839844	33.46426802253246	241.72545887757346	-0.7333078642631307
3.114798494983278	4.826086956521739	2.1973335973835635	0.006921570557571972	1.024923095385412	0.9202931876189749	2.0659097076551007	0.18788773478480755	8.964132649945705	101.21510868476881	2.864534655644604	0.9920167769482419	33.294743140812756	241.92094833110022	-0.7378383082088165
3.114798494983278	4.862876254180602	2.187419399737293	0.007323258724382008	1.0192438425212376	0.916829720672992	2.0456772727785637	0.1924315859538182	8.949475910399686	99.71608897494872	2.8443940765663895	0.9918461755913098	33.127952250657344	242.12580836108125	-0.7424553608158431
3.114798494983278	4.8996655518394645	2.1775598157218843	0.007744603321155429	1.0137399424688407	0.9132547414242864	2.0258996916095913	0.19687636859051763	8.933841223850518	98.25540005865751	2.824615986768648	0.9916747779219393	32.96385308735023	242.34020677557024	-0.7471598755822936
3.114798494983278	4.936454849498328	2.1677502154798067	0.008186474281893974	1.008410717636505	0.9095655605126993	2.0065759602067827	0.20121896844603498	8.917279619729255	96.83306432022592	2.8051931036436772	0.9915026533490043	32.802404405386554	242.56431430818972	-0.7519518724634809
3.114798494983278	4.973244147157191	2.1579858612998564	0.008649788112852504	1.0032556730212319	0.9057593745033479	1.9877039203275908	0.2054568253116315	8.899843979744873	95.44898216696292	2.786118373184923	0.9913298704712549	32.64356601236395	242.79830509124596	-0.7568307651133249
3.114798494983278	5.010033444816053	2.148261911420469	0.009135510972759091	0.9982744986415429	0.9018332658597371	1.9692804622302278	0.20958785895564008	8.881588315074358	94.10295066451145	2.76738496300091	0.991156497700849	32.48729879178952	243.04235702986318	-0.7617955512589099
3.114798494983278	5.046822742474917	2.1385734210225946	0.009644662025902882	0.9934670725052169	0.8977842026150068	1.9513017025298292	0.21361040238577872	8.862567165940769	92.79468025432716	2.7489862551463036	0.9909826038193272	32.33356471598375	243.29665209175263	-0.7668449699442484
3.114798494983278	5.083612040133779	2.1289153406346544	0.010178317103486205	0.9888334642111214	0.8936090376350103	1.9337631381747544	0.21752314262097044	8.842835109959532	91.52380955398506	2.7309158388650454	0.9908082584677335	32.18232685035459	243.56137652614703	-0.7719776296354809
3.114798494983278	5.120401337792642	2.119282512160835	0.010737612711269755	0.9843739392775548	0.8893045073904906	1.9166597781996508	0.22132506882920935	8.822446365351983	90.28991831144603	2.7131675033243705	0.9906335325745366	32.0335493503121	243.83672102406837	-0.7771921111459474
3.114798494983278	5.157190635451505	2.109669662719284	0.011323750425038288	0.980088964286558	0.8848672301715945	1.8999862552402986	0.22501542746801578	8.801454475592996	89.09253862976927	2.6957352304031406	0.9904584987261135	31.88719745202452	244.1228808305601	-0.7824870491203435
3.114798494983278	5.193979933110368	2.1000713964439726	0.011938001719856307	0.9759792129343973	0.8802937036874476	1.8837369189331556	0.22859368392714863	8.779912062993857	87.93116460502245	2.678613187584402	0.9902832314850621	31.743237458113438	244.42005581802533	-0.7878611954915061
3.114798494983278	5.230769230769231	2.0904821843666963	0.012581713284556742	0.9720455730826962	0.8755803019974532	1.8679059133278928	0.2320594900984279	8.757870639911001	86.80526053237851	2.6617957209904954	0.9901078076616969	31.601636719265542	244.72845052843056	-0.7933134679472943
3.114798494983278	5.2675585284280935	2.0808963524560418	0.013256312879540046	0.9682891549123352	0.8707232717203406	1.8524872403592483	0.235412657267383	8.73538046756688	85.71426783771552	2.645277348589204	0.9899323065438895	31.462363612612453	245.04827419087204	-0.7988429860574786
3.114798494983278	5.304347826086956	2.071308067849702	0.013963315803889497	0.9647113002932146	0.8657187274624403	1.8374748112894526	0.23865313372216918	8.712490453770181	84.65761088769916	2.6290527535915564	0.9897568100900622	31.32538751761025	245.37974071993222	-0.8044490973360144
3.114798494983278	5.34113712374582	2.061711323275746	0.014704332047238979	0.9613135934973432	0.8605626463987022	1.822862487868796	0.24178098649626087	8.689248082064458	83.63470182276606	2.6131167780555224	0.9895814030896957	31.19067879003884	245.72306869934013	-0.8101313951672697
3.114798494983278	5.377926421404682	2.0520999196174112	0.015481074212996344	0.9580978734006648	0.8552508619289065	1.8086441147866537	0.24479638669512918	8.665699365980178	82.64494454641302	2.5974644167049363	0.9894061732952364	31.058208734641934	246.07848135470473	-0.8158897302128134
3.114798494983278	5.414715719063545	2.042467446534275	0.016295366312746286	0.9550662473408486	0.8497790563175085	1.7948135448101832	0.24769959789768584	8.641888823096263	81.68773799203244	2.5820908109691443	0.9892312115288072	30.927949576840934	246.44620651847094	-0.8217242166415585
3.114798494983278	5.451505016722408	2.0328072610096397	0.017149153547308105	0.9522211068244899	0.8441427522085039	1.7813646578402822	0.2504909671668373	8.617859464528012	80.76247877609364	2.5669912432460387	0.9890566117666797	30.799874433881893	246.82647658976907	-0.827635234289846
3.114798494983278	5.488294314381271	2.0231124636485527	0.018044513208505558	0.949565145308443	0.8383373028863909	1.7682913749578235	0.253170918247689	8.593652796250785	79.86856333427153	2.5521611313890884	0.9888824712040493	30.673957285711474	247.21952849145242	-0.833623427656604
3.114798494983278	5.525083612040134	2.013375872501946	0.0189836668578102	0.9471013783172477	0.8323578811302847	1.7555876683909242	0.25573994657462823	8.569308829350186	79.00538962562004	2.537596023417515	0.9887088903022908	30.55017294582573	247.62560362633366	-0.8396897024698993
3.114798494983278	5.561872909698996	2.003589994138223	0.01996899396442094	0.9448331662029337	0.8261994664799617	1.7432475682052746	0.25819861574932335	8.54486609686923	78.17235847915688	2.5232915924475745	0.98853597282055	30.42849703229069	248.04494783437787	-0.8458352204206796
3.114798494983278	5.59866220735786	1.9937469916228079	0.02100304721697687	0.94276423990651	0.8198568306991014	1.731265166405582	0.2605475551895778	8.520361675412277	77.3688746474718	2.50924363184257	0.9883638258332591	30.308905939101166	248.47781135251302	-0.8520613925435542
3.114798494983278	5.635451505016722	1.9838386489959394	0.02208856976119591	0.9408987301438754	0.81332452118122	1.7196346190349014	0.2627874586841633	8.495831210074023	76.594347623123	2.4954480505783665	0.9881925597349351	30.191376808011913	248.92444877852347	-0.8583698716303158
3.114798494983278	5.672240802675585	1.9738563317571935	0.023228514661795215	0.9392412005153665	0.8065968419962499	1.7083501467696345	0.26491908362118427	8.471308941601151	75.8481922656556	2.4819008688212545	0.9880222882334302	30.075887500954465	249.38511904046354	-0.8647625439851537
3.114798494983278	5.709030100334449	1.963790942768204	0.024426066943024054	0.9377966851306134	0.7996678322184714	1.69740603443027	0.2669432506870297	8.446827734972851	75.12982928004533	2.4685982137146465	0.9878531283326634	29.96241657313295	249.8600853729277	-0.8712415207698799
3.114798494983278	5.745819397993311	1.9536328728686687	0.025684668630540277	0.9365707314529245	0.7925312411070716	1.6867966297591253	0.2688608438604262	8.422419108812983	74.43868558106486	2.4555363153710577	0.987685200305731	29.850943246876774	250.34961530147322	-0.8778091291382208
3.114798494983278	5.782608695652174	1.9433719453597824	0.027008047301372774	0.9355694492050811	0.7851804996259116	1.676516341757009	0.2706728105508802	8.398113265229172	73.77419457256465	2.442711503065701	0.9875186276592175	29.741447386315905	250.8539806364399	-0.8844679033207408
3.114798494983278	5.8193979933110365	1.9329973533368199	0.02840024875252677	0.9347995663479769	0.7776086876847234	1.6665596388180266	0.2723801617539184	8.373939119818484	73.1357963657421	2.4301202016279158	0.9873535370894461	29.63390947293311	251.37345747735824	-0.8912205757919079
3.114798494983278	5.8561872909699	1.9224975886399298	0.02986567452786388	0.9342684933536077	0.7698084963547263	1.6569210468562297	0.2739839721165444	8.349924331691884	72.52293795618861	2.4177589280265277	0.9871900584313711	29.528310582039406	251.90832622909602	-0.8980700686282874
3.114798494983278	5.892976588628763	1.911860360927545	0.031409125204447844	0.9339843972560085	0.7617721841501333	1.647595147577437	0.2754853798259039	8.326095333454996	71.93507337570163	2.405624288144951	0.9870283246007713	29.424632360209387	252.45887163080295	-0.9050194851495191
3.114798494983278	5.929765886287625	1.9010725050453023	0.03303585054311212	0.9339562872931432	0.7534915262636914	1.6385765770148928	0.2768855862518855	8.30247736114546	71.37166383157005	2.393712973741777	0.9868684715303809	29.322857003707675	253.02538279868298	-0.9120721019209942
3.114798494983278	5.966555183946488	1.8901198744437906	0.034751607866530476	0.9341941143697331	0.744957755386465	1.6298600244164774	0.2781858552909728	8.27909448417078	70.8321778431255	2.3820217595921074	0.9867106381005805	29.22296723792906	253.60815328349628	-0.9192313611875731
3.114798494983278	6.003344481605351	1.8789872178639413	0.03656273035885884	0.9347088871033139	0.7361614924119186	1.6214402315448089	0.2793875123735833	8.255969635318603	70.31609138286862	2.370547500804609	0.9865549660652532	29.12494629786835	254.2074811436046	-0.9265008638010147
3.114798494983278	6.040133779264214	1.8676580358212178	0.0384762074079553	0.9355128079010036	0.7270926648983581	1.6133119924285446	0.2804919431108082	8.233124640926787	69.82288802732096	2.3592871303089424	0.9864015999734049	29.028777909630325	254.8236690342822	-0.9338843626987599
3.114798494983278	6.076923076923077	1.856114412526996	0.04049977966719345	0.9366194334046125	0.7177404106087149	1.6054701535832578	0.2815005915688301	8.21058025130526	69.35205912090045	2.3482376565076186	0.9862506870871325	28.934446272981255	255.45702431384493	-0.9413857569882793
3.114798494983278	6.11371237458194	1.844336817715171	0.042642052245030676	0.9380438648093817	0.7080929627167799	1.5979096147036214	0.2824149581702216	8.188356171498983	68.90310395457644	2.3373961610860126	0.9861023772965111	28.841936044937988	256.10785916704504	-0.9490090866888798
3.114798494983278	6.150501672240803	1.8323038712911206	0.044912630402072565	0.9398029751097308	0.6981375122984556	1.5906253298144033	0.28323659723104067	8.166471092471776	68.47552995975703	2.3267597969737546	0.9859568230319558	28.751232324383114	256.7764907460176	-0.9567585281807627
3.114798494983278	6.187290969899665	1.8199920616414251	0.04732228344111475	0.9419156824008474	0.6878600424222738	1.5836123088561997	0.28396711415096093	8.144942722777252	68.06885291681024	2.3163257864500872	0.9858141791745835	28.662320637685948	257.46324132887474	-0.9646383904101634
3.114798494983278	6.224080267558528	1.807375405622318	0.04988314425204916	0.9444032811823053	0.6772451263781682	1.5768656196725537	0.2846081622807492	8.123787820766612	67.68259717678241	2.3060914193855853	0.9856746029650827	28.575186925304248	258.1684384959366	-0.9726531118979664
3.114798494983278	6.260869565217392	1.79442503436576	0.05260895442268469	0.9472898474851514	0.6662756801356757	1.5703803903578304	0.28516143949718553	8.103022227364487	67.31629589423095	2.2960540516118337	0.9855382539115481	28.48981752933132	258.8924153233372	-0.9808072585984235
3.114798494983278	6.297658862876254	1.7811086836293464	0.05551536825257093	0.9506027390529931	0.6549326556978415	1.56415181192001	0.28562868452007245	8.082660899425283	66.96949126862718	2.2862111034104915	0.9854052936967096	28.406199181947663	259.63551059362635	-0.9891055226536594
3.114798494983278	6.334448160535117	1.7673900597409355	0.05862033387650069	0.9543732194786518	0.6431946571487482	1.5581751412089808	0.28601167300937524	8.062717943663793	66.64173479147172	2.2765600581126484	0.9852758860849258	28.324318994728465	260.39806902277695	-0.99755272208882
3.114798494983278	6.37123745819398	1.753228041112464	0.06194457674810411	0.9586372462699393	0.6310374541498867	1.5524457040589719	0.28631221348276403	8.04320665113603	66.33258749609749	2.2670984607989517	0.9851501968292617	28.244164448749995	261.18044150281673	-1.0061538014921203
3.114798494983278	6.408026755852843	1.7385756589982304	0.06551222112230073	0.9634364791126534	0.618433357253156	1.5469588985931761	0.2865321430951009	8.0241395322303	66.04162020708068	2.25782391709087	0.9850283935789079	28.165723385433363	261.98298535915666	-1.0149138337231742
3.114798494983278	6.444816053511706	1.7233787766626003	0.06935160083121368	0.968819589103737	0.6053504037434074	1.5417101986392059	0.2866733233216625	8.005528352114162	65.76841378623189	2.2487340920229104	0.9849106457871304	28.088983998054324	262.8060646214567	-1.0238380226929216
3.114798494983278	6.481605351170568	1.7075743483598793	0.0734963348203443	0.9748439874843833	0.5917512785519224	1.5366951572057563	0.28673763558633064	7.987384166571344	65.51255937227798	2.2398267089856194	0.9847971246198758	28.013934823844462	263.6500503067336	-1.0329317072581503
3.114798494983278	6.518394648829432	1.691088079734883	0.07798678126670552	0.9815781521907232	0.5775918564279221	1.5319094099731585	0.28672697687473897	7.969717358152816	65.27365861153528	2.231099548728862	0.9846880028650731	27.940564736600884	264.5153207132075	-1.042200366273715
3.114798494983278	6.555183946488294	1.6738312135810305	0.08287204688020039	0.9891048282048787	0.5628191887761966	1.5273486787539476	0.2866432553703156	7.952537672559744	65.05132387715163	2.2225504484147285	0.984583454842606	27.86886293971656	265.40226172320325	-1.0516496248467684
3.114798494983278	6.591973244147157	1.6556959995438612	0.08821283448182204	0.9975255430305477	0.5473686520769885	1.5230087748829404	0.28648838614886796	7.935854255171117	64.84517847476145	2.2141773007093613	0.9844836563148444	27.79881895953814	266.3112671132552	-1.0612852618380342
3.114798494983278	6.62876254180602	1.6365491145817197	0.09408560023877394	1.0069671703856384	0.5311597865179736	1.5188856025006778	0.28626428696435435	7.919675687627161	64.65485683274255	2.2059780529028044	0.9843887843975468	27.730422638952593	267.24273886936015	-1.071113218657695
3.114798494983278	6.665551839464883	1.6162217603604683	0.10058884148776713	1.0175918158299824	0.5140900039174344	1.5149751616980918	0.285972874155462	7.904010024379519	64.48000467557212	2.1979507060459222	0.9842990174708695	27.66366413109886	268.1970875051361	-1.081139609405941
3.114798494983278	6.702341137123746	1.5944941017817589	0.10785302401298125	1.0296123600141243	0.4960246560822482	1.5112735514948208	0.2856160586991577	7.8888648291213785	64.3202791791296	2.190093314093282	0.9842145350901265	27.59853389309588	269.17473238043544	-1.091370732412175
3.114798494983278	6.739130434782608	1.5710694707343937	0.11605711148731448	1.0433182353339023	0.4767805009025233	1.5077769726278885	0.28519574243397483	7.8742472110149615	64.17534910711603	2.18240398304088	0.9841355178958864	27.535022679673943	270.1761020177662	-1.1018130832315522
3.114798494983278	6.775919732441472	1.5455285930025184	0.1254580188990245	1.059121177918986	0.4560962443712296	1.504481730131636	0.28471381447231164	7.86016386063894	64.04489492806997	2.174880870047263	0.9840621475228928	27.47312153658994	271.2016344135956	-1.1124733691634987
3.114798494983278	6.812709030100335	1.517240721335272	0.13644802455850324	1.0776440717997946	0.43357512394403325	1.5013842356939893	0.2841721478175405	7.84662108558543	63.928608912764574	2.167522182526589	0.9839946065072374	27.41282179370343	272.251777341408	-1.1233585253639709
3.114798494983278	6.849498327759197	1.485168021484104	0.14968163116419297	1.0999165382790959	0.40855804277119523	1.4984810097777772	0.28357259619845976	7.833624845644081	63.82619521203135	2.160326177201758	0.983933078191133	27.354115057583478	273.32698864305985	-1.134475732631976
3.114798494983278	6.88628762541806	1.4473445792911563	0.1664147083488816	1.1278959022422934	0.37978442238970433	1.4957686834994197	0.2829169911304051	7.8211807875193236	63.73736991530662	2.153291159105571	0.9838777466245642	27.296993203511263	274.4277365046956	-1.1458324369605133
3.114798494983278	6.923076923076923	1.3989286616425587	0.189777185840857	1.1664149023883739	0.3441195047522824	1.4932440002602498	0.2822071392094323	7.809294279036153	63.66186109040004	2.1464154805171973	0.9838287964630246	27.2414483667346	275.55449971307513	-1.1574363709544906
3.114798494983278	6.959866220735786	1.3108266829246562	0.2388092251847848	1.2445576935174862	0.28251817565976767	1.4909038171286013	0.28144481964323054	7.797970442799505	63.59940880517344	2.139697539821022	0.983786412860483	27.187472932825465	276.70776788783047	-1.1692955772309825
3.114798494983278	6.996655518394649	1.2764885390360967	0.25907724844627716	1.2764885390360978	0.2590772484462894	1.4886856662641488	0.2806524464928609	7.787020955798049	63.54515284085471	2.1331026379485762	0.9837478940160437	27.13466033203458	277.87842548560826	-1.1812691479865958
3.114798494983278	7.033444816053512	1.3667132471283157	0.20386557417011092	1.3667132471283223	0.2038655741701073	1.4913085418396197	0.27814783208638566	7.779761169189832	63.82541612328186	2.130474859957161	0.9836854888055818	27.12150171193764	280.0636730730175	-1.1877835208862086
3.114798494983278	7.070234113712375	1.4417823630812565	0.16546716689996308	1.4417823630812583	0.16546716689996235	1.5018610654113147	0.2729371102266391	7.780426520888063	64.65713058169823	2.134332376349168	0.9836244706243432	27.17404713649371	283.96786923207776	-1.1877835208862086
3.114798494983278	7.107023411371237	1.4837912079410465	0.14652609084615714	1.4837912079410474	0.14652609084615684	1.5134332502999062	0.2675396444981736	7.783163502460505	65.55751526187264	2.1392702101780077	0.9835845675087402	27.237676840203108	288.2071215278477	-1.1877835208862086
3.114798494983278	7.1438127090301	1.5144236346645534	0.13384798077766932	1.5144236346645468	0.13384798077767224	1.5253030019508231	0.2622110700075817	7.78687838931127	66.474902611213	2.1447622531719985	0.9835577598915495	27.30684392388732	292.6469052937554	-1.1877835208862086
3.114798494983278	7.1806020066889635	1.5389059225711104	0.12439436032558997	1.5389059225711113	0.12439436032558963	1.5371508467300143	0.25705310347174104	7.791073035152495	67.38671343452488	2.1505566424519413	0.9835400413644161	27.378897159859118	297.22266840431297	-1.1877835208862086
3.114798494983278	7.217391304347826	1.559411948997314	0.1169343510912266	1.5594119489973088	0.11693435109122854	1.5488060816836584	0.2521106020261418	7.79546808729856	68.28109247216986	2.156502417845059	0.983528853745348	27.45225362608475	301.895060121725	-1.1877835208862086
3.114798494983278	7.254180602006689	1.5770856050262194	0.11083530099487063	1.5770856050262207	0.11083530099487009	1.5601741572631644	0.24740050856818727	7.7998964815631915	69.15164175004487	2.1625020422767856	0.9835224170316961	27.52589643951561	306.6379675208435	-1.1877835208862086
3.114798494983278	7.290969899665551	1.5926166984101497	0.10572477845062239	1.5926166984101515	0.1057247784506218	1.5712044810087242	0.2429248188664641	7.804256635396915	69.99508739433197	2.168490668360635	0.9835194446840886	27.59915476059291	311.4333978488555	-1.1877835208862086
3.114798494983278	7.327759197324415	1.6064599878616093	0.10136343311880033	1.6064599878616082	0.10136343311880076	1.5818731607524281	0.23867740246535396	7.808487475122646	70.81003346883237	2.1744248675404108	0.9835189888407827	27.671583996062164	316.2687303659057	-1.1877835208862086
3.114798494983278	7.364548494983278	1.6189345484361188	0.09758774997173153	1.6189345484361184	0.09758774997173177	1.5921728402796564	0.2346478559149347	7.812553728894412	71.5962318916309	2.1802757496140077	0.9835203437592581	27.742892643680168	321.13504507278617	-1.1877835208862086
3.114798494983278	7.40133779264214	1.6302746863280966	0.09428090124287695	1.6302746863280968	0.09428090124287684	1.6021064081228689	0.23082374643391956	7.816436784867441	72.35413353592111	2.1860244853097184	0.9835229807882025	27.812894725387526	326.0260322472382	-1.1877835208862086
3.114798494983278	7.438127090301004	1.640658491404555	0.09135650986655966	1.6406584914045559	0.0913565098665593	1.6116829976553713	0.2271919277305558	7.820128827610662	73.08460502733139	2.191659283199714	0.983526502642149	27.88147772357859	330.9372508501747	-1.1877835208862086
3.114798494983278	7.474916387959866	1.6502250065118798	0.08874896441055913	1.650225006511879	0.0887489644105593	1.6209154077115546	0.22373930347829415	7.82362900447584	73.7887477588289	2.197173301851924	0.9835306104190105	27.94858048697666	335.8656109630794	-1.1877835208862086
3.114798494983278	7.511705685618729	1.659085140443143	0.08640732342823976	1.6590851404431435	0.08640732342823962	1.6298184293206603	0.22045325665030105	7.826940889130849	74.46778173630354	2.202563186317296	0.9835350794201916	28.01417778646731	340.8090062418398	-1.1877835208862086
3.114798494983278	7.548494983277592	1.6673289227580994	0.08429131023655316	1.6673289227580983	0.0842913102365535	1.6384077609228036	0.21732187556288868	7.830070791551581	75.122971262279	2.2078280315883445	0.9835397412224368	28.07826941227833	345.7660496025511	-1.1877835208862086
3.114798494983278	7.585284280936455	1.6750305077360341	0.08236858707805388	1.6750305077360328	0.08236858707805417	1.646699310250316	0.21433405658183002	7.8330266285588035	75.75557791633048	2.212968642947391	0.9835444702700271	28.140872423053853	350.7358812962772	-1.1877835208862086
3.114798494983278	7.622073578595318	1.6822517330922817	0.08061284504976973	1.6822517330922804	0.08061284504977016	1.6547087521329413	0.2114795328862834	7.835817169568007	76.36683145971868	2.2179870052941855	0.9835491737765661	28.202015608612957	355.7180284564727	-1.1877835208862086
3.114798494983278	7.65886287625418	1.689044716770417	0.07900243233661577	1.6890447167704163	0.07900243233661594	1.6624512563533482	0.20874885997463044	7.8384515354912905	76.9579125418016	2.222885900985202	0.9835537840730348	28.261735521892547	360.7123016498632	-1.1877835208862086
3.114798494983278	7.695652173913044	1.695453793603892	0.0775193481312304	1.6954537936038914	0.07751934813123058	1.6699413285720006	0.20613337698973722	7.840938869404243	77.529943169573	2.22766863403863	0.9835582527781457	28.320073631586613	365.718718272009	-1.1877835208862086
3.114798494983278	7.7324414715719065	1.701516986915812	0.07614849123540415	1.701516986915811	0.07614849123540432	1.677192726222988	0.2036251556768071	7.843288124172286	78.0839822572568	2.232338831017882	0.9835625463354081	28.377074280166717	370.7374455708996	-1.1877835208862086
3.114798494983278	7.769230769230769	1.707267144976133	0.0748770898953631	1.707267144976133	0.07487708989536308	1.684218423764691	0.20121694421498765	7.84550792983076	78.62102446465323	2.236900297496652	0.9835666425815028	28.432783223677884	375.7687581214568	-1.1877835208862086
3.114798494983278	7.806020066889632	1.7127328311366683	0.07369426305440727	1.7127328311366687	0.07369426305440714	1.6910306099983332	0.198902110278011	7.847606515294118	79.14200112495696	2.241356914998209	0.983570528097281	28.48724659355728	380.813006005297	-1.1877835208862086
3.114798494983278	7.842809364548495	1.7179390297737096	0.07259067849368853	1.7179390297737098	0.07259067849368844	1.6976407057665115	0.1966745858582397	7.849591666927425	79.64778245858415	2.2457125675167013	0.9835741961558045	28.540510165583463	385.87059096493897	-1.1877835208862086
3.114798494983278	7.879598662207358	1.7229077123855827	0.07155828346516971	1.7229077123855838	0.07155828346516943	1.7040593941325366	0.19452881524339014	7.851470711933149	80.13918053582131	2.2499710897198226	0.9835776451281122	28.59261885284488	390.9419485278106	-1.1877835208862086
3.114798494983278	7.916387959866221	1.7276582960701194	0.07059009028470464	1.7276582960701183	0.07059009028470498	1.7102966577167258	0.19245970682139585	7.853250518221877	80.61695263096189	2.254136231070281	0.9835808772415301	28.643616362285655	396.02753461889546	-1.1877835208862086
3.114798494983278	7.953177257525083	1.7322080181753958	0.0696800040922813	1.7322080181753956	0.06968000409228133	1.7163618196244674	0.19046258895009788	7.85493750499971	81.0818047325457	2.258211631642931	0.9835838976107001	28.693544970673994	401.1278155613313	-1.1877835208862086
3.114798494983278	7.989966555183947	1.7365722449430863	0.06882268331582543	1.7365722449430863	0.06882268331582546	1.7222635856035766	0.1885331698657178	7.856537660082253	81.53439505705833	2.26220080652881	0.9835867134804214	28.742445387602583	406.243260642373	-1.1877835208862086
3.114798494983278	8.02675585284281	1.7407647276625167	0.06801342575019895	1.7407647276625169	0.06801342575019888	1.728010085892937	0.186667501453092	7.858056561183234	81.97533746964532	2.2661071365294325	0.9835893336336182	28.79035668168287	411.3743366269453	-1.1877835208862086
3.114798494983278	8.063545150501673	1.7447978167101186	0.06724807488166358	1.7447978167101177	0.06724807488166383	1.7336089157887564	0.18486194662050942	7.859499399290512	82.40520475345318	2.2699338634393174	0.9835917679284737	28.837316252341164	416.5215037526461	-1.1877835208862086
3.114798494983278	8.100334448160535	1.7486826415205758	0.0665229423477125	1.7486826415205763	0.06652294234771237	1.7390671743399084	0.18311314998613787	7.860871002847394	82.82453169484268	2.273684088652151	0.9835940269369123	28.883359834206818	421.6852128528959	-1.1877835208862086
3.114798494983278	8.137123745819398	1.7524292627909739	0.06583474335606664	1.7524292627909743	0.06583474335606651	1.7443915008458075	0.1814180115741815	7.862175861881852	83.2338179688779	2.277360774149706	0.9835961216628185	28.928521524464156	426.8659033395306	-1.1877835208862086
3.114798494983278	8.173913043478262	1.7560468018961959	0.06518054258667728	1.7560468018961954	0.0651805425866774	1.749588109006464	0.17977366322621402	7.8634181515234935	83.6335308207965	2.280966745172772	0.9835980633231387	28.972833826039793	432.0640018397322	-1.1877835208862086
3.114798494983278	8.210702341137123	1.759543551480432	0.06455770863053349	1.7595435514804314	0.06455770863053373	1.7546628186910034	0.17817744744954603	7.864601754555439	84.02410754643655	2.2845046940520093	0.9835998631786671	29.016327701350967	437.27992133015323	-1.1877835208862086
3.114798494983278	8.247491638795987	1.7629270704070277	0.06396387542381686	1.7629270704070277	0.06396387542381692	1.7596210853672982	0.17662689844532736	7.8657302827937	84.40595777917432	2.2879771848107815	0.9836015324041544	29.05903263272734	442.5140606477602	-1.1877835208862086
3.114798494983278	8.284280936454849	1.766204265637848	0.06339690944797385	1.7662042656378487	0.06339690944797366	1.764468027282594	0.1751197250818708	7.8668070971858555	84.77946559357692	2.2913866582518283	0.9836030819895633	29.100976686645932	447.7668042845764	-1.1877835208862086
3.114798494983278	8.321070234113712	1.7693814631337963	0.06285488170848301	1.7693814631337967	0.06285488170848293	1.7692084505133516	0.1736537956014634	7.867835326589634	85.1449914373984	2.294735437315218	0.9836045226660177	29.142186579693767	453.0385223949193	-1.1877835208862086
3.114798494983278	8.357859531772576	1.772464469488067	0.06233604369468631	1.7724644694880667	0.0623360436946864	1.7738468720174474	0.17222712387080655	7.868817885237821	85.50287390411708	2.2980257325515177	0.9836058648513236	29.18268774474877	458.3295709600212	-1.1877835208862086
3.114798494983278	8.394648829431437	1.7754586257005807	0.06183880667245934	1.7754586257005802	0.0618388066724594	1.7783875408274978	0.1708378570057661	7.869757488925723	85.85343135819922	2.301259647596681	0.9836071186109914	29.22250439630091	463.6402920674845	-1.1877835208862086
3.114798494983278	8.431438127090301	1.7783688542592229	0.06136172377992184	1.778368854259222	0.0613617237799221	1.782834457524454	0.1694842642197745	7.870656669976871	86.19696342495854	2.304439184567503	0.9836082936315259	29.261659594161756	468.97101427284895	-1.1877835208862086
3.114798494983278	8.468227424749164	1.7811997004969673	0.06090347449098172	1.7811997004969669	0.06090347449098182	1.7871913921264952	0.16816472676227637	7.871517791053268	86.53375235629854	2.3075662493204208	0.9836093992033926	29.300175305049684	474.32205301796404	-1.1877835208862086
3.114798494983278	8.505016722408026	1.783955369034671	0.06046285108738849	1.7839553690346708	0.06046285108738843	1.7914619005221677	0.1668777288288251	7.872343057882459	86.86406428294913	2.310642656534797	0.9836104442115997	29.338072461719943	479.69371108680474	-1.1877835208862086
3.114798494983278	8.54180602006689	1.7866397559890927	0.06003874684125703	1.7866397559890932	0.06003874684125689	1.7956493395691233	0.1656218493380313	7.873134530975496	87.188150363066	2.3136701345952813	0.9836114371322385	29.375371019441115	485.0862790838273	-1.1877835208862086
3.114798494983278	8.578595317725753	1.7892564775190125	0.059630145659712405	1.789256477519012	0.059630145659712454	1.7997568809716749	0.16439575448261035	7.873894136409433	87.50624783630873	2.316650330258179	0.983612386033663	29.412090009719304	490.5000359235813	-1.1877835208862086
3.114798494983278	8.615384615384615	1.791808895194143	0.05923611298386801	1.7918088951941422	0.05923611298386822	1.803787524041908	0.16319819097245628	7.874623675745657	87.81858099176408	2.3195848130941266	0.9836132985812431	29.44824759124214	495.9352493229792	-1.1877835208862086
3.114798494983278	8.652173913043478	1.7943001385986608	0.05885578776755585	1.7943001385986606	0.058855787767555894	1.8077441074408374	0.1620279798970817	7.875324835152173	88.12536205737212	2.322475079705035	0.9836141820448454	29.483861098067454	501.39217628982203	-1.1877835208862086
3.114798494983278	8.688963210702342	1.796733125520423	0.05848837538857496	1.796733125520422	0.05848837538857517	1.8116293199880427	0.16088401114307174	7.875999193794034	88.42679201783157	2.3253225577171976	0.983615043308358	29.51894708511741	506.8710636028184	-1.1877835208862086
3.114798494983278	8.725752508361204	1.799110580026321	0.05813314136781121	1.799110580026321	0.058133141367811204	1.8154457106207562	0.159765238309492	7.8766482315520445	88.7230613673428	2.3281286095553817	0.9836158888807146	29.55352137106488	512.3721482796537	-1.1877835208862086
3.114798494983278	8.762541806020067	1.8014350486816226	0.05778940579035118	1.8014350486816222	0.0577894057903512	1.819195697576143	0.1586706740706588	7.877273336125535	89.0143508029529	2.3308945360047058	0.983616724907983	29.58759907871545	517.8956580306937	-1.1877835208862086
3.114798494983278	8.799331103678929	1.8037089151354189	0.057456538338330684	1.8037089151354189	0.057456538338330664	1.8228815768640843	0.15759938594130982	7.877875809570808	89.30083186374614	2.3336215795684287	0.9836175571861708	29.621194672998445	523.4418116966546	-1.1877835208862086
3.114798494983278	8.836120401337793	1.8059344132639965	0.057133953858341746	1.8059344132639963	0.05713395385834178	1.8265055300915747	0.15655049240424004	7.878456874322769	89.58266752062416	2.3363109276305947	0.9836183911744706	29.654321996685937	529.0108196692039	-1.1877835208862086
3.114798494983278	8.872909698996656	1.8081136390383519	0.0568211083971883	1.8081136390383528	0.05682110839718813	1.8300696316944112	0.15552315936483382	7.87901767874343	89.86001272098503	2.338963715433019	0.9836192320087285	29.686994303961665	534.6028842939307	-1.1877835208862086
3.114798494983278	8.909698996655518	1.8102485612602446	0.056517495649025806	1.8102485612602444	0.05651749564902584	1.8335758556266977	0.15451659690081693	7.879559302237242	90.13301489220186	2.3415810288761945	0.9836200845149631	29.7192242919598	540.2182002554513	-1.1877835208862086
3.114798494983278	8.946488294314381	1.8123410312925652	0.056222643764734306	1.8123410312925647	0.056222643764734445	1.8370260815540904	0.1535300562789668	7.8800827599698655	90.40181440743841	2.344163907153733	0.983620953222799	29.7510241303925	545.8569549447014	-1.1877835208862086
3.114798494983278	8.983277591973245	1.8143927918939085	0.05593611248099158	1.814392791893909	0.05593611248099152	1.8404221005925656	0.15256282721352668	7.88058900722382	90.66654501701093	2.3467133452298485	0.9836218423787148	29.782405489381155	551.519328808691	-1.1877835208862086
3.114798494983278	9.020066889632107	1.8164054852534681	0.05565749053216175	1.8164054852534683	0.05565749053216164	1.843765620630529	0.15161423534376883	7.881078943421469	90.92733424819953	2.3492302961689866	0.9836227559590236	29.81337956560123	557.2054956830879	-1.1877835208862086
3.114798494983278	9.05685618729097	1.8183806603107902	0.055386393312888076	1.8183806603107902	0.05538639331288809	1.8470582712688826	0.15068363991045958	7.881553415843287	91.18430377615609	2.3517156733265474	0.9836236976825263	29.84395710684684	562.9156231081708	-1.1877835208862086
3.114798494983278	9.093645484949834	1.8203197794345085	0.05512246076343353	1.8203197794345085	0.05512246076343358	1.850301608410238	0.14977043161313577	7.882013223066629	91.43756976829508	2.3541703524090845	0.9836246710227964	29.874148435114307	568.6498726286968	-1.1877835208862086
3.114798494983278	9.130434782608695	1.8222242245256661	0.054865355453290375	1.8222242245256661	0.05486535545329035	1.853497118525925	0.14887403063189406	7.882459118148367	91.68724320435236	2.35659517341217	0.9836256792200646	29.903963468300528	574.4084000783588	-1.1877835208862086
3.114798494983278	9.167224080267559	1.824095302603372	0.05461476084165084	1.8240953026033715	0.05461476084165091	1.8566462226266567	0.1479938847990857	7.882891811572235	91.93343017408307	2.358990942443425	0.983626725292682	29.93341174060391	580.1913558494281	-1.1877835208862086
3.114798494983278	9.20401337792642	1.825934250924089	0.0543703796959193	1.8259342509240895	0.054370379695919166	1.8597502799605663	0.14712946790774656	7.883311973980399	92.17623215440359	2.3613584334381184	0.983627812048153	29.96250242171352	585.9988851483267	-1.1877835208862086
3.114798494983278	9.240802675585284	1.8277422416799463	0.054131932651720206	1.8277422416799465	0.05413193265172019	1.862810591460116	0.14628027814490396	7.883720238706568	92.41574626761219	2.3636983897739854	0.9836289420937284	29.991244334863556	591.8311282377349	-1.1877835208862086
3.114798494983278	9.277591973244148	1.8295203863164875	0.05389915689980911	1.8295203863164873	0.053899156899809175	1.8658284029575518	0.14544583663906482	7.884117204126796	92.65206552218127	2.3660115257917735	0.9836301178465614	30.019645973827938	597.6882206659433	-1.1877835208862086
3.114798494983278	9.31438127090301	1.8312697395058068	0.05367180498699681	1.8312697395058068	0.05367180498699678	1.8688049081868279	0.14462568611221624	7.884503435842518	92.88527903748249	2.3682985282274465	0.9836313415434292	30.04771551892302	603.57029348407	-1.1877835208862086
3.114798494983278	9.351170568561873	1.8329913028072045	0.053449643719668975	1.8329913028072047	0.05344964371966892	1.8717412515884138	0.14381938962759766	7.884879468709191	93.11547225368655	2.3705600575617565	0.9836326152500273	30.075460852083822	609.4774734518229	-1.1877835208862086
3.114798494983278	9.387959866220736	1.8346860280440098	0.05323245315978665	1.8346860280440096	0.053232453159786634	1.874638530931933	0.14302652942533225	7.885245808722718	93.3427271279707	2.372796749292357	0.9836339408698451	30.102889571072755	615.4098832323579	-1.1877835208862086
3.114798494983278	9.424749163879598	1.8363548204222386	0.053020025704376895	1.8363548204222389	0.053020025704376854	1.8774977997703186	0.14224670583874777	7.885602934774724	93.56712231806888	2.3750092151334363	0.9836353201526344	30.130009002877415	621.3676415768696	-1.1877835208862086
3.114798494983278	9.461538461538462	1.8379985414141788	0.052812165240500517	1.8379985414141784	0.05281216524050064	1.8803200697381013	0.14147953628486293	7.8859513002870045	93.78873335411738	2.3771980441474807	0.9836367547024839	30.156826216349803	627.3508634994735	-1.1877835208862086
3.114798494983278	9.498327759197325	1.8396180114275191	0.052608686368570357	1.8396180114275191	0.05260868636857035	1.883106312705239	0.14072465432313905	7.886291334734325	94.00763279965855	2.379363803813416	0.9836382459855114	30.183348034135115	633.359660442893	-1.1877835208862086
3.114798494983278	9.535117056856187	1.8412140122786393	0.05240941368764677	1.8412140122786393	0.05240941368764678	1.8858574627970541	0.13998170877711108	7.886623445064119	94.22389040259957	2.381507041035142	0.9836397953371877	30.209581043935504	639.3941404354689	-1.1877835208862086
3.114798494983278	9.57190635451505	1.8427872894868784	0.05221418113700066	1.8427872894868786	0.05221418113700059	1.8885744182899922	0.139250362913992	7.886948017021011	94.43757323685863	2.383628283094278	0.9836414039693089	30.235531609151625	645.4544082400258	-1.1877835208862086
3.114798494983278	9.608695652173912	1.844338554404849	0.05202283138884425	1.8443385544048494	0.05202283138884418	1.891258043392038	0.13853029367779202	7.887265416383164	94.64874583536479	2.385728038550488	0.9836430729766271	30.261205878940363	651.5405654949732	-1.1877835208862086
3.114798494983278	9.645484949832776	1.8458684861984698	0.05183521528764817	1.8458684861984704	0.05183521528764801	1.8939091699159438	0.13782119097188117	7.887575990117115	94.85747031502602	2.3878067980927282	0.9836448033431582	30.286609797725987	657.6527108481481	-1.1877835208862086
3.114798494983278	9.68227424749164	1.8473777336891355	0.051651191331914245	1.8473777336891357	0.051651191331914176	1.8965285988528473	0.13712275698725768	7.887880067457117	95.06380649423507	2.389865035344436	0.9836465959481769	30.311749114198662	663.7909400837784	-1.1877835208862086
3.114798494983278	9.719063545150501	1.8488669170691563	0.0514706251947113	1.8488669170691563	0.05147062519471138	1.899117101853114	0.1364347055731368	7.8881779609144695	95.26781200342825	2.3919032076254583	0.9836484515719168	30.336629389831877	669.9553462429537	-1.1877835208862086
3.114798494983278	9.755852842809364	1.8503366295006969	0.05129338927962283	1.8503366295006967	0.051293389279622875	1.9016754226208548	0.1357567616467272	7.8884699672220195	95.46954238918195	2.3939217566734188	0.9836503709009851	30.361256006948917	676.146019737992	-1.1877835208862086
3.114798494983278	9.792642140468228	1.8517874386073936	0.051119362309097964	1.8517874386073934	0.051119362309098026	1.9042042782279105	0.1350886606393573	7.888756368218391	95.66905121228187	2.3959211093269404	0.9836523545335087	30.38563417636533	682.363048461023	-1.1877835208862086
3.114798494983278	9.82943143812709	1.853219887867114	0.050948428942474665	1.8532198878671142	0.05094842894247459	1.9067043603528278	0.13443014797631414	7.889037431676377	95.86639014018053	2.39790167817307	0.9836544029840222	30.40976894463379	688.6065178871378	-1.1877835208862086
3.114798494983278	9.866220735785953	1.8546344979134082	0.05078047942122148	1.8546344979134082	0.05078047942122146	1.909176336449705	0.1337809785880153	7.8893134120793045	96.0616090342094	2.3998638621609816	0.9836565166881096	30.43366520091442	694.876511172369	-1.1877835208862086
3.114798494983278	9.903010033444817	1.8560317677527685	0.050615409239146196	1.8560317677527691	0.05061540923914608	1.911620850851699	0.1331409164502791	7.889584551349237	96.25475603190445	2.4018080471841	0.9836586960068159	30.457327683494544	701.1731092468716	-1.1877835208862086
3.114798494983278	9.939799331103679	1.8574121759038889	0.05045311883556757	1.8574121759038889	0.050453118835567516	1.9140385258132868	0.13250973415169037	7.8898510795301195	96.44587762475396	2.403734606632339	0.9836609412308329	30.48076098597659	707.496390903461	-1.1877835208862086
3.114798494983278	9.976588628762542	1.8587761814648942	0.05029351330958979	1.8587761814648942	0.050293513309589775	1.9164299624954182	0.1318872124861675	7.890113215429224	96.63501873167702	2.4056439019163696	0.9836632525844768	30.50396956315576	713.8464328818719	-1.1877835208862086
3.114798494983278	10.013377926421406	1.8601242251137784	0.05013650215381809	1.8601242251137782	0.05013650215381812	1.9187957418971173	0.13127314006902688	7.890371167219621	96.82222276850081	2.407536282965468	0.9836656302294644	30.5269577366044	720.2233099489157	-1.1877835208862086
3.114798494983278	10.050167224080267	1.8614567300469107	0.04998199900599243	1.8614567300469107	0.049981999005992456	1.9211364257369616	0.13066731297494857	7.890625133006304	97.00753171369281	2.4094120887004755	0.9836680742684984	30.5497296999803	726.6270949747698	-1.1877835208862086
3.114798494983278	10.08695652173913	1.8627741028601608	0.04982992141714161	1.8627741028601608	0.0498299214171416	1.9234525572876473	0.1300695343963759	7.890875301358589	97.19098617058908	2.411271647483362	0.9836705847486726	30.572289524075426	733.0578590056408	-1.1877835208862086
3.114798494983278	10.123745819397993	1.8640767343766131	0.0496801906350079	1.8640767343766131	0.04968019063500792	1.925744662166453	0.12947961432100882	7.89112185181081	97.37262542632877	2.413115277544635	0.983673161664704	30.594641161618966	739.5156713329468	-1.1877835208862086
3.114798494983278	10.160535117056856	1.865365000424789	0.0495327314015647	1.8653650004247893	0.04953273140156464	1.9280132490844923	0.12889736922711645	7.891364955333689	97.55248750771132	2.4149432873899754	0.9836758049620019	30.616788451849796	746.0005995592825	-1.1877835208862086
3.114798494983278	10.19732441471572	1.8666392625706685	0.04938747176359279	1.866639262570669	0.049387471763592705	1.9302588105570821	0.12832262179554152	7.891604774778007	97.73060923415093	2.416755976187135	0.9836785145395835	30.638735124870166	752.5127096612563	-1.1877835208862086
3.114798494983278	10.234113712374581	1.8678998688068629	0.049244342895325616	1.867899868806863	0.04924434289532559	1.932481823577785	0.12775520063729381	7.891841465292724	97.9070262679193	2.418553634134325	0.9836812902528395	30.66048480579393	759.052066049446	-1.1877835208862086
3.114798494983278	10.270903010033445	1.8691471542017322	0.04910327893229541	1.869147154201732	0.04910327893229548	1.934682750258142	0.12719494003576703	7.8920751747188875	98.08177316182791	2.4203365428110275	0.9836841319161617	30.682041018699874	765.6187316255689	-1.1877835208862086
3.114798494983278	10.307692307692308	1.870381441511251	0.048964216815554455	1.870381441511251	0.048964216815554504	1.9368620384352557	0.12664167970263937	7.892306043961142	98.25488340451109	2.4221049755122617	0.9836870393054375	30.703407190401386	772.2127678370506	-1.1877835208862086
3.114798494983278	10.34448160535117	1.8716030417560627	0.048827096145532364	1.8716030417560627	0.04882709614553237	1.9390201222490564	0.12609526454661388	7.892534207338118	98.42638946344718	2.4238591975671815	0.9836900121604186	30.724586654042344	778.8342347291181	-1.1877835208862086
3.114798494983278	10.381270903010034	1.8728122547660404	0.04869185904484337	1.8728122547660402	0.04869185904484339	1.9411574226910433	0.12555554445420244	7.89275979291308	98.5963228258517	2.4255994666428378	0.9836930501869683	30.74558265252837	785.4831909945261	-1.1877835208862086
3.114798494983278	10.418060200668897	1.874009369694514	0.048558450029408465	1.8740093696945133	0.04855845002940857	1.9432743481261796	0.12502237408181346	7.892982922806128	98.76471403756787	2.4273260330339776	0.9836961530591973	30.766398341802983	792.1596940210965	-1.1877835208862086
3.114798494983278	10.454849498327759	1.8751946655040999	0.048426815887317926	1.8751946655040996	0.04842681588731797	1.9453712947894553	0.12449561265846104	7.893203713489052	98.93159274006787	2.429039139939544	0.9836993204214911	30.78703679397625	798.8637999371251	-1.1877835208862086
3.114798494983278	10.491638795986622	1.876368411425962	0.048296905564898976	1.8763684114259616	0.04829690556489903	1.9474486472585575	0.12397512379845786	7.893422276063909	99.09698770567236	2.430739023726639	0.9837025518904332	30.80750100031412	805.5955636548033	-1.1877835208862086
3.114798494983278	10.528428093645484	1.8775308673941988	0.04816867005949559	1.8775308673941984	0.048168670059495676	1.949506778904003	0.12346077532349789	7.893638716526322	99.26092687108937	2.4324259141825464	0.9837058470566328	30.82779387409518	812.3550389117103	-1.1877835208862086
3.114798494983278	10.565217391304348	1.8786822844569775	0.04804206231849952	1.8786822844569777	0.048042062318499515	1.9515460523180592	0.12295243909356621	7.89385313601457	99.42343736937131	2.434100034755576	0.9837092054864593	30.847918253343188	819.1422783105735	-1.1877835208862086
3.114798494983278	10.602006688963211	1.8798229051657471	0.047917037144228625	1.8798229051657467	0.04791703714422872	1.9535668197234837	0.1224499908461793	7.894065631045048	99.5845455603683	2.435761602785115	0.983712626723689	30.86787690343973	825.9573333572419	-1.1877835208862086
3.114798494983278	10.638795986622073	1.8809529639440508	0.04779355110424322	1.88095296394405	0.04779355110424334	1.9555694233633925	0.12195331004344825	7.894276293735292	99.74427705977365	2.437410829721656	0.9837161102910685	30.887672519625298	832.800254497118	-1.1877835208862086
3.114798494983278	10.675585284280936	1.8820726874370013	0.04767156244676614	1.8820726874370017	0.04767156244676608	1.9575541958730678	0.12146227972654337	7.894485212014901	99.90265676682408	2.439047921337099	0.9837196556917984	30.90730772939235	839.6710911499664	-1.1877835208862086
3.114798494983278	10.7123745819398	1.8831822948427697	0.047551031020851044	1.8831822948427703	0.04755103102085097	1.959521460634873	0.12097678637711538	7.8946924698254435	100.05970889074004	2.4406730779260126	0.983723262410942	30.92678509477775	846.5698917433202	-1.1877835208862086
3.114798494983278	10.749163879598662	1.8842819982270644	0.04743191820100707	1.8842819982270647	0.04743191820100709	1.9614715321170875	0.12049671978529389	7.894898147309791	100.21545697596835	2.442286494498217	0.9837269299167627	30.94610711455858	853.496703744482	-1.1877835208862086
3.114798494983278	10.785953177257525	1.8853720028216263	0.04731418681599045	1.8853720028216265	0.047314186815990374	1.9634047161975041	0.12002197292389487	7.895102320991509	100.36992392628886	2.4438883609631006	0.9837306576619925	30.96527622635593	860.451573691176	-1.1877835208862086
3.114798494983278	10.822742474916389	1.8864525073077398	0.04719780108149442	1.8864525073077403	0.047197801081494344	1.9653213104726732	0.11955244182848611	7.895305063945015	100.52313202785157	2.4454788623061776	0.983734445085037	30.984294808652308	867.4345472209842	-1.1877835208862086
3.114798494983278	10.85953177257525	1.8875237040855466	0.047082726536501494	1.8875237040855466	0.0470827265365015	1.9672216045534254	0.11908802548300212	7.895506445956813	100.67510297119179	2.447058178758137	0.983738291611118	31.003165182725326	874.4456690995257	-1.1877835208862086
3.114798494983278	10.896321070234114	1.888585779530107	0.04696892998305631	1.8885857795301069	0.04696892998305634	1.9691058803475505	0.11862862571058586	7.895706533678621	100.82585787228767	2.448626485956926	0.983742196653358	31.021889614503745	881.4849832475754	-1.1877835208862086
3.114798494983278	10.933110367892976	1.889638914234841	0.046856379429262934	1.8896389142348404	0.04685637942926302	1.9709744123301096	0.11817414706939959	7.89590539077253	100.97541729269686	2.4501839551030153	0.9837461596138095	31.040470316347434	888.5525327670204	-1.1877835208862086
3.114798494983278	10.96989966555184	1.8906832832431555	0.04674504403529791	1.8906832832431557	0.04674504403529791	1.9728274678021382	0.1177244967531202	7.896103078048843	101.12380125882832	2.4517307531083072	0.9837501798844306	31.058909448756445	895.6483599658129	-1.1877835208862086
3.114798494983278	11.006688963210703	1.8917190562689328	0.04663489406225677	1.8917190562689326	0.0466348940622568	1.9746653071383296	0.11727958449587463	7.896299653597044	101.27102928039284	2.4532670427389833	0.9837542568480115	31.07720912201236	902.7725063819596	-1.1877835208862086
3.114798494983278	11.043478260869565	1.8927463979064312	0.0465259008236706	1.8927463979064307	0.04652590082367065	1.9764881840241615	0.11683932248138891	7.896495172910091	101.41712036806749	2.4547929827525077	0.9837583898790526	31.09537139775433	909.9250128065383	-1.1877835208862086
3.114798494983278	11.080267558528428	1.893765467830262	0.046418036639524714	1.8937654678302618	0.04641803663952475	1.978296345683088	0.1164036252561213	7.896689689002587	101.56209305042007	2.456308728029136	0.9837625783445969	31.11339829049379	917.1059193058369	-1.1877835208862086
3.114798494983278	11.117056856187292	1.8947764209859317	0.04631127479263807	1.894776420985932	0.04631127479263804	1.9800900330942137	0.11597240964618162	7.896883252523004	101.70596539012445	2.4578144296981272	0.9837668216050195	31.131291769069755	924.3152652426131	-1.1877835208862086
3.114798494983278	11.153846153846153	1.8957794077715477	0.04620558948725537	1.895779407771548	0.04620558948725532	1.9818694812010174	0.11554559467783154	7.897075911860529	101.84875499950927	2.4593102352590113	0.9837711190147768	31.149053758048968	931.5530892965993	-1.1877835208862086
3.114798494983278	11.190635451505017	1.8967745742110649	0.04610095580973401	1.896774574211065	0.04610095580973396	1.9836349191114484	0.11512310150139454	7.897267713246538	101.9904790554643	2.4607962886979995	0.9837754699231152	31.166686139071455	938.8194294841647	-1.1877835208862086
3.114798494983278	11.22742474916388	1.8977620621195705	0.045997349691200645	1.8977620621195712	0.04599734969120056	1.9853865702898492	0.11470485331840144	7.897458700851114	102.13115431373788	2.4622727305998313	0.9837798736747428	31.18419075214518	946.1143231772427	-1.1877835208862086
3.114798494983278	11.264214046822742	1.8987420092611138	0.045894747872054595	1.8987420092611136	0.04589474787205463	1.9871246527411965	0.11429077531179581	7.897648916875041	102.27079712266222	2.463739698255357	0.9837843296104676	31.20156939689258	953.4378071216105	-1.1877835208862086
3.114798494983278	11.301003344481606	1.8997145494993133	0.04579312786823146	1.8997145494993137	0.04579312786823143	1.988849379187853	0.1138807945790686	7.897838401637176	102.40942343632109	2.4651973257648536	0.9837888370677985	31.218823833749475	960.7899174544126	-1.1877835208862086
3.114798494983278	11.33779264214047	1.9006798129412716	0.04569246793911072	1.900679812941272	0.04569246793911066	1.990560957239332	0.11347484006815954	7.898027193657756	102.54704882719719	2.4666457441374483	0.9837933953815178	31.23595578512016	968.1706897210884	-1.1877835208862086
3.114798494983278	11.37458193979933	1.9016379260750578	0.04559274705698493	1.9016379260750578	0.04559274705698494	1.992259589555318	0.11307284251599886	7.8982153297376545	102.68368849831722	2.4680850813867106	0.9837980038842206	31.25296693648944	975.5801588916528	-1.1877835208862086
3.114798494983278	11.411371237458194	1.9025890119011304	0.045493944877999445	1.9025890119011302	0.045493944877999515	1.993945474002312	0.11267473438955755	7.898402845033937	102.81935729492218	2.469515462622657	0.9838026619068266	31.26985893749432	983.0183593764085	-1.1877835208862086
3.114798494983278	11.448160535117056	1.9035331900580057	0.04539604171448241	1.9035331900580053	0.04539604171448251	1.9956188038041598	0.11228044982928617	7.89858977313182	102.95406971568217	2.470937010140291	0.9838073687790643	31.28663340295671	990.4853250410913	-1.1877835208862086
3.114798494983278	11.48494983277592	1.904470576942433	0.04529901850859082	1.904470576942433	0.04529901850859076	1.9972797676867353	0.11188992459482987	7.898776146113201	103.08783992347621	2.472349843504786	0.9838121238299267	31.303291913878372	997.9810892214283	-1.1877835208862086
3.114798494983278	11.521739130434783	1.9054012858244214	0.04520285680719646	1.9054012858244214	0.04520285680719648	1.9989285500171137	0.11150309601290605	7.898961994622077	103.22068175576115	2.473754079633591	0.9838169263881053	31.319836018401062	1005.505684737253	-1.1877835208862086
3.114798494983278	11.558528428093645	1.9063254269573016	0.045107538737950724	1.9063254269573011	0.045107538737950835	2.0005653309373916	0.11111990292724948	7.899147347926842	103.35260873454295	2.475149832875434	0.9838217757823973	31.33626723273185	1013.0591439060568	-1.1877835208862086
3.114798494983278	11.595317725752508	1.9072431076831347	0.04501304698645888	1.907243107683135	0.045013046986458805	2.0021902864934837	0.11074028565052092	7.89933223397974	103.48363407597252	2.476537215086486	0.9838266713420918	31.35258704203615	1020.641498556114	-1.1877835208862086
3.114798494983278	11.632107023411372	1.9081544325336468	0.04491936477451047	1.908154432533647	0.044919364774510445	2.0038035887590318	0.11036418591809681	7.899516679473552	103.61377069957943	2.4779163357037186	0.983831612397334	31.368796901299245	1028.2527800391194	-1.1877835208862086
3.114798494983278	11.668896321070234	1.9090595033269568	0.04482647583930491	1.9090595033269562	0.044826475839305026	2.0054054059547473	0.10999154684364168	7.89970070989573	103.74303123716368	2.4792873018156385	0.9838365982794677	31.384898236158108	1035.8930192424145	-1.1877835208862086
3.114798494983278	11.705685618729097	1.9099584192602481	0.04473436441362555	1.909958419260248	0.04473436441362555	2.0069959025632733	0.10962231287639439	7.899884349579975	103.87142804135523	2.480650218230453	0.9838416283213601	31.400892443704006	1043.5622466007726	-1.1877835208862086
3.114798494983278	11.74247491638796	1.9108512769986303	0.04464301520690838	1.91085127699863	0.04464301520690835	2.008575239439847	0.10925642976008253	7.900067621755547	103.9989731938605	2.482005187541822	0.9838467018577064	31.416780893257997	1051.2604921077946	-1.1877835208862086
3.114798494983278	11.779264214046822	1.9117381707603645	0.044552413387158464	1.9117381707603642	0.04455241338715849	2.0101435739189357	0.10889384449338899	7.900250548594324	104.1256785134087	2.4833523101922887	0.983851818225317	31.43256492711982	1058.9877853269377	-1.1877835208862086
3.114798494983278	11.816053511705686	1.9126191923985925	0.04446254456367627	1.9126191923985925	0.04446254456367625	2.011701059916974	0.10853450529191004	7.900433151255721	104.25155556340803	2.4846916845344547	0.9838569767633879	31.44824586129151	1066.7441554021461	-1.1877835208862086
3.114798494983278	11.852842809364548	1.9134944314797722	0.044373394770546956	1.913494431479772	0.04437339477054702	2.013247848031405	0.10817836155153249	7.900615449929606	104.3766156593271	2.4860234068900176	0.983862176813755	31.46382498617648	1074.5296310681401	-1.1877835208862086
3.114798494983278	11.889632107023411	1.9143639753589572	0.044284950450856765	1.9143639753589576	0.04428495045085673	2.014784085636185	0.10782536381316783	7.90079746387731	104.50086987581253	2.4873475716067683	0.9838674177211328	31.479303567255492	1082.3442406603735	-1.1877835208862086
3.114798494983278	11.926421404682275	1.9152279092520756	0.044197198441598605	1.9152279092520756	0.04419719844159859	2.01630991697388	0.10747546372878532	7.900979211470781	104.62432905355273	2.4886642711136058	0.9838726988333388	31.494682845740076	1090.1880121246545	-1.1877835208862086
3.114798494983278	11.963210702341136	1.9160863163053612	0.044110125959230986	1.9160863163053619	0.04411012595923092	2.0178254832445437	0.10712861402868377	7.901160710230084	104.74700380590254	2.4899735959736877	0.9838780195015038	31.50996403920474	1098.0609730264748	-1.1877835208862086
3.114798494983278	12.	1.916939277662	0.04402372058586585	1.916939277662	0.04402372058586585	2.019330922691408	0.10678476848995769	7.901341976859101	104.86890452527022	2.491275634935707	0.9838833790802678	31.52514834219776	1105.963150559991	-1.1877835208862086