2.5205	3.280936454849498	2.610077801355245	0.014076911894035402	1.4969589624674065	0.9047805312500163	2.4923278508754674	0.2944497761780091	10.124735490133025	92.33773664305957	4.155982238010347	0.9859790858141899	37.13995582267026	235.41795852389086	0.41702747100217
2.524714882943144	3.280936454849498	2.611421747117581	0.01369072818557938	1.4958822747334266	0.9065947441641727	2.4963366060815755	0.2921308311454356	10.129163204108414	92.91219303023131	4.155775300237736	0.9861472992319016	37.18503083721249	235.42172048532035	0.41144450521847276
2.528929765886288	3.280936454849498	2.612743075778546	0.013315876000810021	1.4948336691330266	0.9083709120954077	2.5004093868458903	0.2897894133721988	10.13335919122543	93.49297982351993	4.155585680803866	0.9863136877764005	37.23017512180392	235.42699193485603	0.40584413304199124
2.5331446488294316	3.280936454849498	2.6140425202005724	0.012951981142204243	1.4938123222838589	0.9101099766494702	2.5045454914172014	0.2874259393275512	10.137318288632475	94.08004544278849	4.1554128366989715	0.98647826484145	37.275385474464656	235.43371792273572	0.4002262099958584
2.5373595317725752	3.280936454849498	2.6153207887017085	0.01259868385706516	1.492817439370497	0.9118128517970563	2.5087442270625147	0.285040824888125	10.141035424686246	94.67333751341097	4.155256241080637	0.9866410441605471	37.320658801621384	235.44184528123736	0.39459056902118683
2.5415744147157193	3.280936454849498	2.616578566125545	0.012255638176496464	1.4918482529691452	0.9134804248255755	2.5130049088506072	0.28263448582407624	10.144505620536602	95.27280275469299	4.155115382824588	0.9868020397795488	37.36599211465794	235.4513225706466	0.38893702150255316
2.545789297658863	3.280936454849498	2.617816514846013	0.011922511290644889	1.4909040219316914	0.9151135572474641	2.5173268583394517	0.28020733833234124	10.14772399204879	95.87838685944119	4.154989766084324	0.986961266030071	37.41138252651619	235.46210002647072	0.38326535833795394
2.550004180602007	3.280936454849498	2.6190352757105195	0.011598982957861386	1.489984030325481	0.9167130856674615	2.5217094021647286	0.2777597996171738	10.15068575209191	96.49003436449235	4.15487890985937	0.9871187375036321	37.45682724834497	235.47412950786716	0.37757535105853113
2.5542190635451507	3.280936454849498	2.6202354689245677	0.011284744945612083	1.4890875864254765	0.91827982261108	2.526151870526676	0.27529228851808013	10.153386213223028	97.10768851202809	4.154782347572024	0.9872744690265072	37.502323586194954	235.48736444724864	0.3718667530037349
2.5584339464882944	3.280936454849498	2.621417694880715	0.0109795005011283	1.4882140217556774	0.9198145573163443	2.5306535955724208	0.2728052261852318	10.155820790796966	97.7312911015103	4.154699626652334	0.9874284756352573	37.54786893775645	235.50175980103282	0.36613930055802935
2.5626488294314385	3.280936454849498	2.6225825349344296	0.010682963849937046	1.487362690176901	0.9213180564907287	2.5352139096710626	0.2702990368023242	10.157985006532009	98.36078233210098	4.154630308130968	0.9875807725529007	37.59346078913662	235.51727200147675	0.3603927144554928
2.566863712374582	3.280936454849498	2.6237305521292376	0.010394859720543883	1.4865329670182588	0.922791065035065	2.539832143578889	0.26777414835674884	10.159874492562084	98.99610063545612	4.154573966239962	0.9877313751656922	37.63909671167459	235.53385890958904	0.3546267011593398
2.5710785953177258	3.280936454849498	2.6248622918732423	0.010114922893667845	1.4857242482497972	0.9242343067361074	2.5445076244921383	0.2652309934568434	10.161484996006216	99.63718249880829	4.154530188020873	0.9878802990004739	37.684774358789795	235.55147976905207	0.34884095432344675
2.57529347826087	3.280936454849498	2.6259782825689477	0.009842897774539292	1.4849359496939796	0.925648484929296	2.54923967398507	0.2626700101957686	10.162812384085653	100.28396227830339	4.154498572940186	0.9880275597025633	37.730491462861096	235.57009516112817	0.34303515634345616
2.5795083612040135	3.280936454849498	2.627079036198115	0.009578537986876202	1.484167506273824	0.9270342831331804	2.554027605831267	0.260091643061419	10.163852649819091	100.93637200259369	4.154478732511714	0.9881731730141448	37.776245832133476	235.5896669605097	0.33720898000531424
2.583723244147157	3.280936454849498	2.6281650488632096	0.00932160598724978	1.483418371295655	0.9283923656568752	2.558870723706531	0.2574963438914981	10.164601918325474	101.59434116675116	4.15447028992568	0.9883171547531289	37.82203534764858	235.61015829207042	0.33136209023935176
2.5879381270903012	3.280936454849498	2.6292368012868064	0.009071872698639304	1.482688015764543	0.9297233781818262	2.563768318772071	0.25488457287265237	10.165056453763103	102.2577965166216	4.1544728796841355	0.9884595207924477	37.86785796019531	235.6315334884671	0.32549414598815724
2.592153010033445	3.280936454849498	2.6302947592702908	0.008829117162053405	1.4819759277306719	0.9310279483191063	2.568719667137455	0.252256799582176	10.165212666932387	102.9266618238299	4.154486147242622	0.9886002870397524	37.913711687278585	235.65375804857817	0.31960480219679105
2.596367892976589	3.280936454849498	2.63133937411291	0.008593126205173727	1.4812816116649015	0.9323066861434052	2.573724027203238	0.24961350407047664	10.165067123567765	103.60085765171762	4.154509748657527	0.9887394694174848	37.95959461010085	235.6767985967044	0.3136937119336582
2.6005827759197326	3.280936454849498	2.6323710829922744	0.00836369412704137	1.4806045878619818	0.9335601847047876	2.5787806368841015	0.2469551779820443	10.164616553341952	104.28030111259906	4.1545433502390585	0.9888770838432915	38.00550487055494	235.70062284252134	0.30776052865070314
2.6047976588628763	3.280936454849498	2.6333903093072384	0.008140622397870752	1.479944391869894	0.9347890205192948	2.5838887107143638	0.24428232571213107	10.163857859602869	104.96490561684311	4.15458662820941	0.9890131462107562	38.05144066822413	235.7251995417254	0.3018049085911018
2.6090125418060204	3.280936454849498	2.6343974629840545	0.007923719373134021	1.4793005739439267	0.9359937540393802	2.589047436838708	0.24159546559584574	10.162788129859916	105.65458061440147	4.154639268365916	0.9891476723704247	38.097400257387015	235.75049845734773	0.29582651335253257
2.613227424749164	3.280936454849498	2.6353929407465966	0.007712800021112107	1.4786726985241208	0.9371749301051674	2.5942559738923068	0.23889513112570618	10.161404647031889	106.34923132955248	4.1547009657487735	0.9892806781111049	38.1433819440238	235.77649032168148	0.2898250126135904
2.6174423076923077	3.280936454849498	2.6363771263515554	0.007507685663155485	1.4780603437348672	0.9383330783774689	2.5995134477761397	0.23618187219297795	10.159704901463874	107.04875848979749	4.154771424313341	0.989412179141423	38.189384082823885	235.80314679882204	0.2838000870304436
2.6216571906354518	3.280936454849498	2.6373503907892806	0.007308203725948401	1.477463100905395	0.9394687137535025	2.604818948334662	0.23345625634741157	10.157686603713973	107.75305804999587	4.1548503566063895	0.9895421910716244	38.235405074189856	235.8304404477414	0.2777514313098092
2.6258720735785954	3.280936454849498	2.638313092451198	0.007114187505105633	1.4768805741100466	0.9405823367662095	2.610171525945309	0.2307188700690312	10.1553476981039	108.46202091305295	4.154937483446354	0.9896707293956133	38.28144336123936	235.85834468590514	0.2716787574634485
2.6300869565217395	3.280936454849498	2.6392655772645974	0.0069254759394753035	1.4763123797272324	0.9416744339680839	2.615570188030903	0.22797032004486464	10.15268637701933	109.17553264864078	4.155032533607252	0.9897978094732287	38.327497426802815	235.88683375338513	0.2655817982482105
2.634301839464883	3.280936454849498	2.640208178795758	0.0067419133955529936	1.4757581460160283	0.9427454783004044	2.621013895508878	0.22521123444232038	10.149701095936164	109.89347321169676	4.155135243506125	0.9899234465127642	38.373565790417715	235.91588267745732	0.259460310793854
2.638516722408027	3.280936454849498	2.641141218322401	0.006563349461448129	1.4752175127094072	0.9437959294487788	2.6265015591933354	0.22244226417001706	10.146390589138797	110.6157166626514	4.155245356893784	0.9900476555537407	38.41964700531986	235.94546723765131	0.2533140804192329
2.642731605351171	3.280936454849498	2.6420650048766423	0.00638963874987307	1.4746901306231588	0.9448262341858978	2.6320320361689524	0.21966408411565225	10.142753886084304	111.34213089160853	4.155362624548836	0.9901704514499564	38.46573965543408	235.9755639312542	0.24714292463524357
2.6469464882943146	3.280936454849498	2.6429798352597444	0.006220640709654008	1.4741756612795762	0.9458368267024206	2.637604126158685	0.21687739434934433	10.138790328353513	112.07257734896129	4.155486803974901	0.9902918488528406	38.51184235236728	236.00614993925524	0.24094669733037266
2.651161371237458	3.280936454849498	2.6438859940301365	0.006056219445289811	1.473673776545025	0.9468281289269115	2.6432165679101836	0.2140829212797208	10.134499587115538	112.8069107851892	4.155617659100992	0.9904118621951511	38.55795373240796	236.0372030927313	0.23472529313197896
2.6553762541806023	3.280936454849498	2.6447837534664043	0.005896243544109624	1.4731841582805376	0.9478005508357888	2.648868035629429	0.21128141874869721	10.129881681016593	113.54497900288222	4.155754959985079	0.9905305056750631	38.60407245353742	236.06870183967342	0.2284786519328754
2.659591137123746	3.280936454849498	2.6456733735072495	0.005740585910602453	1.472706498004649	0.9487544907542289	2.6545571354932287	0.20847366904979528	10.124936994387474	114.28662262428958	4.155898482521195	0.9906477932407097	38.65019719246137	236.1006252123002	0.22220676356975663
2.6638060200668896	3.280936454849498	2.646555101670532	0.00558912360751629	1.4722404965676354	0.9496903356490223	2.660282402275799	0.20566048385355853	10.119666295645684	115.03167487797762	4.156048008149859	0.9907637385752431	38.696326641667554	236.13295279483194	0.21590967263534014
2.6680209030100337	3.280936454849498	2.647429172954034	0.0054417377033419605	1.4717858638364534	0.950608461414372	2.6660422961282686	0.20284270502252352	10.114070755749985	115.77996140844259	4.156203323572561	0.9908783550824996	38.74245950652294	236.16566469181458	0.20958748340239994
2.6722357859531773	3.280936454849498	2.648295809720725	0.005298313125819799	1.471342318389627	0.9515092331516589	2.671835199553156	0.20002120529720058	10.108151966545545	116.53130011275208	4.156364220470379	0.9909916558733596	38.788594502420075	236.19874149700166	0.20324036483281868
2.6764506688963214	3.280936454849498	2.649155221571767	0.005158738521124389	1.4709095872214064	0.9523930054441911	2.6776594146192982	0.19719688883357933	10.101911958818121	117.28550100850885	4.156530495227351	0.9911036537529112	38.834730351987886	236.23216426287172	0.19686855563998296
2.680665551839465	3.280936454849498	2.650007605210799	0.005022906118402734	1.4704874054545316	0.9532601226279914	2.683513160465693	0.19437069157199008	10.095353219856264	118.0423661375994	4.156701948659088	0.9912143612085278	38.880865782381505	236.26591447083456	0.19047236936767284
2.6848804347826087	3.280936454849498	2.6508531443034715	0.004890711599358017	1.470075516060989	0.9541109190596495	2.6893945711453324	0.19154358141667224	10.088478710300992	118.80168951030812	4.156878385747407	0.9913237903989925	38.92699952266965	236.29997400222203	0.18405219944329457
2.689095317725753	3.280936454849498	2.651692009336527	0.004762053972591119	1.469673669590181	0.9549457193822793	2.695301693862345	0.18871655820519756	10.08129188004461	119.56325709444464	4.157059615381662	0.9914319531448001	38.97313030133794	236.33432511014257	0.17760852415787143
2.6933102006688965	3.280936454849498	2.6525243574811155	0.004636835452427857	1.4692816239039586	0.9557648387905913	2.701232487657207	0.18589065344706732	10.073796682923367	120.3268468541119	4.157245450107756	0.9915388609197847	39.01925684392949	236.36895039230984	0.17114191152001398
2.69752508361204	3.280936454849498	2.653350332465365	0.0045149613419804635	1.4688991439180332	0.9565685832960743	2.7071848225956963	0.18306692981128803	10.065997589934403	121.09222884265913	4.157435705885734	0.9916445248442209	39.065377870845055	236.40383276495683	0.1646530239258243
2.7017399665551842	3.280936454849498	2.6541700644615545	0.0043963399202080755	1.4685260013493184	0.9573572499932145	2.7131564795168828	0.18024648034381238	10.057899600696118	121.85916535414793	4.15763020185713	0.991748955679556	39.11149209532628	236.43895543796248	0.15814262258221723
2.705954849498328	3.280936454849498	2.654983669993477	0.004280882332761484	1.468161974468808	0.9581311273276354	2.7191451503945308	0.1774304273970856	10.049508252863012	122.62741113738873	4.157828760123131	0.9918521638249261	39.15759822164657	236.47430189131848	0.15161157161666436
2.7101697324414715	3.280936454849498	2.655791251869833	0.004168502486414751	1.467806847859675	0.9588904953669614	2.7251484393637493	0.1746199212560286	10.04082962920311	123.39671367617265	4.158031205534948	0.9919541593156136	39.203694943535645	236.50985585309053	0.1450608418031084
2.7143846153846156	3.280936454849498	2.6565928991495102	0.004059116946907911	1.4674604121802877	0.9596356260750919	2.7311638644608616	0.1718161384473688	10.031870362047615	124.16681353877682	4.158237365497446	0.9920549518235917	39.24978094286108	236.5456012789916	0.13849151383121583
2.7185994983277593	3.280936454849498	2.657388687144804	0.003952644840041988	1.4671224639319755	0.9603667835904782	2.7371888601198435	0.16902027972226097	10.0226376348302	124.93744479919317	4.158447069787614	0.9921545506602978	39.295854888594164	236.5815223337464	0.1319047810446334
2.7228143812709034	3.280936454849498	2.658178677468378	0.0038490077558903735	1.4667928052313899	0.9610842245088317	2.7432207804614843	0.16623356770604455	10.013139180447952	125.70833553169325	4.158660150388986	0.9922529647817591	39.3419154360823	236.61760337436675	0.12530195157408666
2.727029264214047	3.280936454849498	2.658962918129709	0.0037481296560088	1.4664712435874017	0.961788198170544	2.7492569034038614	0.16345724421310154	10.003383276196587	126.47920837946336	4.158876441343438	0.9923502027961774	39.38796122665105	236.65382893549264	0.1186844497923621
2.7312441471571907	3.280936454849498	2.659741443686337	0.003649936783547074	1.4661575916825536	0.9624789469529254	2.7552944356128504	0.16069256722969827	9.993378735061652	127.2497811969948	4.159095778621551	0.9924462729740577	39.433990887555986	236.690183716929	0.11205381702158364
2.7354590301003348	3.280936454849498	2.660514275454813	0.003554357576185694	1.4658516671591442	0.9631567065671537	2.761330518300528	0.15794080757290868	9.983134893183248	128.0197677647856	4.159318000012666	0.9925411832609348	39.480003032300914	236.72665257349306	0.10541171142792845
2.7396739130434784	3.280936454849498	2.661281421785612	0.0034613225818389826	1.4655532924101127	0.9638217063596399	2.7673622338670594	0.1552032452393709	9.97266159335523	128.78887857369276	4.159542945035711	0.99263494129272	39.52599626133666	236.76322050728385	0.09875990704604819
2.743888795986622	3.280936454849498	2.662042878405508	0.0033707643770853578	1.465262294374948	0.9644741696172804	2.773386613368344	0.15248116546348417	9.961969164470334	129.55682167500302	4.159770454871598	0.9927275544136583	39.571969163148765	236.7998726624516	0.0921002918839469
2.748103678929766	3.280936454849498	2.6627986288299867	0.0032826174883021546	1.4649785043409063	0.9651143138758499	2.7794006447774002	0.1497758545107152	9.951068396879435	130.32330359096895	4.160000372317826	0.9928190296968376	39.61792031573841	236.83659432252173	0.08543486506994245
2.75231856187291	3.280936454849498	2.663548644847304	0.003196818315497239	1.4647017577499142	0.9657423512305695	2.7854012819929928	0.1470885952375869	9.93997051369536	131.08803027927127	4.1602325417658	0.9929093739671567	39.663848288495416	236.87337091031395	0.07876573301570193
2.7565334448160534	3.280936454849498	2.6642928870745326	0.0031133050588439248	1.4644318940115202	0.9663584886476598	2.7913854545338648	0.14442066245574695	9.928687138137867	131.85070814358085	4.160466809200833	0.9929985938266112	39.70975164445459	236.91018799043457	0.07209510458330526
2.7607483277591975	3.280936454849498	2.66503130558482	0.003032017647935615	1.4641687563223542	0.9669629282755037	2.79735007784259	0.14177331814284536	9.917230257085569	132.61104508122332	4.160703022224794	0.9930866956817087	39.75562894292255	236.94703127431544	0.06542528525971292
2.764963210702341	3.280936454849498	2.665763840603709	0.0029528976737852367	1.4639121914925557	0.9675558677538415	2.803292064108963	0.13914780654778797	9.905612181070214	133.36875155786595	4.160941030100922	0.9931736857727873	39.80147874245393	236.98388662772507	0.058758670358506127
2.7691780936454853	3.280936454849498	2.666490423271039	0.0028758883235996966	1.4636620497796247	0.9681375005192961	2.809208333510148	0.13654534924194947	9.893845501017475	134.12354169824164	4.16118068381986	0.9932595702049596	39.84729960414958	237.0207400806223	0.05209773728533878
2.773392976588629	3.280936454849498	2.667210976463681	0.002800934318360881	1.4634181847301786	0.9687080161053818	2.815095825753601	0.13396714017109115	9.881943042104094	134.87513438119979	4.161421836185951	0.9933443549803733	39.89309009524411	237.05757783921865	0.04544503692110521
2.7776078595317726	3.280936454849498	2.6679254156729697	0.002727981853244475	1.4631804530300454	0.9692676004350883	2.8209515117994486	0.1314143407648058	9.869917815161577	135.62325432687288	4.161664341922105	0.9934280460314424	39.938848792942174	237.0943863000401	0.038803184193240026
2.7818227424749167	3.280936454849498	2.668633649929635	0.0026569785409018697	1.4629487143631112	0.9698164361040913	2.826772405632305	0.12888807516119558	9.857782966109983	136.36763316351036	4.161908057791604	0.9935106492546713	39.984574288459676	237.13115206577817	0.03217484792166193
2.7860376254180603	3.280936454849498	2.669335582767863	0.0025878733576233074	1.4627228312792797	0.9703547026526536	2.832555575948231	0.12638942560414512	9.845551723949473	137.1080104615473	4.162152842734707	0.993592170544681	40.03026519122038	237.16786196266776	0.02556274004028924
2.790252508361204	3.280936454849498	2.6700311132192196	0.0025206165923897356	1.4625026690718146	0.9708825768243388	2.8382981576210873	0.12391942806895452	9.833237347870982	137.84413472276177	4.162398558017645	0.9936726158280248	40.07592013315415	237.20450305910313	0.018969604307916804
2.794467391304348	3.280936454849498	2.6707201368264957	0.0024551597988068	1.4622880956642972	0.9714002328097756	2.8439973628143824	0.121479068169157	9.820853074069369	138.57576431295962	4.162645067391523	0.9937519910963846	40.12153777304196	237.2410626851904	0.012398204632510334
2.7986822742474917	3.280936454849498	2.6714025466669766	0.0023914557498993616	1.4620789815073043	0.9719078424738573	2.8496504916091414	0.11906927739327587	9.808412062851213	139.3026683274407	4.1628922372583945	0.993830302438738	40.16711680085052	237.2775284529158	0.00585131314107769
2.8028971571906354	3.280936454849498	2.67207823437439	0.002329458395727405	1.4618751994848331	0.9724055755649632	2.8552549420260296	0.11669092971502783	9.795927346625893	140.02462737958538	4.163139936841683	0.993907556072105	40.21265594199948	237.31388827659777	-0.000668301868026328
2.8071120401337795	3.280936454849498	2.6727470911487434	0.002269122823766332	1.4616766248303952	0.9728935999050214	2.8608082193299955	0.11434483861434436	9.783411779351459	140.74143430417172	4.163388038358054	0.993983758370503	40.258153961504924	237.35013039328697	-0.007157887951308994
2.811326923076923	3.280936454849498	2.673409008743491	0.0022104052219756457	1.4614831350525934	0.9733720815594933	2.86630794451845	0.11203175453959477	9.770877987977624	141.4528947684986	4.1636364171879805	0.9940589158917724	40.30360966794635	237.3862433827965	-0.013614720387137437
2.815541806020067	3.280936454849498	2.674063880419879	0.0021532628444622223	1.461294609869891	0.9738411849866523	2.871751861908432	0.10975236283390648	9.758338326387593	142.1588277859655	4.163884952042086	0.9941330354019715	40.34902191720618	237.42221618703573	-0.020036113749882
2.819756688963211	3.280936454849498	2.674711601859007	0.0020976539796264126	1.4611109311541826	0.974301073165817	2.8771378457544303	0.10750728214057376	9.745804832289378	142.85906612843254	4.164133525120689	0.9942061238970855	40.39438961593639	237.45803812835163	-0.02641943306462606
2.8239715719063545	3.280936454849498	2.675352072023053	0.002043537920663287	1.4609319828827194	0.9747519077045115	2.8824639058457713	0.10529706329457035	9.733289187448706	143.55345663538805	4.16438202226426	0.9942781886218428	40.439711724713945	237.49369892663182	-0.0327621044253101
2.8281864548494986	3.280936454849498	2.6759851939579615	0.001990874938277785	1.4607576510977827	0.975193848924823	2.887728192049936	0.10312218869931718	9.720802681589742	144.24186041961732	4.164630333092223	0.9943492370854842	40.484987260848	237.5291887148809	-0.03906162497141223
2.8324013377926422	3.280936454849498	2.6766108755312574	0.0019396262554600718	1.4605878238735268	0.975627055929502	2.8929289977861803	0.10098307218027834	9.708356180220425	144.92415297070835	4.164878351128531	0.9944192770743838	40.530215300814916	237.564498053109	-0.045315572131403865
2.836616220735786	3.280936454849498	2.6772290300996913	0.001889754024158932	1.4604223912892735	0.9760516866486316	2.8980647624308977	0.09888005929993023	9.695960096567273	145.60022415923413	4.165125973912063	0.9944883166614765	40.57539498229834	237.59961794032455	-0.05152161205667994
2.84083110367893	3.280936454849498	2.677839577102852	0.0018412213036844637	1.4602612454085608	0.9764678978679119	2.9031340726725556	0.09681342811230068	9.68362436773256	146.2699781458371	4.1653731030907455	0.994556364212496	40.62052550582294	237.63453982452282	-0.0576775071853066
2.8450459866220736	3.280936454849498	2.6784424425800886	0.0017939920406684167	1.4601042802631894	0.9768758452398281	2.9081356628490886	0.094783390329711	9.671358435116815	146.9333332006518	4.165619644498283	0.9946234283890798	40.66560613597471	237.6692556105617	-0.06378112289122174
2.8492608695652173	3.280936454849498	2.679037559609403	0.001748031050409881	1.4599513918415052	0.9772756832791286	2.9130684143140013	0.09279009286972395	9.659171229083036	147.5902214395252	4.165865508212856	0.9946895181488417	40.71063620220874	237.70375766587588	-0.06983043319094079
2.8534757525083614	3.280936454849498	2.679624868668185	0.0017033039994366868	1.4598024780801702	0.9776675653441762	2.9179313538890455	0.09083361974661139	9.6470711577778	148.24058848431653	4.16611060859743	0.9947546427425533	40.755615099250825	237.73803882400256	-0.07582352549524722
2.857690635451505	3.280936454849498	2.6802043179168353	0.0016597773891175714	1.4596574388586916	0.9780516436058257	2.9227236514709274	0.08891399426894539	9.635066099969317	148.88439305517906	4.166354864321746	0.9948188117086127	40.800542287106566	237.77209238595321	-0.08175860440833381
2.861905518394649	3.280936454849498	2.680775863407267	0.0016174185401678913	1.4595161759959872	0.9784280690055401	2.927444616866921	0.08703118150317961	9.623163401714574	149.52160650313337	4.166598198366035	0.9948820348650028	40.84541729069383	237.8059121194543	-0.08763399459071926
2.8661204013377928	3.280936454849498	2.68133946921932	0.001576195577900364	1.4593785932483416	0.9787969912044693	2.9320936959397836	0.08518509096227077	9.611369876627649	150.15221229146542	4.166840538007214	0.9949443222989725	40.89023969912243	237.83949225616158	-0.09344814271412807
2.8703352842809364	3.280936454849498	2.681895107528766	0.001536077418083498	1.4592445963081222	0.9791585585252057	2.936670466145689	0.08337557947841603	9.599691809488858	150.77620543451064	4.167081814788103	0.9950056843546818	40.9350091646447	237.87282748693084	-0.09919961854752195
2.8745501672240805	3.280936454849498	2.6824427586113146	0.0014970337532822068	1.4591140928026942	0.9795129178878785	2.9411746315504663	0.0816024542197891	9.588134962910331	151.39359190226259	4.167321964470656	0.9950661316190701	40.97972540130614	237.90591295527378	-0.10488711522234245
2.878765050167224	3.280936454849498	2.682982410787509	0.0014590350395677885	1.4589869922930476	0.9798602147421814	2.9456060174092262	0.07986547581260807	9.576704586756707	152.00438799897017	4.167560926974361	0.9951256749062042	41.024388183326415	237.93874424914753	-0.11050944873215696
2.882979933110368	3.280936454849498	2.6835140603136916	0.0014220524834980695	1.4588632062716718	0.9802005929968325	2.949964564392633	0.07816436153191976	9.56540543001061	152.6086197234886	4.167798646300866	0.9951843252403691	41.06899734324102	237.97131739121068	-0.11606555672756225
2.887194816053512	3.280936454849498	2.6840377112245757	0.0013860580292813693	1.4587426481593286	0.9805341949478515	2.9542503225401866	0.07649878852690728	9.554241754769318	153.2063221186701	4.168035070446259	0.9952420938381547	41.11355276983684	238.00362882772572	-0.1215544966709736
2.8914096989966556	3.280936454849498	2.684553375132946	0.0013510243460516124	1.4586252333004	0.9808611612069205	2.958463445016582	0.07486839704937087	9.543217352062403	153.7975386165024	4.168270151302316	0.9952989920897838	41.158054405912615	238.0356754162611	-0.12697544341821862
2.895624581939799	3.280936454849498	2.6850610709920817	0.0013169248151943518	1.458510878956554	0.9811816306309556	2.9626041817422952	0.07327279365704549	9.532335559188017	154.38232038509227	4.1685038445480345	0.9953550315399154	41.202502245895786	238.06745441236177	-0.13232768629484787
2.8998394648829433	3.280936454849498	2.685560824826395	0.001283733517675657	1.4583995042985616	0.9814957402538853	2.9666728729639664	0.07171155436657894	9.521599278277817	154.9607256829413	4.168736109532953	0.9954102238681409	41.246896333346186	238.098963455356	-0.13761062573455968
2.904054347826087	3.280936454849498	2.686052669435558	0.0012514252213372031	1.4582910303960943	0.9818036252214891	2.9706699428239225	0.07018422773423787	9.511010995816385	155.5328192252919	4.168966909153484	0.9954645808693731	41.29123675837455	238.13020055345305	-0.14282376954591622
2.908269230769231	3.280936454849498	2.686536644077235	0.0012199753681308633	1.4581853802054565	0.9821054187300179	2.9745958929821064	0.06869033784555513	9.500572802859018	156.09867156667102	4.169196209723684	0.9955181144343122	41.33552365500369	238.16116406829246	-0.14796672887086923
2.9124841137123747	3.280936454849498	2.6870127941331394	0.0011893600612759298	1.4580824785551791	0.9824012519691808	2.9784512963370564	0.06722938719827257	9.490286415712177	156.65835850309944	4.1694239808416516	0.9955708365301512	41.37975719849647	238.1918526990858	-0.15303921389581068
2.9166989966555183	3.280936454849498	2.68748117076291	0.0011595560523297711	1.4579822521295016	0.9826912540699644	2.98223679088648	0.06580085946585021	9.480153196862073	157.21196049683354	4.169650195252809	0.9956227591816642	41.42393760267425	238.22226546649475	-0.15804102937197126
2.9209138795986624	3.280936454849498	2.6879418305498444	0.0011305407281702897	1.4578846294497574	0.9829755520576303	2.9859530737616526	0.06440422213161255	9.470174175958752	157.75956212590853	4.169874828711066	0.9956738944528029	41.468065117245224	238.25240169635796	-0.1629720699980899
2.925128762541806	3.280936454849498	2.6883948351422338	0.001102292097894382	1.4577895408537522	0.9832542708101302	2.9896008954641564	0.06303892898615467	9.46035007068513	158.30125156022376	4.170097859839029	0.9957242544289053	41.512140025162275	238.28226100340186	-0.16783231571369417
2.9293436454849497	3.280936454849498	2.6888402508935974	0.0010747887796418143	1.4576969184731996	0.9835275330220817	2.99318105432785	0.06170442248296748	9.450681307361677	158.83712006540833	4.170319269988029	0.9957738511996068	41.556162640025065	238.311843275018	-0.17262182694702577
2.933558528428094	3.280936454849498	2.6892781485048096	0.00104800998735776	1.4576066962093586	0.9837954591743635	2.9966943912240027	0.06040013594933761	9.4411680411587	159.36726153526897	4.1705390430989855	0.9958226968425209	41.600133303541696	238.34114865522085	-0.1773407398569263
2.9377734113712375	3.280936454849498	2.6897086026706485	0.0010219355175108877	1.4575188097069696	0.9840581675093069	3.000141784522692	0.059125495651434955	9.43181017580755	159.89177205321573	4.170757165564662	0.9958708034077466	41.64405238306024	238.37017752884952	-0.1819892616035812
2.941988294314381	3.280936454849498	2.690131691733023	0.0009965457357858202	1.457433196326644	0.9843157740114055	3.0035241453194974	0.05787992271411313	9.422607382720932	160.41074948272387	4.1709736260940895	0.9959181829032417	41.68792026918088	238.39893050609373	-0.18656766567858593
2.9462031772575252	3.280936454849498	2.6905474973427634	0.0009718215637706434	1.4573497951158583	0.9845683923933984	3.006842412932738	0.05666283489733041	9.41355911944956	160.92429308658967	4.171188415579707	0.9959648472810894	41.731737373456156	238.42740840740328	-0.19107628732056256
2.950418060200669	3.280936454849498	2.6909561041315304	0.0009477444656612102	1.4572685467786894	0.9848161340875451	3.0100975506731547	0.05547364823227319	9.404664647418246	161.4325031744792	4.171401526967635	0.9960108084246709	41.77550412618557	238.45561224882772	-0.19551551903866524
2.954632943143813	3.280936454849498	2.6913575993951344	0.0009242964350042789	1.4571893936444589	0.9850591082418702	3.0132905418851585	0.054311778521215034	9.395923048898574	161.9354807780673	4.171612955131557	0.996056078136754	41.819220974309225	238.48354322782995	-0.19988580626246738
2.9588478260869566	3.280936454849498	2.691752072789263	0.0009014599815016397	1.4571122796354299	0.9852974217211237	3.016422386256284	0.053176642705930456	9.387333243188387	162.43332735288416	4.171822696750491	0.9961006681284874	41.862888379403444	238.51120270960578	-0.2041876431334062
2.9630627090301003	3.280936454849498	2.692139616038405	0.0008792181178968283	1.4570371502337165	0.9855311791121921	3.0194940963894843	0.05206766011007131	9.378894001979283	162.92614450585984	4.172030750190756	0.9961445900092926	41.906506815780766	238.53859221393589	-0.20842156844972726
2.9672775919732444	3.280936454849498	2.6925203226584817	0.0008575543469654221	1.456963952447536	0.9857604827336637	3.022506694631142	0.05098425356137591	9.370603963903305	163.41403374744505	4.172237115392252	0.9961878552776327	41.9500767686945	238.56571340258242	-0.21258816177408932
2.971492474916388	3.280936454849498	2.6928942876935924	0.0008364526486287929	1.4568926347769635	0.9859854326492588	3.025461210146406	0.04992585039989147	9.362461648258648	163.8970962671189	4.172441793759313	0.9962304753126355	41.993598732648266	238.5925680672505	-0.21668803971032938
2.975707357859532	3.280936454849498	2.6932616074670053	0.0008158974672100547	1.4568231471793018	0.9862061266848212	3.028358676232342	0.04889188337858036	9.35446546792132	164.3754327310421	4.172644788056078	0.9962724613665412	42.0370732098091	238.61915811810985	-0.22072185235385658
2.9799222408026758	3.280936454849498	2.693622379346478	0.0007958736988495528	1.4567554410342096	0.9864226604485702	3.0312001278586087	0.0478817914627897	9.34661374145597	164.84914310058386	4.172846102306584	0.9963138245579422	42.08050070852257	238.64548557288776	-0.22469027991782686
2.9841371237458194	3.280936454849498	2.6939767015238103	0.0007763666790957781	1.4566894691087033	0.9866351273543147	3.0339865994248223	0.046895020535055704	9.338904704444012	165.3183264704472	4.173045741699518	0.9963545758657815	42.123881741928166	238.6715525465283	-0.22859402953573663
2.988352006688963	3.280936454849498	2.6943246728083965	0.0007573621706862608	1.4566251855221173	0.9868436186473423	3.0367191227233383	0.04593102401166314	9.331336520051467	165.78308092511432	4.173243712497521	0.9963947261240734	42.16721682667061	238.69736124139945	-0.23243383223969413
2.992566889632107	3.280936454849498	2.6946663924345544	0.0007388463515311157	1.4565625457111644	0.9870482234326952	3.039398725096134	0.04498926337724403	9.323907288862024	166.24350341236484	4.173440021951173	0.996434286017306	42.210506481705934	238.72291393805685	-0.23621044011192727
2.996781772575251	3.280936454849498	2.695001959882224	0.0007208058029107821	1.4565015063951525	0.9872490287055671	3.042026427774269	0.04406920864353839	9.316615058003414	166.6996896326368	4.173634678217427	0.9964732660764899	42.25375122719724	238.74821298653688	-0.23992462360653607
3.000996655518395	3.280936454849498	2.6953314747106503	0.0007032274978976394	1.4564420255414632	0.9874461193835593	3.0446032443886284	0.04317033873821807	9.309457829597081	167.15173394304963	4.173827690282482	0.9965116766758125	42.29695158349743	238.77326079817314	-0.2435771690372989
3.0052115384615385	3.280936454849498	2.695655036404561	0.0006860987900100765	1.4563840623313478	0.9876395783405505	3.0471301796407237	0.04229214182944957	9.302433568562234	167.59972927494243	4.1740190678889295	0.9965495280298597	42.340108070214356	238.79805983791474	-0.24716887622674266
3.009426421404682	3.280936454849498	2.6959727442323715	0.0006694074021057784	1.4563275771261317	0.9878294864419471	3.049608228122732	0.041434115591585635	9.295540209806127	168.04376706384144	4.17420882146709	0.9965868301913673	42.38322120535501	238.82261261713305	-0.25070055631112825
3.0136413043478263	3.280936454849498	2.696284697115864	0.0006531414155201225	1.4562725314338656	0.9880159225811013	3.0520383732761096	0.040595767417143096	9.28877566483299	168.48393719080963	4.174396962070372	0.9966235930494642	42.426291504544366	238.84692168689674	-0.2541730296955247
3.01785618729097	3.280936454849498	2.6965909935108234	0.0006372892594539314	1.4562188878764801	0.9881989637166848	3.0544215864787216	0.03977661457988678	9.282137827803542	168.9203279342013	4.174583501314503	0.9966598263283718	42.4693194803148	238.87098963169413	-0.25758712415297597
3.022071070234114	3.280936454849498	2.6968917312980762	0.0006218397006138767	1.4561666101575002	0.988378684910841	3.056758826250651	0.03897618435360492	9.275624581077137	169.35302593088787	4.17476845132052	0.9966955395865239	42.51230564146253	238.89481906358685	-0.26094367306134336
3.0262859531772577	3.280936454849498	2.697187007684377	0.0006067818331077456	1.4561156630303436	0.9885551593679306	3.059051037569455	0.03819401409083776	9.269233800267694	169.78211614608426	4.174951824661332	0.9967307422160746	42.555250492466655	238.9184126167744	-0.2642435137714579
3.0305008361204013	3.280936454849498	2.697476919112608	0.0005921050685956043	1.456066012267245	0.9887284584737193	3.0612991512860264	0.03742965126555268	9.262963358843875	170.2076818509612	4.175133634311697	0.9967654434427611	42.59815453296739	238.94177294254686	-0.2674874861001382
3.034715719063545	3.280936454849498	2.6977615611807253	0.0005777991266972726	1.4560176246288246	0.9888986518348531	3.0635040836326977	0.03668265348348937	9.256811132303117	170.62980460727655	4.175313893601467	0.9967996523260906	42.64101825729913	238.964902704608	-0.27067643094153515
3.038930602006689	3.280936454849498	2.6980410285689667	0.0005638540256553686	1.4559704678343368	0.989065807318495	3.06566673581578	0.03595258846360987	9.250775001947925	171.04856425832506	4.175492616171963	0.9968333777598243	42.68384215407567	238.9878045747534	-0.2738111889904998
3.0431454849498327	3.280936454849498	2.698315414974747	0.0005502600732527934	1.4559245105325944	0.9892299910919945	3.0677879936850676	0.03523903399385528	9.24485285829176	171.46403892554093	4.17566981593526	0.9968666284727281	42.72662670582285	239.01048122887363	-0.2768925995716478
3.047360367892977	3.280936454849498	2.6985848130548105	0.0005370078579824349	1.4558797222736144	0.9893912676624865	3.069868727473513	0.03454157786413649	9.23904260412063	171.8763050101563	4.175845507036357	0.9968994130295664	42.769372388656976	239.03293534328256	-0.27992149956796547
3.0515752508361205	3.280936454849498	2.6988493143740806	0.0005240882404667959	1.4558360734809483	0.9895496999163165	3.0719097916004494	0.0338598177792827	9.233342157235294	172.28543719934333	4.176019703817892	0.9969317398323144	42.812079672003485	239.05516959132706	-0.28289872244308367
3.055790133779264	3.280936454849498	2.699109009360824	0.0005114923451242058	1.4557935354247542	0.9897053491582066	3.0739120245325227	0.033193361254412246	9.227749452897582	172.69150847633782	4.176192420787483	0.9969636171215654	42.85474901835552	239.07718664028894	-0.28582509735135897
3.060005016722408	3.280936454849498	2.699363987267623	0.0004992115520782535	1.4557520801955697	0.9898582751500851	3.0758762486965967	0.03254182549501355	9.222262446003233	173.09459013406115	4.176363672587369	0.9969950529781124	42.89738088306724	239.0989891485409	-0.28870144833026795
3.064219899665552	3.280936454849498	2.6996143361377625	0.0004872374893064183	1.455711680678808	0.9900085361495052	3.0778032704395137	0.03190483726380458	9.216879113002275	173.49475179181312	4.17653347396627	0.9970260553246849	42.939975714180015	239.12057976294514	-0.2915285935698045
3.068434782608696	3.280936454849498	2.699860142776639	0.0004755620250236349	1.4556723105299745	0.9901561889475996	3.0796938800299207	0.031282032736263475	9.21159745358679	173.8920614146392	4.176701839753443	0.9970566319278213	42.98253395227962	239.14196111649292	-0.2943073447537107
3.0726496655518396	3.280936454849498	2.700101492727808	0.00046417726029625604	1.4556339441505952	0.9903012889065121	3.081548851697726	0.03067305734654648	9.206415492164693	174.28658533501428	4.17686878483469	0.9970867903998614	43.02505603038106	239.16313582615592	-0.2970385064677477
3.0768645484949833	3.280936454849498	2.700338470253255	0.00045307552188171714	1.4555965566648283	0.9904438899962636	3.0833689437070184	0.03007756562535752	9.201331279136848	174.67838827650505	4.177034324130115	0.9971165382010414	43.06754237383799	239.18410649092579	-0.2997228756703972
3.081079431438127	3.280936454849498	2.7005711583176675	0.0004422493552887424	1.4555601238968032	0.9905840448310115	3.0851548984588852	0.029495221031166727	9.196342891994043	175.0675333791311	4.17719847257382	0.9971458826416792	43.10999340027719	239.20487569006468	-0.30236124122150065
3.085294314381271	3.280936454849498	2.7007996385762674	0.00043169151805317626	1.4555246223486165	0.9907218047046725	3.086907442620476	0.02892569577606131	9.191448436248864	175.45408222613793	4.177361245095104	0.9971748308844355	43.15240951955327	239.22544598151347	-0.3049543834648638
3.0895091973244146	3.280936454849498	2.7010239913659793	0.00042139497322411004	1.4554900291790174	0.9908572196258774	3.0886272872772964	0.028368670647364206	9.186646046216756	175.8380948719493	4.177522656601248	0.9972033899466372	43.194791133723136	239.24581990047187	-0.30750307386072673
3.0937240802675587	3.280936454849498	2.7012442956996314	0.0004113528830549746	1.4554563221827468	0.9909903383522378	3.090315128105777	0.02782383482604862	9.181933885659388	176.21962987107617	4.177682721961736	0.9972315667026547	43.23713863703852	239.2659999581274	-0.3100080746645008
3.0979389632107024	3.280936454849498	2.7014606292629386	0.00040155860289431053	1.4554234797705392	0.9911212084239083	3.0919716455635213	0.02729088570287053	9.17731014830272	176.59874430778626	4.177841455993866	0.9972593678863207	43.27945241595466	239.28598864053367	-0.31247013864826306
3.102153846153846	3.280936454849498	2.7016730684139647	0.0003920056752708293	1.45539148094973	0.991249876196425	3.09359750509475	0.026769528693035737	9.172773058240946	176.9754938263526	4.177998873449493	0.997286800093382	43.321732849152646	239.30578840760342	-0.3148900088618027
3.10636872909699	3.280936454849498	2.701881688184943	0.00038268782416727164	1.4553603053055155	0.9913763868728166	3.095193357348866	0.026259477050131486	9.16832087023704	177.349932661731	4.178154989003104	0.9973138697839747	43.36398030757624	239.32540169224282	-0.3172684184299734
3.110583612040134	3.280936454849498	2.7020865622861416	0.00037359894947784606	1.4553299329828027	0.9915007845349785	3.0967598384100676	0.0257604516799708	9.163951869929548	177.72211367051912	4.1783098172409145	0.9973405832851181	43.4061951544799	239.34483089958948	-0.3196060903836977
3.114798494983278	3.280936454849498	2.7022877631116042	0.0003647331216438403	1.4553003446686406	0.9916231121743035	3.0982975700362014	0.025272180954921043	9.15966437395464	178.09208836207088	4.178463372650928	0.9973669467932151	43.44837774548685	239.36407840634908	-0.32190373752180707
3.1190133779264215	3.280936454849498	2.702485361746623	0.0003560845764621085	1.4552715215752452	0.9917434117215743	3.0998071599053008	0.0247944005292178	9.155456729991762	178.45990692965975	4.178615669614079	0.9973929663765588	43.49052842865793	239.38314656024306	-0.32416206230116573
3.123228260869565	3.280936454849498	2.702679427976734	0.0003476477100612394	1.4552434454235799	0.9918617240761132	3.1012892018682736	0.02432685315570409	9.151327316740531	178.82561828159024	4.1787667223962135	0.997418647977835	43.53264754456826	239.40203767953992	-0.32638175675278985
3.127443143812709	3.280936454849498	2.7028700302980297	0.0003394170740403539	1.4552160984274525	0.9919780891341954	3.1027442762063697	0.023869288504382878	9.147274543835909	179.1892700721655	4.178916545140762	0.9974439974166165	43.57473542639041	239.42075405265444	-0.3285635024219001
3.131658026755853	3.280936454849498	2.703057235928795	0.0003313873707652804	1.4551894632781919	0.9920925458167307	3.1041729498923782	0.02342146298310951	9.143296851708223	179.55090873244646	4.179065151862462	0.9974690203918476	43.61679239998655	239.43929793785557	-0.33070797032947696
3.1358729096989966	3.280936454849498	2.703241110822118	0.0003235534488174135	1.455163523129778	0.9922051320962206	3.1055757768542818	0.022983139560713968	9.13939271139385	179.91057950072306	4.179212556441466	0.9974937224843098	43.65881878400344	239.45767156300514	-0.3328158209539434
3.1400877926421407	3.280936454849498	2.7034217196795662	0.0003159102985901204	1.4551382615845219	0.9923158850229982	3.106953298240605	0.022554087592795136	9.135560624302205	180.26832645265256	4.179358772618413	0.997518109159069	43.70081488997528	239.4758771253978	-0.33488770423072445
3.1443026755852843	3.280936454849498	2.703599125965631	0.00030845304802820607	1.4551136626791878	0.9924248407507604	3.1083060426864244	0.022134082650394873	9.131799121943917	180.6241925310042	4.179503813989868	0.9975421857678991	43.742781022428574	239.49391679163003	-0.336924259568381
3.148517558528428	3.280936454849498	2.70377339192296	0.000301176958505594	1.4550897108716034	0.9925320345614059	3.1096345265794	0.021722906351721995	9.128106765624832	180.9782195749764	4.179647694004491	0.9975659575516799	43.78471747899217	239.5117926975428	-0.3389261158796251
3.152732441471572	3.280936454849498	2.703944578588217	0.00029407742083681566	1.4550663910277173	0.9926375008891849	3.1109392543250847	0.021320346197070718	9.12448214611008	181.33044834904575	4.179790425959658	0.997589429642766	43.82662455050977	239.5295069482047	-0.3408938916258298
3.1569473244147157	3.280936454849498	2.7041127458085024	0.0002871499514178452	1.455043688409093	0.9927412733441784	3.1122207186109314	0.020926195407046128	9.120923883261998	181.68091857131964	4.179932022998615	0.997612607067326	43.86850252115536	239.54706161794624	-0.3428281948737966
3.16116220735786	3.280936454849498	2.704277952258233	0.0002803901884920225	1.4550215886608222	0.9928433847351155	3.1134794006684414	0.0205402527641873	9.117430625655386	182.0296689413656	4.180072498108022	0.9976354947476481	43.910351668550355	239.56445875042817	-0.34472962336344665
3.1653770903010034	3.280936454849498	2.704440255456424	0.0002737938885368647	1.4550000777998522	0.992943867091545	3.1147157705330275	0.020162322458057942	9.114001050173398	182.37673716749933	4.180211864115956	0.9976580975044125	43.952172263882574	239.581700358752	-0.34659876458545996
3.169591973244147	3.280936454849498	2.704599711784314	0.0002673569227677035	1.454979142203709	0.9930427516853736	3.11593028730117	0.019792213933850573	9.110633861586878	182.72215999351556	4.180350133690316	0.9976804200589278	43.993964572026854	239.5987884256078	-0.34843619586768076
3.1738068561872907	3.280936454849498	2.7047563765032194	0.00026107527375426604	1.454958768599595	0.9931400690517843	3.1171233993844685	0.019429741744538737	9.10732779211977	183.06597322484424	4.180487319337512	0.9977024670353313	44.03572885166575	239.61572490344406	-0.3502424844694524
3.178021739130435	3.280936454849498	2.704910303772631	0.00025494503214631655	1.454938944053866	0.9932358490095501	3.118295544760376	0.019074725406592483	9.104081601003156	183.40821175413248	4.180623433401552	0.9977242429627513	44.07746535541156	239.6325117146745	-0.3520181876829233
3.1822366220735785	3.280936454849498	2.705061546668437	0.0002489623935047147	1.454919655961856	0.9933301206807583	3.119447151219253	0.018726989259261424	9.100894074019902	183.74890958623482	4.1807584880633755	0.9977457522774316	44.11917432992802	239.64915075190376	-0.3537638529405618
3.1864515050167226	3.280936454849498	2.705210157201281	0.0002431236552342461	1.4549008920380562	0.9934229125099565	3.1205786366076027	0.018386362327414387	9.097764023042034	184.08809986261926	4.1808924953405455	0.9977669993248163	44.16085601605284	239.66564387818548	-0.3554800179280461
3.1906663879598662	3.280936454849498	2.7053561863349413	0.00023742521361485238	1.4548826403066077	0.9935142522827394	3.121690409067224	0.018052678187919786	9.09469028556253	184.42581488517743	4.181025467087028	0.9977879883615971	44.20251064891843	239.68199292728167	-0.3571672107020161
3.19488127090301	3.280936454849498	2.7054996840047747	0.00023186356092778817	1.4548648890921358	0.9936041671437865	3.1227828672702027	0.017725774839536596	9.09167172422319	184.76208613944794	4.181157414993406	0.9978087235577188	44.244138458073955	239.69819970396412	-0.3588259498117796
3.199096153846154	3.280936454849498	2.7056406991361217	0.00022643528267354243	1.4548476270108794	0.9936926836143692	3.1238564006495713	0.01740549457628017	9.088707226340055	185.09694431725262	4.181288350587132	0.9978292089983469	44.285739667605284	239.71426598431208	-0.36045674442470077
3.2033110367892976	3.280936454849498	2.705779279662686	0.00022113705487835272	1.4548308429621268	0.9937798276093373	3.1249113896255447	0.017091683864222173	9.085795703427607	185.43041933874724	4.181418285233112	0.9978494486857944	44.32731449625501	239.7301935160382	-0.3620600944544617
3.2075259197324417	3.280936454849498	2.7059154725448216	0.00021596564148627318	1.4548145261199321	0.9938656244536033	3.125948205827263	0.016784193221673953	9.082936090722958	185.76254037389594	4.181547230134339	0.9978694465414091	44.368863157540794	239.74598401881636	-0.3636364906919006
3.2117408026755854	3.280936454849498	2.7060493237877354	0.0002109178918338935	1.4547986659251162	0.9939500988981358	3.1269672123099843	0.016482877102702322	9.080127346711098	186.09333586337453	4.181675196332809	0.9978892064074217	44.410385859873124	239.76163918463007	-0.3651864149378645
3.215955685618729	3.280936454849498	2.7061808784595596	0.00020599073820484558	1.4547832520775275	0.9940332751354763	3.1279687637676834	0.016187593783918958	9.077368452652097	186.42283353890855	4.181802194710453	0.9979087320487534	44.451882806671094	239.77716067811917	-0.3667103401377577
3.220170568561873	3.280936454849498	2.7063101807092895	0.00020118119346137735	1.4547682745285735	0.9941151768147939	3.1289532067410626	0.015898205254483426	9.074658412111086	186.75106044305872	4.1819282359903465	0.9979280271547859	44.49335419647774	239.79255013694896	-0.368208730517261
3.2243854515050168	3.280936454849498	2.7064372737845437	0.00019648634875038068	1.454753723473982	0.9941958270564905	3.129920879820927	0.01561457710925625	9.07199625049182	187.07804294845798	4.182053330737879	0.9979470953410907	44.53480022307272	239.8078091721691	-0.3696820417191191
3.2286003344481604	3.280936454849498	2.706562200049163	0.00019190337128127707	1.4547395893468238	0.9942752484663693	3.1308721138469724	0.015336578445036655	9.069381014574374	187.40380677651362	4.182177489362179	0.9979659401511218	44.57622107558464	239.82293936859537	-0.37113072094038685
3.2328152173913045	3.280936454849498	2.7066850010006065	0.00018742950217334777	1.4547258628107484	0.9943534631493808	3.1318072321019894	0.015064081759816097	9.066811772057624	187.72837701558385	4.182300722117523	0.9979845650578693	44.61761693860074	239.83794228518238	-0.37255520707014256
3.237030100334448	3.280936454849498	2.7068057172871467	0.00018306205437012592	1.4547125347534564	0.9944304927229579	3.132726550501509	0.014796962854981105	9.064287611107002	188.0517781386377	4.182423039104895	0.9980029734654753	44.658987992275435	239.8528194554079	-0.3739559308271768
3.241244983277592	3.280936454849498	2.7069243887248455	0.000178798410618558	1.454699596280378	0.9945063583299522	3.1336303777789367	0.014535100740393775	9.0618076399079	188.37403402041218	4.182544450273597	0.9980211687108138	44.70033441243698	239.8675723876567	-0.3753333148975785
3.245459866220736	3.280936454849498	2.7070410543143053	0.00017463602151073423	1.4546870387085613	0.9945810806511836	3.1345190156662164	0.01427837754228041	9.059370986225199	188.69516795407554	4.182664965422918	0.9980391540650334	44.741656370692176	239.882202565606	-0.3766877740719438
3.2496747491638796	3.280936454849498	2.7071557522571914	0.0001705724035860675	1.4546748535607672	0.9946546799176168	3.1353927590700885	0.014026678413859003	9.056976796969133	189.01520266740914	4.182784594203922	0.9980569327350638	44.78295403452969	239.8967114486187	-0.3780197153819434
3.2538896321070236	3.280936454849498	2.707268519972496	0.00016660513749187128	1.4546630325597414	0.9947271759221735	3.136251896243979	0.01377989144863177	9.054624237767882	189.33416033851944	4.182903346121154	0.9980745078650878	44.82422756742064	239.91110047212092	-0.3793295382363151
3.2581045150501673	3.280936454849498	2.707379394112586	0.00016273186620034092	1.4546515676226919	0.9947985880311919	3.137096708955618	0.013537907596277106	9.052312492547014	189.65206261109088	4.183021230534586	0.9980918825379781	44.86547712891857	239.92537104800235	-0.3806176345557838
3.262319397993311	3.280936454849498	2.7074884105789594	0.00015895029328007282	1.454640450855928	0.9948689351955475	3.137927472650408	0.013300620581067263	9.050040763116037	189.96893060919237	4.183138256661404	0.9981090597767	44.90670287475621	239.93952456499414	-0.3818843889070816
3.266534280936455	3.280936454849498	2.707595604537786	0.00015525818122023746	1.4546296745496858	0.9949382359614403	3.138744456610676	0.013067926822744009	9.047808268762173	190.28478495164848	4.183254433577972	0.9981260425456806	44.94790495694138	239.95356238906064	-0.38313017863575893
3.2707491638795987	3.280936454849498	2.707701010435156	0.00015165334980567856	1.4546192311731063	0.9950065084808641	3.139547924110814	0.012839725359785377	9.045614245851526	190.59964576598554	4.183369770221738	0.9981428337521457	44.9890835238502	239.9674858637796	-0.3843553739977734
3.274964046822743	3.280936454849498	2.7078046620120904	0.000148133674541202	1.4546091133693873	0.9950737705217653	3.140338132568449	0.012615917774992871	9.04345794743765	190.9135327019667	4.183484275393201	0.9981594362474238	45.03023872031895	239.98129631072743	-0.38556033828965997
3.2791789297658864	3.280936454849498	2.7079065923192815	0.00014469708512342038	1.4545993139510853	0.9951400394778991	3.1411153336916864	0.012396408123335327	9.041338642877664	191.2264649447253	4.183597957757902	0.9981758528282186	45.07137068773385	239.99499502985861	-0.3867454279772923
3.28339381270903	3.280936454849498	2.708006833731569	0.00014134156395857313	1.454589825895562	0.9952053323783974	3.1418797736225055	0.012181102861983211	9.039255617455927	191.538461227508	4.183710825848397	0.9981920862378522	45.11247956411878	240.00858329988165	-0.38791099282312685
3.2876086956521737	3.280936454849498	2.708105417962149	0.0001380651447247864	1.4545806423405807	0.995269665897053	3.142631693076406	0.011969910782468883	9.037208172015255	191.84953984403862	4.183822888066254	0.998208139167475	45.153565484221254	240.02206237863285	-0.3890573760118509
3.291823578595318	3.280936454849498	2.7082023760765384	0.0001348659109772898	1.4545717565800418	0.9953330563613314	3.1433713274783877	0.011762742944909662	9.035195622595726	192.15971866051504	4.183934152684084	0.9982240142572495	45.19462857959672	240.03543350344907	-0.3901849142743642
3.2960384615384615	3.280936454849498	2.708297738506242	0.0001317419947952049	1.454563162059843	0.9953955197611175	3.1440989070953083	0.011559512614233956	9.033217300081041	192.46901512724602	4.1840446278474905	0.9982397140975027	45.235668978690306	240.04869789152818	-0.3912939380101243
3.3002533444816056	3.280936454849498	2.7083915350622	0.00012869157546847634	1.4545548523738834	0.9954570717572077	3.1448146571647726	0.01136013519834752	9.031272549852398	192.7774462899438	4.1841543215771395	0.9982552412298515	45.27668680691771	240.0618567402985	-0.39238477140768674
3.304468227424749	3.280936454849498	2.708483794947943	0.00012571287822369517	1.4545468212601802	0.9955177276895518	3.145518798020562	0.011164528188183115	9.029360731449838	193.08502880067743	4.184263241770716	0.9982705981483001	45.317682186743426	240.07491122777304	-0.39345773256353717
3.308683110367893	3.280936454849498	2.7085745467725095	0.00012280417298747687	1.4545390625971129	0.995577502585257	3.1462115452147392	0.010972611099574587	9.027481218241	193.39177892850074	4.184371396204958	0.99828578730031	45.35865523775781	240.08786251290675	-0.3945131335990761
3.312897993311037	3.280936454849498	2.7086638185630894	0.00011996377318621915	1.4545315703997743	0.995636411166358	3.14689310963647	0.010784305416900954	9.025633397097227	193.69771256976142	4.184478792537594	0.9983008110878447	45.39960607675162	240.1007117359414	-0.39555128077583984
3.3171128762541806	3.280936454849498	2.7087516377774365	0.00011719003458102296	1.4545243388164497	0.9956944678573626	3.1475636976276924	0.010599534538444179	9.023816668076938	194.00284525810468	4.184585438309383	0.9983156718683878	45.44053481778979	240.11346001875717	-0.3965724746088235
3.3213277591973247	3.280936454849498	2.708838031316012	0.00011448135413663716	1.4545173621251861	0.9957516867925784	3.1482235110956514	0.010418223723408492	9.022030444116162	194.3071921741764	4.184691340946034	0.998330371955936	45.48144157228256	240.12610846520857	-0.39757700997800977
3.3255426421404684	3.280936454849498	2.708923025533883	0.0001118361689233609	1.4545106347304742	0.9958080818232296	3.1488727476224274	0.010240300040549245	9.020274150726152	194.6107681550381	4.184796507760161	0.9983449136219682	45.52232644905531	240.13865816145977	-0.39856517623801935
3.329757525083612	3.280936454849498	2.709006646252384	0.00010925295505078843	1.4545041511600327	0.9958636665243686	3.149511600571521	0.010065692318360873	9.018547225698018	194.9135877033018	4.184900945953232	0.9983592990963903	45.56318955441682	240.15111017631708	-0.3995372573259034
3.3339724080267557	3.280936454849498	2.7090889187705356	0.00010673022663241646	1.4544979060616883	0.99591845420159	3.1501402591915677	0.0098943310967747	9.016849118814186	195.2156649959926	4.185004662617486	0.9983735305684565	45.604030992225724	240.16346556155483	-0.40049353186705666
3.3381872909698997	3.280936454849498	2.709169867876224	0.000104266534780106	1.4544918942003506	0.9959724578975523	3.1507589087172643	0.009726148580320148	9.015179291566673	195.517013893149	4.185107664737862	0.9983876101876676	45.64485086395564	240.17572535223917	-0.4014342732792883
3.3424021739130434	3.280936454849498	2.709249517857124	0.00010186046662746138	1.4544861104550648	0.9960256903983142	3.151367730467541	0.00956107859270159	9.013537216881929	195.81764794616436	4.185209959193787	0.998401540064649	45.6856492687577	240.18789056703332	-0.40235974987507755
3.3466170568561875	3.280936454849498	2.7093278925114443	0.00009951064438117269	1.4544805498161777	0.9960781642394925	3.151966901941166	0.009399056532747174	9.011922378852374	196.11758040588788	4.18531155276116	0.9984153222720035	45.726426303523354	240.19996220852212	-0.40327022496191
3.350831939799331	3.280936454849498	2.709405015158382	0.00009721572439949106	1.4544752073825622	0.9961298917122426	3.1525565969096814	0.009240019331685901	9.010334272474145	196.4168242304781	4.1854124521140905	0.9984289588451469	45.7671820629436	240.2119412635065	-0.40416595694083707
3.355046822742475	3.280936454849498	2.7094809086484	0.00009497439629692232	1.4544700783589388	0.9961808848690746	3.1531369855079103	0.009083905411710157	9.008772403391314	196.71539209303083	4.18551266382678	0.9984424517831202	45.8079166395684	240.22382870331106	-0.40504719940319794
3.359261705685619	3.280936454849498	2.709555595373258	0.00009278538207435806	1.4544651580532686	0.9962311555295023	3.153708234321979	0.008930654645784067	9.007236287646181	197.0132963889776	4.185612194375269	0.998455803049383	45.848630123863465	240.2356254840741	-0.4059142012255362
3.3634765886287625	3.280936454849498	2.709629097275854	0.00009064743527381648	1.4544604418742335	0.996280715285536	3.154270506475018	0.008780208318656259	9.005725451435685	197.3105492432708	4.185711050139278	0.9984690145725873	45.88932260426657	240.24733254704606	-0.40676720666270105
3.3676914715719066	3.280936454849498	2.7097014358598113	0.00008855934015704713	1.4544559253287674	0.9963295755070216	3.154823961710493	0.00863250908904004	9.004239430873646	197.60716251735275	4.185809237403855	0.998482088247332	45.929994167241304	240.25895081886324	-0.40760645543926216
3.3719063545150503	3.280936454849498	2.7097726321988964	0.00008651991090724455	1.4544516040196824	0.9963777473468319	3.1553687564733557	0.008487500952923822	9.002777771758904	197.9031478159239	4.185906762361171	0.9984950259348986	45.970644897330516	240.27048121183643	-0.4084321828390402
3.376121237458194	3.280936454849498	2.709842706946227	0.00008452799085314202	1.454447473643358	0.9964252417459123	3.155905043989009	0.008345129207973914	9.001340029349107	198.19851649351406	4.186003631112231	0.9985078294639699	46.01127487720822	240.28192462422734	-0.4092446197930101
3.3803361204013376	3.280936454849498	2.7099116803432484	0.00008258245171482924	1.4544435299874783	0.9964720694381893	3.1564329743401087	0.00820534041899721	8.999925768140027	198.49327966085778	4.186099849668473	0.9985205006313295	46.051884187729335	240.29328194051075	-0.4100439929654864
3.3845510033444817	3.280936454849498	2.709979572228555	0.00008068219287058083	1.4544397689288626	0.9965182409553424	3.156952694541377	0.008068082384428379	8.99853456165036	198.78744819108886	4.186195423953491	0.9985330412025455	46.09247290797927	240.30455403164723	-0.4108305248385511
3.3887658862876253	3.280936454849498	2.710046402046482	0.00007882614064408926	1.4544361864313333	0.996563766631446	3.1574643486123524	0.007933304103809212	8.997165992211754	199.0810327257505	4.186290359804614	0.998545452912637	46.133041115321525	240.3157417553404	-0.4116044337948756
3.3929807692307694	3.280936454849498	2.7101121888555353	0.00007701324761144612	1.4544327785436586	0.9966086566074847	3.1579680776482486	0.007800955746228511	8.99581965076413	199.37404368063585	4.18638466297452	0.998557737466724	46.17358888544433	240.3268459562922	-0.41236593419889467
3.397195652173913	3.280936454849498	2.710176951336621	0.00007524249192729365	1.4544295413975472	0.9966529208357446	3.158464019888889	0.007670988619692201	8.994495136655994	199.6664912514563	4.186478339132809	0.9985698965406621	46.21411629240603	240.3378674664548	-0.41311523647633475
3.4014105351170567	3.280936454849498	2.7102407078010926	0.0000735128766695525	1.4544264712056962	0.9966965690840872	3.1589523107858226	0.007543355141393276	8.993192057449738	199.9583854193482	4.1865713938675295	0.998581931781661	46.25462340867918	240.34880710527457	-0.41385254719221126
3.405625418060201	3.280936454849498	2.710303476198633	0.00007182342920216026	1.454423564259906	0.9967396109401071	3.159433083067664	0.007418008808853573	8.991910028731759	200.24973595622163	4.186663832686737	0.9985938448088885	46.295110305193845	240.3596656799364	-0.41457806912714257
3.4098403010033445	3.280936454849498	2.710365274124946	0.00007017320055528979	1.4544208169292303	0.9967820558151765	3.1599064668036787	0.007294904171909456	8.990648673927302	200.5405524299547	4.1867556610199514	0.99860563721406	46.33557705137934	240.37044398559732	-0.4152920013522661
3.4140551839464885	3.280936454849498	2.7104261188292873	0.0000685612648225083	1.4544182256581892	0.9968239129483851	3.16037258946571	0.007173996805514127	8.989407624119925	200.83084420944047	4.186846884219645	0.998617310562013	46.376023715205086	240.38114280561913	-0.41599453930253305
3.418270066889632	3.280936454849498	2.710486027221825	0.00006698671857437779	1.4544157869650296	0.9968651914103697	3.1608315759884573	0.007055243283331366	8.988186517875425	201.12062046948984	4.186937507562681	0.9986288663912681	46.41645036322047	240.39176291179666	-0.41668587484854985
3.422484949832776	3.280936454849498	2.7105450158808413	0.00006544868028800235	1.4544134974400282	0.9969059001070468	3.161283548828168	0.006938601152095094	8.98698500107018	201.40989019559515	4.187027536251742	0.9986403062145772	46.4568570605936	240.40230506458047	-0.4173661963669483
3.4266998327759195	3.280936454849498	2.710603101059764	0.00006394628979204996	1.4544113537438468	0.9969460477832427	3.1617286280197896	0.006824028906710445	8.985802726723751	201.69866218855907	4.187116975416719	0.998651631519457	46.49724387114899	240.4127700132954	-0.4180356888093247
3.4309147157190636	3.280936454849498	2.7106602986940485	0.00006247870772678857	1.4544093526059239	0.9969856430262306	3.1621669312326155	0.00671148596607341	8.984639354835663	201.98694506899207	4.187205830116051	0.9986628437687107	46.53761085740405	240.423158496352	-0.4186945337697798
3.4351295986622072	3.280936454849498	2.71071662440791	0.00006104511501869015	1.454407490822923	0.9970246942691721	3.1625985738244853	0.006600932649585565	8.983494552226237	202.27474728168485	4.187294105338131	0.9986739444009374	46.57795808060539	240.43347124146248	-0.419342909551007
3.4393444816053513	3.280936454849498	2.7107720935208937	0.00005964471236917715	1.4544057652572044	0.9970632097944709	3.163023668894558	0.00649233015434259	8.982367992381407	202.56207709985642	4.187381806002551	0.9986849348310283	46.61828560076296	240.4437089658383	-0.4199809912291112
3.443559364548495	3.280936454849498	2.7108267210543215	0.00005827671975709361	1.4544041728353605	0.9971011977370383	3.1634423273347263	0.006385640532975317	8.981259355301399	202.8489426292851	4.187468936961476	0.998695816450652	46.65859347668471	240.45387237640125	-0.42060895071700044
3.4477742474916386	3.280936454849498	2.710880521737555	0.000056940375954505964	1.4544027105467618	0.9971386660874726	3.1638546578796665	0.006280826672122293	8.98016832735315	203.1353518123219	4.187555503000831	0.9987065906287279	46.69888176600873	240.4639621699703	-0.4212269568265572
3.4519891304347827	3.280936454849498	2.7109335100141716	0.000055634938055424804	1.454401375442171	0.9971756226951587	3.164260767155634	0.006177852271514552	8.979094601126443	203.42131243179594	4.187641508841626	0.9987172587118881	46.73915052523621	240.47397903346513	-0.4218351753294272
3.4562040133779264	3.280936454849498	2.710985700047945	0.000054359681017105914	1.4544001646323652	0.9972120752712853	3.164660759727942	0.006076681823653409	8.97803787529357	203.70683211480727	4.187726959141097	0.998727822024929	46.77939980976189	240.48392364408494	-0.42243376901665913
3.4604188963210705	3.280936454849498	2.7110371057287623	0.00005311389721352161	1.4543990752868274	0.9972480313917871	3.1650547381472958	0.005977280594062031	8.976997854472568	203.9919183364213	4.187811858494019	0.9987382818712516	46.81962967390552	240.4937966695078	-0.4230228977569742
3.464633779264214	3.280936454849498	2.711087740678328	0.000051896896000699876	1.4543981046324324	0.9972834985002098	3.165442802994831	0.005879614602094262	8.975974249093703	204.27657842325317	4.187896211433767	0.9987486395332914	46.85984017094047	240.5035987680595	-0.4236027185539538
3.4688486622073578	3.280936454849498	2.711137618255803	0.00005070800329354657	1.4543972499521949	0.9973184839105034	3.1658250529260834	0.00578365060228188	8.974966775269408	204.5608195569607	4.187980022433513	0.9987588962729388	46.90003135312296	240.51333058889523	-0.42417338560197826
3.4730635451505014	3.280936454849498	2.7111867515633024	0.00004954656115384338	1.45439650858405	0.9973529948097438	3.1662015847138085	0.0056893560662043	8.973975154667395	204.8446487776406	4.1880632959074	0.9987690533319491	46.94020327172053	240.52299277217978	-0.42473505034096976
3.4772784280936455	3.280936454849498	2.7112351534512524	0.000048411927389101454	1.4543958779196449	0.9973870382607869	3.166572493289686	0.005596699164864688	8.97299911438686	205.12807298712883	4.18814603621159	0.9987791119323433	46.98035597703871	240.53258594925094	-0.425287861510067
3.481493311036789	3.280936454849498	2.7112828365236568	0.000047303475161951057	1.4543953554031848	0.997420621204855	3.1669378717850036	0.005505648751556545	8.972038386837857	205.41109895221643	4.188228247645402	0.9987890732767987	47.02048951844819	240.54211074279235	-0.4258319652001522
3.4857081939799333	3.280936454849498	2.711329813143209	0.000046220592609778545	1.4543949385302828	0.9974537504640583	3.167297811570254	0.00541617434520538	8.971092709623484	205.69373330777225	4.188309934452314	0.9987989385490317	47.06060394441005	240.55156776699	-0.42636750490526804
3.489923076923077	3.280936454849498	2.711376095436336	0.000045162682474308165	1.454394624846869	0.9974864327438547	3.167652402293804	0.005328246114171473	8.970161825425174	205.97598255978863	4.188391100821085	0.9988087089141706	47.10069930250164	240.56095762770113	-0.42689462157298025
3.4941379598662206	3.280936454849498	2.7114216952980943	0.00004412916174085847	1.4543944119481005	0.9975186746354469	3.1680017319195177	0.005241834860499136	8.969245481890646	206.2578530883388	4.1884717508867215	0.9988183855191205	47.140775639440605	240.57028092260498	-0.42741345365369343
3.4983528428093646	3.280936454849498	2.7114666243969725	0.000043119461286993444	1.4543942974773132	0.9975504826181217	3.168345886763482	0.00515691200459865	8.968343431524689	206.5393511504597	4.188551888731514	0.9988279694929189	47.18083300110898	240.5795382413593	-0.42792413714893934
3.5025677257525083	3.280936454849498	2.711510894179586	0.00004213302554031014	1.454394279124996	0.9975818630615308	3.1686849515297855	0.005073449570348466	8.967455431582614	206.82048288295488	4.188631518386009	0.9988374619470843	47.22087143257633	240.58873016575083	-0.42842680565863855
3.5067826086956524	3.280936454849498	2.7115545158752634	0.000041169312145098335	1.4543943546277887	0.9976128222279157	3.169019009345415	0.004991420170603655	8.966581243966312	207.10125430512488	4.188710643829964	0.9988468639759558	47.26089097812232	240.59785726984018	-0.4289215904274317
3.510997491638796	3.280936454849498	2.711597500500541	0.00004022779163763381	1.4543945217675092	0.9976433662742787	3.1693481417942846	0.0049107969930993756	8.965720635122864	207.38167132142468	4.188789268993321	0.9988561766570254	47.30089168125877	240.60692012011017	-0.4294086203899753
3.5152123745819397	3.280936454849498	2.711639858863541	0.00003930794712985814	1.4543947783701974	0.9976735012545008	3.169672428950402	0.004831553786736711	8.964873375945599	207.66173972405016	4.188867397757096	0.9988654010512623	47.34087358475096	240.61591927560303	-0.4298880222153515
3.5194272575250833	3.280936454849498	2.7116816015682708	0.00003840927400121486	1.4543951223051903	0.9977032331214081	3.1699919494102344	0.004753664848239595	8.964039241677607	207.94146519545782	4.188945033954296	0.9988745382034306	47.380836730638336	240.62485528805917	-0.43035992035054504
3.5236421404682274	3.280936454849498	2.711722739018818	0.0000375312795984141	1.4543955514842144	0.9977325677287887	3.1703067803242666	0.004677105009171406	8.963218011817567	208.22085331081806	4.189022181370826	0.9988835891423989	47.420781160255125	240.6337287020551	-0.4308244370629837
3.5278570234113715	3.280936454849498	2.7117632814234596	0.000036673482942908604	1.4543960638605058	0.9977615108333612	3.170616997427786	0.00460184962330081	8.962409470027875	208.49990954040416	4.189098843746358	0.9988925548814432	47.46070691424979	240.64254005513558	-0.4312816924822244
3.532071906354515	3.280936454849498	2.7118032387986633	0.00003583541444586904	1.4543966574279399	0.9977900680966951	3.1709226750708925	0.004527874554305957	8.961613404044998	208.77863925191875	4.189175024775143	0.9989014364185432	47.50061403260409	240.6512898779394	-0.43173180464079164
3.536286789297659	3.280936454849498	2.7118426209730266	0.00003501661563044821	1.4543973302201978	0.9978182450870876	3.1712238862478115	0.004455156163807011	8.96082960559199	209.05704771276135	4.189250728106895	0.998910234736672	47.540502554652036	240.6599786943305	-0.43217488951411115
3.5405016722408025	3.280936454849498	2.711881437591106	0.000034216638861141525	1.4543980803099366	0.9978460472813931	3.1715207026254526	0.004383671299717515	8.960057870293134	209.33514009223595	4.189325957347566	0.9989189508040782	47.5803725190977	240.6686070215192	-0.4326110610597021
3.5447165551839466	3.280936454849498	2.7119196981171836	0.00003343504708004079	1.4543989058079985	0.9978734800668115	3.1718131945713104	0.004313397284904692	8.959297997590633	209.61292146370255	4.189400716060205	0.9989275855745635	47.620223964033414	240.67717537018896	-0.4330404312554317
3.54893143812709	3.280936454849498	2.71195741183892	0.00003267141354980549	1.4543998048626097	0.9979005487426339	3.172101431180644	0.004244311906149727	8.958549790663293	209.89039680667227	4.1894750077656395	0.9989361399877525	47.66005692695602	240.6856842446045	-0.4334631101371716
3.5531463210702343	3.280936454849498	2.7119945878709744	0.000031925321603152905	1.4544007756586392	0.9979272585219467	3.1723854803030633	0.004176393403399228	8.957813056347176	210.1675710088521	4.189548835943377	0.9989446149693575	47.699871444784755	240.69413414274362	-0.43387920583541334
3.557361204013378	3.280936454849498	2.712031235158492	0.00003119636439870897	1.4544018164168315	0.9979536145332975	3.172665408568407	0.004109620459299122	8.957087605058149	210.44444886813307	4.189622204032245	0.9989530114314362	47.739667553876565	240.70252555639848	-0.4342888246114106
3.5615760869565216	3.280936454849498	2.7120673624805547	0.000030484144683029736	1.4544029253930866	0.9979796218223196	3.1729412814120432	0.004043972189002629	8.956373250716263	210.7210350945317	4.1896951154311735	0.998961330272646	47.77944529004235	240.7108589712924	-0.4346920708923689
3.5657909698996653	3.280936454849498	2.7121029784535464	0.00002978827455863986	1.4544041008777506	0.9980052853533228	3.173213163099567	0.003979428130244538	8.95566981067199	210.99733431208185	4.189767573499936	0.9989695723784897	47.81920468856247	240.71913486719157	-0.4350890473059954
3.5700058528428094	3.280936454849498	2.7121380915344253	0.0000291083752579232	1.4544053411949107	0.998030610010843	3.1734811167508608	0.003915968233673817	8.954977105634109	211.2733510606754	4.189839581559791	0.9989777386215584	47.858945784201225	240.72735371800465	-0.43547985471434514
3.5742207357859535	3.280936454849498	2.712172710023958	0.00002844407692270109	1.4544066447017236	0.9980556006011602	3.17374520436365	0.003853572853436914	8.954294959599428	211.54908979786237	4.189911142894241	0.9989858298617672	47.89866861122198	240.73551599189568	-0.4358645922469358
3.578435618729097	3.280936454849498	2.7122068420698566	0.000027795018389358637	1.4544080097877465	0.998080261853779	3.174005486836443	0.0037922227380048153	8.953623199784076	211.82455490060127	4.189982260749662	0.9989938469465873	47.93837320340087	240.74362215138078	-0.43624335733320047
3.5826505016722408	3.280936454849498	2.7122404956698634	0.000027160846979357713	1.454409434874293	0.9981045984228776	3.1742620239909733	0.003731899021236291	8.95296165655648	212.09975066696933	4.190052938336	0.9990017907112716	47.97805959404102	240.75167265343222	-0.43661624573429997
3.5868653846153844	3.280936454849498	2.7122736786747614	0.000026541218295004718	1.4544109184137943	0.9981286148887216	3.1745148745940743	0.003672583213671044	8.952310163371855	212.374681317827	4.190123178827399	0.9990096619790765	48.017727815985694	240.75966794957546	-0.4369833515742214
3.5910802675585285	3.280936454849498	2.712306398791309	0.00002593579602032631	1.454412458889177	0.9981523157590482	3.174764096379062	0.0036142571940456845	8.951668556708313	212.64935099844413	4.190192985362802	0.9990174615614782	48.05737790163099	240.7676084859798	-0.4373447673703623
3.595295150501672	3.280936454849498	2.7123386635851534	0.00002534425172691565	1.4544140548132705	0.9981757054704177	3.1750097460666358	0.0035569032010264504	8.951036676004405	212.9237637800852	4.190262361046676	0.9990251902583848	48.09700988293953	240.77549470356573	-0.4377005840632782
3.5995100334448162	3.280936454849498	2.712370480483613	0.000024766264684628557	1.4544157047281947	0.998198788389535	3.1752518793852347	0.0035005038251521895	8.950414363598151	213.19792366155414	4.190331308949486	0.9990328488583433	48.13662379145158	240.78332703808098	-0.4380508910461096
3.60372491638796	3.280936454849498	2.7124018567784716	0.00002420152167698737	1.4544174072048013	0.9982215688145426	3.1754905510909888	0.003445042000981924	8.949801464667491	213.47183457070406	4.190399832108413	0.9990404381387431	48.176219658298095	240.79110592020498	-0.4383957761931195
3.6079397993311035	3.280936454849498	2.712432799628654	0.00002364971682118055	1.4544191608420922	0.9982440509762837	3.175725814987157	0.00339050099944072	8.949197827172137	213.7455003659079	4.190467933527834	0.9990479588660138	48.215797514211566	240.79883177562516	-0.4387353258879062
3.612154682274247	3.280936454849498	2.7124633160628897	0.000023110551392528273	1.4544209642666766	0.9982662390395374	3.1759577239431436	0.003336864420358749	8.948603301796735	214.01892483749498	4.190535616179983	0.9990554117958198	48.25535738953809	240.80650502513438	-0.4390696250508332
3.6163695652173913	3.280936454849498	2.712493412982277	0.00002258373365330352	1.45442281613222	0.9982881371042277	3.1761863299130555	0.0032841161851976885	8.948017741895375	214.2921117091509	4.190602883005427	0.9990627976732507	48.29489931424772	240.81412608470487	-0.4393987571660758
3.6205844481605354	3.280936454849498	2.712523097162838	0.00002206897868578963	1.4544247151189262	0.9983097492066054	3.176411683953868	0.003232240529959284	8.947441003437397	214.56506463928648	4.190669736913688	0.9990701172330071	48.33442331794587	240.8216953655808	-0.43972280430797805
3.624799331103679	3.280936454849498	2.712552375257968	0.000021566008229468762	1.4544266599330085	0.9983310793204035	3.1766338362431297	0.0031812219982710454	8.94687294495439	214.83778722237085	4.190736180783713	0.9990773711995827	48.373929429883155	240.82921327435128	-0.4400418471670009
3.6290142140468227	3.280936454849498	2.7125812538008875	0.000021074550522226166	1.4544286493061926	0.9983521313579691	3.1768528360963035	0.0031310454346439847	8.946313427488473	215.11028299023502	4.190802217464453	0.9990845602874432	48.413417678966084	240.8366802130364	-0.44035596507503794
3.6332290969899663	3.280936454849498	2.7126097392069886	0.000020594340145475086	1.4544306819952133	0.9983729091713683	3.177068731983687	0.0030816959778975717	8.945762314541716	215.38255541334263	4.1908678497753336	0.9990916852012003	48.4528880937665	240.84409657915964	-0.4406652360303242
3.6374439799331104	3.280936454849498	2.7126378377761724	0.000020125117873092876	1.4544327567813338	0.9983934165534702	3.1772815715469633	0.003033159054747415	8.945219472026745	215.6546079020317	4.190933080506772	0.999098746635783	48.492340702531365	240.85146276582623	-0.44096973672177536
3.641658862876254	3.280936454849498	2.712665555695112	0.000019666630524073604	1.4544348724698708	0.9984136572390052	3.177491401615374	0.0029854203735509258	8.944684768218442	215.9264438077263	4.190997912420671	0.9991057452766049	48.53177553319208	240.8587791617972	-0.44126954255283307
3.645873745819398	3.280936454849498	2.7126928990394874	0.000019218630818799043	1.4544370278897336	0.998433634905602	3.177698268221535	0.0029384659182067254	8.944158073706813	216.19806642412064	4.1910623482509175	0.9991126817997279	48.5711926133738	240.86604615156523	-0.44156472766490384
3.650088628762542	3.280936454849498	2.712719873776148	0.000018780877238837405	1.454439221892963	0.9984533531748016	3.1779022166168813	0.0028922819422034967	8.943639261350821	216.46947898833383	4.191126390703814	0.999119556872023	48.610591970403824	240.87326411542077	-0.44185536496026345
3.6543035117056855	3.280936454849498	2.7127464857652535	0.000018353133890174882	1.4544414533542926	0.9984728156130507	3.178103291286777	0.0028468549628142582	8.943128206233348	216.74068468203825	4.191190042458571	0.9991263711513275	48.64997363132048	240.880433429526	-0.4421415261245155
3.658518394648829	3.280936454849498	2.7127727407623543	0.000017935170369796514	1.4544437211707117	0.9984920257326726	3.178301535965296	0.0028021717554317944	8.942624785617152	217.01168663256283	4.191253306167745	0.9991331252865986	48.689337622881425	240.8875544659809	-0.4424232816486443
3.662733277591973	3.280936454849498	2.712798644420433	0.000017526761635526072	1.454446024261039	0.9985109869928205	3.178496993649658	0.0027582193480418043	8.942128878901807	217.28248791396857	4.191316184457681	0.9991398199180641	48.72868397157167	240.89462759289208	-0.44270070085058466
3.6669481605351173	3.280936454849498	2.712824202291904	0.00001712768787904389	1.4544483615655064	0.9985297028004065	3.178689706614351	0.0027149850158295708	8.941640367581574	217.5530915480999	4.191378679928944	0.9991464556773707	48.768012703611554	240.90165317443675	-0.44297385189635663
3.671163043478261	3.280936454849498	2.712849419830572	0.000016737734402002013	1.4544507320453517	0.9985481765110156	3.1788797164249507	0.0026724562759168186	8.941159135204314	217.82350050561374	4.191440795156757	0.9991530331877282	48.807323844964465	240.90863157092895	-0.4432428018208396
3.6753779264214046	3.280936454849498	2.7128743023935455	0.000016356691495155628	1.4544531346824185	0.9985664114297971	3.179067063951628	0.002630620882225135	8.940685067331222	218.09371770698152	4.191502532691403	0.9991595530640511	48.84661742134427	240.9155631388819	-0.4435076165480786
3.6795928093645482	3.280936454849498	2.712898855243107	0.000015984354320435054	1.4544555684787626	0.9985844108123406	3.1792517893823504	0.0025894668204624535	8.940218051497498	218.36374602347064	4.191563895058616	0.999166015913098	48.88589345822237	240.92244823106674	-0.4437683609112287
3.6838076923076923	3.280936454849498	2.7129230835485543	0.00001562052279588387	1.4544580324562717	0.998602177865531	3.1794339322358174	0.0025489823032293656	8.939757977173896	218.6335882781027	4.191624884759999	0.9991724223336067	48.92515198083496	240.9292871965763	-0.44402509867207607
3.688022575250836	3.280936454849498	2.7129469923880007	0.000015265001483389594	1.4544605256562912	0.9986197157483878	3.1796135313740956	0.002509155765242147	8.939304735729102	218.9032472465902	4.191685504273422	0.9991787729164288	48.96439301419002	240.93608038088513	-0.4442778925401834
3.69223745819398	3.280936454849498	2.7129705867501257	0.000014917599479136667	1.4544630471392535	0.9986370275728874	3.1797906250149826	0.0024699758586690162	8.938858220392977	219.1727256582517	4.191745756053373	0.9991850682446589	49.00361658307359	240.94282812590285	-0.4445268041916889
3.6964523411371237	3.280936454849498	2.7129938715359065	0.00001457813030671353	1.4544655959843191	0.9986541164047665	3.1799652507441123	0.002431431448577077	8.938418326220573	219.44202619690645	4.191805642531352	0.9991913088937638	49.042822712056534	240.94953077003527	-0.44477189428768493
3.7006672240802674	3.280936454849498	2.713016851560297	0.00001424641181280446	1.4544681712890244	0.9986709852643114	3.180137445526787	0.0023935116084864826	8.937984950056974	219.71115150174893	4.191865166116219	0.999197495431707	49.08201142550065	240.95618864823595	-0.44501322249230535
3.704882107023411	3.280936454849498	2.713039531553889	0.000013922266065404478	1.4544707721689365	0.9986876371271306	3.1803072457195585	0.0023562056160294866	8.93755799050287	219.98010416820364	4.191924329194565	0.9992036284190721	49.121182747564916	240.96280209206373	-0.44525084749038285
3.709096989966555	3.280936454849498	2.713061916164526	0.000013605519254490316	1.4544733977573159	0.9987040749249112	3.1804746870815688	0.0023195029487112595	8.937137347880926	220.2488867487614	4.191983134131072	0.9992097084091833	49.160336702211545	240.9693714297366	-0.4454848270048096
3.713311872909699	3.280936454849498	2.7130840099588873	0.000013296001595088786	1.4544760472047837	0.9987203015461606	3.180639804785638	0.0022833932797697754	8.936722924202853	220.5175017537958	4.192041583268832	0.9992157359482235	49.199473313211485	240.9758969861809	-0.4457152178135605
3.717526755852843	3.280936454849498	2.7131058174240352	0.000012993547232680224	1.4544787196789943	0.9987363198369338	3.1808026334291126	0.0022478664741324263	8.936314623137195	220.78595165236246	4.192099678929678	0.99922171157535	49.2385926041501	240.98237908308246	-0.44594207576639083
3.7217416387959865	3.280936454849498	2.7131273429689453	0.000012697994150879112	1.4544814143643228	0.998752132601545	3.180963207044503	0.0022129125844665785	8.935912349977846	221.05423887298076	4.192157423414546	0.9992276358228078	49.27769459843283	240.98881803894062	-0.4461654558011639
3.72595652173913	3.280936454849498	2.7131485909259827	0.00001240918408133596	1.4544841304615475	0.9987677426032666	3.1811215591098665	0.0021785218473217125	8.935516011613196	221.3223658043972	4.1922148190037545	0.9992335092160413	49.316779319290156	240.99521416911173	-0.44638541195991166
3.7301714046822743	3.280936454849498	2.7131695655523766	0.000012126962415802569	1.4544868671875524	0.9987831525650126	3.1812777225590145	0.0021446846793607122	8.935125516496026	221.59033479633501	4.192271867957385	0.9992393322738031	49.35584678978343	241.00156778586583	-0.44660199740458717
3.734386287625418	3.280936454849498	2.7131902710316194	0.00001185117812031121	1.454489623775013	0.9987983651700102	3.1814317297914294	0.0021113916736781512	8.934740774613907	221.85814816022048	4.192328572515478	0.9992451055082613	49.39489703280867	241.00787919842006	-0.44681526443247216
3.738601170568562	3.280936454849498	2.7132107114748965	0.000011581683651408314	1.4544923994721186	0.9988133830624569	3.1815836126820725	0.0020786335962029523	8.934361697460401	222.12580816990325	4.192384934898458	0.9992508294251039	49.43393007110272	241.01414871299906	-0.4470252644913168
3.7428160535117057	3.280936454849498	2.713230890922432	0.000011318334874398909	1.454495193542275	0.9988282088481661	3.1817334025909014	0.0020464013821837063	8.933988198006775	222.39331706235228	4.192440957307336	0.9992565045236421	49.47294592724704	241.02037663287	-0.44723204819421203
3.7470309364548493	3.280936454849498	2.71325081334485	0.00001106099098354571	1.4544980052638268	0.9988428450951985	3.181881130372241	0.0020146861327541335	8.933620190674343	222.6606770383427	4.192496641924073	0.999262131296911	49.511944623673024	241.02656325839519	-0.4474356653341086
3.751245819397993	3.280936454849498	2.7132704826444667	0.000010809514424179559	1.454500833929774	0.9988572943344819	3.1820268263839218	0.001983479111576861	8.933257591307376	222.9278902631225	4.192551990911779	0.9992677102317686	49.55092618266561	241.03270888706487	-0.4476361648981462
3.755460702341137	3.280936454849498	2.7132899026565993	0.000010563770816669388	1.454503678847513	0.9988715590604204	3.1821705204962734	0.0019527717415633692	8.932900317146649	223.19495886707088	4.192607006415082	0.9992732418089929	49.589890626368565	241.0388138135521	-0.447833595081619
3.759675585284281	3.280936454849498	2.7133090771508166	0.000010323628882208849	1.45450653933856	0.9988856417314891	3.182312242100886	0.0019225556016683023	8.932548286803467	223.46188494633728	4.19266169056034	0.9992787265033769	49.628837976788006	241.04487832974593	-0.44802800330174514
3.763890468227425	3.280936454849498	2.7133280098321673	0.000010088960370374125	1.4545094147382913	0.9988995447708202	3.182452020119214	0.0018928224237560953	8.932201420234295	223.72867056346863	4.1927160454558985	0.9992841647838222	49.667768255796496	241.05090272479197	-0.4482194362111743
3.7681053511705684	3.280936454849498	2.713346704342412	9.859639988406796e-6	1.4545123043956973	0.9989132705667753	3.1825898830110204	0.00186356408953813	8.931859638715908	223.9953177480261	4.192770073192422	0.9992895571134307	49.70668148513768	241.05688728514068	-0.44840793971114307
3.772320234113712	3.280936454849498	2.71336516426118	9.635545332184408e-6	1.454515207673116	0.998926821473509	3.182725858782594	0.0018347726275788334	8.931522864821044	224.26182849718225	4.192823775843045	0.9992949039495941	49.74557768642906	241.06283229457387	-0.4485935589645508
3.776535117056856	3.280936454849498	2.7133833931071596	9.416556818831026e-6	1.4545181239460037	0.9989401998115207	3.1828599749948694	0.001806440210368577	8.931191022394591	224.52820477631252	4.192877155463731	0.9993002057440821	49.78445688116689	241.068738034257	-0.44877633840859044
3.78075	3.280936454849498	2.7134013943392197	9.202557620932642e-6	1.4545210526026835	0.9989534078681955	3.1829922587713235	0.0017785591514620804	8.930864036530268	224.79444851956998	4.1929302140934395	0.9993054629431296	49.82331909072899	241.07460478276656	-0.44895632176730776