3.2286003344481604	1.	4.856611918343767	3.3125724517328114e-10	4.774519754623532	0.9999999995382188	6.195254108770228	0.000014285748256985184	12.76931310908054	449.88743029511784	13.784984012286554	0.9999929668713236	99.13733221370971	241.96169464871946	2.9006381816522424
3.2286003344481604	1.0367892976588629	4.768391274859107	5.752078314102419e-10	4.605090141089997	0.9999999988572845	6.072428037570288	0.00001849934964598847	12.635719740044348	438.56220342665364	13.295682853951567	0.9999904949496452	96.86688411874815	241.95970617472852	2.788647820309505
3.2286003344481604	1.0735785953177257	4.684948417014602	9.690269148662258e-10	4.447269990448268	0.999999997352841	5.956041733647439	0.000023653534421769454	12.507329813881162	427.87632671399484	12.839881335469688	0.9999874251199382	94.7191222142737	241.95699494587362	2.682069998153755
3.2286003344481604	1.1103678929765886	4.605872101096959	1.5879430467279081e-9	4.299905055446432	0.9999999942207439	5.8455638331370015	0.000029893352340753917	12.383839329089456	417.77557419488676	12.414245817640593	0.9999836800360096	92.68358094561188	241.9534214531607	2.580358763588911
3.2286003344481604	1.1471571906354514	4.530798288430031	2.5370421987097865e-9	4.161989164363637	0.9999999880395595	5.740521381615369	0.00003737614985993196	12.264966335541146	408.21171146811344	12.01587050097677	0.9999791836317932	90.75099232059587	241.9488428802322	2.483048937199226
3.2286003344481604	1.1839464882943145	4.459403474633132	3.960112908016544e-9	4.032641218460808	0.9999999764158698	5.640491866132953	0.0000462716343250943	12.150449397135956	399.1416870794779	11.642211018321001	0.9999738623772924	88.91311661624862	241.94311615831575	2.3897406491577042
3.2286003344481604	1.2207357859531773	4.3913991282066815	6.050219987555512e-9	3.9110863478126117	0.9999999554924307	5.545096533353739	0.00005676190159609631	12.040046089952833	390.5269516480618	11.29103002424015	0.9999676463779706	87.16260142655982	241.93610087899592	2.3000874704384757
3.2286003344481604	1.2575250836120402	4.326527027542449	9.062149335344408e-9	3.796640373951534	0.999999919294583	5.453994755395474	0.00006904143466155452	11.933531563929252	382.3328817402429	10.96035232423575	0.9999604703000092	85.49286359438317	241.92766197590913	2.213787169078057
3.2286003344481604	1.294314381270903	4.264555330367707	1.3326848534407016e-8	3.688696921466036	0.9999998588950183	5.366879254619987	0.00008331708065857247	11.830697184101266	374.528290123505	10.648427646054234	0.9999522741145737	83.89798975009145	241.91767211530825	2.1305744165937424
3.2286003344481604	1.3311036789297659	4.205275243997848	1.9267967333336903e-8	3.586716666209164	0.9999997613842715	5.283472036851924	0.00009980801347171401	11.731349259392355	367.08500763254017	10.353699575355167	0.9999430036628545	82.37265207870784	241.9060137606769	2.0502149653793422
3.2286003344481604	1.3678929765886287	4.1484981912875485	2.7420579465515788e-8	3.490218318052122	0.9999996086437605	5.203520912172323	0.00011874568876606572	11.635307861607735	359.97752470322195	10.074779496179348	0.9999326110502084	80.91203662806302	241.89258089748222	1.9725009509832152
3.2286003344481604	1.4046822742474916	4.094053387788708	3.8452143322179955e-8	3.3987710203846397	0.9999993759290319	5.126796505629682	0.00014037379793528903	11.542405733820807	353.1826828582103	9.81042461972654	0.9999210548823869	79.51178200536887	241.87728042023883	1.8972470653879983
3.2286003344481604	1.4414715719063544	4.0417857617743795	5.318573443490019e-8	3.311987913459669	0.9999990302823042	5.053089678477066	0.0001649482270370946	11.452487285146232	346.6794081977757	9.55951937210419	0.9999083003598659	78.16792672671485	241.86003319585043	1.8242874124083746
3.2286003344481604	1.4782608695652173	3.9915541615265173	7.262555818743472e-8	3.2295206590245185	0.999998528804429	4.982209295022547	0.000192737026363433	11.365407667574297	340.4484803635076	9.321059556876843	0.9998943192479417	76.87686381152004	241.84077482496124	1.753472902854128
3.2286003344481604	1.5150501672240804	3.9432298043990754	9.798472723991188e-8	3.151054763010076	0.9999978168262832	4.913980281731349	0.00022402039586557465	11.281031929817013	334.4723315789475	9.094138821649409	0.9998790897408308	75.63530147289768	241.81945612768885	1.6846690808958744
3.2286003344481604	1.5518394648829432	3.8966949302469387	1.307152653101374e-7	3.07630556397709	0.9999968260274652	4.848241934488372	0.0002590906912381644	11.1992342427913	328.73487128927366	8.877937047099595	0.9998625962377509	74.44022896086763	241.79604338215083	1.6177542979328843
3.2286003344481604	1.588628762541806	3.8518416283034496	1.7254027764050758e-7	3.0050147794932034	0.999995472555675	4.784846437413609	0.0002982524550715383	11.119897191307786	323.2213326678422	8.671710347460417	0.9998448290480981	73.28888678024656	241.77051834446172	1.5526181687779876
3.2286003344481604	1.625418060200669	3.8085708118353154	2.254882090320843e-7	2.9369475220993038	0.9999936552028345	4.723657562697175	0.00034182247711667715	11.042911126648983	317.91813786596197	8.474782427659454	0.9998257840415717	72.17874063782581	241.74287807784603	1.4891602589197837
3.2286003344481604	1.6622073578595318	3.7667913191655735	2.9192909302652625e-7	2.871889712126589	0.9999912536939263	4.664549525877299	0.0003901298873787527	10.968173574946523	312.8127793813816	8.286537087337553	0.999805462257571	71.10745858098501	241.71313461670925	1.4272889622348646
3.2286003344481604	1.6989966555183946	3.726419123135387	3.746126808733255e-7	2.8096458271895663	0.9999881271417304	4.607405975049375	0.00044351628546778345	10.895588696556677	307.89371533210465	8.106411698223859	0.9997838694865512	70.07289087747425	241.6813144893676	1.3669205366788875
3.2286003344481604	1.7357859531772575	3.687376633930515	4.7670832648933517e-7	2.7500369383512138	0.9999841127154957	4.552119095843211	0.000502335909392066	10.825066791957777	303.1502767622839	7.933891510694148	0.9997610158343373	69.07305225779632	241.64745812083	1.3079782718101427
3.2286003344481604	1.7725752508361203	3.649592082551716	6.0184649380452e-7	2.6928989912328345	0.9999790245644675	4.498588816777821	0.0005669558467830558	10.756523850030831	298.5725853895103	7.768504669220442	0.9997369152787646	68.10610620062114	241.61161913483411	1.2503917669461098
3.2286003344481604	1.8093645484949832	3.6129989741562705	7.541617457553198e-7	2.63808129710906	0.9999726530286436	4.446722101907037	0.0006377562913903321	10.689881134921253	294.15148043841515	7.6098178359424855	0.9997115852264511	67.17035099044219	241.5738635723097	1.1940963026537983
3.2286003344481604	1.8461538461538463	3.5775356021170768	9.38337069760989e-7	2.5854452045889613	0.9999647641596647	4.39643231959224	0.0007151308475811551	10.625064808007119	289.8784534027224	7.457432337624407	0.99968504607608	66.2642073171975	241.53426904169137	1.139032291372556
3.2286003344481604	1.882943143812709	3.543144614996607	1.1596493927957907e-6	2.5348629270731413	0.9999550995648545	4.347638677849079	0.0007994868855202472	10.562005581810539	285.7455897434812	7.310980764481966	0.9996573207932637	65.38620722136547	241.49292381497094	1.0851447954460998
3.2286003344481604	1.919732441471572	3.5097726297643326	1.4240161401205583e-6	2.486216504979898	0.9999433765776171	4.300265718069041	0.0008912459496895857	10.500638402981249	281.7455166707405	7.170123960315277	0.9996284345009113	64.53498421633847	241.44992588211588	1.0323831028356973
3.2286003344481604	1.9565217391304348	3.477369885536733	1.7380426953094873e-6	2.4393968848981897	0.9999292887480628	4.254242860058546	0.000990844223433271	10.440902161752831	277.871356273842	7.034548352484192	0.9995984140880084	63.709264443659045	241.40538197542045	0.9807003524027316
3.2286003344481604	1.9933110367892977	3.445889932920201	2.1090706253305156e-6	2.394303100468139	0.9999125066391846	4.209503992304311	0.0010987330522763492	10.3827394255219	274.1166833654351	6.903963577857772	0.9995672878388518	62.90785873675799	241.35940657445494	0.9300532019657841
3.2286003344481604	2.0301003344481607	3.415289354714514	2.5452265430229263e-6	2.3508415420049196	0.9998926789064172	4.165987102193128	0.0012153795288665737	10.326096194428986	270.47548748924027	6.7781003672278555	0.9995350850840407	62.129655485804165	241.31212090149936	0.8804015334158655
3.2286003344481604	2.0668896321070234	3.3855275143088877	3.0554714902596435e-6	2.308925303744364	0.9998694336321103	4.123633941611422	0.0013412671425220043	10.270921677027344	266.9421386139344	6.656708656018299	0.9995018358739126	61.3736142106789	241.26365191665724	0.8317081900612948
3.2286003344481604	2.1036789297658864	3.3565663285909304	3.6496507382687256e-6	2.268473599159293	0.9998423798814446	4.082389723944703	0.0014768964965325064	10.217168084314237	263.5113560973472	6.539555893623392	0.9994675706746057	60.63875976134798	241.2141313212232	0.7839387421079412
3.2286003344481604	2.140468227424749	3.328370062604885	4.338543916892199e-6	2.2294112361237373	0.9998111094426102	4.042202849005196	0.0016227860965583873	10.164790440568245	260.17818055803656	6.426425527513773	0.9994323200865152	59.924177075363126	241.16369457721117	0.7370612767899468
3.2286003344481604	2.177257525083612	3.3009051435513372	5.133915401840677e-6	2.191668144828483	0.99977519871162	4.00302465285194	0.0017794732136914256	10.113746409588842	256.9379483367398	6.317115641475258	0.9993961145845932	59.22900643118239	241.11247995039741	0.691046210174706
3.2286003344481604	2.2140468227424748	3.274139992025014	6.048564908120891e-6	2.155178952308341	0.9997342106808701	3.9648091798417475	0.0019475148259921204	10.063996135070989	253.78626826922562	6.211437730088471	0.9993589842796842	58.552439143672586	241.06062758354022	0.6458661180907477
3.2286003344481604	2.250836120401338	3.2480448686489027	7.096378258615802e-6	2.1198825982568694	0.9996876969903533	3.9275129745717328	0.0021274886425896944	10.015502093969605	250.7190005257299	6.109215593896395	0.9993209586999013	57.89371365476291	241.00827860583578	0.6014955839844035
3.2286003344481604	2.2876254180602005	3.2225917344879598	8.292378319140175e-6	2.085721987500232	0.9996352000011706	3.891094891652219	0.002319994214726806	9.968228961818193	247.73223730123448	6.01028434170633	0.9992820665909145	57.252111977908946	240.95557428398737	0.5579110618117907
3.2286003344481604	2.3244147157190636	3.1977541238198066	9.65277611501973e-6	2.0526436750972255	0.9995762548524934	3.855515921489308	0.0025256541384483366	9.92214348906327	244.82228516601532	5.914489488186527	0.9992423357339236	56.62695645994261	240.9026552195973	0.5150907523265106
3.2286003344481604	2.3612040133779266	3.1735070280076436	0.00001119502216921693	2.02059758054281	0.9995103914652881	3.82073903046481	0.002745115353970953	9.87721438756304	241.9856489077153	5.821686136390628	0.9992017927800388	56.0176068281413	240.84966059690262	0.4730144913384324
3.2286003344481604	2.3979933110367893	3.149826789365978	0.000012937858128103073	1.9895367279907954	0.9994371364587751	3.7867290140823537	0.0029790505471257393	9.83341222647619	239.2190167151878	5.731738236111585	0.9991604630997576	55.4234574940426	240.79672748417556	0.43166364870129986
3.2286003344481604	2.4347826086956523	3.1266910040362297	0.000014901368768025238	1.9594170097885653	0.9993560149485887	3.7534523618063	0.003228159658637644	9.790709336835421	236.5192465709022	5.644517910063047	0.9991183706462287	54.843935088749575	240.74399019147245	0.39102103694223334
3.2286003344481604	2.471571906354515	3.1040784329990516	0.000017107034503745104	1.9301969709419513	0.9992665521988731	3.720877132457557	0.0034931715073913162	9.749079724161216	233.88335373313905	5.5599048408340925	0.9990755378310019	54.27849620726819	240.69157968668495	0.3510708285778837
3.2286003344481604	2.508361204013378	3.081968920446356	0.00001957778454849802	1.90183761240953	0.9991682751039153	3.68897283915114	0.00377484553422738	9.70849898852559	231.3084992018603	5.477785712387294	0.9990319854109966	53.72662534187575	240.63962307128696	0.31179848127503557
3.2286003344481604	2.5451505016722407	3.060343318819912	0.000022338050904794928	1.874302211368972	0.9990607134783333	3.6577103428658906	0.004073973673212852	9.668944251523149	228.79197907322884	5.398053700585554	0.9989877323854548	53.18783298665983	240.5882431165075	0.27319067010923576
3.2286003344481604	2.5819397993311037	3.0391834198970464	0.000025413823395078965	1.8475561568093386	0.998943401138195	3.627061753829943	0.0043913823577288996	9.630394089648716	226.33121469750523	5.320608007857862	0.9989427959016973	52.661653897255924	240.53755786012886	0.23523522625711268
3.2286003344481604	2.6187290969899664	3.018471891368757	0.000028832705971915344	1.8215667989869644	0.9988158767586983	3.5970003399876602	0.0047279346691070645	9.592828473617185	223.923743563657	5.245353437659619	0.9988971911685499	52.14764549147139	240.48768026358545	0.19792108152784552
3.2286003344481604	2.6555183946488294	2.998192218412629	0.000032623974578532326	1.7963033114427207	0.9986776844971145	3.567500441886645	0.005084532635914664	9.556228713192992	221.56721084161842	5.172200004860931	0.9988509313763655	51.64538637794725	240.43871792856683	0.1612382181983847
3.2286003344481604	2.6923076923076925	2.9783286498134096	0.000036818636862214846	1.7717365644184733	0.9985283743725745	3.5385373933880966	0.0054621196923241135	9.52057740712272	219.25936151987486	5.101062578615717	0.9988040276226271	51.15447500130676	240.3907728719234	0.12517762366749083
3.2286003344481604	2.729096989966555	2.958866148228883	0.00004144949407532422	1.7478390086331528	0.9983675023969016	3.510087447661781	0.005861683304284781	9.48585839778675	216.99803308205074	5.031860554633276	0.9987564888421773	50.674528393388506	240.34394135731137	0.08973124948539488
3.2286003344481604	2.765886287625418	2.939790344238403	0.00004655120553158378	1.7245845684865666	0.9981946304530707	3.4821277079787936	0.0062842577724242675	9.45205673020265	214.7811486715273	4.964517554099039	0.9987083217411846	50.20518102118369	240.29831378171187	0.05489197435095554
3.2286003344481604	2.802675585284281	2.9210874938470317	0.0000521603560187732	1.7019485438539457	0.9980093259199636	3.4546360628623667	0.006730927220713916	9.41915861502568	212.606710697922	4.898961146778503	0.9986595307340197	49.74608372300955	240.25397461472969	0.02065357069669752
3.2286003344481604	2.839464882943144	2.9027444391498296	0.00005831552660317924	1.6799075197178768	0.9978111610439165	3.4275911251997355	0.007202828779901085	9.387151395199107	210.47279484358748	4.835122596092055	0.9986101178822792	49.296902725261745	240.211002388362	-0.012989325495929616
3.2286003344481604	2.8762541806020065	2.8847485718894936	0.00006505736929603304	1.6584392829584502	0.9975997120590995	3.4009721749575337	0.00770115597450001	9.356023515909172	208.37754443221783	4.772936624174041	0.9985600828352664	48.857318732820495	240.16946973482112	-0.046041241991329994
3.2286003344481604	2.9130434782608696	2.8670877996661095	0.0000724286860878078	1.6375227456881662	0.997374558060047	3.3747591051797294	0.008227162321680442	9.32576449749609	206.319165125247	4.712341195129163	0.9985094227713031	48.42702608683706	240.1294434698994	-0.07850589503399005
3.2286003344481604	2.9498327759197323	2.8497505145811237	0.00008047451289255178	1.6171378745767082	0.9971352796306895	3.34893237098172	0.008782165149639868	9.296364910962545	204.29591991504589	4.653277314877542	0.9984581323393225	48.00573198421785	240.09098471934152	-0.11038621184493073
3.2286003344481604	2.9866220735785953	2.8327255641186353	0.00008924220898143292	1.5972656256628215	0.9968814572350291	3.3234729412870583	0.009367549641897026	9.267816355704099	202.3061243870308	4.595688846138108	0.9984062036002728	47.59315575365182	240.05414908568295	-0.1416843512026098
3.2286003344481604	3.0234113712374584	2.8160022240865827	0.00009878155252203609	1.5778878841973225	0.996612669375196	3.2983622530856858	0.009984773112305235	9.240111439061431	200.34814222576549	4.539522337242036	0.9983536259679427	47.189028183510864	240.01898685311133	-0.17240172243461677
3.2286003344481604	3.060200668896321	2.7995701734579415	0.00010914484287768849	1.5589874091029952	0.9963284905230329	3.2735821680243204	0.010635369513320728	9.213243757260178	198.4203809429859	4.484726863594101	0.9983003861489147	46.79309089738436	239.98554322795866	-0.20253900315688428
3.2286003344481604	3.096989966555184	2.7834194709686084	0.00012038701035850228	1.5405477816748065	0.9960284888316226	3.24911493117229	0.011320954177021269	9.187207877260079	196.52128780831652	4.431253880713629	0.9982464680814558	46.405095773408654	239.95385861260903	-0.2320961561126995
3.2286003344481604	3.1337792642140467	2.7675405333437975	0.00013256573415258634	1.5225533581776318	0.9957122236333505	3.2249431318396855	0.012043228784362177	9.16199931897927	194.64934596630027	4.3790570878879835	0.9981918528732723	46.02480440390936	239.92396891073554	-0.2610724454864949
3.2286003344481604	3.17056856187291	2.751924115039225	0.00014574156920100516	1.5049892260292417	0.9953792427312051	3.20104966636058	0.012803986552951337	9.137614537290014	192.80307072633138	4.328092301563239	0.9981365187381893	45.65198759220906	239.89590586202152	-0.28946645309619845
3.2286003344481604	3.2073578595317724	2.736561289396831	0.00015997808281252113	1.4878411632837436	0.995029079490153	3.1774177027925172	0.013605117626947027	9.114050903097041	190.98100601521642	4.278317337678146	0.9980804409319691	45.28642488374973	239.8696974046822	-0.31727609490497033
3.2286003344481604	3.2441471571906355	2.7214434311279363	0.00017534200184235642	1.4710956011556158	0.9946612497356092	3.154030647526253	0.014448614644194488	9.091306682706994	189.18172098550718	4.229691902221926	0.9980235916876663	44.927904128964585	239.84536806441625	-0.34449863833747996
3.2286003344481604	3.280936454849498	2.7065622000491625	0.00019190337128127728	1.4547395893468236	0.9942752484663693	3.130872113846973	0.015336578445036669	9.069381014574375	187.4038067765137	4.182177489362176	0.9979659401511218	44.57622107558462	239.82293936859517	-0.37113072094038924
3.2286003344481604	3.317725752508361	2.691909526008902	0.00020973572511447442	1.438760763959858	0.9938705463899367	3.107925892542211	0.016271223873875286	9.048273882363418	185.64587342917346	4.13573728654967	0.9979074523174505	44.231178988310226	239.80243028484762	-0.39716837098932106
3.2286003344481604	3.3545150501672243	2.6774775949541194	0.00022891627031093934	1.423147317797682	0.9934465862890868	3.0851759247127286	0.017254885607998517	9.02798608309388	183.90654696079562	4.090336086060066	0.9978480909696607	43.892588293994535	239.78385768338578	-0.4226070307194984
3.2286003344481604	3.391304347826087	2.6632588360995264	0.0002495260847888593	1.4078879728680038	0.9930027792298601	3.062606277013	0.018290023927778613	9.008519188938518	182.18446661130824	4.045940202481645	0.9977878156208866	43.560266250698106	239.76723682276332	-0.4474415829415419
3.2286003344481604	3.42809364548495	2.6492459101733	0.0002716503301659583	1.3929719549238382	0.9925385006231225	3.0402011196287533	0.01937923031736802	8.989875501009127	180.47828227913084	4.002517395701423	0.9977265824621072	43.23403663916591	239.75258185896215	-0.4716663819011301
3.2286003344481604	3.4648829431438126	2.635431698725868	0.00029537848003922815	1.3783889698852367	0.9920530861545006	3.017944707391984	0.02052523275468042	8.972057993203864	178.7866521723648	3.9600367989813416	0.99766434431769	42.91372947546243	239.73990637795964	-0.49527528934942594
3.2286003344481604	3.5016722408026757	2.621809294500853	0.00032080456443821627	1.3641291819983075	0.9915458276010968	2.995821364540672	0.02173090051285064	8.955070243890086	177.10824070980703	3.9184688517512227	0.9976010506116314	42.599180743673614	239.72922395212652	-0.5182617169108118
3.2286003344481604	3.5384615384615383	2.6083719928800253	0.0003480274309505144	1.35018319359732	0.991015968558075	2.9738154737525457	0.022999248251600938	8.938916352864997	175.4417167165494	3.8777852367765497	0.9975366473479844	42.290232147748476	239.7205487209715	-0.5406186759641517
3.2286003344481604	3.5752508361204014	2.595113284426775	0.00037715102281663903	1.3365420263435932	0.9904627001042181	2.9519114702203813	0.02433343912508194	8.923600840672373	173.7857519707543	3.837958821386204	0.9974710771096651	41.98673088170278	239.71389599677278	-0.5623388363912487
3.2286003344481604	3.612040133779264	2.582026848565597	0.0004082846740203955	1.3231971038213735	0.9898851564430989	2.9300938416920346	0.02573678657194011	8.909128526966107	172.13902017182772	3.7989636024700855	0.9974042790806268	41.688529417555614	239.70928289570492	-0.5834145956865983
3.2286003344481604	3.648829431438127	2.5691065484470905	0.00044154342104683203	1.3101402353754004	0.9892824105658058	2.9083471355696995	0.02721275438296778	8.8955043842083	170.50019641560849	3.7607746549763843	0.9973361890972728	41.39548531049377	239.7067289948266	-0.603838160060979
3.2286003344481604	3.68561872909699	2.556346427059645	0.00047704833052589354	1.297363601077906	0.9886534699924356	2.8866559743495577	0.02876495456138644	8.882733362592392	168.86795727948694	3.723368083656178	0.9972667397359446	41.107461020879484	239.7062570150608	-0.6236016392971819
3.2286003344481604	3.722408026755853	2.543740704658539	0.0005149268414105692	1.2848597377138218	0.9879972726629621	2.865005080879287	0.03039714240098909	8.870820181714764	167.24098163926823	3.686720977816576	0.9971958604443479	40.824323752811964	239.70789352974037	-0.642697157217214
3.2286003344481604	3.759197324414716	2.531283777590407	0.0005553131196370821	1.2726215256722988	0.9873126830637214	2.8433793151108397	0.032113208109227215	8.859769084222632	165.61795235982078	3.6508113688541406	0.9971234777258405	40.54594530902611	239.71166969751872	-0.6611169796785957
3.2286003344481604	3.7959866220735785	2.5189702185940077	0.000598348422368181	1.2606421766300941	0.9865984886935613	2.8217637242171496	0.03391716419859376	8.849583546494362	163.99755902230686	3.6156181903473987	0.9970495153865384	40.27220196195544	239.71762201737252	-0.6788536620087257
3.2286003344481604	3.8327759197324416	2.5067947786554767	0.0006441814679206161	1.2489152219080903	0.9858533969934564	2.800143608107585	0.035813127764865026	8.84026594143448	162.37850187097385	3.581121240490327	0.99697389485614	40.00297434078407	239.72579310191432	-0.695900217681508
3.2286003344481604	3.869565217391304	2.494752390485401	0.0006929688063244398	1.2374345013764203	0.9850760328845697	2.7785046024940225	0.03780529667212128	8.83181714878222	160.759497180334	3.547301146648789	0.9968965355940963	39.738147334264355	239.73623246336535	-0.7122503098003525
3.2286003344481604	3.9063545150501673	2.4828381736634038	0.0007448751841700631	1.226194152776666	0.9842649370813896	2.7568327816951497	0.03989791858247473	8.824236109057129	159.13928425659697	3.5141393318180016	0.9968173555931399	39.47761000895718	239.7489973041135	-0.7278984665325063
3.2286003344481604	3.94314381270903	2.4710474414602905	0.0008000738960037407	1.2151886013220121	0.9834185653672939	2.735114783279406	0.04209525171766776	8.817519318536327	157.51663429209418	3.481617982752122	0.9967362719920232	39.22125554235303	239.76415330084524	-0.7428403209885885
3.2286003344481604	3.979933110367893	2.459375709294944	0.0008587471130968779	1.2044125494290225	0.9825352890375402	2.7133379563857547	0.04440151623940518	8.811660264634074	155.8903612838246	3.449720019527589	0.9966532018083842	38.968981170036926	239.78177536779407	-0.7570728751036846
3.2286003344481604	4.016722408026756	2.4478187047095203	0.0009210861790391523	1.193860966429049	0.9816133967264616	2.6914905350655736	0.04682083520966822	8.806648803899494	154.25933520178754	3.4184290662904915	0.9965680628006801	38.720688145652296	239.80194838068155	-0.7705947857976849
3.2286003344481604	4.053511705685619	2.4363723786494265	0.0009872918604337296	1.183529078104912	0.980651097837875	2.669561837192935	0.049357164269975926	8.802470488716148	152.62249754330023	3.3877294229266393	0.9964807744648053	38.47628171188871	239.82476783859656	-0.7834066700293683
3.2286003344481604	4.090301003344481	2.425032917712616	0.0010575745401976994	1.17341235590158	0.9796465277860159	2.6475424883293575	0.052014209491301915	8.799105853789621	150.97887932938713	3.357606037383719	0.9963912591660479	38.23567108006785	239.8503404366266	-0.7955114232886673
3.2286003344481604	4.127090301003345	2.4137967568865903	0.0011321543408339498	1.1635065056704916	0.9785977552237547	2.6254246683491176	0.05479533332556384	8.796529679670705	149.3276214822907	3.328044478369923	0.9962994434001846	37.99876941513454	239.87878451776888	-0.8069145436124824
3.2286003344481604	4.1638795986622075	2.402660592125884	0.001211261165820671	1.1538074558287124	0.9775027913804685	2.603202376606447	0.057703449261310956	8.794710257767408	147.66799736449119	3.2990309081574685	0.9962052591686443	37.76549382201698	239.9102303691663	-0.8176244504372024
3.2286003344481604	4.20066889632107	2.3916213919468112	0.001295134649256048	1.1443113448487698	0.9763596015494851	2.5808717089771642	0.06074090666350611	8.793608689228238	145.99943705790952	3.2705520552356417	0.9961086454418427	37.535765328450665	239.9448203255466	-0.827652784673658
3.2286003344481604	4.237458193979933	2.380676407045451	0.0013840240073626899	1.135014508044718	0.9751661186520687	2.558431137326727	0.06390936835037275	8.793178258143417	144.3215527212382	3.2425951865915406	0.9960095496723931	37.309508858557855	239.9827086427934	-0.8370146735615747
3.2286003344481604	4.274247491638796	2.3698231768011717	0.0014781877905769066	1.1259134636854242	0.9739202586623025	2.535881779029526	0.06720968468602179	8.793363926818186	142.63416409536802	3.2151480794511587	0.9959079293066886	37.086653190855486	240.02406110765318	-0.8457289414936673
3.2286003344481604	4.311036789297659	2.3590595314392186	0.00157789354173475	1.1170048985457905	0.9726199375104437	2.513227641383599	0.07064176925954678	8.794102006224907	140.93732295306248	3.1881989923911647	0.9958037532305647	36.86713089407328	240.0690543564192	-0.8538182465490602
3.2286003344481604	4.3478260869565215	2.348383588623585	0.0016834173740874535	1.1082856530965943	0.9712630889027835	2.4904758235304842	0.07420448244477151	8.795320056720422	139.2313350412356	3.1617366358335577	0.9956970030740747	36.65087823436197	240.11787488672397	-0.861309122452392
3.2286003344481604	4.384615384615385	2.3377937433656775	0.0017950434919948872	1.0997527066264288	0.9698476823215457	2.4676366572780117	0.07789553011048045	8.796937071255854	137.51677788331355	3.1357501420565623	0.9955876742938442	36.437835048293906	240.1707177622309	-0.8682319075688761
3.2286003344481604	4.421404682274248	2.3272886503879944	0.0019130636862866222	1.091403162674549	0.9683717403221899	2.44472376852694	0.08171138527106371	8.798863984372906	135.79451274101837	3.110229034988633	0.9954757769511208	36.22794457760848	240.2277850296616	-0.8746205467191714
3.2286003344481604	4.45819397993311	2.3168671984823073	0.0020377768442971103	1.0832342352186044	0.9668333541539256	2.421754043231882	0.0856472403276901	8.801004534626559	134.06568912259263	3.0851632001844815	0.9953613361112511	36.021153263931474	240.28928388971403	-0.8805122581616853
3.2286003344481604	4.494983277591973	2.3065284769334835	0.002169488520182243	1.075243236093413	0.965230696717211	2.398747486198613	0.08969699659305297	8.803256485994252	132.33174049844462	3.060542855496882	0.9952443918068706	35.81741050459874	240.3554246859438	-0.8859470667862449
3.2286003344481604	4.531772575250836	2.296271734700698	0.002308510613104826	1.0674275641052393	0.9635620319573237	2.3757269674400576	0.0938532959577084	8.805513186822077	130.59437035228476	3.0363585230367187	0.9951249985323001	35.61666837398557	240.4264187956795	-0.8909672147017197
3.2286003344481604	4.568561872909699	2.286096333690142	0.0024551611983842287	1.0597846962448152	0.9618257199810838	2.352717858812258	0.09810759691949823	8.8076654156465	128.85552833115926	3.0126010030406727	0.9950032242686534	35.41888131802432	240.5024765215614	-0.8956164708827492
3.2286003344481604	4.605351170568562	2.2760016980325037	0.0026097645495124057	1.052312181293158	0.960020217463157	2.3297475723886256	0.10245029399100243	8.809603435493617	127.11737700190832	2.9892613502299064	0.9948791490746659	35.2240058324418	240.58380508858923	-0.8999393709961642
3.2286003344481604	4.642140468227424	2.26598726170775	0.0027726513775814224	1.0450076359670357	0.9581440732506431	2.3068450204018216	0.10687087609100024	8.811219156027473	125.38225048639562	2.966330853142541	0.9947528633127909	35.032000137236345	240.6706068479895	-0.9039804255526009
3.2286003344481604	4.678929765886288	2.256052417067671	0.002944159300453629	1.0378687435830092	0.9561959194379226	2.284040023412842	0.11135811636157036	8.812408289771708	123.65260693072517	2.943801016766056	0.9946244656089964	34.84282386070792	240.76307777546813	-0.9077833379777053
3.2286003344481604	4.7157190635451505	2.246196466755087	0.0031246335387854433	1.0308932550521601	0.9541744585201436	2.261362697653122	0.1159002833728939	8.813072386875914	121.930977267665	2.921663548602081	0.9944940606638232	34.65643774580471	240.861406329051	-0.9113902734518895
3.2286003344481604	4.752508361204013	2.2364185812107604	0.003314427821850899	1.0240789918737123	0.9520784474989589	2.2388428536123577	0.12048536222518458	8.813120643017722	120.21991298570327	2.899910348089293	0.9943617570391218	34.472803389711814	240.96577270341004	-0.9148412144920294
3.2286003344481604	4.789297658862877	2.226717763441909	0.0035139054748276753	1.0174238506926598	0.9499066799765997	2.2165094358235895	0.12510127380253044	8.812471395525572	118.52193559316738	2.878533499118376	0.9942276650389743	34.291883024768744	241.07634848732258	-0.9181734309886898
3.2286003344481604	4.826086956521739	2.2170928220774497	0.0037234406520701164	1.0109258089342603	0.9476579673207686	2.1943900288663465	0.12973608134748726	8.811053250539544	116.83949017836333	2.8575252652180483	0.9940918947862416	34.11363934537511	241.1932967024278	-0.9214210820251298
3.2286003344481604	4.862876254180602	2.2075423530480367	0.00394341967838183	1.0045829310281251	0.9453311199195215	2.1725104477205157	0.13437817539556376	8.80880581493733	115.17490497398411	2.836878086889062	0.9939545545711747	33.93803538201255	241.31677217808365	-0.9246149557807452
3.2286003344481604	4.8996655518394645	2.1980647295915587	0.004174242462133632	0.9983933747797531	0.942924929394577	2.1508944228170543	0.13901643059917806	8.805680036715142	113.53035821866877	2.816584580518828	0.9938157495196472	33.76503442031065	241.44692220092463	-0.9277823435761332
3.2286003344481604	4.936454849498328	2.1886580997654392	0.004416323949357252	0.9923553975252382	0.9404381524352529	2.1295633824916895	0.14364033069976134	8.80163818311506	111.90785296011887	2.796637538319764	0.9936755805998179	33.59459996054403	241.5838873694931	-0.9309470357415567
3.2286003344481604	4.973244147157191	2.1793203902846483	0.004670095595474717	0.986467361800619	0.9378694966874668	2.1085363289001084	0.14824006052339217	8.796653504814499	110.30919984184776	2.7770299287880955	0.9935341439606797	33.42669571123296	241.72780258341882	-0.9341294211149549
3.2286003344481604	5.010033444816053	2.170049315308497	0.004936006839826171	0.9807277403568294	0.9352176089126992	2.087829798339915	0.1528065661132675	8.790709646072793	108.73600741694185	2.7577548972629122	0.9933915305761309	33.26128560966059	241.878798101764	-0.9373466687529024
3.2286003344481604	5.046822742474917	2.160842388754577	0.005214526576556428	0.9751351204430438	0.9324810654421853	2.067457893562417	0.15733158581451628	8.783799865183031	107.18967916819027	2.7388057662621756	0.9932478261547664	33.09833386201199	242.03700061432681	-0.9406129696320197
3.2286003344481604	5.083612040133779	2.1516969387939118	0.0055061446229219034	0.9696882073581112	0.9296583648039807	2.0474323739850244	0.16180765624351903	8.77592612806799	105.67141619087603	2.720176035370736	0.9931031112683971	32.93780499632281	242.20253428111366	-0.943939817237576
3.2286003344481604	5.120401337792642	2.1426101233394492	0.005811373192249578	0.964385827328113	0.926747922298566	2.027762789478613	0.16622809764050098	8.767098131986913	104.18222439966931	2.7018593805449034	0.9929574616504414	32.779663922293445	242.37552170705493	-0.9473363083835621
3.2286003344481604	5.157190635451505	2.133578945543735	0.006130748383468574	0.9592269298077949	0.9237480662392491	2.0084566442504994	0.1705869832114887	8.757332307761374	102.72292513007439	2.6838496527736044	0.9928109486175175	32.623875993099986	242.55608483022277	-0.9508094487963132
3.2286003344481604	5.193979933110368	2.1246002685395275	0.006464831702436315	0.9542105893265691	0.9206570355498565	1.989519578899904	0.174879096830076	8.746650839178239	101.29416808869966	2.666140876094603	0.9926636395724578	32.470407065456584	242.74434571146344	-0.9543644514270581
3.2286003344481604	5.230769230769231	2.1156708288662576	0.006814211632412954	0.9493360070092838	0.9174729784153158	1.9709555606537499	0.17909988300861515	8.735080728456643	99.89644573698872	2.6487272450060373	0.9925155985533223	32.31922355524688	242.94042722112556	-0.958005018768334
3.2286003344481604	5.2675585284280935	2.106787248210566	0.007179505272296151	0.9446025119015392	0.914193951702033	1.9527670738276646	0.1832453924664852	8.72265292767913	98.53010834571562	2.631603121340217	0.9923668867998315	32.17029248697462	243.1444536243912	-0.9617336033982772
3.2286003344481604	5.304347826086956	2.0979460432433203	0.007561360061902486	0.9400095622224643	0.9108179208968484	1.9349553045096222	0.1873122260017849	8.709401548352991	97.19537911401466	2.6147630306812193	0.9922175633152855	32.02358153605431	243.35655107077176	-0.9655516434430489
3.2286003344481604	5.34113712374582	2.089143633456076	0.007960455613947665	0.9355567466573641	0.9073427603497407	1.9175203152112044	0.1912974787708807	8.695363154980576	95.89236889412295	2.598201658412762	0.9920676854080066	31.879059063563346	243.5768479958592	-0.9694597715953939
3.2286003344481604	5.377926421404682	2.080376346988877	0.008377505672649764	0.9312437857907766	0.9037662536420489	1.9004612067146633	0.19519868653413538	8.680576143675955	94.62109019381515	2.581913845481223	0.9919173092014549	31.736694143519568	243.80547544474402	-0.9734579977819426
3.2286003344481604	5.414715719063545	2.0716404245021036	0.008813260219241963	0.9270705337688223	0.900086093935891	1.8837762655449046	0.19901377495555841	8.665080203344875	93.38147023900706	2.5658945839525744	0.9917664901063119	31.596456583052927	244.04256732692792	-0.9775458665910729
3.2286003344481604	5.451505016722408	2.0629320211828004	0.00926850774524901	0.9230369802693373	0.8962998841901352	1.8674630964276029	0.20274101265500039	8.648915854554867	92.17336296860927	2.550139012433725	0.9916152832510675	31.458316936035917	244.28826061239553	-0.9817225912325361
3.2286003344481604	5.488294314381271	2.0542472069950892	0.009744077715268376	0.9191432528497423	0.8924051371529019	1.8515187397857094	0.20637896840202705	8.632124059750304	90.9965599034945	2.534642411418948	0.9914637438700599	31.32224651084104	244.5426954778717	-0.9859871661748594
3.2286003344481604	5.525083612040134	2.0455819652896965	0.010240843242252448	0.9153896197362298	0.8883992750601627	1.8359397748148438	0.20992647260284925	8.614745897706415	89.85079988376395	2.519400198612507	0.991311927649646	31.18821737293689	244.80601541147598	-0.9903384607690221
3.2286003344481604	5.561872909698996	2.0369321898829056	0.01075972399997945	0.911776493113758	0.8842796289847356	1.8207224090008363	0.21338258305605443	8.596822294881983	88.73577770597393	2.504407924269366	0.9911598910343343	31.05620234303118	245.07836728305995	-0.9947752961767468
3.2286003344481604	5.59866220735786	2.0282936807034972	0.011301689399571739	0.9083044329744409	0.8800434377903628	1.8058625551366259	0.21674655482850982	8.578393806466671	87.65115171740989	2.489661266587426	0.9910076914954381	30.926174991433943	245.3599013865376	-0.9992965078294271
3.2286003344481604	5.635451505016722	2.0196621380899478	0.011867762059612406	0.9049741515821994	0.8756878466521646	1.7913558969925272	0.22001781401946416	8.559500440300821	86.596550440449	2.475156027177503	0.9908553877651867	30.798109629263877	245.65077145963392	-1.003900995487505
3.2286003344481604	5.672240802675585	2.0110331558009205	0.012459021602685853	0.9017865186138491	0.8712099051080754	1.7771979448201383	0.22319593512937694	8.540181517376345	85.5715783087723	2.46088812663102	0.9907030400393865	30.671981297059496	245.95113468564503	-1.008587762779038
3.2286003344481604	5.709030100334449	2.002402212781027	0.013076608815087171	0.8987425670410445	0.8666065646064117	1.7633840818469944	0.22628062172260646	8.520475563235243	84.57582060056002	2.4468536002000665	0.9905507101516934	30.54776575129124	246.2611516810413	-1.0133559478909748
3.2286003344481604	5.745819397993311	1.9937646637019686	0.013721730211084086	0.8958434998237187	0.8618746755128791	1.749909602864017	0.22927169006306386	8.500420225216446	83.6088476534109	2.4330485936003536	0.9903984617224283	30.425439449208785	246.58098647213032	-1.018204846881598
3.2286003344481604	5.782608695652174	1.985115728276521	0.01439566304858362	0.8930906974937863	0.857010983536353	1.7367697459324514	0.23216905540452387	8.48005221112683	82.67021844270893	2.4194693589442093	0.9902463602846654	30.304979532397965	246.91080646346012	-1.023133930886322
3.2286003344481604	5.8193979933110365	1.9764504793197113	0.015099760849472565	0.8904857267179791	0.852012125526981	1.7239597181515571	0.23497272062805974	8.459407245505766	81.7594836005081	2.4061122508078734	0.9900944733900818	30.186363809365396	247.2507824001473	-1.0281428583084282
3.2286003344481604	5.8561872909699	1.9677638295079307	0.01583545948542004	0.8880303499410419	0.8468746245925122	1.7114747163389212	0.23768276693534376	8.43852004020184	80.87618794637352	2.39297372243559	0.9899428706968073	30.069570737422588	247.6010883260099	-1.0332314829221159
3.2286003344481604	5.892976588628763	1.95905051676206	0.01660428389875315	0.8857265362251534	0.8415948844694012	1.6993099433863679	0.2402993463259338	8.41742427647745	80.01987259550432	2.380050322081183	0.9897916240412593	29.954579404096386	247.96190153902984	-1.0383998586705416
3.2286003344481604	5.929765886287625	1.9503050881548425	0.017407855538373228	0.8835764734188408	0.8361691830740476	1.6874606209693332	0.24282267560756307	8.396152596300992	79.19007670325055	2.367338689486793	0.989640807495711	29.841369508256903	248.33340254547042	-1.0436482418146589
3.2286003344481604	5.966555183946488	1.9415218822150102	0.018247900602859125	0.8815825818091615	0.8305936651463041	1.675921999207836	0.245253031709731	8.374736600877032	78.38633889904402	2.3548355524975646	0.9894904974131207	29.729921341121567	248.71577501376487	-1.048977090979473
3.2286003344481604	6.003344481605351	1.9326950094703237	0.019126259197286007	0.8797475294350999	0.8248643338818994	1.6646893638033646	0.24759074809202938	8.35320685480553	77.60819845692161	2.342537723810536	0.9893407724605462	29.620215767267872	249.10920572916672	-1.0543870655505894
3.2286003344481604	6.040133779264214	1.9238183310380537	0.02004489552729224	0.8780742492686502	0.8189770414323145	1.6537580411093553	0.2498362120587675	8.331592894555413	76.8551962443852	2.330442097855631	0.9891917136422986	29.512234205764948	249.51388455004357	-1.0598790227952601
3.2286003344481604	6.076923076923077	1.9148854350332254	0.021005909274140085	0.8765659585037903	0.812927478129335	1.6431234015324492	0.25198986281072444	8.309923240189896	76.12687548628898	2.31854564780624	0.9890434043138293	29.405958611513885	249.93000436657778	-1.0654540140157618
3.2286003344481604	6.11371237458194	1.905889610521407	0.02201154831859344	0.875226180233681	0.8067111602664149	1.6327808616079145	0.25405219008284113	8.288225409495368	75.42278237584877	2.3068454227171644	0.9888959301872191	29.301371456875064	250.35776106266698	-1.0711132799873375
3.2286003344481604	6.150501672240803	1.896823818691679	0.023064223010288726	0.8740587678440975	0.8003234162392593	1.6227258850442448	0.256023733233534	8.26652593384635	74.7424665606655	2.2953385447870045	0.9887493793290213	29.19845571364215	250.7973534816356	-1.0768582458879679
3.2286003344481604	6.187290969899665	1.887680660865856	0.02416652221393829	0.8730679325083988	0.7937593708125414	1.6129539829895783	0.25790508066687384	8.24485037529088	74.0854815279062	2.2840222067426996	0.9886038421511233	29.09719483541793	251.24898339647598	-1.0826905158891427
3.2286003344481604	6.224080267558528	1.8784523428887618	0.025321231405601902	0.8722582742381068	0.787013927237164	1.603460713734534	0.25969686948342113	8.223223344466383	73.45138490937929	2.272893669343481	0.9884594113952127	28.997572740434187	251.71285548520606	-1.0886118675467316
3.2286003344481604	6.260869565217392	1.86913063535917	0.02653135314311377	0.8716348170264256	0.7800817468910883	1.5942416820326766	0.2613997852689283	8.201668519059629	72.83973872421498	2.2619502590016625	0.9883161821113752	28.89957379485192	252.18917731194986	-1.094624246106384
3.2286003344481604	6.297658862876254	1.8597068290580265	0.02780013029679975	0.8712030487232795	0.772957226054337	1.5852925381902192	0.2630145619426046	8.180208662608806	72.25010957415202	2.25118936551767	0.9881742516313002	28.80318279657216	252.6781593143058	-1.100729758818062
3.2286003344481604	6.334448160535117	1.8501716848051546	0.029131072502751754	0.8709689664042358	0.7656344693524442	1.5766089770505354	0.26454198159815734	8.158865643513387	71.6820688040285	2.2406084399267177	0.9880337195365375	28.708384959582332	253.1800147975576	-1.1069306693388368
3.2286003344481604	6.37123745819398	1.840515376821803	0.030527986394866508	0.8709391281480117	0.7581072593085496	1.568186736975869	0.26598287428158207	8.137660454170762	71.13519263792807	2.2302049924544156	0.987894687622212	28.615165898857747	253.69495993622562	-1.1132293922907042
3.2286003344481604	6.408026755852843	1.8307274284863309	0.031995010288499284	0.871120712325808	0.750369021327798	1.5600215989083133	0.2673381176596015	8.116613230200022	70.60906229953837	2.219976590578544	0.9877572598565908	28.523511615833968	254.22321378342733	-1.1196284880307563
3.2286003344481604	6.444816053511706	1.820796639133968	0.03353665413431754	0.8715215857407741	0.7424127832920427	1.5521093855742296	0.2686086365418301	8.095743269743926	70.10326412360952	2.2099208571941666	0.9876215423368699	28.433408484462042	254.76499828848395	-1.1261306576834638
3.2286003344481604	6.481605351170568	1.8107110002551812	0.03515784574431707	0.8721503822507491	0.7342311287598694	1.544445960880496	0.26979540222823944	8.075069052862592	69.61738966392682	2.2000354688790713	0.987487643241543	28.34484323785449	255.32053832314196	-1.132738738479701
3.2286003344481604	6.518394648829432	1.8004575990728928	0.03686398452435902	0.8730165938803541	0.7258161425348002	1.537027229537183	0.27089943166127234	8.054608261046802	69.15103580192563	2.1903181542564094	0.9873556727797005	28.257802955526557	255.890061716732	-1.1394556994425011
3.2286003344481604	6.555183946488294	1.7900225070021678	0.03866100424442808	0.8741306769035001	0.7171593470682938	1.5298491369291396	0.271921786369129	8.034377796888009	68.70380485895085	2.1807666924511633	0.9872257431375964	28.172275051232976	256.4737993005075	-1.1462846374568203
3.2286003344481604	6.591973244147157	1.779390649883991	0.04055544676010251	0.8755041759878386	0.7082516277823105	1.5229076692486205	0.272863571193155	8.014393803945628	68.27530471420246	2.171378911636929	0.9870979684228142	28.088247261397502	257.0719849613481	-1.1532287737582323
3.2286003344481604	6.62876254180602	1.7685456560918167	0.04255454909545723	0.8771498702840241	0.6990831449000751	1.5161988538922142	0.27372593279805413	7.994671686852407	67.86514892958836	2.162152687669306	0.9869724646063515	28.00570763412884	257.6848557049305	-1.160291450873796
3.2286003344481604	6.665551839464883	1.7574696775718184	0.04466634694929875	0.8790819463783317	0.6896432287227204	1.5097187601174678	0.2745100579688825	7.975226131695013	67.47295688198774	2.1530859428018263	0.9868493494629308	27.924644518811466	258.31265172836174	-1.167476130047367
3.2286003344481604	6.702341137123746	1.7461431775064362	0.046899798550257187	0.8813162043969952	0.6799202544263918	1.5034634999486127	0.27521717170317767	7.956071126702019	67.09835390287604	2.1441766444803863	0.9867287425098327	27.845046556258744	258.9556165022342	-1.174786389180595
3.2286003344481604	6.739130434782608	1.7345446764568948	0.04926493394372115	0.8838703053820319	0.6699014912977581	1.497429229315288	0.2758485351105183	7.937219983263665	66.74097142476703	2.135422804211554	0.9866107649445286	27.766902669408164	259.6139968618814	-1.182225921320597
3.2286003344481604	6.775919732441472	1.72265044635975	0.05177303636335632	0.8867640705372276	0.6595729197566155	1.4916121494042498	0.27640544313501675	7.918685357300119	66.40044713357055	2.1268224765003008	0.9864955395813746	27.6902020545387	260.2880431076117	-1.1897985337244943
3.2286003344481604	6.812709030100335	1.710434138351076	0.05443686449703146	0.8900198463415475	0.6489190073580665	1.4860085082007397	0.2768892221188878	7.900479270985829	66.07642512567016	2.118373757852131	0.9863831907876035	27.614934172982853	260.97800911350583	-1.1975081475312683
3.2286003344481604	6.849498327759197	1.697866325662534	0.05727092746331262	0.8936629542544837	0.6379224319608421	1.4806146021940119	0.27730122722727857	7.882613134828813	65.76855606832609	2.110074785834639	0.9862738444188304	27.541088743304712	261.6841524443258	-1.2053587980707954
3.2286003344481604	6.88628762541806	1.6849139361526773	0.06029182857061673	0.8977222504156582	0.6265637359931673	1.4754267782199137	0.2776428397560588	7.865097770094996	65.4764973618693	2.1019237381931815	0.9861676277542561	27.46865573391001	262.40673447993714	-1.2133546358401837
3.2286003344481604	6.923076923076923	1.671539539437081	0.06351870005981847	0.9022308303380876	0.6148208896192838	1.4704414354127675	0.27791546434520187	7.847943431559666	65.19991330208771	2.0939188320152486	0.9860646694317258	27.397625356051343	263.14602054655677	-1.221499928177533
3.2286003344481604	6.959866220735786	1.657700439521429	0.06697376002554446	0.9072269276504271	0.6026687316160031	1.4656550272385245	0.2781205261209109	7.831159830560525	64.93847524118151	2.0860583229378764	0.985965099382764	27.327988057187007	263.90228005400775	-1.2297990616635945
3.2286003344481604	6.996655518394649	1.643347502813367	0.07068303619187966	0.9127550769687576	0.5900782432883757	1.461064063581692	0.2782594677896496	7.814756158320587	64.691861745702	2.078340504392431	0.985869048767675	27.25973451464991	264.6757866380875	-1.2382565452820675
3.2286003344481604	7.033444816053512	1.6284236191858164	0.0746773219034554	0.9188676431773501	0.5770155900689934	1.4566651128592698	0.2783337467069151	7.7987411095035	64.45975874994765	2.070763706880769	0.9857766499107576	27.19285562957765	265.4668183069921	-1.2468770143702093
3.2286003344481604	7.070234113712375	1.6128616431237581	0.07899346228531666	0.925626870034946	0.5634408328530551	1.4524548041362941	0.27834483194287574	7.783122905959618	64.24185970339732	2.063326297276902	0.9856880362356472	27.1273425210537	266.2756575906846	-1.2556652353919577
3.2286003344481604	7.107023411371237	1.5965815799151128	0.08367612144723637	0.9331076830893056	0.5493061581997125	1.4484298292190827	0.2782942013659847	7.76790932061795	64.03786571088168	2.0560266781478838	0.9856033422007532	27.063186520403523	267.1025916919052	-1.2646261115676078
3.2286003344481604	7.1438127090301	1.5794866441712976	0.08878027055321844	0.9414016195536159	0.53455338758494	1.4445869447040802	0.27818333876447854	7.753107701476907	63.84748566433282	2.0488632870878187	0.9855227032347254	27.000379165589216	267.94791263746754	-1.2737646893950056
3.2286003344481604	7.1806020066889635	1.561457577599851	0.09437479215101395	0.9506224981555489	0.5191103703176797	1.4409229739622573	0.27801373102415866	7.7387249956459465	63.67043636511578	2.041834596058603	0.9854462556718344	26.938912195641027	268.8119174283174	-1.2830861660999753
3.2286003344481604	7.217391304347826	1.5423441731912966	0.10054788130891562	0.9609148817242881	0.5028855795784679	1.4374348090409332	0.27778686537935093	7.724767773389994	63.50644263609151	2.0349391107309387	0.9853741366871135	26.878777545061272	269.694908186695	-1.2925958980556895
3.2286003344481604	7.254180602006689	1.5219521022696119	0.10741547672506525	0.9724672359872131	0.48575967842187445	1.4341194124672583	0.2775042267521282	7.711242252129722	63.35523742274405	2.028175369819084	0.9853064842310647	26.819967338133722	270.5971922986295	-1.3022994102142469
3.2286003344481604	7.290969899665551	1.5000213799231823	0.1151351009018967	0.9855334489726972	0.467571676657068	1.4309738189394856	0.27716729519323846	7.6981543203524065	63.21656188284593	2.021541944402619	0.9852434369636917	26.762473883067265	271.51908254980475	-1.3122024065971236
3.2286003344481604	7.327759197324415	1.4761888392925113	0.12393007328948004	1.000470340448844	0.4480947147091669	1.4279951368944832	0.2767775434362796	7.685509561390783	63.09016546431164	2.0150374372283633	0.9851851341875771	26.70628966589956	272.46089725269167	-1.3223107818958357
3.2286003344481604	7.364548494983278	1.4499170386137792	0.13413555591042547	1.0178087373951425	0.4269900149559746	1.4251805499417263	0.27633643457499496	7.673313277030441	62.975805971019085	2.00866048198541	0.9851317157796864	26.6514073440828	273.4229603626583	-1.3326306342391456
3.2286003344481604	7.40133779264214	1.42034317649466	0.14629676386840212	1.0384045399181665	0.40370866814442047	1.4225273181561533	0.2758454198717091	7.661570510910225	62.87324961653571	2.0024097425459884	0.9850833221215324	26.597819739669415	274.4056015805588	-1.3431682791893846
3.2286003344481604	7.438127090301004	1.3858984787779016	0.16141725252681824	1.0638193141312082	0.3772433431072308	1.4200327792237426	0.2753059367033779	7.650286071684002	62.78227106579027	1.9962839121646188	0.9850400940273001	26.54551983201134	275.40915643908954	-1.3539302650370582
3.2286003344481604	7.474916387959866	1.343030149676665	0.18179558912036933	1.0975983191768297	0.3452916120245324	1.4176943494355037	0.2747194066500275	7.639464555917129	62.70265346486132	1.9902817126276786	0.9850021726694911	26.494500749881492	276.43396636994436	-1.364923389471405
3.2286003344481604	7.511705685618729	1.2776335384780755	0.2166568646408911	1.1538383169473712	0.2986244353946245	1.4155095245268168	0.2740872337289508	7.629110370695234	62.634188459136965	1.9844018933451641	0.984969699501604	26.444755762921144	277.4803787485383	-1.3761547177129694
3.2286003344481604	7.548494983277592	1.2129824493395918	0.25543309752286675	1.212982449339263	0.25543309752294474	1.4134412892756287	0.2734232627584972	7.619136980658725	62.57401618816384	1.97862331207706	0.9849416115505907	26.39604027594183	278.5427197600541	-1.3875709076723752
3.2286003344481604	7.585284280936455	1.2195950535423716	0.2496475470488346	1.2195950535423752	0.24964754704883224	1.4116268699924324	0.2726765272144775	7.609399065278831	62.53096453726931	1.973077284762645	0.9849121996810609	26.349636614828864	279.6565437904824	-1.3986393150088599
3.2286003344481604	7.622073578595318	1.347533090431668	0.17636529575035195	1.3475330904316707	0.17636529575035054	1.4202540029559263	0.26817168278854886	7.608101514030271	63.22367108829227	1.9756536374778544	0.9848502082504749	26.388987550131553	283.0613196667344	-1.3986393150088599
3.2286003344481604	7.65886287625418	1.3981125243429031	0.1523428060156158	1.398112524342905	0.152342806015615	1.4306485379162608	0.26317182786445736	7.609871006709661	64.0416125864069	1.9797261968764084	0.9848150920546948	26.444577688551906	286.93580562273604	-1.3986393150088599
3.2286003344481604	7.695652173913044	1.4325125841327986	0.13752564189237312	1.432512584132797	0.1375256418923738	1.4416368104261121	0.25811519890392115	7.612985275365025	64.89915519490786	1.9845003809689499	0.9847947158606827	26.5076341195117	291.0585728790208	-1.3986393150088599
3.2286003344481604	7.7324414715719065	1.4592446177183225	0.12684674977154883	1.459244617718319	0.1268467497715503	1.4527946124656321	0.25315130271179215	7.61681114281881	65.7655921225033	1.9896754891424409	0.9847843928665493	26.574835997035528	295.3466374186653	-1.3986393150088599
3.2286003344481604	7.769230769230769	1.481307830264697	0.11857460478266546	1.481307830264694	0.11857460478266667	1.463896925225792	0.24835053283921346	7.621001523668515	66.62482438956025	1.9950777956145667	0.9847812767936254	26.644269793234894	299.7516137274366	-1.3986393150088599
3.2286003344481604	7.806020066889632	1.5001532444879826	0.11189066082391647	1.5001532444879855	0.11189066082391536	1.474813492041466	0.24374621480302466	7.625345089744086	67.46767884333904	2.0005945904707567	0.9847834029118686	26.714699684537248	304.2414833040321	-1.3986393150088599
3.2286003344481604	7.842809364548495	1.5166124389095184	0.10633630878574106	1.516612438909516	0.10633630878574186	1.4854682780245576	0.23935147610289736	7.629708585504318	68.28892189157646	2.0061495253114128	0.9847893447985724	26.785293753417786	308.79394734938774	-1.3986393150088599
3.2286003344481604	7.879598662207358	1.5312157046563086	0.1016260641436028	1.531215704656309	0.10162606414360265	1.4958187338512552	0.235167894508288	7.634007552527921	69.08573451126423	2.0116900988909476	0.9847980432671911	26.85548458645458	313.39311607586717	-1.3986393150088599
3.2286003344481604	7.916387959866221	1.5443268224196984	0.09756907959627867	1.5443268224196955	0.09756907959627967	1.5058436692061323	0.23119043482940096	7.638189262953933	69.85682380264247	2.017180189682448	0.984808703332833	26.92488597418255	318.0275521395805	-1.3986393150088599
3.2286003344481604	7.953177257525083	1.5562087825428177	0.09403108150248608	1.5562087825428175	0.09403108150248618	1.5155356616281788	0.2274104058081717	7.6422220215109595	70.60186967573718	2.022595194655925	0.9848207252326105	26.993238689001522	322.6889986016887	-1.3986393150088599
3.2286003344481604	7.989966555183947	1.5670592751096433	0.09091391376752453	1.5670592751096428	0.0909139137675247	1.5248961332064956	0.22381726502089583	7.646088188866476	71.32116815237002	2.0279187115487733	0.9848336555477287	27.06037352456371	327.37150673977317	-1.3986393150088599
3.2286003344481604	8.02675585284281	1.5770314126020246	0.08814366127965292	1.5770314126020235	0.08814366127965326	1.5339320978192361	0.22039972277238376	7.649779527676672	72.01539729830385	2.0331402137656345	0.9848471515019167	27.126185445645653	332.07081952229896	-1.3986393150088599
3.2286003344481604	8.063545150501673	1.5862466010322709	0.08566332800142921	1.5862466010322709	0.08566332800142909	1.5426539924206817	0.2171464096185759	7.65329405581665	72.68546235739625	2.0382533951122452	0.9848609544401365	27.190615232943067	336.783927686629	-1.3986393150088599
3.2286003344481604	8.100334448160535	1.5948029431280208	0.08342810242694682	1.5948029431280208	0.08342810242694687	1.5510742266858035	0.2140462694038264	7.656633901199993	73.33239309679455	2.043254979537704	0.9848748699251301	27.253636324808618	341.5087462081317	-1.3986393150088599
3.2286003344481604	8.137123745819398	1.602780952954169	0.08140217552535163	1.6027809529541677	0.08140217552535195	1.5592062148041923	0.21108877918530858	7.659803832595504	73.95727599876541	2.0481438593868257	0.984888752697076	27.31524532395698	346.2438764620048	-1.3986393150088599
3.2286003344481604	8.173913043478262	1.6102475754525007	0.07955653304541185	1.6102475754525025	0.07955653304541138	1.5670637334755522	0.20826406036963663	7.66281025160851	74.5612098856247	2.0529204684409215	0.9849024952481098	27.37545511784738	350.9884302075699	-1.3986393150088599
3.2286003344481604	8.210702341137123	1.6172590943716876	0.07786738264946179	1.6172590943716867	0.07786738264946211	1.574660501666853	0.2055629221766937	7.665660501728898	75.14527736976261	2.0575863241765733	0.9849160191043298	27.434289878109233	355.7418986107315	-1.3986393150088599
3.2286003344481604	8.247491638795987	1.6238632864331612	0.07631500788786012	1.6238632864331615	0.07631500788786003	1.5820099114920487	0.20297686379562818	7.6683623966408305	75.71052700815602	2.0621436927869845	0.98492926814726	27.49178141938332	360.5040543296721	-1.3986393150088599
3.2286003344481604	8.284280936454849	1.6301010495631412	0.07488291695622533	1.6301010495631398	0.07488291695622575	1.5891248620897207	0.20049805213848662	7.670923900799699	76.25796269068474	2.0665953437490656	0.9849422034789354	27.54796654674898	365.27487802984996	-1.3986393150088599
3.2286003344481604	8.321070234113712	1.6360076550324645	0.07355719977091121	1.6360076550324647	0.07355719977091119	1.5960176635351366	0.19811928599334766	7.673352916047443	76.7885378978547	2.07094437001288	0.9849547994604329	27.60288512523601	370.05450305237343	-1.3986393150088599
3.2286003344481604	8.357859531772576	1.6416137248820255	0.07232603522636269	1.641613724882027	0.07232603522636225	1.602699988115627	0.1958339534262614	7.67565714216741	77.30315321126335	2.075194056475502	0.9849670406461327	27.65657867873344	374.8431736418464	-1.3986393150088599
3.2286003344481604	8.394648829431437	1.6469460049438949	0.07117930862997163	1.6469460049438946	0.07117930862997167	1.6091828533346217	0.1936359867165423	7.67784398897696	77.80265596902998	2.0793477841057992	0.9849789194044728	27.709089378244734	379.6412133507792	-1.3986393150088599
3.2286003344481604	8.431438127090301	1.6520279832923752	0.07010831122280586	1.6520279832923752	0.07010831122280585	1.6154766258451625	0.19151981744653468	7.679920524254264	78.28784130649494	2.083408960467123	0.9849904340668798	27.760459317188893	384.4490011149359	-1.3986393150088599
3.2286003344481604	8.468227424749164	1.6568803901314193	0.06910550170271187	1.6568803901314195	0.06910550170271185	1.6215910388544068	0.1894803332904295	7.681893446454568	78.7594540617948	2.087380969830028	0.9850015874846076	27.81072999869544	389.26695313420163	-1.3986393150088599
3.2286003344481604	8.505016722408026	1.6615216055787783	0.06816431516077331	1.6615216055787787	0.06816431516077313	1.6275352178566873	0.18751283735413993	7.683769074427978	79.21819119096044	2.091267137844206	0.9850123859017422	27.859941979601416	394.0955091631066	-1.3986393150088599
3.2286003344481604	8.54180602006689	1.665967995088482	0.06727900868069761	1.6659679950884823	0.06727900868069758	1.6333177111638897	0.18561301047692913	7.685553348639331	79.66470445135188	2.0950707070373573	0.985022838074112	27.908134630264776	398.9351221615097	-1.3986393150088599
3.2286003344481604	8.578595317725753	1.6702341874404767	0.06644453557667275	1.6702341874404765	0.06644453557667279	1.6389465228253388	0.18377687662873374	7.687251840005978	80.09960319135467	2.0987948203621105	0.9850329545800759	27.955345979859565	403.78625051280176	-1.3986393150088599
3.2286003344481604	8.615384615384615	1.674333306725198	0.06565644220943434	1.6743333067251966	0.06565644220943471	1.644429146314022	0.18200077136790724	7.6888697636140755	80.5234571391323	2.102442510715591	0.9850427472814882	28.001612624584475	408.64935220849804	-1.3986393150088599
3.2286003344481604	8.652173913043478	1.6782771671667316	0.06491078275479283	1.678277167166733	0.06491078275479248	1.6497725979034976	0.18028131322506388	7.690411995386954	80.9367991212145	2.106016694877155	0.9850522289025235	28.046969681951346	413.52488054140514	-1.3986393150088599
3.2286003344481604	8.688963210702342	1.6820764376973285	0.06420404835905509	1.6820764376973278	0.06420404835905524	1.6549834490419981	0.17861537782486783	7.691883090358712	81.34012766796856	2.1095201706974573	0.9850614127012296	28.091450778576252	418.41328095743484	-1.3986393150088599
3.2286003344481604	8.725752508361204	1.6857407817361518	0.06353310790812274	1.6857407817361505	0.06353310790812305	1.6600678572961756	0.17700007453269154	7.693287301620072	81.73390948108059	2.1129556166618118	0.9850703122141956	28.1350880620674	423.31498879776916	-1.3986393150088599
3.2286003344481604	8.762541806020067	1.6892789765090797	0.0628951582353803	1.6892789765090805	0.06289515823538012	1.6650315956203003	0.17543272540646032	7.694628599298155	82.11858175046694	2.116325593167525	0.9850789410589725	28.177912229969227	428.23042772488145	-1.3986393150088599
3.2286003344481604	8.799331103678929	1.6926990153856853	0.06228768204941664	1.6926990153856847	0.06228768204941679	1.6698800798329478	0.17391084623831382	7.695910689142866	82.49455431635667	2.119632545018211	0.9850873127821781	28.219952570497522	433.1600086731363	-1.3986393150088599
3.2286003344481604	8.836120401337793	1.6960081960395632	0.06170841221313914	1.6960081960395625	0.061708412213139274	1.6746183942686987	0.172432129481473	7.697137030442821	82.86221167779459	2.1228788047613447	0.9850954407437794	28.261237011135773	438.1041292008636	-1.3986393150088599
3.2286003344481604	8.872909698996656	1.6992131967117783	0.0611553012776223	1.6992131967117783	0.06115530127762232	1.6792513156286175	0.17099442887199243	7.6983108530996756	83.22191485231923	2.1260665965880787	0.9851033380300356	28.30179217216409	443.06317314840555	-1.3986393150088599
3.2286003344481604	8.909698996655518	1.7023201424416683	0.06062649538613218	1.7023201424416687	0.06062649538613214	1.6837833350902207	0.16959574557067225	7.699435173765474	83.57400309377294	2.1291980405852247	0.9851110173891503	28.34164342295284	448.0375105281346	-1.3986393150088599
3.2286003344481604	8.946488294314381	1.7053346627975474	0.06012031183072609	1.7053346627975483	0.06012031183072593	1.688218678759692	0.1682342156664437	7.700512810999634	83.91879547640407	2.1322751571825878	0.9851184911849049	28.380814939423857	453.02749758887643	-1.3986393150088599
3.2286003344481604	8.983277591973245	1.7082619423744223	0.05963521967592045	1.7082619423744223	0.059635219675920455	1.692561326561854	0.16690809889802935	7.701546399438672	84.25659235401578	2.1352998716796883	0.985125771364513	28.4193297615151	458.03347701001434	-1.3986393150088599
3.2286003344481604	9.020066889632107	1.7111067651114693	0.05916982296920275	1.7111067651114693	0.059169822969202764	1.6968150296691977	0.16561576846532233	7.702538402996153	84.58767670306055	2.138274018766752	0.9851328694376932	28.45720984981189	463.0557781904924	-1.3986393150088599
3.2286003344481604	9.05685618729097	1.7138735533081813	0.05872284614253458	1.7138735533081806	0.05872284614253478	1.7009833265725367	0.1643557018154892	7.7034911271265125	84.91231535844078	2.141199346978506	0.9851397964645716	28.49447614075542	468.09471760574513	-1.3986393150088599
3.2286003344481604	9.093645484949834	1.7165664020761802	0.058293121276992946	1.7165664020761795	0.0582931212769931	1.705069557893971	0.1631264723011929	7.7044067301962835	85.23076015044569	2.144077523037061	0.985146563050494	28.531148600024448	473.15059921156836	-1.3986393150088599
3.2286003344481604	9.130434782608695	1.719189109847488	0.05787957695777237	1.7191891098474879	0.05787957695777242	1.709076880039237	0.16192674161950196	7.7052872340122605	85.5432489508314	2.1469101360538434	0.9851531793462197	28.567246273827017	478.2237148787516	-1.3986393150088599
3.2286003344481604	9.167224080267559	1.7217452054640954	0.0574812284916483	1.721745205464095	0.057481228491648356	1.713008277781415	0.16075525295014825	7.706134533558635	85.85000663554294	2.1496987015707134	0.9851596550522704	28.60278733794344	483.3143448459684	-1.3986393150088599
3.2286003344481604	9.20401337792642	1.724237972294467	0.05709716929567708	1.7242379722944663	0.05709716929567724	1.7168665758625528	0.1596108247207467	7.706950405996095	86.15124597106949	2.152444665428235	0.9851659994264504	28.637789144440124	488.42275818136693	-1.3986393150088599
3.2286003344481604	9.240802675585284	1.7266704697564812	0.05672656329611274	1.7266704697564808	0.05672656329611281	1.720654449693654	0.15849234493465114	7.7077365189747615	86.44716843088287	2.1551494074547093	0.9851722212937548	28.672268266030333	493.54921324553897	-1.3986393150088599
3.2286003344481604	9.277591973244148	1.729045552571483	0.05636863820136908	1.729045552571483	0.05636863820136914	1.7243744352278019	0.1573987660041841	7.708494438311475	86.73796494791428	2.157814244974045	0.9851783290580357	28.706240538101262	498.6939581504043	-1.3986393150088599
3.2286003344481604	9.31438127090301	1.7313658880277267	0.056022679533548475	1.7313658880277267	0.056022679533548475	1.7280289380752052	0.1563291000383302	7.709225635079363	87.02381660851923	2.160440436133549	0.9851843307149245	28.739721098455405	503.85723120989024	-1.3986393150088599
3.2286003344481604	9.351170568561873	1.7336339714929259	0.055688025320181835	1.7336339714929254	0.055688025320181946	1.7316202419235711	0.15528241453954136	7.709931492155225	87.30489529293112	2.163029183055166	0.9851902338656119	28.77272442483652	509.0392613794677	-1.3986393150088599
3.2286003344481604	9.387959866220736	1.7358521403825664	0.05536406136222409	1.7358521403825669	0.05536406136222399	1.7351505163217789	0.1542578284692791	7.710613310267054	87.58136426675668	2.1655816348150916	0.9851960457311665	28.80526437032284	514.2402686823656	-1.3986393150088599
3.2286003344481604	9.424749163879598	1.7380225867630743	0.05505021700633942	1.738022586763074	0.055050217006339476	1.7386218238800246	0.1532545086462868	7.711272313581497	87.85337872767542	2.168098890257955	0.985201773167141	28.83735419668024	519.4604646210375	-1.3986393150088599
3.2286003344481604	9.461538461538462	1.7401473687453501	0.05474596135963073	1.7401473687453504	0.05474596135963064	1.7420361269351623	0.15227166644542922	7.711909654868156	88.12108631114326	2.1705820006525345	0.9852074226782696	28.869006605774267	524.7000525730094	-1.3986393150088599
3.2286003344481604	9.498327759197325	1.7422284208037628	0.05445079989355172	1.7422284208037626	0.054450799893551755	1.745395293725361	0.15130855476844154	7.712526420274413	88.38462755853529	2.1730319721960782	0.9852130004331002	28.90023376913834	529.9592281704921	-1.3986393150088599
3.2286003344481604	9.535117056856187	1.7442675631388769	0.054164271390914454	1.7442675631388764	0.05416427139091454	1.7487011041148113	0.15036446526088032	7.713123633742543	88.64413635088742	2.1754497683749014	0.9852185122784441	28.931047355800025	535.2381796636435	-1.3986393150088599
3.2286003344481604	9.57190635451505	1.7462665101870982	0.05388594519609797	1.746266510187098	0.05388594519609802	1.75195525490526	0.14943872575232708	7.713702261097723	88.89974031108608	2.1778363121886497	0.9852239637535496	28.96145855846216	540.5370882674623	-1.3986393150088599
3.2286003344481604	9.608695652173912	1.7482268783678994	0.05361541873377387	1.7482268783678994	0.05361541873377386	1.7551593647681318	0.14853069789924797	7.714263213833592	89.15156117711412	2.1801924882457318	0.9852293601039338	28.991478118135163	545.8561284925523	-1.3986393150088599
3.2286003344481604	9.645484949832776	1.7501501931482195	0.05335231526595163	1.7501501931482195	0.053352315265951675	1.758314978827911	0.14763977501204445	7.7148073526196494	89.39971514872015	2.1825191447370935	0.9852347062948195	29.02111634731197	551.1954684600704	-1.3986393150088599
3.2286003344481604	9.68227424749164	1.75203789549431	0.05309628186095934	1.7520378954943105	0.05309628186095925	1.7614235729248986	0.14676538004969297	7.7153354905529135	89.64431320967502	2.1848170952954757	0.9852400070241435	29.05038315177491	556.5552702013542	-1.3986393150088599
3.2286003344481604	9.719063545150501	1.7538913477728644	0.05284698755130024	1.7538913477728644	0.052846987551300274	1.7644865575827977	0.14590696376707635	7.715848396174187	89.88546142757362	2.1870871207467784	0.9852452667351127	29.079288051117622	561.9356899426837	-1.3986393150088599
3.2286003344481604	9.755852842809364	1.7557118391563353	0.05260412166013103	1.7557118391563349	0.05260412166013109	1.7675052817045505	0.145064003001562	7.716346796267732	90.12326123297996	2.1893299707600624	0.9852504896282915	29.107840198062494	567.3368783757678	-1.3986393150088599
3.2286003344481604	9.792642140468228	1.7575005905810062	0.05236739227857581	1.757500590581006	0.052367392278575856	1.7704810360177026	0.14423599908673262	7.71683137846155	90.3578096795472	2.1915463654023095	0.9852556796732168	29.136048396648835	572.7589809145347	-1.3986393150088599
3.2286003344481604	9.82943143812709	1.7592587593009823	0.05213652487820316	1.7592587593009823	0.05213652487820314	1.7734150562887385	0.14342247638234634	7.717302793643843	90.58919968660088	2.193736996603702	0.9852608406195363	29.16392111936266	578.2021379388013	-1.3986393150088599
3.2286003344481604	9.866220735785953	1.7609874430765544	0.05191126104483043	1.7609874430765553	0.051911261044830306	1.7763085263242397	0.14262298091065728	7.717761658210265	90.81752026555266	2.195902529539013	0.9852659760076762	29.19146652327553	583.6664850254663	-1.3986393150088599
3.2286003344481604	9.903010033444817	1.7626876840311647	0.05169135732142471	1.7626876840311652	0.05169135732142466	1.7791625807750782	0.141837079090178	7.7182085561549165	91.04285673138108	2.198043603930198	0.9852710891790439	29.218692465254755	589.1521531677844	-1.3986393150088599
3.2286003344481604	9.939799331103679	1.7643604722075676	0.051476584149262615	1.7643604722075665	0.05147658414926286	1.781978307758563	0.14106435655880475	7.718644041017336	91.26529090032084	2.200160835275118	0.9852761832857762	29.2456065163039	594.6592689833357	-1.3986393150088599
3.2286003344481604	9.976588628762542	1.7660067488505942	0.051266724897720474	1.7660067488505942	0.05126672489772049	1.7847567513121845	0.14030441707897923	7.7190686376964495	91.48490127479904	2.202254816006947	0.9852812613000446	29.272215975088884	600.1879549112512	-1.3986393150088599
3.2286003344481604	10.013377926421406	1.7676274094409794	0.05106157497414861	1.7676274094409792	0.0510615749741487	1.7874989136913846	0.1395568815182519	7.719482844141576	91.70176321656707	2.204326116588535	0.9852863260229308	29.29852788070049	605.7383293992349	-1.3986393150088599
3.2286003344481604	10.050167224080267	1.769223306502417	0.05086094100618669	1.769223306502417	0.05086094100618669	1.7902057575229653	0.138821386899187	7.719887132930012	91.91594910891111	2.2063752865458754	0.9852913800928883	29.32454902470316	611.3105070809847	-1.3986393150088599
3.2286003344481604	10.08695652173913	1.7707952522014563	0.05066464008974406	1.770795252201457	0.05066464008974392	1.7928782078244485	0.13809758551315143	7.720281952739423	92.12752850872701	2.2084028554442576	0.9852964259938025	29.35028596251264	616.9045989444236	-1.3986393150088599
3.2286003344481604	10.123745819397993	1.772344020758208	0.05047249909654317	1.7723440207582084	0.05047249909654304	1.7955171538991892	0.13738514409296335	7.720667729723089	92.33656828920458	2.210409333810792	0.985301466062667	29.375745024146397	622.520712491316	-1.3986393150088599
3.2286003344481604	10.160535117056856	1.7738703506839009	0.05028435403578974	1.7738703506839006	0.050284354035789784	1.7981234511160842	0.1366837430398545	7.721044868795125	92.54313277379167	2.2123952140065524	0.9853065024968903	29.40093232438542	628.1589518887084	-1.3986393150088599
3.2286003344481604	10.19732441471572	1.775374946859757	0.05010004946509499	1.7753749468597568	0.050100049465094984	1.8006979225819812	0.13599307570059596	7.721413754832268	92.74728386205642	2.214360971051402	0.9853115373612503	29.425853772383547	633.8194181126327	-1.3986393150088599
3.2286003344481604	10.234113712374581	1.7768584824703841	0.0499194379462565	1.7768584824703844	0.04991943794625647	1.8032413607143682	0.13531284769098417	7.721774753798339	92.94908114801977	2.216307063404438	0.9853165725945094	29.450515080759196	639.5022090845138	-1.3986393150088599
3.2286003344481604	10.270903010033445	1.778321600803539	0.04974237954196213	1.7783216008035392	0.049742379541962096	1.8057545287212367	0.1346427762622185	7.722128213796937	93.14858203148299	2.2182339337027184	0.9853216100157075	29.47492177420092	645.2074198006735	-1.3986393150088599
3.2286003344481604	10.307692307692308	1.7797649169270022	0.0495687413498727	1.779764916927002	0.049568741349872734	1.8082381619944383	0.13398258970700938	7.722474466057501	93.34584182282903	2.220142009460776	0.9853266513301462	29.499079197616236	650.9351424552951	-1.3986393150088599
3.2286003344481604	10.34448160535117	1.7811890192524764	0.04939839707086325	1.7811890192524757	0.04939839707086337	1.8106929694225586	0.13333202680248213	7.7228138258595775	93.54091384175324	2.222031703733385	0.985331698135081	29.522992523852828	656.6854665572735	-1.3986393150088599
3.2286003344481604	10.381270903010034	1.7825944709952188	0.04923122660856098	1.7825944709952195	0.04923122660856087	1.8131196346285323	0.13269083628724762	7.723146593399455	93.73384951031993	2.2239034157436017	0.9853367519251318	29.5466667610158	662.4584790411834	-1.3986393150088599
3.2286003344481604	10.418060200668897	1.783981811537681	0.04906711569753665	1.7839818115376813	0.04906711569753659	1.8155188171372052	0.13205877637015792	7.723473054603386	93.92469844073864	2.225757531478305	0.9853418140974278	29.570106759407228	668.2542643727863	-1.3986393150088599
3.2286003344481604	10.454849498327759	1.7853515577044325	0.04890595555780237	1.7853515577044323	0.048905955557802465	1.817891153477372	0.1314356142685232	7.7237934818910245	94.11350851820225	2.2275944242530956	0.9853468859564997	29.593317218109668	674.0729046493371	-1.3986393150088599
3.2286003344481604	10.491638795986622	1.7867042049551476	0.04874764257345878	1.786704204955148	0.04874764257345866	1.8202372582226187	0.1308211257737135	7.724108134892541	94.3003259791151	2.2294144552483544	0.9853519687189298	29.616302691234726	679.9144796949772	-1.3986393150088599
3.2286003344481604	10.528428093645484	1.7880402285017354	0.04859207799355611	1.7880402285017356	0.04859207799355604	1.8225577249748752	0.13021509484225527	7.724417261122438	94.4851954850058	2.2312179740181217	0.9853570635177743	29.63906759385626	685.7790671514703	-1.3986393150088599
3.2286003344481604	10.565217391304348	1.7893600843553268	0.048439167653386433	1.789360084355326	0.048439167653386635	1.8248531272944528	0.12961731321065859	7.724721096613226	94.66816019241018	2.233005318973426	0.9853621714067661	29.661616207647064	691.6667425645614	-1.3986393150088599
3.2286003344481604	10.602006688963211	1.7906642103082302	0.0482888217146014	1.7906642103082295	0.048288821714601575	1.8271240195799363	0.12902758003236758	7.725019866511546	94.84926181897906	2.2347768178415475	0.9853672933643125	29.6839526862364	697.5775794662163	-1.3986393150088599
3.2286003344481604	10.638795986622073	1.7919530268554877	0.04814095442269969	1.7919530268554873	0.04814095442269974	1.829370937901009	0.1284457015353554	7.725313785639117	95.02854070604289	2.236532788102469	0.9853724302972955	29.706081060303195	703.5116494528695	-1.3986393150088599
3.2286003344481604	10.675585284280936	1.7932269380605073	0.04799548388052796	1.7932269380605068	0.04799548388052809	1.8315944007872988	0.12787149069897122	7.7256030590211004	95.20603587786735	2.238273537403995	0.9853775830446855	29.728005242421798	709.469022260034	-1.3986393150088599
3.2286003344481604	10.7123745819398	1.7944863323686235	0.047852331836590226	1.7944863323686235	0.04785233183659024	1.8337949099758615	0.127304766948782	7.725887882383813	95.38178509779594	2.2399993639566174	0.9853827523809779	29.749729031673173	715.449765833362	-1.3986393150088599
3.2286003344481604	10.749163879598662	1.7957315833722596	0.047711423487045976	1.7957315833722596	0.047711423487046024	1.8359729511198444	0.12674535586823554	7.726168442623832	95.55582492147268	2.2417105569092706	0.9853879390194615	29.771256118034696	721.4539463963744	-1.3986393150088599
3.2286003344481604	10.785953177257525	1.7969630505311038	0.04757268729037139	1.796963050531104	0.04757268729037132	1.8381289944607657	0.1261930889260447	7.7264449182504125	95.72819074732789	2.2434073967071355	0.9853931436153264	29.792590086561912	727.4816285150814	-1.3986393150088599
3.2286003344481604	10.822742474916389	1.7981810798503108	0.047436054793759085	1.7981810798503108	0.04743605479375909	1.8402634954664994	0.12564780321830482	7.726717479802852	95.89891686448524	2.245090155432377	0.985398366768621	29.813734421372814	733.5328751595973	-1.3986393150088599
3.2286003344481604	10.85953177257525	1.7993860045196133	0.04730146047039549	1.7993860045196135	0.04730146047039543	1.8423768954370663	0.12510934122439796	7.726986290244359	96.06803649824762	2.2467590971287907	0.9854036090270644	29.8346925094457	739.6077477629265	-1.3986393150088599
3.2286003344481604	10.896321070234114	1.8005781455160081	0.04716884156682634	1.8005781455160084	0.04716884156682632	1.8444696220801664	0.12457755057581986	7.727251505334101	96.23558185330833	2.2484144781113025	0.9854088708887216	29.85546764424167	745.706306277121	-1.3986393150088599
3.2286003344481604	10.933110367892976	1.8017578121723596	0.04703813795969925	1.8017578121723594	0.047038137959699286	1.8465420900581413	0.1240522838371326	7.727513273978527	96.4015841548148	2.2500565472610092	0.9854141528045495	29.876063029159823	751.8286092268456	-1.3986393150088599
3.2286003344481604	10.96989966555184	1.802925302714233	0.04690929202121188	1.802925302714232	0.04690929202121203	1.8485947015081008	0.12353339829829094	7.727771738563478	96.5660736874151	2.251685546306667	0.9854194551808184	29.896481780835487	757.974713760586	-1.3986393150088599
3.2286003344481604	11.006688963210703	1.8040809047670254	0.046782248492656595	1.8040809047670245	0.04678224849265675	1.8506278465367594	0.12302075577764615	7.728027035268209	96.72907983240376	2.253301710093313	0.9854247783814181	29.91672693228944	764.1446756995834	-1.3986393150088599
3.2286003344481604	11.043478260869565	1.8052248958352362	0.04665695436550968	1.8052248958352366	0.04665695436550963	1.8526419036913342	0.12251422243499427	7.7282792943623075	96.89063110306927	2.254905266838617	0.9854301227300498	29.936801435935347	770.3385495845657	-1.3986393150088599
3.2286003344481604	11.080267558528428	1.8063575437557502	0.04653335876953581	1.80635754375575	0.04653335876953581	1.8546372404079714	0.12201366859405392	7.728528640486701	97.05075517835269	2.256496438377731	0.9854354885123147	29.956708166453843	776.5563887204553	-1.3986393150088599
3.2286003344481604	11.117056856187292	1.8074791071267602	0.04641141286743376	1.8074791071267604	0.04641141286743373	1.8566142134389474	0.12151896857381614	7.7287751929197634	97.20947893491206	2.2580754403972274	0.9854408759777014	29.976449923540294	782.7982452191659	-1.3986393150088599
3.2286003344481604	11.153846153846153	1.8085898357137804	0.04629106975559151	1.8085898357137804	0.046291069755591496	1.8585731692597196	0.12103000052825709	7.7290190658291165	97.36682847767302	2.2596424826585606	0.9854462853414768	29.996029434531444	789.0641700404805	-1.3986393150088599
3.2286003344481604	11.190635451505017	1.8096899708342733	0.04617228437053199	1.8096899708342733	0.04617228437053203	1.860514444457075	0.12054664629391118	7.7292603685103325	97.52282916895975	2.261197769211758	0.9854517167864872	30.0154493569188	795.3542130312298	-1.3986393150088599
3.2286003344481604	11.22742474916388	1.810779745722168	0.04605501340067758	1.8107797457221686	0.046055013400677476	1.8624383660993522	0.12006879124485637	7.729499205613124	97.67750565627946	2.2627414985997687	0.9854571704648739	30.03471228075381	801.6684229628017	-1.3986393150088599
3.2286003344481604	11.264214046822742	1.8118593858734302	0.04593921520309367	1.8118593858734307	0.0459392152030936	1.8643452520896464	0.1195963241546968	7.729735677355681	97.8308818988293	2.264273864053873	0.9854626464997035	30.05382073094975	808.0068475670113	-1.3986393150088599
3.2286003344481604	11.301003344481606	1.8129291093739697	0.0458248497248721	1.8129291093739703	0.045824849724872024	1.8662354115030724	0.11912913706512548	7.729969879728125	97.98298119280567	2.2657950536807885	0.9854681449865252	30.07277716948711	814.3695335705526	-1.3986393150088599
3.2286003344481604	11.33779264214047	1.8139891272107824	0.045711878428873406	1.8139891272107824	0.0457118784288734	1.8681091449087415	0.11866712516072163	7.7302019046853525	98.1338261955664	2.267305250641667	0.9854736659948493	30.09158399752534	820.7565267279319	-1.3986393150088599
3.2286003344481604	11.37458193979933	1.815039643567466	0.04560026422353609	1.8150396435674656	0.04560026422353617	1.8699667446774533	0.11821018664961078	7.730431840330223	98.28343894871983	2.268804633323589	0.9854792095695581	30.11024355742743	827.1678718531067	-1.3986393150088599
3.2286003344481604	11.411371237458194	1.816080856104896	0.04548997139651002	1.816080856104897	0.04548997139650992	1.8718084952756708	0.11775822264968795	7.730659771087327	98.4318409001847	2.270293375503756	0.9854847757322486	30.128758134700053	833.6036128497756	-1.3986393150088599
3.2286003344481604	11.448160535117056	1.8171129562280282	0.04538096555186306	1.8171129562280282	0.045380965551863064	1.8736346735466392	0.11731113708007862	7.730885777868113	98.57905292528467	2.2717716465068656	0.9854903644825115	30.147129959854567	840.0637927404595	-1.3986393150088599
3.2286003344481604	11.48494983277592	1.818136129339596	0.04527321355064384	1.818136129339596	0.045273213550643815	1.875445548979257	0.11686883655756242	7.731109938227773	98.72509534692351	2.273239611355949	0.9854959757991498	30.16536121019226	846.5484536944173	-1.3986393150088599
3.2286003344481604	11.521739130434783	1.8191505550814249	0.04516668345459788	1.8191505550814249	0.04516668345459791	1.8772413839652946	0.11643123029769487	7.731332326514284	98.86998795488572	2.274697430916986	0.9855016096413396	30.18345401151738	853.0576370544248	-1.3986393150088599
3.2286003344481604	11.558528428093645	1.8201564075640848	0.04506134447284195	1.8201564075640844	0.04506134447284205	1.8790224340455925	0.11599823002037082	7.73155301401009	99.01375002431017	2.276145262037572	0.9855072659497356	30.20141043978127	859.5913833624709	-1.3986393150088599
3.2286003344481604	11.595317725752508	1.821153855585562	0.04495716691131629	1.8211538555855622	0.04495716691131625	1.8807889481458033	0.11556974985959645	7.73177206906691	99.15640033337877	2.2775832576800057	0.9855129446475243	30.21923252266161	866.1497323844765	-1.3986393150088599
3.2286003344481604	11.632107023411372	1.8221430628395348	0.04485412212484988	1.822143062839535	0.044854122124849856	1.8825411688021743	0.11514570627724728	7.731989557233897	99.2979571802579	2.279011567048973	0.9855186456414278	30.236922241079036	872.732723134013	-1.3986393150088599
3.2286003344481604	11.668896321070234	1.8231241881138218	0.04475218247168723	1.8231241881138214	0.04475218247168728	1.8842793323778766	0.11472601798060801	7.732205541379657	99.43843839933065	2.2804303357141236	0.9855243688226603	30.254481530654413	879.3403938951087	-1.3986393150088599
3.2286003344481604	11.705685618729097	1.824097385479573	0.04465132127032447	1.8240973854795726	0.044651321270324576	1.8860036692703492	0.11431060584349488	7.732420081808323	99.57786137675433	2.2818397057277866	0.9855301140678387	30.27191228310958	885.972782244177	-1.3986393150088599
3.2286003344481604	11.74247491638796	1.8250628044716695	0.044551512758527145	1.8250628044716692	0.04455151275852723	1.8877144041100824	0.11389939283078067	7.73263323637011	99.71624306537592	2.2832398157379954	0.9855358812398503	30.28921634761372	892.6299250710699	-1.3986393150088599
3.2286003344481604	11.779264214046822	1.8260205902608484	0.04445273205439736	1.826020590260848	0.04445273205439745	1.88941175595129	0.11349230392614505	7.732845060566602	99.85359999903923	2.2846308010971415	0.9855416701886803	30.306395532078795	899.3118585993843	-1.3986393150088599
3.2286003344481604	11.816053511705686	1.8269708838179504	0.044354955119377884	1.82697088381795	0.04435495511937793	1.8910959384548207	0.1130892660628917	7.733055607651063	99.98994830630939	2.286012793966343	0.9855474807521997	30.32345160440509	906.0186184059463	-1.3986393150088599
3.2286003344481604	11.852842809364548	1.8279138220707596	0.044258158723075876	1.8279138220707598	0.04425815872307584	1.892767160063721	0.11269020805767409	7.733264928724012	100.12530372364583	2.2873859234158065	0.9855533127569157	30.340386293680353	912.7502394395999	-1.3986393150088599
3.2286003344481604	11.889632107023411	1.8288495380537702	0.04416232040981263	1.8288495380537702	0.04416232040981259	1.8944256241717516	0.11229506054699218	7.733473072824337	100.25968160804736	2.288750315521323	0.9855591660186874	30.357201291333645	919.5067560392721	-1.3986393150088599
3.2286003344481604	11.926421404682275	1.829778161051286	0.04406741846679372	1.8297781610512862	0.04406741846679373	1.8960715292852242	0.111903755926317	7.733680087016136	100.39309694919545	2.2901060934570667	0.9855650403434068	30.373898252246374	926.2882019513709	-1.3986393150088599
3.2286003344481604	11.963210702341136	1.8306998167342032	0.04397343189381418	1.8306998167342032	0.0439734318938142	1.8977050691784747	0.1115162282917168	7.7338860164715975	100.52556438112038	2.291453377584907	0.9855709355276485	30.390478795822567	933.0946103465543	-1.3986393150088599
3.2286003344481604	12.	1.8316146272907845	0.04388034037441103	1.8316146272907847	0.04388034037441101	1.8993264330432502	0.11113241338386462	7.734090904550043	100.6570981934108	2.2927922855403544	0.9855768513592886	30.406944507019873	939.9260138358954	-1.3986393150088599