3.308683110367893	1.	4.85662228089516	1.521677866556479e-10	4.774529334134659	0.9999999997850666	6.195296024870453	9.057137306940936e-6	12.769217719793428	461.2064590712909	13.785118812923466	0.9999949937107064	100.70390755716407	241.9629428199359	2.900626959042122
3.308683110367893	1.0367892976588629	4.768404651612971	2.6798629623280875e-10	4.605102270707995	0.9999999994535032	6.072481319452997	0.000011804307421921682	12.635600735966559	449.5996657294299	13.295853173446716	0.9999931680931955	98.40192529045335	241.9615826658781	2.7886337650348394
3.308683110367893	1.0735785953177257	4.6849653561126905	4.57531177566937e-10	4.447285054703721	0.999999998701623	5.956108497821712	0.000015185649798461605	12.507182916810903	438.64833071273745	12.8400923663916	0.9999908792388293	96.2243227321522	241.95968827584537	2.6820524344434746
3.308683110367893	1.1103678929765886	4.6058931857859555	7.592975092243783e-10	4.299923443857161	0.99999999709774	5.845646404000007	0.000019303383105372287	12.383659746707988	428.2968962386469	12.41450275551913	0.9999880619749976	94.1604965025107	241.95714642972348	2.580336864657411
3.308683110367893	1.1471571906354514	4.5308241318781075	1.2277709502050017e-9	4.162011265929735	0.9999999938595941	5.740622290730941	0.000024269048218144437	12.26474873169984	418.49594473082067	12.016178453686123	0.9999846512159652	92.20105573310472	241.95383910984913	2.483021701370117
3.308683110367893	1.1839464882943145	4.459434714786113	1.9384415316183232e-9	4.0326674169204075	0.999999987638862	5.64061385105381	0.00003020361375380603	12.150187863759184	409.20137010175637	11.642574923591834	0.9999805830529201	90.33765060196819	241.94964595206883	2.3897068751182813
3.308683110367893	1.2207357859531773	4.391436422856447	2.9938819707741644e-9	3.9111170177907346	0.9999999762141744	5.545242536269683	0.00003723754752301	12.03973412076266	400.37367997016815	11.291454577030821	0.9999757957439287	88.56282959526852	241.9444466672748	2.3000457318525367
3.308683110367893	1.2575250836120402	4.3265710497325935	4.530998504093955e-9	3.7966758780502885	0.9999999560724118	5.454167921828834	0.00004551085869487897	11.933162030095453	391.9774052443175	10.960841914886869	0.9999702305820511	86.86991996307518	241.9381233467281	2.213735788736579
3.308683110367893	1.294314381270903	4.264606764218579	6.729554003336015e-9	3.6887376082660204	0.9999999218598833	5.367082932332932	0.00005517311555223529	11.830262311823889	383.98059824225305	10.648986309486258	0.99996383262893	85.25292703184243	241.9305625865738	2.130511440235415
3.308683110367893	1.3311036789297659	4.205334780997206	9.822052653648685e-9	3.5867628690839126	0.9999998656888817	5.28370977508224	0.00006638344370259755	11.730840609340817	376.35440421060565	10.354330951053162	0.9999565513088793	83.7064489474536	241.9216573876151	2.050138135268998
3.308683110367893	1.3678929765886287	4.148566527065015	1.4105063110747764e-8	3.490270354642453	0.9999997762907753	5.203796461276032	0.00007931050952196418	11.634716310072152	369.0726939976986	10.075486798335437	0.9999483408647384	82.2256041231145	241.91130880460324	1.9724076792984102
3.308683110367893	1.4046822742474916	4.094131219372434	1.9952043227759486e-8	3.398829192541263	0.9999996380140248	5.127113817181734	0.00009413249346025858	11.541721455380397	362.1117479212656	9.811210616665983	0.9999391606815343	80.80596920889144	241.89942733431334	1.8971344074338106
3.308683110367893	1.4414715719063544	4.041873785315659	2.7827714569114487e-8	3.3120525074405234	0.9999994296737106	5.053452905863655	0.0001110370576439942	11.451699736624663	355.44998268571106	9.560386373982436	0.9999289754874519	79.44352582290698	241.88593404340529	1.8241520396576152
3.308683110367893	1.4782608695652173	3.9916530704722035	3.8304019420763523e-8	3.229591945728812	0.9999991232676791	4.982622794550182	0.00013022131198610126	11.364505573032826	349.0677146538649	9.322009410584458	0.9999177554438878	78.13461461663844	241.87076144572694	1.7533110757951897
3.308683110367893	1.5150501672240804	3.9433402880901496	5.2077677252707804e-8	3.151132998041657	0.9999986825827263	4.914448614275446	0.00015189178276649488	11.280003266328576	342.9469539432953	9.095172911873597	0.99990547613767	76.87589550957418	241.85385414451216	1.6844766216613616
3.308683110367893	1.5518394648829432	3.8968176729242847	6.99893419496026e-8	3.076390987354253	0.9999980617215706	4.848769867707501	0.00017626438738966207	11.198066226742545	337.07122475861087	8.87905630255072	0.9998921184890426	75.6643131375933	241.835169258557	1.6175265626786848
3.308683110367893	1.588628762541806	3.851977308506266	9.304434591880012e-8	3.0051076148563935	0.99999720358736	4.785438948561236	0.00020356441876621546	11.118576264985409	331.42540813554325	8.672915251358411	0.9998776685889201	74.49706672679152	241.814676653138	1.552350019782642
3.308683110367893	1.625418060200669	3.808720102183256	1.2243500269229676e-7	2.937047975309752	0.9999960383666432	4.724319842070319	0.00023402654251102834	11.041422944881804	325.99560389642204	8.47607303167749	0.9998621174783762	73.37158373922385	241.79235899684537	1.4888460363763527
3.308683110367893	1.6622073578595318	3.766954886521557	1.595644260977014e-7	2.871997969194052	0.9999944820539219	4.665286980949281	0.0002678948099076996	10.966502991591351	320.7690091281176	8.287913028308388	0.9998454608824688	72.28549674613245	241.76821166498905	1.4269224557117068
3.308683110367893	1.6989966555183946	3.726597629150885	2.060718116812441e-7	2.8097620515126107	0.9999924350610675	4.608224235340303	0.00030542268936243385	10.893719750632659	315.7338109147382	8.107872217017885	0.9998276989094506	71.2366230730264	241.74224250902876	1.366494956229302
3.308683110367893	1.7357859531772575	3.687570735979113	2.6385911498231946e-7	2.7501612672963898	0.9999897809530452	4.553024018587264	0.0003468731188638704	10.822982693249763	310.87909140582667	7.93543547277513	0.9998088357252373	70.22294683365459	241.7144715100753	1.307486218714012
3.308683110367893	1.7725752508361203	3.64980243505903	3.351190516090122e-7	2.6930315321170304	0.9999863853477905	4.4995864934493275	0.00039251858178198734	10.754206963994827	306.19474359015106	7.770130586469583	0.9997888792117979	69.24260302966685	241.68493033285696	1.2498252040682367
3.308683110367893	1.8093645484949832	3.6132262303354596	4.2236433594049237e-7	2.638222122681147	0.9999820950130304	4.447818865669032	0.00044264120818044746	10.687312966735746	301.6713963865192	7.611523889415459	0.9997678406169289	68.29386344215023	241.65366179508476	1.193446524403725
3.308683110367893	1.8461538461538463	3.577780416118235	5.284580687524392e-7	2.585594348130687	0.9999767371866121	4.397634753730012	0.000497532903684439	10.622225985619988	297.3003478649029	7.459216400964618	0.9997457342017209	67.375124082201	241.6207192655487	1.1382898932480983
3.308683110367893	1.882943143812709	3.543407644476705	6.566451791658665e-7	2.5350203772556843	0.9999701191399634	4.34895362524924	0.0005574955078398419	10.558875837835194	293.0735055808098	7.312840427762659	0.9997225768909549	66.48489400188218	241.5861660031283	1.0842996431389953
3.308683110367893	1.919732441471572	3.5100545388812328	8.105848230812498e-7	2.486382200620829	0.999962027996935	4.301700291800877	0.0006228409838199615	10.497196555295606	288.98333314867455	7.172056554120031	0.999698387930674	65.62178529550692	241.55007444767855	1.031424300871575
3.308683110367893	1.9565217391304348	3.477671348366994	9.943836386804445e-7	2.4395707097646975	0.9999522308128939	4.2558044551099075	0.0006938916412820804	10.437126092652424	285.02280230084114	7.0365509720635675	0.9996731885562917	64.78450414522779	241.5125254728288	0.9796162122800494
3.308683110367893	1.9933110367892977	3.4462116372960714	1.2126297596462784e-6	2.3944848782670283	0.9999404749117771	4.211200298519299	0.0007709803941470417	10.378606059273748	281.1853497810848	6.906033107220781	0.9996470016738167	63.97184278517901	241.47360760993115	0.9288312097494773
3.308683110367893	2.0301003344481607	3.415632006470977	1.4704274884369183e-6	2.3510310316891174	0.9999264884722048	4.16782611845386	0.0008544510550696027	10.321581473066647	277.46483850867116	6.780233503042009	0.9996198515560849	63.182672275567356	241.43341625170316	0.8790283167316748
3.308683110367893	2.0668896321070234	3.385891841926998	1.7734325352209056e-6	2.309122195250488	0.9999099813477951	4.12562399130139	0.0009446586683843979	10.266000534220124	273.85552252312795	6.658901931202516	0.999591763555306	62.41593599266156	241.39205284350095	0.8301694844264557
3.308683110367893	2.1036789297658864	3.3569530882194107	2.1278877328766634e-6	2.26867750967262	0.9998906461017514	4.084539471727137	0.0010419698833504286	10.211814417135477	270.3520152833253	6.541805700525883	0.9995627638327301	61.670643753025345	241.34962406966469	0.7822193565234374
3.308683110367893	2.140468227424749	3.3287800434380577	2.540659144730206e-6	2.2296217069466358	0.9998681592316112	4.044521318946654	0.0011467633695750395	10.15897707897953	266.9492609487519	6.428728140573001	0.9995328791058253	60.94586650091424	241.3062410418509	0.7351450585094469
3.308683110367893	2.177257525083612	3.3013391735380813	3.019272489373308e-6	2.191884638907097	0.9998421825568176	4.005521247919179	0.0012594302765747641	10.107445083449111	263.64250831752804	6.319467239266923	0.999502136413014	60.24073149681539	241.26201849583967	0.6889160085555235
3.308683110367893	2.2140468227424748	3.2745989438807395	3.5719498158999823e-6	2.1554008524509887	0.9998123647395052	3.967493702798914	0.0013803747395245219	10.05717743847205	260.42728713580345	6.213834416666244	0.9994705628957365	59.55441795287718	241.21707400279948	0.643503747423486
3.308683110367893	2.250836120401338	3.2485296661405263	4.2076463731326984e-6	2.1201092060569833	0.9997783429074953	3.9303956503052198	0.0015100144333571905	10.00813544669344	257.2993865278183	6.111653419338982	0.9994381855973922	58.88615306766163	241.17152720055418	0.5988817851902639
3.308683110367893	2.2876254180602005	3.223103358960573	4.936087627797723e-6	2.085952522957316	0.9997397443479421	3.8941863909520764	0.0016487811775014617	9.96028256770608	254.2548353258067	6.012759321788896	0.9994050312785349	58.23520841841616	241.12549904989794	0.5550254628902315
3.308683110367893	2.3244147157190636	3.1982936209330632	5.7678063990566895e-6	2.052877276911669	0.9996961882402521	3.8588273863187528	0.0017971215936870642	9.913584291082909	251.28988410483186	5.916997623100435	0.999371126247573	57.60089667404137	241.07911112050522	0.5119118274310794
3.308683110367893	2.3612040133779266	3.1740755146499975	6.714180090214826e-6	2.0208333070449003	0.9996472873977171	3.8242821007533903	0.0019554978194013324	9.868008019357617	248.40098875013626	5.824223428442309	0.9993364962061295	56.982568596247724	241.03248491048996	0.4695195183556867
3.308683110367893	2.3979933110367893	3.150425460715536	7.787468012712938e-6	1.9897735586509269	0.9995926499886593	3.7905158560832284	0.0021243882797498627	9.823522960178856	245.58479540414135	5.7343007063387645	0.9993011661081546	56.379610300136605	240.9857412031201	0.42782866520644025
3.308683110367893	2.4347826086956523	3.127321140738104	9.000848812574924e-6	1.959653847244674	0.9995318812096747	3.7574956980638565	0.002304288520655893	9.780100026933766	242.83812665727402	5.647101613714261	0.9992651600318434	55.79144074870231	240.9389994636942	0.3868207944059588
3.308683110367893	2.471571906354515	3.104741408430796	0.000010368458025235931	1.9304326434715606	0.999464584885687	3.7251902734383973	0.0024957121065266683	9.737711747200212	240.15796886169835	5.562505881666252	0.9992285010633961	55.217509458591195	240.89237727904919	0.346478744702147
3.308683110367893	2.508361204013378	3.0826662080449454	0.000011905425801038699	1.9020708767672574	0.9993903649738735	3.6935697165984345	0.002699191585721747	9.696332178443184	237.54146046003657	5.480400255744078	0.999191211191649	54.65729439693597	240.84598984164364	0.3067865903406807
3.308683110367893	2.5451505016722407	3.0610764994460533	0.000013627914860567436	1.8745317559060695	0.9993088269510557	3.662605544944946	0.00291527952737389	9.655936830421647	234.98588123261757	5.400677985228722	0.9991533112126205	54.11030005126159	240.79994947969556	0.2677295712268094
3.308683110367893	2.5819397993311037	3.0399541892148947	0.00001555315875633983	1.8477806047892165	0.9992195790667179	3.632270562140393	0.003144549633340802	9.616502593817016	232.48864237680053	5.3232383565315295	0.9991148206430339	53.576055656360765	240.75436523430355	0.22929402942272897
3.308683110367893	2.6187290969899664	3.0192820672216434	0.00001769950053511894	1.821784712009898	0.9991222334464371	3.6025387685255743	0.0033875979292999864	9.578007674634732	230.04727734078722	5.247986266376224	0.9990757576419022	53.05411356372335	240.70934248409432	0.191467351400326
3.308683110367893	2.6555183946488294	2.9990437481778343	0.000020086431913198248	1.7965131928935476	0.9990164070330588	3.5733852780472506	0.003645044039240305	9.540431533966682	227.6594333421351	5.174831830905392	0.9990361389393011	52.54404774057999	240.66498261746958	0.1542379155314634
3.308683110367893	2.6923076923076925	2.9792236177213214	0.000022734633095433418	1.7719368628529037	0.9989017223554194	3.54478624110665	0.003917532547849464	9.503754832733705	225.32286350807306	5.103690027271451	0.9989959797714848	52.04545238692885	240.62138275213277	0.11759504435223107
3.308683110367893	2.729096989966555	2.9598067826340277	0.000025666013387476414	1.7480281210212074	0.9987778081167638	3.516718772796118	0.004205734455540984	9.467959381056255	223.03541958085918	5.0344803646406895	0.9989552938215427	51.557940660075964	240.57863550125333	0.08152896118443521
3.308683110367893	2.765886287625418	2.9407790248316155	0.000028903752769672352	1.7247608432352044	0.9986442995971865	3.489160886041636	0.0045103487311070715	9.433028091926012	220.79504513683318	4.967126581862592	0.9989140931648361	51.08114349724248	240.53682878524555	0.04603075073711775
3.308683110367893	2.802675585284281	2.922126758799512	0.00003247234462030573	1.7021102835352062	0.9985008388664289	3.462091429214504	0.00483210396721458	9.398944938873406	218.59976927267945	4.90155636934391	0.9988723882184942	50.614708527714804	240.4960456879476	0.011092323345987113
3.308683110367893	2.839464882943144	2.903836992180784	0.00003639763979546735	1.6800529834334013	0.998347074805179	3.435490027815741	0.005171760144178322	9.365694917344708	216.4477007167159	4.837701112919232	0.9988301876942932	50.1582990668226	240.4563643556736	-0.02329361746268416
3.308683110367893	2.8762541806020065	2.885897289249402	0.00004070689229265689	1.6585666882760506	0.998182662934631	3.4093370298734764	0.00553011050763426	9.333264009518585	214.33702232690888	4.775495657734606	0.9987874985542813	49.711593184761625	240.41785793744862	-0.05713360437186769
3.308683110367893	2.9130434782608696	2.8682957370274274	0.000045428806745463374	1.6376302700909982	0.9980072650554557	3.383613454726452	0.0059079835658902196	9.301639152305077	212.26598594078007	4.714878090359916	0.9987443259685603	49.274282843932376	240.38059456459573	-0.0904334329047758
3.308683110367893	2.9498327759197323	2.8510209138270546	0.00005059358801725556	1.6172236563703868	0.9978205486985371	3.358300944896786	0.006306245212832578	9.2708082082806	210.23290754551235	4.655789537522567	0.9987006732746707	48.84607309904837	240.34463736769544	-0.12319818553748338
3.308683110367893	2.9866220735785953	2.834061860018749	0.00005623299318283555	1.5973277642905372	0.997622186390812	3.333381720782521	0.00672580098230179	9.24075993931974	208.23616273939055	4.598173980013014	0.9986565419380741	48.42668135479761	240.3100445288887	-0.15543225352953688
3.308683110367893	3.0234113712374584	2.8174080508448767	0.00006238038620848626	1.5779244399173527	0.9974118547403495	3.3088385379256455	0.007167598439793849	9.21148398268918	206.27418245829847	4.541978080453261	0.9986119315132678	48.01583667631391	240.27686936743316	-0.187139356698756
3.308683110367893	3.060200668896321	2.801049371114805	0.00006907079566281383	1.5589964019871478	0.9971892333454145	3.284654646634789	0.007632629717171306	9.18297082937035	204.34544894335582	4.487151023745179	0.9985668396051096	47.61327914814243	240.24516045640422	-0.2183225613587472
3.308683110367893	3.096989966555184	2.7849760916325104	0.000076340975813237	1.5405271898900874	0.9969540035326961	3.2608137537638178	0.008121934195745513	9.155211804375018	202.44849192796576	4.433644369128376	0.9985212618299775	47.21875927777522	240.21496176849018	-0.24898429663318827
3.308683110367893	3.1337792642140467	2.7691788472213794	0.00008422947148594483	1.5225011155168096	0.9967058469301577	3.237299986468431	0.008636601342579263	9.128199048811815	200.5818850245717	4.381411912877898	0.9984751917764333	46.832037440179974	240.186312848832	-0.2791263693595306
3.308683110367893	3.17056856187291	2.7536486162234746	0.00009277668709054961	1.5049032186589866	0.9964444438801078	3.2140978577830825	0.00917777370411015	9.101925503451461	198.74424229334116	4.330409560762785	0.9984286209651122	46.452883360066785	240.1592490129593	-0.30874997779647995
3.308683110367893	3.2073578595317724	2.7383767013620908	0.00010202496023441444	1.4877192256817635	0.9961694716981085	3.1911922338804413	0.009746650060145268	9.076384893523255	196.93421497683366	4.2805952094680055	0.9983815388076108	46.081075628928545	240.1338015679733	-0.3378557243541815
3.308683110367893	3.2441471571906355	2.7233547118670978	0.0001120186403756227	1.4709355112105733	0.9958806027832608	3.1685683028952587	0.010344488739861855	9.051571714454854	195.15048838648366	4.231928636255334	0.998333932564207	45.71640125415413	240.10999805522692	-0.36644362757434035
3.308683110367893	3.280936454849498	2.7085745467725086	0.00012280417298747668	1.454539062597112	0.995577502585257	3.146211545214738	0.010972611099574625	9.027481218241002	193.39177892850068	4.184371396204955	0.99828578730031	45.35865523775779	240.08786251290638	-0.39451313359908036
3.308683110367893	3.317725752508361	2.6940283793049735	0.00013443018973103546	1.4385174469494142	0.995259827433404	3.1241077051582815	0.0116324051595951	9.00410940009321	191.65683125856532	4.1378867264389125	0.9982370858416124	45.00764018248784	240.06741575705175	-0.42206312738283547
3.308683110367893	3.3545150501672243	2.6797086422907372	0.00014694760515489142	1.42285878052933	0.9949272222326114	3.102242763991632	0.012325329394390582	8.981452984981537	189.9444155565468	4.0924394567815	0.9981878087279978	44.663165923284446	240.04867567973858	-0.44909194392116397
3.308683110367893	3.391304347826087	2.665608014516834	0.00016040972046272754	1.4075517003373068	0.9945793180311708	3.0806029142440456	0.01305291666629296	8.959509413629245	188.25332491440014	4.047995926359998	0.9981379341663582	44.325049182240896	240.03165756329173	-0.4755973797945059
3.308683110367893	3.42809364548495	2.6517194079903703	0.00017487233490810642	1.3925853377195465	0.9942157294650292	3.0591745353231405	0.013816778288042949	8.938276827461252	186.58237283249363	4.0045239056933255	0.9980874379825786	43.99311324539894	240.0163744096127	-0.5015767053538809
3.308683110367893	3.4648829431438126	2.6380359560473474	0.0001903938653915814	1.3779492938462852	0.9938360520832729	3.037944170450614	0.014618608193269145	8.917754051935708	184.93039082189455	3.9619925238555704	0.9980362935730832	43.66718765986572	240.00283728384065	-0.5270266779100169
3.308683110367893	3.5016722408026757	2.624551002270179	0.0002070354748458793	1.3636336169224763	0.9934398595596858	3.0168985049743604	0.015460187186345137	8.897940577603997	183.29622611269977	3.920372200337766	0.99798447185648	43.34710794989336	239.99105567182022	-0.5519435563272503
3.308683110367893	3.5384615384615383	2.611258090180319	0.0002248612099991836	1.3496287810033447	0.9930267007956413	2.99602434614857	0.016343387233668905	8.878836538145956	181.67873947135465	3.8796345812632804	0.9979319412260181	43.03271535069637	239.9810378509617	-0.5763231174703196
3.308683110367893	3.5752508361204014	2.598150953679964	0.00024393814910180783	1.3359256662975114	0.9925960969202547	2.9753086045147574	0.017270175746924032	8.860442684512957	180.0768031331812	3.839752479642029	0.9978786675037747	42.72385655891531	239.9727912743087	-0.6001606750046702
3.308683110367893	3.612040133779264	2.5852235082241406	0.0002643365601853663	1.3225155408494595	0.9921475381947661	2.954738277063566	0.018242619794950857	8.84276035418051	178.4892988600877	3.8006998193750796	0.9978246138977233	42.42038349875599	239.96632296777562	-0.6234511011113046
3.308683110367893	3.648829431438127	2.5724698427119725	0.00028613007039241943	1.3093900435012094	0.9916804808296139	2.934300432410737	0.019262890164048644	8.825791434361983	176.9151161377454	3.7624515827451246	0.9977697409631077	42.122153102946385	239.96163994064864	-0.6461888517438624
3.308683110367893	3.68561872909699	2.5598842120936047	0.00030939584686423213	1.2965411680402221	0.9911943437247067	2.913982198281847	0.02033326516639656	8.809538317866474	175.35315053151245	3.724983761150062	0.9977140065698659	41.82902710776459	239.95874960960575	-0.6683679961297146
3.308683110367893	3.722408026755853	2.547461030696881	0.0003342147896002427	1.283961248446671	0.990688505146104	2.893770751669782	0.02145613407231198	8.794003850095146	173.80230222612843	3.6882733088559774	0.9976573658782044	41.540871861489805	239.95766023656498	-0.6899822512974624
3.308683110367893	3.759197324414716	2.5351948662857704	0.0003606717365987979	1.2716429451584297	0.990162299355796	2.873653312107477	0.022634000013775486	8.779191265462947	172.26147478081378	3.6522980995631547	0.9975997713248439	41.257558145726655	239.95838138074663	-0.7110250224990452
3.308683110367893	3.7959866220735785	2.523080434870314	0.0003888556814484193	1.2595792322763166	0.9896150132156727	2.853617138586606	0.023869482173501672	8.765104111308213	170.7295741389691	3.617036885593717	0.9975411726229211	40.97896100914062	239.96092436530273	-0.7314894504848016
3.308683110367893	3.8327759197324416	2.5111125962956686	0.00041886000335425693	1.247763385635368	0.9890458827921894	2.8336495307507645	0.025165317035421266	8.751746157115448	169.20550794024913	3.5824692595227954	0.9974815167790574	40.70495961322762	239.9653027588078	-0.751368466680622
3.308683110367893	3.869565217391304	2.4992863506452916	0.00045078270934718835	1.2361889716700951	0.988454089994853	2.8137378350989186	0.026524358428396014	8.73912128663304	167.68818519242612	3.548575618086325	0.9974207481316847	40.435437089815125	239.97153287173077	-0.770654857404476
3.308683110367893	3.9063545150501673	2.487596835500175	0.0004847266881239555	1.2248498370027852	0.987838759289532	2.7938694570500435	0.027949576045201943	8.727233370228147	166.17651637112772	3.515337128207761	0.9973588084153431	40.17028041005819	239.97963426770872	-0.7893413383391282
3.308683110367893	3.94314381270903	2.4760393241020444	0.0005207999745959967	1.213740098684009	0.9871989545368824	2.7740318798409023	0.029444052063490957	8.716086114601595	164.66941402716375	3.4827356949937416	0.9972956368563367	39.90938026475115	239.9896302890701	-0.8074206405409576
3.308683110367893	3.979933110367893	2.464609224472663	0.0005591160237736752	1.2028541350133717	0.9865336760168867	2.754212691350993	0.031010975435266513	8.705682886805855	163.16579399347123	3.4507539315537774	0.9972311703058163	39.652630955813514	240.00154859542155	-0.8248856093010662
3.308683110367893	4.016722408026756	2.4533020795435814	0.0005997939920726448	1.1921865768664832	0.9858418577126142	2.7343996200664606	0.03265363334778318	8.696026509400301	161.66457729638145	3.41937513050305	0.9971653434170362	39.3999302988347	240.01542171339503	-0.8417293171702447
3.308683110367893	4.053511705685619	2.4421135683492925	0.0006429590234956669	1.181732299450867	0.9851223649396862	2.7145805814981716	0.034375399294082946	8.687119023576422	160.16469288827105	3.388583237008525	0.9970980888741602	39.15117953655776	240.0312875946026	-0.8579451923977314
3.308683110367893	4.090301003344481	2.431039508331165	0.0006887425374149741	1.1714864144095158	0.9843739924222574	2.694743736446431	0.03617971712926589	8.678961417241585	158.66508132984174	3.358362823238609	0.9970293376805035	38.90628326315638	240.04919017764314	-0.8735271638919828
3.308683110367893	4.127090301003345	2.4200758587877798	0.0007372825138642812	1.161444262185931	0.9835954629310857	2.674877562538534	0.03807008043433688	8.671553315422758	157.16469955897708	3.3286990640740366	0.9969590195144282	38.66514935908896	240.06917994842823	-0.8884698235665804
3.308683110367893	4.1638795986622075	2.409218725488102	0.0007887237713617786	1.1516014045593645	0.9827854266136574	2.654970940434372	0.04005000647042824	8.664892631014819	155.66252688765397	3.299577713933989	0.9968870631611396	38.42768893620589	240.09131449129762	-0.902768606555013
3.308683110367893	4.20066889632107	2.398464366435149	0.0008432182313576985	1.1419536172539002	0.981942461159201	2.635013255972813	0.042123003991928844	8.658975174932385	154.15757236654073	3.270985084566044	0.9968133970282541	38.19381629262068	240.11565902126202	-0.9164199892345147
3.308683110367893	4.237458193979933	2.3878091987277816	0.0009009251624804509	1.1324968825207875	0.981065072951185	2.614994519286159	0.044292534209801455	8.653794226219242	152.64888364596123	3.242908023642563	0.9967379497520601	37.96344887663237	240.14228688532427	-0.9294217042582308
3.308683110367893	4.274247491638796	2.3772498064151213	0.000962011396916518	1.1232273815909322	0.9801516993645408	2.594905501506701	0.04656196427071674	8.649340064711778	151.13555743866615	3.2153338939999254	0.996660650899713	37.73650725869577	240.17128001825884	-0.9417729708292074
3.308683110367893	4.311036789297659	2.3667829491706707	0.0010266515105978311	1.1141414868948105	0.9792007123618955	2.574737889091573	0.04893451276028039	8.645599471515391	149.6167516507774	3.1882505533519083	0.9965814317700208	37.51291511007545	240.20272933556095	-0.9534747372392198
3.308683110367893	4.3478260869565215	2.3564055715312113	0.001095027958511829	1.1052357539516997	0.978210423529679	2.554484454966686	0.051413186967105756	8.642555205878553	148.09169918879334	3.1616463343058547	0.9965002262918166	37.292599186392195	240.2367350437236	-0.9645299312371651
3.308683110367893	4.384615384615385	2.3461148123501734	0.0011673311565420998	1.096506912840522	0.9771790906680617	2.53413924461316	0.05400071197531738	8.64018547102375	146.55972336950094	3.1355100245118974	0.9964169720140651	37.075489313788324	240.27340684580696	-0.9749437121088483
3.308683110367893	4.421404682274248	2.335908014009559	0.0012437595019598742	1.0879518591823505	0.9761049260053264	2.5136977738838944	0.05669945209882048	8.638463386022075	145.0202547539807	3.1098308467833937	0.9963316111757577	36.86151837492185	240.31286401875346	-0.9847237165018289
3.308683110367893	4.45819397993311	2.325782730824971	0.0013245193261854627	1.0795676445910674	0.9749861060452077	2.493157233766487	0.05951132573567099	8.637356485665922	143.47284909666564	3.0845984390431878	0.9962440918363995	36.650622291486755	240.35523533848692	-0.9938802881235771
3.308683110367893	4.494983277591973	2.315736735973959	0.00140982477587139	1.0713514665848116	0.9738207829738966	2.4725166955632534	0.062437715396746224	8.636826275148895	141.91720594870117	3.0598028339776935	0.9961543690397425	36.44273999950149	240.40065882998053	-1.002426679639932
3.308683110367893	4.531772575250836	2.305768026191622	0.0014998976218158926	1.0633006579966082	0.972607097452829	2.4517773081530465	0.06547937542261395	8.636827870689322	140.35318728906287	3.0354344383203546	0.9960624059748467	36.237813413273344	240.44928132260043	-1.0103792136259964
3.308683110367893	4.568561872909699	2.2958748234248976	0.0015949669996907017	1.0554126759769344	0.9713431925079236	2.430942477301932	0.06863634069659647	8.637309760371455	138.7808353894265	3.011484011739041	0.9959681750902983	36.03578737381786	240.50125779653513	-1.0177573885412758
3.308683110367893	4.605351170568562	2.2860555726356617	0.0016952690919191389	1.0476850907410633	0.9700272281029315	2.4100180156246798	0.07190784041569451	8.638213720652676	137.20038896750773	2.9879426453674167	0.9958716591104595	35.83660957766897	240.55675051422955	-1.0245839157129495
3.308683110367893	4.642140468227424	2.276308935009409	0.0018010467659578017	1.0401155742753196	0.9686573958650038	2.3890122510291496	0.07529222159667842	8.639474922403712	135.6122965709056	2.9648017400955298	0.9957728518981238	35.64023048253454	240.61592794135137	-1.0308846744980555
3.308683110367893	4.678929765886288	2.266633775973946	0.0019125491902241872	1.0327018892726252	0.9672319333286793	2.367936081572921	0.07878688735920426	8.641022255332414	134.01722608444416	2.9420529848151253	0.9956717591071221	35.446603187182895	240.6789634745827	-1.036688575372848
3.308683110367893	4.7157190635451505	2.2570291476662185	0.002030031454323604	1.0254418786113404	0.9657491369962738	2.346802965859405	0.08238825502792244	8.64277889079404	132.4160692925488	2.9196883348925486	0.9955683985723182	35.2556832842918	240.74603400747802	-1.0420273247475316
3.308683110367893	4.752508361204013	2.2474942657992796	0.0021537542243167877	1.0183334557148214	0.9642073734936547	2.325628840539009	0.086091738638096	8.644663090375028	130.80994057247582	2.897699991208357	0.9954628003937248	35.067428686704375	240.81731837962997	-1.046935090713872
3.308683110367893	4.789297658862877	2.238028481255377	0.002283983465809381	1.0113745961254617	0.9626050881427238	2.304431960147823	0.08989175946561968	8.646589251911678	129.20016905117114	2.8760803801474144	0.9953550066861864	34.88179942948923	240.8929957667125	-1.0514480753571074
3.308683110367893	4.826086956521739	2.228631247131433	0.002420990267066334	1.0045633305923212	0.9609408103810371	2.283232659209295	0.09378178674986841	8.648469167066853	127.58828391948325	2.8548221349378347	0.995245070985423	34.69875745220999	240.9732440779664	-1.0556040061219236
3.308683110367893	4.862876254180602	2.2193020823456617	0.002565050790882504	0.9978977399056073	0.959213155631212	2.262053041841744	0.09775440893280211	8.650213447087305	125.97599303586722	2.8339180787162013	0.9951330573235994	34.51826636764785	241.0582384319142	-1.0594415652579365
3.308683110367893	4.8996655518394645	2.2100405332292907	0.002716446377708052	0.9913759516187085	0.9574208234443377	2.240916609490397	0.10180143367313119	8.651733058057465	124.36515542449828	2.81336120963749	0.9950190390105977	34.340291224639735	241.148149779317	-1.0629997817551453
3.308683110367893	4.936454849498328	2.2008461347311674	0.0028754638140918486	0.9849961386883721	0.9555625919897051	2.219847842189653	0.10591401283920912	8.65294089596169	122.75774872585721	2.7931446882560356	0.9949030971781568	34.16479827349917	241.2431437345428	-1.0663174136600073
3.308683110367893	4.973244147157191	2.191718372923425	0.0030423957708061726	0.9787565199482098	0.9536373092093986	2.1988717523406867	0.11008278688775049	8.653753326814861	121.15583303506622	2.7732618272872234	0.994785319160348	33.99175474254105	241.34337966308846	-1.0694323497099962
3.308683110367893	5.010033444816053	2.1826566504019893	0.0032175414052087814	0.9726553622236654	0.9516438811713538	2.1780134318905437	0.11429804172157525	8.65409161886501	119.56151281644692	2.7537060837315757	0.9946657967934709	33.821128633512274	241.44901005547453	-1.0723810576496238
3.308683110367893	5.046822742474917	2.173660255937852	0.0034012071136579566	0.9666909838102152	0.9495812583137351	2.157297613791625	0.1185498704449013	8.653883202253372	117.97689868126811	2.7344710532185115	0.994544624720327	33.6528885423283	241.56018019816148	-1.0751981025920112
3.308683110367893	5.083612040133779	2.1647283393860106	0.003593707413101011	0.9608617589799454	0.9474484203611313	2.1367482667582345	0.12282833245994446	8.653062705402657	116.40407075182002	2.7155504663201344	0.9944218987780451	33.48700350961757	241.67702813282114	-1.0779157529158538
3.308683110367893	5.120401337792642	2.155859892445414	0.0037953659269270587	0.955166123158828	0.9452443607046641	2.1163882389376236	0.1271236030305675	8.651572734910385	114.8450451249257	2.696938186506555	0.9942977145364272	33.32344290342711	241.7996848783101	-1.0805636842257362
3.308683110367893	5.157190635451505	2.147053735437127	0.004006516448996164	0.9496025784271547	0.9429680709802706	2.0962389616856214	0.13142610764557366	8.649364384601212	113.30174462720245	2.678628209369475	0.9941721660371166	33.162176334306665	241.92827487667523	-1.083168784726855
3.308683110367893	5.193979933110368	2.1383085098767105	0.004227504061203723	0.9441696990331815	0.940618526467489	2.0763202197755577	0.13572663705639734	8.646397477438285	111.77597466963452	2.6606146627301173	0.9940453447651381	33.00317360108785	242.06291661625986	-1.0857550587753082
3.308683110367893	5.230769230769231	2.1296226762972927	0.004458686283467249	0.9388661366671723	0.9381946727852345	2.056649989644967	0.14001644053322995	8.642640559414623	110.2694046093811	2.6428918072680254	0.9939173388658233	32.846404664182316	242.20372338174383	-1.0883436199699315
3.308683110367893	5.2675585284280935	2.1209945165524005	0.00470043423992868	0.9336906253101903	0.9356954142023081	2.0372443431563343	0.14428729648960428	8.638070676173173	108.78355465518985	2.625454037350129	0.9937882326036583	32.69183964220902	242.35080408195765	-1.090952761303685
3.308683110367893	5.304347826086956	2.1124221396983085	0.004953133830708564	0.9286419855409044	0.9331196037270713	2.0181174111161524	0.1485315610210662	8.632672970461245	107.31978804096468	2.6082958817979414	0.9936581060464295	32.53944882724907	242.50426411091595	-1.0935980876806402
3.308683110367893	5.34113712374582	2.1039034905164216	0.005217186904091707	0.9237191282471782	0.9304660350064904	1.9992813985890743	0.15274219599792313	8.62644014174744	105.87930795775726	2.591412004394629	0.9935270349487602	32.389202713947995	242.66420620424643	-1.096292695403907
3.308683110367893	5.377926421404682	2.0954363597708614	0.005493012429085683	0.9189210577429419	0.9277334359576138	1.980746642841584	0.1569127791100693	8.619371809003846	104.4631585825515	2.5747972039971234	0.9933950908036953	32.24107203795881	242.8307312611481	-1.0990473837759078
3.308683110367893	5.414715719063545	2.087018395384398	0.005781047672580993	0.9142468743324318	0.9249204639774382	1.9625217044252163	0.1610374986946758	8.611473814624306	103.07222946712959	2.5584464141755285	0.9932623410289603	32.09502781973345	243.0039391101056	-1.1018708853832555
3.308683110367893	5.451505016722408	2.078647113836099	0.006081749388733012	0.909695776393024	0.9220257025288009	1.9446134822749392	0.1651111363281643	8.602757502624337	101.70726253972214	2.542354702349737	0.9931288492551955	31.951041410317963	243.18392920409258	-1.1047701036163005
3.308683110367893	5.488294314381271	2.0703199112182857	0.006395595030699162	0.9052670620657184	0.9190476588765706	1.9270273445461457	0.16912904009288907	8.593238998500162	100.3688610104181	2.5265172684304624	0.992994675686059	31.809084536505893	243.37080123754933	-1.1077503481905953
3.308683110367893	5.525083612040134	2.0620340735239595	0.006723083996605644	0.9009601306506694	0.9159847627447532	1.9097672680487	0.17308709120103882	8.582938512113326	99.05749954252356	2.5109294429983207	0.9928598775038706	31.669129343378398	243.5646556826457	-1.11081556165462
3.308683110367893	5.561872909698996	2.053786785858872	0.00706473892274406	0.8967744838063694	0.9128353656756152	1.8928359803940036	0.17698166633404228	8.571879679230411	97.77353514183093	2.4955866850720003	0.9927245092987902	31.531148432872946	243.7655942463892	-1.113968531915784
3.308683110367893	5.59866220735786	2.045575140378714	0.007421107037688515	0.8927097266472573	0.9095977408915368	1.876235100225967	0.1808095976857985	8.560088952219095	96.51721831244797	2.480484579525781	0.9925886235039304	31.39511489754195	243.97372025292083	-1.1172110875966006
3.308683110367893	5.635451505016722	2.0373961428389458	0.007792761591437697	0.8887655688276634	0.9062700834846901	1.8599652720737918	0.184568132320991	8.547595046058733	95.28870412283997	2.465618834219934	0.992452270822932	31.26100234908427	244.18913895714581	-1.1205442744995362
3.308683110367893	5.672240802675585	2.029246717712409	0.008180303373978128	0.8849418256916949	0.9028505107856221	1.844026293392728	0.1882548921025172	8.534428442322335	94.08806291333063	2.450985276906416	0.9923155006402128	31.128784941556816	244.41195779682621	-1.1239685126092167
3.308683110367893	5.709030100334449	2.0211237118793757	0.008584362337950664	0.8812384195600379	0.8993370627870457	1.8284172322253562	0.19186783512111308	8.52062095109674	92.91529045321069	2.436579851968152	0.99217836140722	30.99843738941013	244.64228659060493	-1.1274837339177854
3.308683110367893	5.745819397993311	2.0130238969285426	0.009005599340478105	0.877655381216613	0.8957277025221321	1.8131365346172257	0.19540521928396623	8.506205328847894	91.77031742041446	2.4223986170442995	0.9920409010005546	30.869934980652474	244.88023768932058	-1.1310895019604985
3.308683110367893	5.782608695652174	2.0049439701282257	0.009444708019751382	0.8741928516510004	0.8920203163165823	1.798182121467204	0.19886556848957274	8.491214948900556	90.65301812943167	2.408437739587196	0.9919031670498379	30.743253585548004	245.12592608756827	-1.1347851143396392
3.308683110367893	5.8193979933110365	1.9968805541374282	0.009902416822726285	0.8708510841069805	0.8882127138503292	1.7835514749016304	0.2022476416317576	8.47568352037067	89.56321847448427	2.3946934933898483	0.991765207234696	30.618369661307824	245.37946950188345	-1.1385696897378006
3.308683110367893	5.8561872909699	1.988830195528854	0.010379491201298744	0.867630446483402	0.884302627977936	1.769241714553501	0.2055504045322592	8.459644850954094	88.50070308634719	2.3811622551161444	0.9916270695513298	30.495260253250994	245.6409884212412	-1.1424422410187132
3.308683110367893	5.892976588628763	1.9807893621924706	0.010876735995635555	0.8645314241310398	0.880287714266802	1.7552496643247253	0.20877300479319943	8.4431326488377	87.4652217240225	2.367840500859878	0.9914888025498955	30.373902992905354	245.91060613485814	-1.146401736018802
3.308683110367893	5.929765886287625	1.9727544396805845	0.011394998024972963	0.8615546230880637	0.8761655502193928	1.7415719103306193	0.21191474948247455	8.426180359074849	86.4564949382807	2.354724802753307	0.9913504555443959	30.254276093495417	246.1884487416154	-1.15044714757438
3.308683110367893	5.966555183946488	1.964721726544805	0.011935168908190817	0.8587007737971181	0.8719336341503655	1.728204850789279	0.21497508551088523	8.408821029988182	85.47421905430771	2.3418118256412077	0.9912120787970649	30.136358343230686	246.47464514476545	-1.154577494230914
3.308683110367893	6.003344481605351	1.9566874287028297	0.01249818813886318	0.8559707353488157	0.8675893836918074	1.7151447386390457	0.2179535825247498	8.391087205475118	84.51807052657848	2.3290983238324787	0.9910737236793395	30.020129096768812	246.76932703502473	-1.1587918729586466
3.308683110367893	6.040133779264214	1.9486476528592616	0.013085046442320435	0.853365500299572	0.8631301339003209	1.7023877176572113	0.2208499181173818	8.373010839454635	83.58770972168838	2.3165811379380576	0.9909354428115325	29.905568265188112	247.0726288646495	-1.1630894850662947
3.308683110367893	6.076923076923077	1.9405983989901259	0.013696789445591682	0.8508862001161283	0.8585531349385268	1.6899298528221673	0.22366386515353315	8.354623229078301	82.68278418509466	2.3042571918011827	0.9907972901832418	29.792656304762446	247.38468781464206	-1.1674696563702731
3.308683110367893	6.11371237458194	1.9325355518856902	0.014334521694991841	0.8485341113049055	0.853855549300903	1.677767155616948	0.22639528099964623	8.335954963712542	81.80293144626167	2.2921234895239437	0.9906593212564258	29.68137420479418	247.70564375687874	-1.1719318525466345
3.308683110367893	6.150501672240803	1.924454871730583	0.01499941106066368	0.8463106622914572	0.8490344485499556	1.6658956049201405	0.22904409845723533	8.317035887069375	80.9477814141139	2.280177112592396	0.990521593052921	29.57170347472586	248.0356392126457	-1.1764756904711378
3.308683110367893	6.187290969899665	1.91635198368404	0.015692693572680872	0.8442174411238992	0.8440868095234986	1.6543111640745651	0.23161031820502248	8.297895070209606	80.11695841140111	2.2684152171011087	0.9903841642280258	29.463626130717916	248.37481930879338	-1.181100946241056
3.308683110367893	6.224080267558528	1.9082223664063154	0.01641567873948591	0.8422562040844426	0.8390095099674003	1.6430097946680537	0.2340940025661973	8.27856079346142	79.31008289289754	2.256835031077211	0.9902470951316067	29.357124681853744	248.72333173255075	-1.18580756047178
3.308683110367893	6.260869565217392	1.9000613394594126	0.017169755406635602	0.840428885305174	0.8337993235404484	1.6319874675057533	0.2364952704293685	8.259060535585434	78.5267728884996	2.2454338519030848	0.9901104478580276	29.25218211610639	249.08132668583767	-1.1905956413723076
3.308683110367893	6.297658862876254	1.891864049491266	0.01795639822223668	0.8387376074983764	0.8284529141289261	1.621240171201429	0.2388142931645606	8.239420968774931	77.76664520845	2.2342090438365245	0.9899742862860513	29.148781886181794	249.44895683982466	-1.1954654660255075
3.308683110367893	6.334448160535117	1.8836254550916054	0.01877717478530855	0.8371846939281938	0.8229668293978883	1.610763918766402	0.24105129138860884	8.219667958307346	77.02931644416854	2.2231580356266583	0.989838676109728	29.04690789533324	249.8263772903471	-1.2004174802315866
3.308683110367893	6.37123745819398	1.8753403101847939	0.019633753564881888	0.8357726817698634	0.8173374934938	1.6005547525300938	0.2432065324469932	8.199826565862605	76.31440379463066	2.212278318223879	0.9897036848611548	28.94654448322828	250.21374551475313	-1.2054522972148594
3.308683110367893	6.408026755852843	1.8670031457989262	0.020527912691286676	0.8345043370254676	0.8115611987987691	1.5906087476850317	0.24528032849149098	8.179921055696811	75.62152574489163	2.201567442581694	0.9895693819258866	28.84767641193375	250.61122133064993	-1.2105706954445432
3.308683110367893	6.444816053511706	1.8586082500210868	0.0214615497372088	0.8333826711920117	0.8056340966197392	1.5809220147122243	0.24727303504470824	8.159974903009312	74.95030262027956	2.1910230175485	0.9894358385516747	28.75028885207547	251.01896685701723	-1.2157736157781265
3.308683110367893	6.481605351170568	1.8501496459146531	0.022436692625240777	0.8324109599093091	0.7995521866762278	1.5714907009095176	0.2491850499535954	8.140010803969298	74.30035703695317	2.180642707847227	0.9893031278511337	28.654367369219088	251.43714647810492	-1.2210621581007761
3.308683110367893	6.518394648829432	1.8416210671349371	0.023455511821463788	0.8315927638527815	0.7933113052267218	1.5623109912155322	0.25101681264445735	8.12005068697674	73.67131426693139	2.170424232140733	0.9891713247988565	28.559897910510852	251.8659268105011	-1.2264375776047107
3.308683110367893	6.555183946488294	1.8330159309329095	0.024520334001893844	0.8309319521811152	0.7869071116460571	1.5533791084950552	0.25276880360172294	8.10011572482472	73.06280253335818	2.1603653611808977	0.9890405062234456	28.46686679161005	252.30547667373727	-1.2319012808280203
3.308683110367893	6.591973244147157	1.8243273081816533	0.02563365741141994	0.8304327289024165	0.7803350732328702	1.544691313428171	0.254441544001705	8.080226347507338	72.47445324966868	2.150463916039463	0.9889107507948737	28.375260683941054	252.75596706480363	-1.2374548215523704
3.308683110367893	6.62876254180602	1.8155478899940916	0.02679816917448295	0.8300996625870803	0.7735904479862445	1.5362439041237481	0.2560355954412557	8.060402255481442	71.90590121438207	2.14071776641854	0.9887821390075472	28.285066602286008	253.21757113689162	-1.2430998966424223
3.308683110367893	6.665551839464883	1.8066699504213946	0.02801676486477053	0.8299377199337444	0.7666682650423747	1.5280332155594742	0.2575515597089351	8.04066243324326	71.35678477157039	2.1311248290388374	0.9886547531594116	28.19627189273708	253.69046418269656	-1.2488383418965598
3.308683110367893	6.702341137123746	1.7976853046252201	0.029292570699817982	0.8299523037896501	0.7595633024033321	1.5200556189335284	0.2589900785538299	8.02102516312398	70.8267459454938	2.1216830661036457	0.9885286773274146	28.108864221023012	254.174823622583	-1.2546721279677024
3.308683110367893	6.739130434782608	1.7885852617997866	0.030628968798240074	0.8301492963428793	0.7522700615180669	1.512307520998118	0.26035183341400375	8.001508039242381	70.31543055652662	2.1123904838365175	0.9884039973396149	28.022831561221075	254.6708289978814	-1.2606033564042622
3.308683110367893	6.775919732441472	1.7793605719759769	0.03202962602590809	0.8305351083467326	0.7447827381872467	1.5047853634319905	0.26163754507293613	7.982127981579974	69.8224883242849	2.10324513109065	0.9882808007442164	27.938162184863774	255.17866196957755	-1.266634255854792
3.308683110367893	6.812709030100335	1.7700013656618676	0.033498527067299624	0.8311167354132657	0.7370951891536534	1.497485622297105	0.2628479732183345	7.962901250164398	69.34757296276526	2.094245098027893	0.9881591767757841	27.854844650446616	255.69850632262288	-1.2727671784740693
3.308683110367893	6.849498327759197	1.7604970850529624	0.035040012495470556	0.8319018226330498	0.729200893602857	1.4904048076144343	0.26398391588315573	7.943843459362227	68.8903422713563	2.085388514865171	0.9880392163188979	27.77286779334017	256.2305479760422	-1.279004596564793
3.308683110367893	6.88628762541806	1.7508364052683238	0.03665882278660535	0.8328987390542756	0.7210929086265935	1.4835394630845458	0.26504620875386736	7.9249695922929995	68.45045822472001	2.0766735506860936	0.9879210118694814	27.692220716107872	256.7749749989901	-1.285349099485481
3.308683110367893	6.923076923076923	1.7410071437190842	0.03836014944351484	0.8341166639030245	0.7127638174830833	1.4768861659707866	0.2660357243355702	7.906294015383098	68.02758706381393	2.068098412315467	0.9878046574940447	27.612892779229306	257.33197763288223	-1.2918033908528546
3.308683110367893	6.959866220735786	1.7309961552706215	0.04014969467116851	0.8355656868703553	0.7042056692102655	1.4704415271557	0.26695337096795135	7.887830493081784	67.62139938966298	2.0596613432541218	0.9876902487870612	27.534873592224013	257.9017483196216	-1.2983702860655912
3.308683110367893	6.996655518394649	1.720789210288815	0.042033741405887746	0.8372569253617637	0.6954099077896186	1.4642021913752963	0.2678000916899117	7.869592202762833	67.2315702609327	2.051360622671586	0.9875778828267043	27.4581530051714	258.4844817359578	-1.3050527101744291
3.308683110367893	7.033444816053512	1.7103708519214473	0.044019235965202456	0.8392026623424321	0.6863672885933885	1.4581648376306093	0.26857686295414523	7.851591749834186	66.85777929588154	2.043194564453813	0.9874676581291488	27.382721100617463	259.0803748339038	-1.311853696123253
3.308683110367893	7.070234113712375	1.6997242279997613	0.04611388619508188	0.8414165093764854	0.67706777923868	1.4523261797715787	0.2692846931960273	7.833841183075595	66.49971077886518	2.03516151630312	0.9873596746016416	27.308568185857986	259.6896268871002	-1.318776383384965
3.308683110367893	7.107023411371237	1.6888308916694326	0.04832627879827868	0.8439136007327181	0.6675004411653025	1.4466829672444672	0.2699246212639086	7.81635201022032	66.15705377121957	2.02725985888737	0.987254033494532	27.235684785585065	260.31243954295456	-1.3258240170153182
3.308683110367893	7.1438127090301	1.6776705631570732	0.05066602060745544	0.8467108261308244	0.6576532871747854	1.4412319859912557	0.27049771472009243	7.799135213792609	65.82950222609578	2.0194880050352513	0.9871508373524399	27.164061634881143	260.94901688030615	-1.3329999471481173
3.308683110367893	7.1806020066889635	1.6662208427771776	0.05314391002918008	0.8498271120016482	0.6475131087059885	1.4359700594868248	0.2710050680237901	7.782201267207292	65.51675510658329	2.011844398974332	0.9870501899647282	27.09368967254193	261.59956547228654	-1.3403076289547087
3.308683110367893	7.217391304347826	1.6544568621348077	0.05577214689091388	0.8532837642828353	0.6370652646171273	1.430894049898135	0.2714478006088077	7.765560151132879	65.21851650631213	2.004327515608552	0.9869521963154295	27.02456003470798	262.2642944540021	-1.347750623090972
3.308683110367893	7.254180602006689	1.6423508561070297	0.05856459171381394	0.8571048901416077	0.6262934204537061	1.4260008593481763	0.27182705486996583	7.749221370113864	64.93449577159538	1.9969358598316136	0.9868569625327603	26.956664048781807	262.9434155945785	-1.3553325966548715
3.308683110367893	7.290969899665551	1.629871632022073	0.061537089376672585	0.8613179221781498	0.6151792232398258	1.421287431266665	0.2721439940730833	7.733193969442967	64.66440762410085	1.9896679658725436	0.9867645958383356	26.889993227603824	263.63714337300104	-1.36305732467828
3.308683110367893	7.327759197324415	1.6169839036170701	0.06470787780084115	0.8659542774991745	0.603701891166088	1.416750751809127	0.2723998002038886	7.7174865522692295	64.40797228300643	1.9825223966697496	0.9866752044961821	26.824539263860142	264.3456950571648	-1.3709286921767818
3.308683110367893	7.364548494983278	1.603647444442455	0.06809811057835606	0.871050196961373	0.5918376892552974	1.4123878513258648	0.2725956717714992	7.702107296923389	64.16491558557934	1.9754977432696272	0.9865888977616168	26.760294024690715	265.0692907854103	-1.3789506967818623
3.308683110367893	7.40133779264214	1.5898159961198306	0.07173253485904313	0.8766478291431394	0.5795592496939014	1.40819580586264	0.27273282158208345	7.687063974438185	63.934969105142635	1.9685926242457812	0.9865057858300459	26.697249546465468	265.80815364978827	-1.3871274519804673
3.308683110367893	7.438127090301004	1.5754358374533979	0.0756403847700408	0.8827966530066232	0.56683467655978	1.4041717386754302	0.27281247449807283	7.6723639662380805	63.71787026543449	1.9618056851347254	0.9864259797857033	26.635398029692265	266.5625097801618	-1.395463190987917
3.308683110367893	7.474916387959866	1.5604438743116698	0.0798565804056581	0.8895553792927224	0.5536263449125579	1.4003128217424674	0.2728358651978138	7.658014281970227	63.51336245043036	1.9551355978839873	0.9863495915503326	26.574731834020184	267.3325884282287	-1.4039622712808681
3.308683110367893	7.511705685618729	1.5447650358069023	0.08442337056037708	0.8969945450768771	0.539889256078219	1.3966162772575743	0.2728042359499634	7.6440215774466	63.321195108764044	1.9485810603082248	0.9862767338317833	26.515243473296547	268.1186220503877	-1.4126291798188548
3.308683110367893	7.548494983277592	1.5283086380832471	0.08939263790005587	0.905200140126939	0.5255687304373142	1.3930793790901344	0.27271883441606637	7.630392172666015	63.14112385198553	1.9421407955491488	0.9862075200724669	26.45692561063701	268.9208463883513	-1.4214685389838886
3.308683110367893	7.585284280936455	1.5109631613184842	0.09482922534438556	0.9142788194055396	0.5105970789487042	1.3896994541980285	0.27258091149391467	7.617132069884115	62.972910545972304	1.9358135515346628	0.9861420643975951	26.39977105346247	269.73950054623225	-1.4304851132701506
3.308683110367893	7.622073578595318	1.4925884933959803	0.10081589753917103	0.924365648204036	0.4948886395347353	1.3864738839813366	0.27239171921322264	7.6042469716993715	62.81632339492398	1.9295981004328044	0.986080481563087	26.343772748457152	270.57482706280825	-1.4396838167574908
3.308683110367893	7.65886287625418	1.4730039408721194	0.10746104188674661	0.9356360792203905	0.47833207386484367	1.3834001055657412	0.2721525086941308	7.59174229912379	62.67113701745784	1.9234932380957122	0.9860228869030127	26.288923776397013	271.42707197747546	-1.4490697214056556
3.308683110367893	7.695652173913044	1.451968764111188	0.11491122133009529	0.9483254046422412	0.4607778123466405	1.3804756130060263	0.2718645281778906	7.579623209607965	62.537132514433516	1.9174977834889233	0.9859693962764062	26.235217346797395	272.2964848883472	-1.458648066208817
3.308683110367893	7.7324414715719065	1.4291485583678547	0.12337293725451125	0.9627623613814944	0.44201628896578626	1.3776979584013123	0.2715290211379526	7.567894614991863	62.414097528229114	1.91161057810106	0.9859201260132572	26.182646792324775	273.18331900079295	-1.4684242672539571
3.308683110367893	7.769230769230769	1.404052317886087	0.13315351835794326	0.9794320523111266	0.4217370501288126	1.3750647529147972	0.2711472244785932	7.556561199354409	62.30182629327525	1.90583048532874	0.98587519285946	26.131205562914175	274.0878311645483	-1.4784039287307251
3.308683110367893	7.806020066889632	1.3759009310537647	0.14474685663730363	0.9991074353782639	0.3994430163662592	1.3725736676922042	0.2707203668270012	7.54562743673749	62.2001196777579	1.9001563898315939	0.985834713920475	26.080887219532993	275.0102818974401	-1.4885928549449967
3.308683110367893	7.842809364548495	1.3433044613540401	0.1590445232138473	1.02317202575599	0.3742393641785637	1.370222434673948	0.27024966692375946	7.535097608722357	62.10878521646073	1.8945871968517305	0.9857988066034242	26.0316854275253	275.9509353935084	-1.4989970633941607
3.308683110367893	7.879598662207358	1.3032292706928825	0.17801375121992483	1.054652754349743	0.34415554080760663	1.3680088472972047	0.2697363321155638	7.524975821839291	62.02763713480018	1.889121831491997	0.9857675885573229	25.983593949469586	276.9100595131839	-1.509622798968027
3.308683110367893	7.916387959866221	1.2450382871932513	0.20862407084242088	1.1041796804533086	0.3022186268434241	1.3659307610849323	0.2691815569530389	7.515266024794356	61.956496364167855	1.8837592379469315	0.9857411776111138	25.936606637477347	277.8879257529287	-1.5204765493464962
3.308683110367893	7.953177257525083	1.1720918217292182	0.2523374079922587	1.1720918217260146	0.2523374079942304	1.3639701032465088	0.26859235818930166	7.5059218692243155	61.89391878661887	1.8784904573437562	0.9857189730625737	25.890614987314205	278.8821981291276	-1.531522357234954
3.308683110367893	7.989966555183947	1.1884680928304128	0.24040021344783694	1.1884680928304134	0.24040021344783644	1.3625012134925294	0.26782873523613127	7.496956668210151	61.86569855404506	1.8736220730477884	0.9856941713938309	25.848856229095098	279.98220689683535	-1.5419189071312172
3.308683110367893	8.02675585284281	1.3106122325391611	0.17144672067123443	1.3106122325391583	0.1714467206712359	1.3709239014258334	0.2634475404549598	7.496021288710738	62.54307253003023	1.8761891745035089	0.985644043642402	25.888318853478104	283.296543869504	-1.5419189071312172
3.308683110367893	8.063545150501673	1.359451573623696	0.14849912985182048	1.359451573623691	0.14849912985182281	1.3810274545540477	0.2585852677941277	7.4979457143167165	63.34108886113863	1.880129896773608	0.9856186113467365	25.94316396671005	287.0648332542818	-1.5419189071312172
3.308683110367893	8.100334448160535	1.3930636574110076	0.13416135266157966	1.393063657411004	0.13416135266158116	1.3917253868282586	0.2536556256927874	7.50116716056581	64.17961373705148	1.8847356193129678	0.9856070267883029	26.005315326568294	291.079093818705	-1.5419189071312172
3.308683110367893	8.137123745819398	1.419351014910846	0.12375801498685413	1.4193510149108444	0.12375801498685476	1.402610674290654	0.24880546290734049	7.505090904746116	65.02884256386282	1.889729132220131	0.9856049591091375	26.071612455621484	295.2587608324137	-1.5419189071312172
3.308683110367893	8.173913043478262	1.4411354892330257	0.11566560635580915	1.441135489233028	0.1156656063558083	1.4134613348033196	0.24410641916056205	7.5093824255784645	65.87268908158225	1.8949463648043847	0.9856097170260784	26.14018984078364	299.5557057563075	-1.5419189071312172
3.308683110367893	8.210702341137123	1.4597938997733642	0.10910884125415184	1.459793899773365	0.10910884125415145	1.4241457760772238	0.23959386794055484	7.513833897445819	66.70174730771136	1.9002789446790571	0.9856194138940652	26.209820980545803	303.9375108995444	-1.5419189071312172
3.308683110367893	8.247491638795987	1.476120617042669	0.1036500220997023	1.4761206170426715	0.10365002209970135	1.4345853407816238	0.23528290975211885	7.518312037361179	67.51050214733321	1.9056524319457167	0.9856326658160175	26.279668704400077	308.3812977235787	-1.5419189071312172
3.308683110367893	8.284280936454849	1.4906252313006982	0.09901497694846273	1.4906252313006991	0.09901497694846247	1.4447347292260337	0.23117677137666306	7.522731078544008	68.29587351275065	1.91101506642832	0.9856484386120877	26.349155638719022	312.8706006109959	-1.5419189071312172
3.308683110367893	8.321070234113712	1.5036592410963978	0.09501945560401624	1.5036592410963983	0.09501945560401612	1.4545702968492022	0.22727171223780346	7.527036670147863	69.05634919942489	1.9163309093600456	0.9856659535497801	26.41788513526885	317.39348048122946	-1.5419189071312172
3.308683110367893	8.357859531772576	1.515478036988261	0.09153324780041822	1.5154780369882606	0.09153324780041831	1.4640825802677833	0.2235600252331704	7.531195580535493	69.79143378189673	1.9215752864559175	0.98568462277509	26.485588743154068	321.94127247375883	-1.5419189071312172
3.308683110367893	8.394648829431437	1.526274470304377	0.08846080977800294	1.5262744703043774	0.08846080977800282	1.4732713649629432	0.22003190363356404	7.5351888641250255	70.50128696544442	1.9267316220558235	0.9857040026484986	26.55208976827507	326.5077111944189	-1.5419189071312172
3.308683110367893	8.431438127090301	1.536198510728278	0.0857299669087684	1.5361985107282798	0.08572996690876782	1.4821423778260356	0.21667660367230143	7.539007235428927	71.18648258311741	1.931789187746615	0.9857237591224639	26.617277417806807	331.08830277698013	-1.5419189071312172
3.308683110367893	8.468227424749164	1.5453694944183813	0.0832849194456059	1.545369494418381	0.083284919445606	1.4907050536145159	0.21348316072688528	7.542647902237862	71.84784696428473	1.9367414807051353	0.9857436417155648	26.681088229788752	335.6798671374852	-1.5419189071312172
3.308683110367893	8.505016722408026	1.5538841481286656	0.0810817015478639	1.5538841481286665	0.08108170154786364	1.4989710242318153	0.2104408201994053	7.546112384053364	72.48635046094941	1.941585046799546	0.9857634638119555	26.74349264050946	340.2802011365853	-1.5419189071312172
3.308683110367893	8.54180602006689	1.5618220662636553	0.07908511763908758	1.5618220662636564	0.0790851176390872	1.5069530995510607	0.20753928584282605	7.549405004442991	73.10303493346657	1.9463186223465716	0.9857830876846143	26.804485225366864	344.8878291141965	-1.5419189071312172
3.308683110367893	8.578595317725753	1.569249578084841	0.07726660929502935	1.5692495780848414	0.07726660929502928	1.5146645844892217	0.2047688517639763	7.552531848305369	73.69896569847417	1.950942506189553	0.985802413073296	26.864077588317905	349.5018172275411	-1.5419189071312172
3.308683110367893	8.615384615384615	1.576222556175777	0.07560273055322837	1.576222556175777	0.0756027305532284	1.5221188268491823	0.2021204610162214	7.5555000417827864	74.2752001650692	1.9554580992556247	0.9858213684492626	26.922293171933635	354.1216347173971	-1.5419189071312172
3.308683110367893	8.652173913043478	1.582788504705282	0.07407403371097172	1.5827885047052823	0.07407403371097168	1.529328923740462	0.19958571863414276	7.558317257073189	74.83276786365319	1.959867566462654	0.9858399043172151	26.97916346629251	358.7470498829491	-1.5419189071312172
3.308683110367893	8.688963210702342	1.588988143468575	0.07266423953759787	1.5889881434685753	0.07266423953759774	1.536307536913017	0.19715687716965435	7.560991374501909	75.37265824152622	1.964173588356705	0.9858579880661993	27.03472524043077	363.3780518497128	-1.5419189071312172
3.308683110367893	8.725752508361204	1.5948566301017417	0.0713596090913719	1.5948566301017417	0.0713596090913719	1.5430667827009843	0.19482680639571553	7.563530254778619	75.89581373330772	1.968379178783844	0.9858756000015326	27.089018523671285	368.0147915881355	-1.5419189071312172
3.308683110367893	8.762541806020067	1.6004245170790037	0.07014846128762964	1.6004245170790032	0.0701484612876298	1.5496181728153442	0.1925889546603737	7.56594158851898	76.40312638916134	1.9724875513068303	0.9858927302797876	27.142085138396244	372.65753735836756	-1.5419189071312172
3.308683110367893	8.799331103678929	1.6057185106988325	0.06902079766901853	1.6057185106988323	0.06902079766901856	1.555972589494673	0.1904373066340968	7.568232799912813	76.89543687592663	1.9765020217007625	0.98590937653635	27.19396763929523	377.3066410074848	-1.5419189071312172
3.308683110367893	8.836120401337793	1.610762079845555	0.06796800723045562	1.610762079845555	0.06796800723045561	1.5621402835579348	0.18836634040033187	7.570410988247286	77.37353503317554	1.9804259372129618	0.9859255420457483	27.24470855278633	381.962512460477	-1.5419189071312172
3.308683110367893	8.872909698996656	1.6155759491649515	0.06698263183842784	1.6155759491649513	0.06698263183842797	1.5681308874026034	0.186370985668787	7.572482895771276	77.83816142008892	1.984262625711344	0.98594123429308	27.294349838382672	386.625600418633	-1.5419189071312172
3.308683110367893	8.909698996655518	1.6201785021914827	0.06605817807302862	1.620178502191483	0.06605817807302855	1.573953437431629	0.1844465841306289	7.5744548937468545	78.29000946525498	1.9880153596280954	0.9859564638636067	27.34293251424605	391.29637777519287	-1.5419189071312172
3.308683110367893	8.946488294314381	1.624586113539885	0.0651889650261407	1.624586113539885	0.06518896502614074	1.5796164020981136	0.18258885248520626	7.576332980905557	78.72972795401567	1.9916873309128937	0.9859712435793142	27.39049640414377	395.97533062570386	-1.5419189071312172
3.308683110367893	8.983277591973245	1.6288134246588322	0.06437000022674513	1.628813424658832	0.06437000022674517	1.585127712951742	0.180793848356598	7.578122790209273	79.1579236733906	1.9952816341736281	0.9859855878277034	27.43707997403479	400.66295002434	-1.5419189071312172
3.308683110367893	9.020066889632107	1.632873574275482	0.06359687776972073	1.6328735742754827	0.06359687776972053	1.5904947969082466	0.17905793912475795	7.579829601010718	79.57516409406911	1.9988012558944281	0.9859995120405867	27.48272023462047	405.3597258417541	-1.5419189071312172
3.308683110367893	9.05685618729097	1.6367783921670946	0.06286569411884016	1.636778392167094	0.0628656941188403	1.595724608550977	0.17737777357946274	7.5814583545617635	79.98198001042697	2.0022490681499385	0.9860130322902196	27.52745269220678	410.0661422336757	-1.5419189071312172
3.308683110367893	9.093645484949834	1.6405385630272982	0.06217297808742743	1.6405385630272982	0.06217297808742749	1.6008236616853282	0.1757502562390999	7.583013671427651	80.3788680883347	2.0056278256286224	0.9860261649773969	27.571311334685102	414.78267434507296	-1.5419189071312172
3.308683110367893	9.130434782608695	1.6441637657772679	0.06151563227355069	1.6441637657772672	0.061515632273550815	1.6057980596540238	0.17417252414277282	7.584499869801078	80.76629329044259	2.008940165072228	0.9860389265917499	27.61432864276238	419.50978596216225	-1.5419189071312172
3.308683110367893	9.167224080267559	1.6476627925869352	0.06089088381140106	1.6476627925869354	0.060890883811401	1.6106535241217352	0.172641925911167	7.585920984023369	81.14469116237315	2.01218860645975	0.9860513335288105	27.6565356190602	424.24792789113314	-1.5419189071312172
3.308683110367893	9.20401337792642	1.6510436510312425	0.06029624274703814	1.6510436510312425	0.06029624274703814	1.6153954221753164	0.17115600287162352	7.5872807828434174	81.5144699725679	2.0153755554301878	0.9860634019517442	27.6979618295631	428.9975368930528	-1.5419189071312172
3.308683110367893	9.240802675585284	1.6543136521513304	0.059729466690380977	1.6543136521513313	0.059729466690380754	1.6200287916804488	0.16971247205045265	7.588582787105394	81.87601270481119	2.0185033065638818	0.9860751476882471	27.73863545329827	433.75903504325225	-1.5419189071312172
3.308683110367893	9.277591973244148	1.6574794866748979	0.05918853066211787	1.6574794866748979	0.05918853066211791	1.6245583648986326	0.16830921084752892	7.589830286670037	82.22967890654164	2.0215740472369146	0.9860865861551228	27.778583337181693	438.5328294132283	-1.5419189071312172
3.308683110367893	9.31438127090301	1.6605472912416677	0.05867160126273567	1.6605472912416679	0.05867160126273562	1.6289885904102086	0.16694424322224152	7.591026356455528	82.57580639867383	2.0245898618350306	0.9860977323046316	27.817831053762696	443.31931199610193	-1.5419189071312172
3.308683110367893	9.351170568561873	1.663522706153712	0.05817701445510907	1.6635227061537123	0.058177014455109005	1.6333236534150175	0.16561572723474988	7.592173871540609	82.91471285418132	2.0275527361679093	0.9861086005879355	27.856402960198057	448.11885981435233	-1.5419189071312172
3.308683110367893	9.387959866220736	1.6664109259085056	0.05770325638223788	1.6664109259085063	0.057703256382237736	1.6375674944976528	0.16432194380121323	7.593275521312097	83.24669725350692	2.0304645619659967	0.9861192049319359	27.894322257239846	452.93183516224434	-1.5419189071312172
3.308683110367893	9.424749163879598	1.6692167435612568	0.05724894674543875	1.6692167435612562	0.05724894674543884	1.6417238269524423	0.16306128653567692	7.594333822666329	83.5720412252089	2.0333271413738	0.9861295587265673	27.931611047366392	457.7585859461535	-1.5419189071312172
3.308683110367893	9.461538461538462	1.6719445897907435	0.05681282435159398	1.6719445897907428	0.05681282435159411	1.6457961527657008	0.16183225256453923	7.595351132291575	83.89101028021116	2.0361421913771105	0.9861396748202071	27.968290391440352	462.5994460941252	-1.5419189071312172
3.308683110367893	9.498327759197325	1.67459856740288	0.05639373450509729	1.6745985674028805	0.05639373450509717	1.6497877773526235	0.16063343421152038	7.596329658070517	84.20385494783399	2.038911348120137	0.9861495655213489	28.00438036347662	467.45473601263853	-1.5419189071312172
3.308683110367893	9.535117056856187	1.6771824818904755	0.05599061797462737	1.6771824818904748	0.055990617974627566	1.6537018231428982	0.15946351146215273	7.597271469648339	84.510811821389	2.041636171082018	0.9861592426050609	28.03990010324577	472.32476307348867	-1.5419189071312172
3.308683110367893	9.57190635451505	1.6796998685728923	0.055602501309139234	1.679699868572892	0.05560250130913929	1.6575412421051985	0.15832124512664936	7.598178508215979	84.8121045207064	2.0443181470927567	0.9861687173230543	28.074867866550317	477.20982211772446	-1.5419189071312172
3.308683110367893	9.608695652173912	1.6821540167602003	0.05522848831379684	1.6821540167602003	0.05522848831379681	1.6613088272953394	0.15720547062897422	7.599052595559108	85.10794457846345	2.046958694176329	0.9861780004164283	28.10930107309038	482.11019596662436	-1.5419189071312172
3.308683110367893	9.645484949832776	1.6845479913210173	0.05486775252637426	1.684547991321017	0.05486775252637438	1.665007223507576	0.15611509235784046	7.59989544242345	85.39853225670092	2.0495591652146787	0.9861871021303515	28.143216351896847	487.0261559321768	-1.5419189071312172
3.308683110367893	9.68227424749164	1.6868846519783334	0.05451953055929582	1.6868846519783338	0.05451953055929575	1.668638937102818	0.15504907852244648	7.600708656245529	85.68405729942168	2.052120851430591	0.9861960322300903	28.176629584352302	491.95796232138116	-1.5419189071312172
3.308683110367893	9.719063545150501	1.689166670611535	0.054183116192931806	1.6891666706115347	0.05418311619293182	1.672206345081835	0.15400645646207647	7.601493748295872	85.9646996266806	2.054644985690532	0.9862048000179203	28.20955594485053	496.90586493015286	-1.5419189071312172
3.308683110367893	9.755852842809364	1.6913965468044665	0.05385785512271614	1.6913965468044665	0.053857855122716194	1.6757117034665008	0.15298630836419178	7.602252140279746	86.24062997515189	2.057132745631178	0.9862134143505579	28.24200993917024	501.8701035239233	-1.5419189071312172
3.308683110367893	9.792642140468228	1.6935766218461317	0.05354314027694175	1.6935766218461323	0.0535431402769416	1.6791571550464282	0.15198776735068514	7.602985170436962	86.5120104896952	2.059585256614395	0.9862218836568203	28.274005440647148	506.8509083026561	-1.5419189071312172
3.308683110367893	9.82943143812709	1.6957090913635622	0.053238407633896694	1.6957090913635626	0.0532384076338966	1.68254473654422	0.15101001389621577	7.603694099180656	86.77899527009752	2.0620035945172477	0.9862302159552971	28.30555572424504	511.8485003490559	-1.5419189071312172
3.308683110367893	9.866220735785953	1.6977960167421258	0.05294313247713952	1.697796016742126	0.05294313247713951	1.6858763852473346	0.15005227254655387	7.604380114311036	87.04173087675113	2.064388788363613	0.9862384188718563	28.33667349862424	516.8630920589434	-1.5419189071312172
3.308683110367893	9.903010033444817	1.699839335469026	0.05265682603607509	1.6998393354690253	0.05265682603607523	1.689153945151046	0.14911380890817233	7.60504433583841	87.30035679873934	2.066741822805004	0.9862464996568568	28.367370936313904	521.8948875534822	-1.5419189071312172
3.308683110367893	9.939799331103679	1.7018408705181067	0.05237903246622806	1.7018408705181063	0.05237903246622819	1.6923791726526733	0.14819392688344746	7.605687820446509	87.55500588746035	2.0690636404579505	0.9862544652019681	28.397659702090472	526.9440830730599	-1.5419189071312172
3.308683110367893	9.976588628762542	1.7038023388795283	0.0521093261296647	1.703802338879528	0.05210932612966474	1.6955537418339772	0.14729196612848228	7.606311565625014	87.80580475865717	2.071355144105573	0.9862623220565242	28.427550979664872	532.0108673529834	-1.5419189071312172
3.308683110367893	10.013377926421406	1.7057253593251014	0.051847309141212106	1.7057253593251018	0.051847309141212036	1.6986792493653207	0.1464072997129668	7.606916513497862	88.05287416545997	2.073617198770808	0.9862700764433618	28.457055496777755	537.0954219812907	-1.5419189071312172
3.308683110367893	10.050167224080267	1.7076114594890774	0.051592609150558695	1.7076114594890774	0.05159260915055865	1.7017572190622177	0.1455393319636131	7.607503554371567	88.29632934481286	2.0758506336685376	0.9862777342741081	28.48618354879812	542.1979217391143	-1.5419189071312172
3.308683110367893	10.08695652173913	1.7094620823347961	0.05134487733410594	1.7094620823347964	0.05134487733410592	1.704789106122299	0.1446874964745733	7.6080735300260915	88.53628033945239	2.0780562440437356	0.9862853011638946	28.514945020917523	547.3185349241553	-1.5419189071312172
3.308683110367893	10.123745819397993	1.7112785920691806	0.05110378657373181	1.7112785920691804	0.05110378657373184	1.707776301068094	0.1438512542699514	7.608627236768519	88.77283229739814	2.080234792902264	0.9862927824454885	28.54334940902552	552.4574236578056	-1.5419189071312172
3.308683110367893	10.160535117056856	1.7130622795601802	0.05086902980239785	1.7130622795601798	0.05086902980239793	1.7107201334190587	0.14303009210497053	7.6091654282686	89.00608575076315	2.08238701264098	0.986300183182839	28.57140583935119	557.6147441766718	-1.5419189071312172
3.308683110367893	10.19732441471572	1.7148143673057934	0.050640318498993316	1.7148143673057943	0.05064031849899317	1.7136218751140415	0.14222352089371393	7.609688818193205	89.2361368755146	2.0845136065831014	0.9863075081840386	28.5991230869465	562.7906471090581	-1.5419189071312172
3.308683110367893	10.234113712374581	1.7165360139979693	0.050417381316897374	1.7165360139979693	0.05041738131689739	1.7164827437035877	0.1414310742525419	7.610198082655477	89.46307773367865	2.0866152504247544	0.9863147620137109	28.626509593086205	567.9852777371487	-1.5419189071312172
3.308683110367893	10.270903010033445	1.7182283187199858	0.050199962832550134	1.718228318719986	0.05019996283255006	1.719303905329968	0.14065230714930946	7.6106938624932985	89.68699649936211	2.0886925935982315	0.9863219490048385	28.65357348165364	573.1987762455894	-1.5419189071312172
3.308683110367893	10.307692307692308	1.719892324811517	0.04998782240194186	1.7198923248115168	0.04998782240194186	1.7220864775109734	0.13988679464951312	7.611176765390018	89.90797766982394	2.090746260556981	0.986329073270039	28.680322574575563	578.4312779570432	-1.5419189071312172
3.308683110367893	10.34448160535117	1.7215290234322453	0.04978073311426457	1.721529023432245	0.04978073311426462	1.724831531742566	0.1391341307512673	7.611647367849959	90.12610226275216	2.0927768519874133	0.9863361387123156	28.70676440636886	583.6829135555071	-1.5419189071312172
3.308683110367893	10.381270903010034	1.7231393568513185	0.04957848083322068	1.7231393568513185	0.04957848083322064	1.727540095933799	0.13839392730183303	7.612106217039465	90.34144800077569	2.094784945951905	0.9863431490352917	28.732906237854085	588.9538092979167	-1.5419189071312172
3.308683110367893	10.418060200668897	1.724724221487341	0.04938086331750917	1.7247242214873413	0.04938086331750909	1.7302131566865815	0.13766581298905955	7.612553832503947	90.55408948417224	2.096771098967401	0.9863501077529544	28.758755069089883	594.2440872147145	-1.5419189071312172
3.308683110367893	10.454849498327759	1.7262844707209457	0.04918768941294762	1.7262844707209455	0.0491876894129476	1.732851661431678	0.13694943240172	7.6129907077701295	90.76409835264468	2.0987358470235704	0.9863570181989232	28.784317651577318	599.553865299946	-1.5419189071312172
3.308683110367893	10.491638795986622	1.7278209174998476	0.048998778309492855	1.7278209174998478	0.04899877830949275	1.7354565204314816	0.1362444451532641	7.613417311842241	90.9715434369716	2.1006797065443528	0.9863638835352672	28.809600499781155	604.883257691493	-1.5419189071312172
3.308683110367893	10.528428093645484	1.7293343367541656	0.04881395885715674	1.7293343367541658	0.04881395885715669	1.7380286086590855	0.13555052506402496	7.613834090599824	91.17649090125884	2.1026031752962813	0.9863707067608853	28.83460990200989	610.2323748419033	-1.5419189071312172
3.308683110367893	10.565217391304348	1.7308254676382684	0.04863306893541116	1.7308254676382682	0.048633068935411236	1.7405687675626573	0.1348673593973123	7.6142414681046695	91.37900437648068	2.1045067332470393	0.9863774907194758	28.859351930696654	615.6013236804453	-1.5419189071312172
3.308683110367893	10.602006688963211	1.7322950156135297	0.048455954871279	1.73229501561353	0.04845595487127898	1.7430778067230637	0.1341946481452901	7.61463984782322	91.57914508591591	2.1063908433771377	0.9863842381071073	28.883832452116437	620.9902077667489	-1.5419189071312172
3.308683110367893	10.638795986622073	1.7337436543853537	0.04828247090174735	1.7337436543853533	0.04828247090174739	1.7455565054124382	0.13353210336082091	7.615029613770917	91.7769719630666	2.1082559524477733	0.9863909514794158	28.908057135576804	626.3991274366234	-1.5419189071312172
3.308683110367893	10.675585284280936	1.7351720277062064	0.04811247867663113	1.7351720277062068	0.048112478676631036	1.748005614060409	0.1328794485318575	7.615411131583812	91.97254176257051	2.1101024917273965	0.9863976332584425	28.932031462113088	631.8281799403934	-1.5419189071312172
3.308683110367893	10.7123745819398	1.7365807510555733	0.0479458467983591	1.7365807510555735	0.04794584679835907	1.7504258556344254	0.13223641799520539	7.615784749522787	92.16590916459847	2.1119308776795664	0.9864042857391303	28.955760732719266	637.2774595742081	-1.5419189071312172
3.308683110367893	10.749163879598662	1.737970413206631	0.047782450395521564	1.7379704132066311	0.04778245039552155	1.7528179269400574	0.13160275638676308	7.6161507994151565	92.35712687318362	2.1137415126144448	0.9864109110954975	28.97925007614308	642.7470578047271	-1.5419189071312172
3.308683110367893	10.785953177257525	1.7393415776885512	0.047622170727320993	1.7393415776885512	0.047622170727320993	1.7551824998466419	0.13097821812559546	7.6165095975380375	92.54624570889129	2.1155347853061124	0.9864175113865037	29.00250445627176	648.2370633875489	-1.5419189071312172
3.308683110367893	10.822742474916389	1.740694784152513	0.04746489481634628	1.7406947841525136	0.047464894816346186	1.7575202224432456	0.13036256692940915	7.616861445447476	92.73331469620858	2.11731107157768	0.9864240885616222	29.02552867913259	653.7475624796837	-1.5419189071312172
3.308683110367893	10.85953177257525	1.742030549648893	0.047310515107320886	1.7420305496488921	0.04731051510732106	1.7598317201296207	0.12975557535918938	7.617206630757174	92.91838114600785	2.119070734856222	0.986430644466137	29.048327399532294	659.2786387464757	-1.5419189071312172
3.308683110367893	10.896321070234114	1.7433493698223246	0.04715892914971292	1.743349369822325	0.047158929149712835	1.7621175966463893	0.12915702439095086	7.617545427870257	93.10149073340772	2.1208141266992393	0.9864371808461755	29.070905127356315	664.8303734632376	-1.5419189071312172
3.308683110367893	10.933110367892976	1.7446517200308245	0.047010039302274854	1.7446517200308245	0.04701003930227481	1.7643784350484095	0.12856670301271256	7.61787809866725	93.28268757133029	2.1225415872943447	0.9864436993534913	29.093266233548082	670.4028456118932	-1.5419189071312172
3.308683110367893	10.96989966555184	1.7459380563945865	0.04686375245777159	1.7459380563945865	0.04686375245777159	1.7666147986249776	0.12798440784496076	7.618204893153199	93.46201428003376	2.1242534459337366	0.9864502015500114	29.115414955787262	675.99613197292	-1.5419189071312172
3.308683110367893	11.006688963210703	1.7472088167796123	0.04671997978630168	1.747208816779612	0.046719979786301706	1.7688272317702527	0.12740994278299744	7.618526050066707	93.63951205287664	2.1259500214648894	0.9864566889121577	29.137355403884268	681.610307212821	-1.5419189071312172
3.308683110367893	11.043478260869565	1.7484644217209477	0.04657863649575738	1.748464421720948	0.0465786364957574	1.7710162608071127	0.12684311865968909	7.618841797453478	93.81522071855719	2.1276316227189156	0.986463162834955	29.15909156490822	687.2454439674234	-1.5419189071312172
3.308683110367893	11.080267558528428	1.7497052752897613	0.04643964160811696	1.7497052752897613	0.046439641608117026	1.7731823947672352	0.12628375292726834	7.619152353206509	93.98917880004096	2.1292985489177494	0.9864696246359395	29.18062730806256	692.901612921162	-1.5419189071312172
3.308683110367893	11.117056856187292	1.7509317659083636	0.04630291775034416	1.7509317659083634	0.0463029177503442	1.77532612613027	0.12573166935690794	7.61945792557537	94.16142357039246	2.1309510900614743	0.9864760755588721	29.201966389323836	698.5788828826284	-1.5419189071312172
3.308683110367893	11.153846153846153	1.7521442671167062	0.046168390958813185	1.7521442671167067	0.04616839095881309	1.7774479315244733	0.12518669775492483	7.619758713646352	94.33199110569228	2.132589527296841	0.9864825167772729	29.22311245585635	704.2773208565497	-1.5419189071312172
3.308683110367893	11.190635451505017	1.7533431382938136	0.04603599049623445	1.7533431382938145	0.04603599049623429	1.779548272391265	0.12464867369451481	7.620054907795482	94.50091633522533	2.134214133268044	0.9864889493977824	29.244069050215597	709.9969921123983	-1.5419189071312172
3.308683110367893	11.22742474916388	1.7545287253371962	0.04590564868016999	1.7545287253371964	0.04590564868016993	1.7816275956158183	0.1241174382620377	7.620346690116115	94.66823308910033	2.1358251724507653	0.9864953744633586	29.264839614352226	715.7379602498202	-1.5419189071312172
3.308683110367893	11.264214046822742	1.7557013613031245	0.04577730072228541	1.7557013613031238	0.04577730072228552	1.7836863341257627	0.12359283781691364	7.6206342348227025	94.83397414345832	2.1374229014703925	0.9865017929563197	29.285427493427715	721.500287261049	-1.5419189071312172
3.308683110367893	11.301003344481606	1.756861367010361	0.04565088457757068	1.7568613670103617	0.045650884577570536	1.7857249074598314	0.12307472376428698	7.62091770863221	94.99817126340915	2.139007569405264	0.9865082058012405	29.30583593945178	727.284033590451	-1.5419189071312172
3.308683110367893	11.33779264214047	1.758009051609807	0.04552634080281069	1.7580090516098061	0.04552634080281086	1.7877437223082615	0.1225629523396519	7.6211972711245695	95.16085524383249	2.1405794180757645	0.9865146138677072	29.326068114751383	733.089258191355	-1.5419189071312172
3.308683110367893	11.37458193979933	1.7591447131223654	0.045403612423648806	1.7591447131223654	0.045403612423648765	1.7897431730266566	0.12205738440469573	7.621473075083686	95.32205594817322	2.142138682320123	0.9865210179729422	29.346127095281428	738.9160185803775	-1.5419189071312172
3.308683110367893	11.411371237458194	1.7602686389469149	0.045282644809658504	1.7602686389469147	0.04528264480965853	1.791723642124634	0.12155788525369739	7.621745266819691	95.48180234533126	2.1436855902573995	0.9865274188843008	29.366015873783173	744.7643708892048	-1.5419189071312172
3.308683110367893	11.448160535117056	1.7613811063405584	0.04516338555684357	1.7613811063405589	0.04516338555684349	1.793685500730977	0.1210643244298083	7.622013986474191	95.64012254477596	2.1452203635386353	0.9865338173216511	29.385737362801752	750.6343699141804	-1.5419189071312172
3.308683110367893	11.48494983277592	1.7624823828727405	0.045045784377076195	1.762482382872741	0.0450457843770761	1.7956291090364105	0.12057657555064732	7.622279368309082	95.7970438299699	2.146743217586565	0.9865402139596386	29.405294397567598	756.5260691636377	-1.5419189071312172
3.308683110367893	11.521739130434783	1.763572726854969	0.04492979299399208	1.7635727268549686	0.04492979299399217	1.7975548167153637	0.12009451614264369	7.622541540980145	95.95259269020487	2.1482543618246006	0.9865466094298446	29.42468973875033	762.4395209031802	-1.5419189071312172
3.308683110367893	11.558528428093645	1.7646523877476388	0.04481536504491312	1.764652387747639	0.04481536504491306	1.7994629633278534	0.11961802748361637	7.622800627796236	96.10679485093684	2.1497539998956094	0.9865530043228418	29.44392607509125	768.3747761989828	-1.5419189071312172
3.308683110367893	11.595317725752508	1.7657216065454107	0.04470245598838935	1.7657216065454115	0.044702455988389206	1.801353878702609	0.11914699445310575	7.623056746964997	96.25967530270327	2.1512423298710406	0.9865593991901533	29.463006025921022	774.3318849592337	-1.5419189071312172
3.308683110367893	11.632107023411372	1.7667806161424178	0.044591023016997924	1.766780616142418	0.04459102301699791	1.8032278833024409	0.1186813053900112	7.623310011825748	96.41125832869993	2.1527195444508442	0.9865657945461194	29.481932143567864	780.310895973771	-1.5419189071312172
3.308683110367893	11.668896321070234	1.7678296416786023	0.04448102497504365	1.7678296416786021	0.04448102497504368	1.8050852885728774	0.11822085195711006	7.623560531070557	96.56156753109366	2.1541858311547557	0.9865721908696764	29.500706915663006	786.3118569520813	-1.5419189071312172
3.308683110367893	11.705685618729097	1.7688689008682366	0.04437242228085565	1.7688689008682374	0.04437242228085551	1.8069263972748926	0.11776552901207427	7.623808408953857	96.71062585613416	2.1556413725052623	0.9865785886060537	29.51933276734726	792.3348145596528	-1.5419189071312172
3.308683110367893	11.74247491638796	1.7698986043117193	0.044265176853380786	1.769898604311719	0.04426517685338082	1.8087515038025908	0.11731523448461717	7.624053745491436	96.85845561812967	2.1570863462026995	0.9865849881683896	29.537812063384	798.3798144527831	-1.5419189071312172
3.308683110367893	11.779264214046822	1.7709189557917315	0.04415925204279011	1.7709189557917309	0.04415925204279027	1.8105608944867673	0.11686986925941327	7.624296636649563	97.00507852235636	2.158520925293002	0.9865913899392736	29.55614711018469	804.4469013120154	-1.5419189071312172
3.308683110367893	11.816053511705686	1.7719301525544977	0.04405461256486546	1.7719301525544975	0.044054612564865446	1.812354847884879	0.11642933706449597	7.6245371745244075	97.1505156869414	2.1599452783282467	0.9865977942722169	29.57434015774868	810.5361188741056	-1.5419189071312172
3.308683110367893	11.852842809364548	1.7729323855771757	0.04395122443891151	1.7729323855771757	0.043951224438911515	1.8141336350583115	0.11599354436481163	7.624775447512691	97.29478766378755	2.1613595695205357	0.9866042014930546	29.59239340152388	816.6475099627264	-1.5419189071312172
3.308683110367893	11.889632107023411	1.7739258398221054	0.04384905492898352	1.7739258398221047	0.04384905492898366	1.8158975198375367	0.11556240026065441	7.625011540473861	97.4379144585831	2.1627639588894643	0.9866106119012832	29.61030898419089	822.7811165179174	-1.5419189071312172
3.308683110367893	11.926421404682275	1.774910694478642	0.04374807248823063	1.7749106944786417	0.04374807248823064	1.8176467590757344	0.11513581639072856	7.62524553488425	97.57991554994119	2.1641586024034494	0.9866170257713368	29.628088997374263	828.9369796243085	-1.5419189071312172
3.308683110367893	11.963210702341136	1.775887123193377	0.0436482467061514	1.775887123193377	0.04364824670615146	1.8193816028915817	0.11471370683957183	7.625477508983817	97.72080990772177	2.1655436521153333	0.986623443353805	29.645735483285485	835.1151395382639	-1.5419189071312172
3.308683110367893	12.	1.776855294289273	0.04354954825860428	1.7768552942892726	0.04354954825860434	1.8211022949016311	0.11429598804912497	7.625707537915649	97.86061601056727	2.1669192562923936	0.9866298648765944	29.663250436299435	841.3156357138947	-1.5419189071312172