2.5205	3.3545150501672243	2.5739651003768906	0.01658749608464136	1.4738143779714534	0.8911594871460117	2.434873245565645	0.30470605103216053	10.025049325603565	88.77992773534058	4.071856895349421	0.9851621900612021	36.60246633368219	235.99264624208845	0.3937988895619584
2.524714882943144	3.3545150501672243	2.5754464646945263	0.01613062599087091	1.4725396127154706	0.8932318407135624	2.4384427823818395	0.30255626944215996	10.0305361420459	89.30763718308425	4.071482266413336	0.9853369198890195	36.64578425444803	235.97947221475997	0.38833759176396004
2.528929765886288	3.3545150501672243	2.576900596518272	0.015687372738744577	1.4712982333618312	0.89526030790762	2.4420797884566507	0.3003819791817413	10.035828604956944	89.84184622842297	4.071128371236077	0.9855098324406925	36.68919533102662	235.96821885447932	0.3828586122761151
2.5331446488294316	3.3545150501672243	2.5783283881967543	0.015257273491295038	1.4700892383288013	0.8972459931785332	2.445783518214823	0.2981835983760553	10.040921199401275	90.38250774664724	4.070794588216598	0.9856809377130118	36.73269576280985	235.95882049682095	0.37736195258300026
2.5373595317725752	3.3545150501672243	2.5797307001962486	0.014839884031053708	1.468911662038972	0.899189967722778	2.4495532392183965	0.2959615430462832	10.045808494318312	90.92957426807092	4.070480313605716	0.9858502462014127	36.77628187245432	235.95121353312655	0.37184758728265765
2.5415744147157193	3.3545150501672243	2.5811083626084157	0.014434777860062087	1.4677645733521885	0.9010932707031871	2.453388231487569	0.29371622731304636	10.050485142787792	91.48299791611205	4.070184961038977	0.9860177688691482	36.81995010233462	235.94533635117972	0.36631546489777184
2.545789297658863	3.3545150501672243	2.5824621765674522	0.014041545352397315	1.46664707408319	0.9029569104092586	2.4572877867437444	0.2914480636432394	10.054945882469543	92.04273033814391	4.069907961078645	0.9861835171173375	36.86369701105279	235.94112927728509	0.36076550870955676
2.550004180602007	3.3545150501672243	2.583792915582334	0.013659792955575843	1.465558297598376	0.9047818653612929	2.461251207572231	0.28915746314067375	10.059185536241088	92.60872262888684	4.069648760764673	0.9863475027558651	36.9075192700027	235.93853451971478	0.3551976176174128
2.5542190635451507	3.3545150501672243	2.585101326789364	0.013289142437490667	1.4644974074865458	0.9065690853618069	2.4652778065023	0.286844835880754	10.063199013057128	93.18092524613903	4.069406823174426	0.9865097379751043	36.95141365998735	235.93749611347846	0.3496116670273605
2.5584339464882944	3.3545150501672243	2.586388132129775	0.012929230175806902	1.4634635962988674	0.9083194924973941	2.4693669050020737	0.28451059128947476	10.066981309055736	93.75928791863507	4.069181626991043	0.9866702353184408	36.99537706788785	235.93795986638727	0.3440075097729441
2.5626488294314385	3.3545150501672243	2.5876540294567265	0.012579706486982294	1.4624560843537033	0.910033982093944	2.473517832385628	0.28215513856700475	10.070527508936692	94.34375954582373	4.068972666080204	0.9868290076555657	37.039406483381654	235.93987330636793	0.3383849770726082
2.566863712374582	3.3545150501672243	2.5888996935757245	0.012240234992298345	1.4614741186022622	0.9117134236279106	2.477729924629858	0.2797788871560419	10.073832787638215	94.93428808937846	4.068779449075295	0.986986068156513	37.083498995709334	235.94318563001076	0.3327438795279106
2.5710785953177258	3.3545150501672243	2.590125777221987	0.01191049201849286	1.4605169715513027	0.9133586615961174	2.4820025230982528	0.27738224725517496	10.076892412338667	95.53082045623808	4.068601498970516	0.987141430266409	37.12765179048599	235.94784765228448	0.3270840081672274
2.57529347826087	3.3545150501672243	2.5913329119781694	0.011590166030763134	1.4595839402394735	0.914970516346378	2.486334973169047	0.2749656303773833	10.079701744810677	96.133302373008	4.06843835272205	0.9872951076809039	37.17186214655683	235.953811757418	0.32140513554032873
2.5795083612040135	3.3545150501672243	2.5925217091353563	0.011278957096080967	1.4586743452640247	0.9165497848710669	2.4907266227650107	0.27252944995374956	10.082256244155326	96.74167825155651	4.068289560856804	0.9874471143222548	37.216127432892684	235.96103185087782	0.31570701686908703
2.583723244147157	3.3545150501672243	2.5936927605001374	0.010976576374908075	1.4577875298549543	0.9180972415656112	2.4951768207822567	0.27007412198243064	10.084551469944781	97.35589104565966	4.068154687088746	0.9875974643160281	37.2604451055244	235.9694633124326	0.30998939126040925
2.5879381270903012	3.3545150501672243	2.5948466391501954	0.010682745639546447	1.4569228589937901	0.9196136389537153	2.49968491541539	0.26760006572283485	10.086583085801863	97.97588209856482	4.068033307942466	0.9877461719683872	37.30481270451231	235.97906295024924	0.3042519829876439
2.592153010033445	3.3545150501672243	2.595983900140694	0.010397196817479816	1.4560797185744425	0.9210997083810278	2.504250252376657	0.26510770443477527	10.088346863445198	98.6015909813864	4.06792501238385	0.987893251743936	37.34922785094873	235.98978895599572	0.2984945028470449
2.596367892976589	3.3545150501672243	2.5971050811634786	0.010119671558184449	1.4552575146037063	0.9225561606788486	2.5088721730066057	0.26259746616235424	10.089838687228855	99.23295532225606	4.067829401457499	0.9880387182440827	37.39368824398944	236.0016008608992	0.29271664959626076
2.6005827759197326	3.3545150501672243	2.5982107031609742	0.009849920821991395	1.4544556724392008	0.9239836867993247	2.5135500122742735	0.2600697845620528	10.091054559204983	99.86991062621037	4.067746087930828	0.9881825861858923	37.43819165791258	236.0144594927393	0.2869181114822481
2.6047976588628763	3.3545150501672243	2.599301270896395	0.009587704489682953	1.4536736360626052	0.9253829584235611	2.518283096665034	0.2575250997743586	10.091990604737617	100.51239008583502	4.06767469594438	0.9883248703813952	37.48273593920021	236.0283269337155	0.28109856786589105
2.6090125418060204	3.3545150501672243	2.60037727348184	0.009332790991595216	1.452910867386289	0.9267546285439139	2.5230707419546268	0.2549638593380555	10.092643078695302	101.16032438273476	4.067614860668367	0.9884655857173212	37.5273190036411	236.04316647917912	0.275257690951454
2.613227424749164	3.3545150501672243	2.601439184865549	0.009084956955083181	1.4521668455914287	0.9280993320217215	2.5279122508683844	0.2523865191459578	10.093008372248928	101.81364147997229	4.067566227964847	0.9886047471352264	37.571938833449465	236.0589425971544	0.26939514762845956
2.6174423076923077	3.3545150501672243	2.6024874642796414	0.008843986869279284	1.4514410664959558	0.9294176861216191	2.5328069106252618	0.24979354444059657	10.093083020299982	102.47226640568844	4.06752845405562	0.9887423696119844	37.616593474399046	236.07562088865086	0.263510601434323
2.6216571906354518	3.3545150501672243	2.6035225566493785	0.008609672766147948	1.4507330419506586	0.9307102910235446	2.5377539903668676	0.24718541084798792	10.092863709562572	103.13612102819751	4.067501205195258	0.9888784681406143	37.66128103296679	236.09316804869067	0.25760371464560894
2.6258720735785954	3.3545150501672243	2.604544892965024	0.00838181391690377	1.450042299261955	0.931977730313482	2.542752738472527	0.24456260544720665	10.09234728732017	103.80512382294776	4.067484157349288	0.989013057711417	37.70599967348566	236.11155182804796	0.25167415050619196
2.6300869565217395	3.3545150501672243	2.6055548906172006	0.008160216542918949	1.449368380639859	0.9332205714539609	2.547802379762407	0.24192562787295507	10.091530770875247	104.47918963185492	4.067476995876976	0.9891461532933993	37.750747615301485	236.13074099562974	0.2457215755998473
2.634301839464883	3.3545150501672243	2.606552953696648	0.007944693540302493	1.448710842669808	0.9344393662352649	2.5529021125917097	0.23927499144786674	10.090411357706403	105.15822941562188	4.067479415218695	0.9892777698159614	37.79552312993306	236.15070530149123	0.23974566237514303
2.638516722408027	3.3545150501672243	2.607539473259202	0.007735064217382491	1.4480692558070465	0.9356346512083041	2.558051105840371	0.23661122434056645	10.08898643634325	105.8421499998171	4.067491118587441	0.9894079221508322	37.84032453823186	236.17141544042985	0.23374609182948045
2.642731605351171	3.3545150501672243	2.60851482755683	0.007531154044370465	1.4474432038923581	0.9368069481000526	2.563248495803931	0.23393487074496197	10.087253597964608	106.53085381561101	4.067511817664398	0.989536625094238	37.88515020754065	236.19284301614312	0.22772255635895433
2.6469464882943146	3.3545150501672243	2.609479382235471	0.0073327944145310485	1.4468322836879575	0.9379567642124587	2.568493382993003	0.23124649207539752	10.085210648719077	107.22423863625406	4.0675412322981215	0.9896638933492947	37.929998548847735	236.21496050589676	0.22167476277956205
2.651161371237458	3.3545150501672243	2.610433490500584	0.007139822416216811	1.4462361044324734	0.9390845928056996	2.5737848288505685	0.22854666817156213	10.082855622760967	107.92219731055553	4.067579090207352	0.9897897415086184	37.974868013937844	236.2377412257014	0.2156024355245485
2.6553762541806023	3.3545150501672243	2.6113774932512146	0.006952080615168577	1.4456542874139306	0.9401909134666683	2.5791218523982815	0.22583599850613395	10.080186795986014	108.62461749481858	4.067625126687085	0.9899141840371574	38.01975709253762	236.26115929595167	0.20950532002122396
2.659591137123746	3.3545150501672243	2.612311719183534	0.0067694168465132765	1.445086465559738	0.9412761924635585	2.584503426825239	0.22311510338721455	10.077202700442834	109.33138138490104	4.06767908431779	0.9900372352552507	38.064664309456674	236.28518960751637	0.20338318624907395
2.6638060200668896	3.3545150501672243	2.6132364848648897	0.006591684015923412	1.4445322830427143	0.9423408830874287	2.5899284760350576	0.2203846251466299	10.073902139385865	110.04236545029254	4.067740712677665	0.9901589093219298	38.10958822172542	236.30980778826054	0.19723583247944196
2.6680209030100337	3.3545150501672243	2.6141520947794947	0.0064187399094321074	1.443991394902217	0.943385425981629	2.5953958711697576	0.21764522930407507	10.070284202924352	110.75744017234393	4.0678097680577565	0.9902792202184829	38.15452741573118	236.33499016998516	0.19106308919452997
2.6722357859531773	3.3545150501672243	2.6150588413470772	0.0062504470114242445	1.4434634666794806	0.9444102494599895	2.6009044271317294	0.21489760569603422	10.066348284209502	111.47646978902398	4.067886013180002	0.9903981817323159	38.19948050435647	236.36071375578666	0.18486482318142966
2.6764506688963214	3.3545150501672243	2.615957004915934	0.006086672330349699	1.4429481740663055	0.9454157698146721	2.6064528991279983	0.2121424695572634	10.062094096088432	112.19931204883751	4.06796921691802	0.9905158074411452	38.24444612412254	236.38695618782006	0.1786409417939017
2.680665551839465	3.3545150501672243	2.616846853732099	0.005927287231728695	1.4424452025662724	0.9464023916146228	2.6120399792642433	0.20938056254147067	10.057521688138875	112.9258179768025	4.068059154020876	0.9906321106975764	38.2894229323448	236.41369571549123	0.17239139737153605
2.6848804347826087	3.3545150501672243	2.6177286438865117	0.005772167278041151	1.4419542471676756	0.9473705079955648	2.61766429321898	0.20661265366676965	10.052631463982795	113.65583165562434	4.068155604839809	0.9907471046141232	38.3344096043062	236.4409111640807	0.1661161918026166
2.689095317725753	3.3545150501672243	2.6186026192423753	0.005621192075113332	1.4414750120274127	0.9483205009424949	2.623324397031915	0.20383954017028338	10.047424198760373	114.38919002548229	4.068258355058149	0.9908608020487405	38.379404830457155	236.46858190382594	0.15981538121289135
2.6933102006688965	3.3545150501672243	2.619469011345144	0.005474245124635047	1.4410072101650824	0.9492527415656753	2.629018774043402	0.20106204825536925	10.041901056628532	115.12572270605543	4.068367195424648	0.9909732155909504	38.42440731365161	236.49668781949242	0.15348908075862597
2.69752508361204	3.3545150501672243	2.6203280393179607	0.005331213682458517	1.4405505631666007	0.9501675903711093	2.6347458320254664	0.19828103371387837	10.036063608129952	115.86525184466038	4.068481921490679	0.9910843575486529	38.46941576643189	236.5252092804896	0.14713746949770914
2.7017399665551842	3.3545150501672243	2.6211799097455533	0.005191988622351675	1.4401048008966213	0.9510653975265225	2.640503900547471	0.1954973824052099	10.029913847260538	116.60759199453209	4.068602333351516	0.9911942399357242	38.514428908373446	236.5541271115584	0.14076079530786778
2.705954849498328	3.3545150501672243	2.6220248165501285	0.005056464304892094	1.4396696612191489	0.9519465031238689	2.646291228622779	0.19271201057314435	10.023454208044926	117.35255002747029	4.068728235392469	0.9913028744605175	38.55944546350689	236.58342256412578	0.13435937981620072
2.7101697324414715	3.3545150501672243	2.622862940862969	0.004924538451209375	1.439244889725703	0.9528112374393856	2.65210598268476	0.18992586498117123	10.016687580412103	118.09992508514804	4.068859436040234	0.9914102725153847	38.60446415783171	236.61307728837036	0.127933623299108
2.7143846153846156	3.3545150501672243	2.6236944508959152	0.004796112021298805	1.438830239470473	0.9536599211922072	2.657946244942686	0.18713992284683573	10.009617325146474	118.84950857344292	4.06899574752037	0.9915164451673577	38.64948371694141	236.6430733061099	0.12148400950680259
2.7185994983277593	3.3545150501672243	2.624519501817204	0.004671089096647319	1.4384254707119257	0.954492865802543	2.663810012169386	0.1843551915558246	10.002247287674646	119.60108420413336	4.069136985621606	0.9916214031501214	38.6945028637794	236.67339298459427	0.11501111036135918
2.7228143812709034	3.3545150501672243	2.6253382356364185	0.004549376766930396	1.4380303506603596	0.9553103736503805	2.66969519497307	0.18157270813708648	9.994581810435028	120.3544280881946	4.069282969467817	0.9917251568574297	38.73952031654597	236.70401901130572	0.10851559047260645
2.727029264214047	3.3545150501672243	2.626150781103683	0.0044308850205558295	1.4376446532309861	0.9561127383356354	2.675599617605604	0.1787935384812546	9.986625743567403	121.10930888474675	4.0694335212988095	0.9918277163381095	38.78453478678019	236.73493436990077	0.10199821141176078
2.7312441471571907	3.3545150501672243	2.626957253628372	0.004315526638848386	1.4372681588021246	0.9569002449406069	2.6815210183582594	0.17601877628603568	9.97838445365236	121.86548800942074	4.0695884662608	0.9919290912928034	38.82954497763847	236.76612231739767	0.09545983567869032
2.7354590301003348	3.3545150501672243	2.6277577552228806	0.0042032170936878825	1.4369006539781992	0.9576731702955229	2.6874570505936326	0.17324954171419407	9.969863830228402	122.62271990551062	4.069747632207869	0.9920292910726003	38.874549582394586	236.79756636275908	0.08890143029551457
2.7396739130434784	3.3545150501672243	2.628552374476989	0.004093874448432192	1.436541931357237	0.9584317832478418	2.6934052844587315	0.17048697975219385	9.961070289816137	123.38075238076424	4.06991084951535	0.9921283246796918	38.919547283183576	236.82925024698125	0.0823240699570757
2.743888795986622	3.3545150501672243	2.629341186568551	0.00398741926197394	1.436191789302698	0.9591763449358875	2.6993632093197104	0.16773225826046848	9.95201077718697	124.1393270120651	4.0700779509066205	0.9922262007701915	38.96453675001469	236.86115792485788	0.07572893966727443
2.748103678929766	3.3545150501672243	2.630124253315958	0.00388377449580155	1.4358500317194691	0.9599071090672286	2.7053282369520577	0.1649865657098821	9.942692763627011	124.89817961948489	4.070248771294258	0.9923229276592327	39.00951664007441	236.89327354852665	0.06911733679056811
2.75231856187291	3.3545150501672243	2.6309016232777824	0.0037828654239523783	1.4355164678339754	0.9606243222020671	2.711297705512714	0.1622511086029037	9.933124241967183	125.65704081034936	4.070423147636882	0.9924185133284467	39.05448559734107	236.92558145294595	0.062490672449251064
2.7565334448160534	3.3545150501672243	2.6316733319046435	0.0036846195457654607	1.435190911978428	0.9613282240417257	2.717268884311532	0.15952710858249206	9.923313718177091	126.4156365929999	4.0706009188128505	0.9925129654358998	39.09944225253055	236.95806614343306	0.055850472200184485
2.7607483277591975	3.3545150501672243	2.6324394017478254	0.00358896650136124	1.4348731833792634	0.9620190477221251	2.7232389793890777	0.15681579923663153	9.913270199353928	127.1736890588644	4.070781925511727	0.9926062913285421	39.144385223387985	236.9907122853562	0.04919837592928314
2.764963210702341	3.3545150501672243	2.633199842728727	0.003495837989792516	1.4345631059499757	0.9626970201119354	2.7292051398964308	0.15411842261166328	9.903003177978086	127.93091713033127	4.070966010144667	0.9926984980571852	39.189313115339104	237.02350469610653	0.04253613690887025
2.7691780936454853	3.3545150501672243	2.6339546524723505	0.0034051676898293995	1.4342605080885424	0.9633623621148789	2.735164465260039	0.1514362254530186	9.892522612353932	128.68703737072858	4.071153016774371	0.9927895923940001	39.23422452250956	237.05642833940956	0.035865619970925744
2.773392976588629	3.3545150501672243	2.6347038167073187	0.0033168911833566534	1.433965222479756	0.9640152889754297	2.741114013101517	0.14877045519752335	9.8818389032067	129.4417648514982	4.071342791065322	0.9928795808524767	39.27911802911582	237.08946832204504	0.029188798759604836
2.7776078595317726	3.3545150501672243	2.6354473097338396	0.0032309458813768134	1.4336770859028174	0.9646560105869469	2.7470508078684066	0.14612235574699692	9.87096286646421	130.19481407043438	4.071535180254703	0.992968469709758	39.323992211226965	237.1226098930017	0.022507752038131327
2.7818227424749167	3.3545150501672243	2.6361850949600623	0.003147270952624484	1.4333959390446114	0.9652847318010559	2.752971850118241	0.1434931630581381	9.859905702313165	130.94589991369628	4.07173003314422	0.9930562650312095	39.36884563889033	237.15583844507637	0.015824659038216293
2.7860376254180603	3.3545150501672243	2.636917125505966	0.0030658072548089077	1.43312162631909	0.9659016527369081	2.7588741263842933	0.14088410058874296	9.848678960683763	131.69473865317352	4.071927200112637	0.9931429726970467	39.413676878607625	237.18913951887077	0.009141793854826528
2.790252508361204	3.3545150501672243	2.6376433448728873	0.002986497268507784	1.43285399569328	0.9665069690887512	2.7647546195386417	0.13829637464467948	9.837294503380742	132.4410489698083	4.0721265331488015	0.9932285984308022	39.458484496143804	237.22249880914163	0.002461518904575884
2.794467391304348	3.3545150501672243	2.638363687675395	0.00290928503374198	1.432592898520379	0.9671008724301137	2.770610319556106	0.1357311696758044	9.825764463142596	133.1845529926171	4.072327885904414	0.9933131478293696	39.50326705964268	237.25590217339078	-0.004213722518310196
2.7986822742474917	3.3545150501672243	2.639078080431048	0.002834116089261858	1.4323381893804519	0.9676835505127674	2.7764382345718785	0.13318964357198693	9.814101199971585	133.92497734246038	4.072531113765586	0.9933966263943265	39.548023143018945	237.2893356425637	-0.010881414537790863
2.8028971571906354	3.3545150501672243	2.6397864424023743	0.0027609374145747202	1.4320897259291936	0.96825518755857	2.782235402117281	0.13067292301224398	9.802317255133097	134.6620541691633	4.072736073941923	0.9934790395642064	39.59275132958972	237.3227854336854	-0.017538977777648516
2.8071120401337795	3.3545150501672243	2.640488686484285	0.002689697374738611	1.4318473687552278	0.9688159645422368	2.7879989004112664	0.12818209892095606	9.790425303272848	135.39552217032204	4.072942625571678	0.9935603927473633	39.637450215905	237.35623796424073	-0.02418377914743363
2.811326923076923	3.3545150501672243	2.641184720129078	0.002620345667940796	1.4316109812462985	0.9693660594631134	2.793725859581286	0.12571822208477978	9.77843810314134	136.1251275801445	4.073150629840942	0.993640691355048	39.68211841572953	237.3896798680418	-0.030813142237815148
2.815541806020067	3.3545150501672243	2.64187444630043	0.0025528332758680914	1.4313804294647372	0.9699056476040647	2.799413472685673	0.1232822989824824	9.76636844744752	136.85062511692033	4.073359950115115	0.9937199408343085	39.7267545641289	237.42309801236036	-0.037424358217745105
2.819756688963211	3.3545150501672243	2.6425577644469502	0.0024871124168647694	1.4311555820324215	0.9704349017757067	2.8050590064109535	0.12087528787725192	9.754229112383925	137.57177887822473	4.073570452080095	0.9937981467003177	39.77135732160577	237.4564795160055	-0.04401469711628728
2.8239715719063545	3.3545150501672243	2.643234571485521	0.0024231365018579374	1.4309363100254278	0.9709539925443551	2.8106598113216537	0.11849809521731629	9.742032807375649	138.28836317371153	4.073782003891027	0.9938753145677394	39.81592537823507	237.48981176808408	-0.05058141936389308
2.8281864548494986	3.3545150501672243	2.643904762784259	0.0023608600930149475	1.4307224868784396	0.9714630884422465	2.816213331546776	0.11615157238597139	9.729792125602726	139.00016328631224	4.073994476325958	0.993951450180752	39.86045745774337	237.52308244712066	-0.05712178746301486
2.8324013377926422	3.3545150501672243	2.64456823313493	0.0023002388650795107	1.4305139882988775	0.9719623561588272	2.821717113796577	0.11383651283639858	9.717519495831144	139.70697615384364	4.074207742941814	0.9940265594413769	39.90495232147984	237.5562795402276	-0.06363307765596546
2.836616220735786	3.3545150501672243	2.6452248777048615	0.0022412295693155725	1.43031069219064	0.9724519607121506	2.827168815614672	0.11155364964033562	9.70522713606209	140.40861096434722	4.074421680230228	0.9941006484357794	39.949408772229404	237.58939136203358	-0.07011259145826623
2.84083110367893	3.3545150501672243	2.6458745929586773	0.002183789999970852	1.4301124785871906	0.9729320655997068	2.8325662127839237	0.10930365347267823	9.692927009472253	141.1048896599465	4.07463616777052	0.9941737234582539	39.99382565781873	237.6224065730532	-0.07655766692971872
2.8450459866220736	3.3545150501672243	2.6465172775409314	0.002127878963154583	1.4299192295936844	0.9734028329283038	2.837907205819515	0.10708713104685764	9.68063078307269	141.7956473455474	4.074851088377633	0.9942457910326405	40.03820187447375	237.65531419724292	-0.08296568956123956
2.8492608695652173	3.3545150501672243	2.647152833111324	0.002073456248009054	1.4297308293376711	0.9738644235229125	2.843189825498481	0.10490462400840249	9.66834978945966	142.48073260028048	4.075066328242507	0.9943168579309701	40.08253636988844	237.68810363845796	-0.08933410266464463
2.8534757525083614	3.3545150501672243	2.647781165125261	0.002020482600040509	1.4295471639278752	0.9743169970146872	2.8484122373914955	0.10275660828678992	9.656094991971463	143.16000769115308	4.075281777062999	0.9943869311891825	40.12682814597318	237.7207646955958	-0.09566041716313335
2.857690635451505	3.3545150501672243	2.6484021835534866	0.0019689196964636727	1.4293681214204554	0.9747607119086572	2.853572745379322	0.1006434938986181	9.64387695350115	143.83334868989687	4.075497328163434	0.9944560181198145	40.171076261255415	237.75328757621455	-0.10194222069291412
2.861905518394649	3.3545150501672243	2.6490158035356854	0.0019187301234050004	1.4291935917920817	0.9751957256318468	2.8586697941524455	0.09856562518855319	9.631705809148935	144.50064549542017	4.07571287860117	0.994524126321605	40.215279832912444	237.78566290845535	-0.10817718594054133
2.8661204013377928	3.3545150501672243	2.649621945964166	0.0018698773548034343	1.4290234669191348	0.9756221945628248	2.8637019707080227	0.09652328148847145	9.619591242831277	145.161801765589	4.07592832925893	0.9945912636860142	40.25943803842252	237.81788175113383	-0.11436307815514986
2.8703352842809364	3.3545150501672243	2.6502205379949277	0.0018223257328440344	1.428857640562293	0.9760402740438935	2.868668004872387	0.09451667816999328	9.607542467898792	145.8167347632074	4.076143584921849	0.9946574384007031	40.303550116827196	237.84993560190378	-0.12049776179035433
2.8745501672240805	3.3545150501672243	2.6508115134846135	0.0017760404497587008	1.4286960083557414	0.9764501183772968	2.873566768890343	0.0925459680611104	9.595568211752521	146.4653751220605	4.076358554338476	0.9947226589500621	40.34761536960343	237.88181640341594	-0.12657920624576305
2.878765050167224	3.3545150501672243	2.6513948133530456	0.0017309875308303957	1.4285384678002686	0.9768518808069735	2.878397276133575	0.09061124319407857	9.583676704390868	147.10766653968398	4.076573150265417	0.9947869341129172	40.391633161151354	237.9135165474633	-0.13260549069297842
2.882979933110368	3.3545150501672243	2.651970385872059	0.0016871338184412806	1.4283849182594892	0.9772457134874768	2.8831586789899237	0.08871253684902358	9.571875670766937	147.74356540414217	4.0767872894952975	0.9948502729575781	40.43560291890713	237.94502887709115	-0.1385748079854624
2.887194816053512	3.3545150501672243	2.6525381868823863	0.0016444469570119791	1.428235260958472	0.9776317674417404	2.8878502660025966	0.08684982585597786	9.560172326790537	148.37304036251345	4.0770008928682735	0.9949126848344189	40.47952413309644	237.9763466867209	-0.1444854676644155
2.8914096989966556	3.3545150501672243	2.6530981799412205	0.0016028953786872383	1.4280893989841041	0.9780101925094089	2.8924714583340494	0.08502303311709074	9.548573378770158	148.9960718390382	4.077213885267427	0.9949741793662072	40.52339635614867	238.00746372034874	-0.15033589808503744
2.895624581939799	3.3545150501672243	2.6536503364037944	0.001562448289633689	1.4279472372865194	0.9783811372874304	2.897021805632729	0.08323203031066553	9.537085026058929	149.61265151094355	4.077426195598495	0.9950347664364151	40.56721920179332	238.0383741678886	-0.15612464769790013
2.8998394648829433	3.3545150501672243	2.6541946354430257	0.0015230756568261606	1.4278086826810348	0.9787447490645793	2.9015009813828825	0.08147664073924432	9.52571296664412	150.22278174988872	4.07763775675488	0.995094456175751	40.61099234386619	238.06907265979206	-0.16185038552890071
2.904054347826087	3.3545150501672243	2.6547310640116586	0.001484748195211467	1.4276736438500235	0.9791011737515103	2.9059087778176753	0.07975664228520339	9.51446240540276	150.82647503674568	4.077848505568568	0.9951532589471663	40.65471551485052	238.09955426003063	-0.16751190090883483
2.908269230769231	3.3545150501672243	2.655259616751825	0.001447437355150794	1.427542031344278	0.9794505558078576	2.910245100474734	0.07807177043909315	9.503338064735702	151.42375335709755	4.078058382748221	0.9952111853295829	40.69838850418467	238.12981445760997	-0.1731081025088865
2.9124841137123747	3.3545150501672243	2.6557802958570997	0.0014111153100548261	1.42741375758344	0.9797930381677886	2.9145099624706146	0.07642172136813905	9.492344197288032	152.01464758440574	4.0782673328054155	0.9952682461005884	40.7420111563641	238.15984915673846	-0.17863801674272925
2.9166989966555183	3.3545150501672243	2.6562931108922987	0.0013757549441382549	1.4272887368551521	0.9801287621653042	2.918703478567152	0.07480615499485807	9.481484600465253	152.59919685728886	4.078475303970261	0.9953244522183373	40.78558336886883	238.18965466580906	-0.1841007855983532
2.9209138795986624	3.3545150501672243	2.656798078576274	0.0013413298402327012	1.4271668853126347	0.9804578674604442	2.922825859098136	0.07322469805852141	9.470762632460836	153.17744795679434	4.0786822480975315	0.9953798148028853	40.82910508994428	238.21922768533705	-0.1894956639640632
2.925128762541806	3.3545150501672243	2.6572952225329542	0.0013078142676086063	1.4270481209704864	0.9807804919674332	2.926877403819755	0.07167694713510057	9.46018122952112	153.74945468895328	4.07888812056472	0.9954343451171676	40.87257631626623	238.24856529502648	-0.19482201651294054
2.9293436454849497	3.3545150501672243	2.657784573015618	0.0012751831697679935	1.4269323636985056	0.9810967717856519	2.9308584957425676	0.07016247159431313	9.449742924187019	154.31527727728945	4.0790928801629995	0.9954880545478225	40.91599709051481	238.27766494008807	-0.2000793142093212
2.933558528428094	3.3545150501672243	2.658266166609329	0.0012434121521796388	1.426819535213442	0.9814068411341994	2.934769594997068	0.06868081647535845	9.439449864268305	154.8749817693442	4.079296488982488	0.9955409545860373	40.95936749888512	238.30652441697586	-0.2052671304984819
2.9377734113712375	3.3545150501672243	2.6587400459160597	0.001212477469937926	1.4267095590685928	0.9817108322906692	2.9386112327788254	0.06723150526584593	9.429303832324551	155.4286394606701	4.079498912292795	0.9955930568085797	41.00268766855727	238.3351418586627	-0.21038513723844196
2.941988294314381	3.3545150501672243	2.65920625922686	0.0011823560153341726	1.4266023606412266	0.9820088755346438	2.942384005413387	0.06581404257118374	9.419306265445895	155.9763263391695	4.0797001184201305	0.9956443728591591	41.045957765149055	238.36351571960412	-0.21543310042912417
2.9462031772575252	3.3545150501672243	2.659664860184984	0.0011530253053369734	1.4264978671178437	0.9823010990962898	2.946088568575205	0.06442791666435287	9.409458275147168	156.5181225520946	4.079900078621822	0.9956949144302423	41.089177990170136	238.39164476049342	-0.22041087579067575
2.950418060200669	3.3545150501672243	2.660115907443615	0.0011244634689838984	1.4263960074773123	0.9825876291103349	2.949725631689337	0.06307260190841936	9.399760667209144	157.0541118975139	4.080098766959299	0.9957446932454299	41.13234857849634	238.41952803292804	-0.22531840423854269
2.954632943143813	3.3545150501672243	2.6605594643214814	0.001096649234691919	1.4262967124719714	0.9828685895755965	2.953295952539502	0.06174756104636884	9.390213961320741	157.58438134158388	4.080296160170449	0.9957937210424856	41.175469795880275	238.44716486409578	-0.2301557072987795
2.9588478260869566	3.3545150501672243	2.660995598459202	0.001069561917498654	1.4261999146067645	0.9831441023201588	2.95680033210093	0.06045224735489427	9.380818410395504	158.10902056251373	4.0804922375419865	0.9958420095570879	41.21854193651059	238.4745548415508	-0.23492288250270518
2.9630627090301003	3.3545150501672243	2.661424381478997	0.0010431814062492138	1.4261055481165554	0.9834142869722009	2.9602396096122074	0.05918610666053953	9.371574019454474	158.62812152175235	4.080686980782762	0.9958895705073646	41.26156532063368	238.50169779818648	-0.23962009879577692
2.9672775919732444	3.3545150501672243	2.6618458886499528	0.0010174881507464542	1.4260135489417303	0.9836792609364238	2.963614657896051	0.05794857921818594	9.362480563984999	159.14177806256987	4.080880373898491	0.995936415579253	41.304540292246365	238.52859379745766	-0.24424759199137708
2.971492474916388	3.3545150501672243	2.6622601985607224	0.0009924631488841364	1.425923854702232	0.9839391393759551	2.966926378935291	0.056739101453247225	9.353537607701565	159.6500855359141	4.081072403068524	0.9959825564127153	41.34746721686807	238.55524311891998	-0.2488056602960814
2.975707357859532	3.3545150501672243	2.6626673928012865	0.0009680879337835706	1.4258364046701726	0.98419403519957	2.970175699707189	0.055557107570062034	9.344744519649788	160.15314045317996	4.081263056525072	0.9960280045888273	41.39034647939882	238.5816462441336	-0.253294659929308
2.9799222408026758	3.3545150501672243	2.6630675556550862	0.0009443445609550329	1.4257511397411837	0.9844440590540204	2.973363568276292	0.05440203102996908	9.336100490608397	160.65104016530614	4.081452324435442	0.9960727716177513	41.433178482068975	238.60780384298764	-0.2577150008563388
2.9841371237458194	3.3545150501672243	2.6634607738025444	0.0009212155955054736	1.4256680024046287	0.9846893193212375	2.9764909501436163	0.053273305903306055	9.327604548756407	161.14388256744576	4.081640198787388	0.9961168689275897	41.4759636424824	238.63371676045463	-0.2620671426507475
2.988352006688963	3.3545150501672243	2.6638471360368583	0.0008986840994134993	1.4255869367128704	0.9849299221201454	2.979558824847954	0.05217036810021144	9.31925557458383	161.63176582832128	4.081826673278135	0.9961603078541112	41.518702391757834	238.65938600383876	-0.2663515904987639
2.992566889632107	3.3545150501672243	2.6642267329925926	0.0008767336188924531	1.425507888249697	0.9851659713128069	2.9825681828132193	0.051092656485572596	9.31105231503359	162.11478814325233	4.08201174320703	0.9962030996313355	41.56139517276759	238.68481273049957	-0.2705688913556035
2.996781772575251	3.3545150501672243	2.664599656887546	0.0008553481718610732	1.4254308040980825	0.9853975685146116	2.9855200224345446	0.05003961388380996	9.30299339687124	162.59304750978	4.08219540537218	0.9962452553829529	41.60404243847526	238.70999823609833	-0.27471963026107543
3.000996655518395	3.3545150501672243	2.6649660012781	0.0008345122355404741	1.4253556328074022	0.9856248131082097	2.988415347394587	0.04901068797940049	9.295077339285823	163.0666415247445	4.082377657971097	0.9962867861145566	41.64664465037146	238.73494394335714	-0.2788044268197078
3.0052115384615385	3.3545150501672243	2.665325860828153	0.00081421073419489	1.4252823243602326	0.9858478022608897	2.991255164200662	0.04800533211919175	9.28730256573163	163.5356672016369	4.082558500505435	0.9963277027066542	41.6892022770059	238.75965139133834	-0.2828239318483297
3.009426421404682	3.3545150501672243	2.6656793310916362	0.0007944290270321015	1.4252108301388795	0.986066630945107	2.994040479932807	0.04702300602257777	9.279667415025889	164.00022080704068	4.082737933689908	0.9963680159084294	41.73171579261515	238.78412222525307	-0.28677882419267947
3.0136413043478263	3.3545150501672243	2.6660265083084385	0.0007751528962783085	1.4251411028917187	0.9862813919618666	2.99677230019227	0.04606317640558253	9.272170151721019	164.46039771495956	4.08291595936536	0.9964077363322185	41.77418567584249	238.8083581867865	-0.29066980771270823
3.01785618729097	3.3545150501672243	2.666367489213524	0.0007563685354406073	1.425073096699482	0.9864921759666793	2.999451627239819	0.045125317524815994	9.264808975774375	164.91629227785626	4.083092580415911	0.996446874448665	41.81661240854753	238.83236110492945	-0.2944976084353378
3.022071070234114	3.3545150501672243	2.666702370858955	0.0007380625377687112	1.4250067669415758	0.9866990714978111	3.002079458313121	0.04420891164709974	9.257582031540112	165.3679977132428	4.083267800690267	0.9964854405825165	41.858996474703105	238.85613288732483	-0.29826297187192946
3.0262859531772577	3.3545150501672243	2.6670312504484275	0.0007202218849262869	1.424942070262524	0.9869021650065678	3.004656784112389	0.043313449450412794	9.250487416110538	165.8156060046901	4.083441624926986	0.9965234449090271	41.901338359375096	238.87967551209454	-0.3019666604971786
3.0305008361204013	3.3545150501672243	2.6673542251839266	0.0007028339358806514	1.4248789645386253	0.9871015408893582	3.00718458744376	0.042438430361561766	9.243523187035242	166.25920781617353	4.083614058683721	0.9965608974509261	41.943638547782726	238.90299102015365	-0.3056094513851241
3.034715719063545	3.3545150501672243	2.6676713921240327	0.0006858864160184316	1.4248174088448844	0.9872972815212999	3.009663842009943	0.04158336283578018	9.236687369447566	166.698892418703	4.083785108270262	0.9965978080759189	41.985897524434755	238.92608150798256	-0.30919213399755785
3.038930602006689	3.3545150501672243	2.6679828480533962	0.0006693674064932695	1.4247573634222912	0.987489467291145	3.0120955113380172	0.04074776458318415	9.229977962628135	167.13474762823896	4.083954780685291	0.9966341864946817	42.028115772338296	238.9489491208453	-0.3127155081195008
3.0431454849498327	3.3545150501672243	2.668288689362906	0.0006532653338105443	1.4246987896455205	0.9876781766373105	3.0144805478346783	0.039931162746766856	9.223392946035684	167.56685975395044	4.084123083556789	0.9966700422593164	42.07029377227687	238.9715960464457	-0.3161803819361212
3.047360367892977	3.3545150501672243	2.668589011939994	0.0006375689596529502	1.4246416499910708	0.9878634860848257	3.0168198919594196	0.039133094036344046	9.216930284834861	167.99531355590983	4.084290025085827	0.9967053847622301	42.11243200215305	238.99402450898535	-0.31958757024532347
3.0515752508361205	3.3545150501672243	2.6688839110686304	0.0006222673709494827	1.4245859080059353	0.9880454702830056	3.0191144715067746	0.038353104822597475	9.21058793495064	168.4201922113853	4.084455613993836	0.9967402232354075	42.154530936393364	239.01623676363403	-0.3229378927997843
3.055790133779264	3.3545150501672243	2.6691734813383823	0.0006073499701898196	1.4245315282767848	0.9882242020436905	3.0213652009889342	0.037590751195095806	9.204363847677941	168.84157728893024	4.084619859472904	0.9967745667500433	42.196591045409924	239.0382350913559	-0.3262321727725546
3.060005016722408	3.3545150501672243	2.6694578165621583	0.0005928064659845147	1.4244784763997613	0.9883997523798936	3.0235729811107563	0.0368455989879126	9.198255973874753	169.25954872953574	4.084782771139327	0.9968084242165065	42.23861279511756	239.0600217941186	-0.3294712353398509
3.064219899665552	3.3545150501672243	2.6697370097019992	0.000578626863871362	1.4244267189508468	0.9885721905447153	3.0257386983293593	0.03611722377621171	9.192262267765647	169.6741848341438	4.084944358989927	0.996841804384606	42.280596646500605	239.08159919042302	-0.3326559063751208
3.068434782608696	3.3545150501672243	2.6700111528025348	0.000564801457366784	1.4243762234568842	0.9887415840703995	3.0278632244911985	0.03540521084691319	9.186380690381878	170.085562256888	4.085104633361296	0.9968747158441301	42.32254305522816	239.10296961117416	-0.3357870112482168
3.0726496655518396	3.3545150501672243	2.6702803369315524	0.000551320819261006	1.424326958367233	0.9889079988074087	3.0299474165397697	0.03470915514633353	9.180609212663136	170.49375600345914	4.085263604891639	0.9969071670256375	42.36445247131329	239.12413539585188	-0.33886537372384296
3.0768645484949833	3.3545150501672243	2.6705446521272402	0.0005381757931548405	1.4242788930260863	0.9890714989634207	3.031992116287598	0.034028661207455964	9.174945818244709	170.89883943404456	4.085421284485134	0.9969391662014708	42.4063253388133	239.1450988889709	-0.34189181495350957
3.081079431438127	3.3545150501672243	2.6708041873516577	0.0005253574852354738	1.4242319976454576	0.9892321471421457	3.033998150246606	0.03336334305927613	9.16938850595278	171.3008842703357	4.085577683278703	0.9969707214869749	42.4481620955684	239.16586243681553	-0.3448671525553389
3.085294314381271	3.3545150501672243	2.671059030450022	0.000512857256288138	1.4241862432788575	0.9893900043818815	3.0359663295113655	0.03271282412046977	9.163935292029596	171.699960606137	4.085732812611101	0.9970018408418944	42.48996317297635	239.18642838444035	-0.34779219977637993
3.0895091973244146	3.3545150501672243	2.671309268115354	0.000500666713940263	1.424141601795635	0.9895451301937344	3.0378974496900235	0.03207673707943676	9.1585842121086	172.0961369211412	4.085886683994074	0.9970325320719349	42.531728995799334	239.2067990729027	-0.3506677647322304
3.0937240802675587	3.3545150501672243	2.671554985858145	0.0004887777051341376	1.4240980458560166	0.9896975825994342	3.0397922908782404	0.03145472376258945	9.153333322958918	172.489480097486	4.086039309085615	0.9970628028304657	42.57345998200164	239.2269768367338	-0.3534946497189296
3.0979389632107024	3.3545150501672243	2.6717962679806346	0.00047718230882404044	1.4240555488868143	0.9898474181686894	3.0416516176716617	0.030846434992601736	9.148180704017225	172.8800554387259	4.086190699665056	0.9970926606203491	42.61515654261486	239.24696400161332	-0.35627365059241906
3.102153846153846	3.3545150501672243	2.6720331975553835	0.00046587282889332636	1.424014085057822	0.9899946920560299	3.0434761792129272	0.030251530438163924	9.143124458723987	173.2679266908977	4.086340867610061	0.9971221127958808	42.656819081629486	239.26676288225832	-0.3590055562109576
3.10636872909699	3.3545150501672243	2.6722658564077824	0.0004548417872869611	1.4239736292588865	0.9901394580370925	3.045266709269444	0.0296696784566502	9.138162715679961	173.65315606537945	4.086489824875283	0.9971511665648248	42.698447995909866	239.28637578049495	-0.3616911479361869
3.110583612040134	3.3545150501672243	2.67249432510218	0.0004440819173546588	1.4239341570776243	0.9902817685443138	3.047023926338445	0.02910055593097273	9.133293629637802	174.03580426327053	4.086637583472549	0.9971798289905311	42.7400436751303	239.30580498349855	-0.36433119918886253
3.114798494983278	3.3545150501672243	2.6727186829313836	0.00043358615739970944	1.4238956447778268	0.9904216747019975	3.0487485337762616	0.0285438481017663	9.128515382342709	174.41593050105357	4.086784155452678	0.9972081069941235	42.7816065017321	239.3250527622145	-0.366926475055123
3.1190133779264215	3.3545150501672243	2.672939007909179	0.0004233476444285651	1.423858069278483	0.9905592263607281	3.0504412199487985	0.02799924839593957	9.123826183235009	174.79359253731042	4.0869295528886	0.9972360073567451	42.82313685089765	239.34412136991926	-0.36947773193988165
3.123228260869565	3.3545150501672243	2.6731553767656866	0.00041335970809599197	1.4238214081334581	0.9906944721311135	3.0521026584006528	0.027466458252514744	9.119224270026733	175.16884670029856	4.087073787859867	0.9972635367218521	42.86463509054168	239.3630130409325	-0.3719857172637165
3.127443143812709	3.3545150501672243	2.673367864945247	0.0004036158648407924	1.4237856395117825	0.9908274594168344	3.0537335080403856	0.026945186946587523	9.114707909163327	175.5417479162034	4.087216872438331	0.9972907015975458	42.90610158131679	239.3817299894554	-0.3744511692001115
3.131658026755853	3.3545150501672243	2.673576546606676	0.0003941098122068357	1.4237507421785682	0.9909582344469904	3.0553344133398035	0.026435151412147383	9.110275396181013	175.91234973791103	4.0873588186751055	0.9973175083589353	42.94753667663357	239.4002744085464	-0.3768748164498697
3.1358729096989966	3.3545150501672243	2.6737814946256053	0.00038483542334439923	1.4237166954765104	0.9910868423077329	3.056906004545153	0.025936076064413977	9.105925055969182	176.28070437415022	4.087499638588482	0.99734396325052	42.988940722691886	239.41864846919782	-0.37925737804994814
3.1400877926421407	3.3545150501672243	2.673982780598767	0.000375786741686597	1.423683479307981	0.9912133269731765	3.058448897898473	0.025447692622275062	9.101655242946952	176.6468627188822	4.087639344152956	0.9973700723885887	43.03031405852399	239.4368543195295	-0.3815995632138995
3.1443026755852843	3.3545150501672243	2.67418047485002	0.00036695797579588214	1.4236510741176946	0.9913377313355867	3.059963695867414	0.024969739931340176	9.097464341161995	177.0108743808182	4.087777947289181	0.997395841763625	43.07165701604726	239.45489408408082	-0.38390207120152087
3.148517558528428	3.3545150501672243	2.674374646437925	0.00035834349437559554	1.4236194608759196	0.9914600972348423	3.0614509873819937	0.02450196378806346	9.093350764319219	177.37278771296442	4.087915459854757	0.9974212772427162	43.11296992012555	239.4727698631879	-0.38616559121529453
3.152732441471572	3.3545150501672243	2.6745653631647737	0.000349937821441566	1.4235886210622555	0.9915804654871745	3.06291134807701	0.024044116765332406	9.089312955746388	177.73264984210846	4.088051893635973	0.9974463845719583	43.154253088639244	239.49048373246123	-0.38839080232128764
3.1569473244147157	3.3545150501672243	2.6747526915868276	0.0003417356316489643	1.4235585366499048	0.9916988759131851	3.0643453405387686	0.023595958039868192	9.08534938830306	178.09050669815957	4.088187260340154	0.9974711693788528	43.195506832561165	239.5080377423227	-0.3905783733927908
3.16116220735786	3.3545150501672243	2.6749366970257564	0.0003337317457694529	1.4235291900904978	0.9918153673651481	3.0657535145551758	0.023157253221734037	9.08145856423885	178.4464030432858	4.088321571588928	0.9974956371746919	43.23673145604023	239.52543391763902	-0.3927289630743504
3.1653770903010034	3.3545150501672243	2.675117443581	0.00032592112631416254	1.4235005642993714	0.991929977753604	3.0671364073679896	0.022727774186216236	9.077639015006342	178.8003825007697	4.088454838911945	0.9975197933569271	43.277927256488695	239.54267425739732	-0.3948432197648007
3.169591973244147	3.3545150501672243	2.675294994143107	0.0003182988732975825	1.4234726426413782	0.9920427440732519	3.06849454392662	0.022307298908284697	9.073889301033912	179.1524875835524	4.088587073741452	0.9975436432115187	43.31909452467613	239.55976073446962	-0.3969217816173333
3.1738068561872907	3.3545150501672243	2.6754694104077776	0.0003108602201381397	1.4234454089171245	0.9921537024281495	3.0698284371423887	0.021895611299831034	9.070208011462725	179.5027597223978	4.088718287407235	0.9975671919152624	43.360233544825704	239.57669529540945	-0.39896527655527253
3.178021739130435	3.3545150501672243	2.675640752890636	0.0003036005296908589	1.4234188473496852	0.9922628880562318	3.0711385881427655	0.021492501049828878	9.06659376385243	179.85123929365494	4.088848491132239	0.9975904445380915	43.40134459471509	239.59347986031807	-0.4009743223020267
3.1822366220735785	3.3545150501672243	2.6758090809426065	0.00029651529040786704	1.42339294257177	0.9923703353531594	3.0724254865248724	0.021097763467547888	9.063045203859271	180.19796564657977	4.088977696028719	0.9976134060453504	43.442427945780615	239.61011632276202	-0.4029495264238163
3.1864515050167226	3.3545150501672243	2.675974452765739	0.00028960011262262113	1.4233676796132801	0.9924760778955071	3.073689610607621	0.020711199328920994	9.059561004890035	180.5429771301828	4.089105913094654	0.9976360813000401	43.4834838632223	239.6266065497109	-0.4048914863841731
3.1906663879598662	3.3545150501672243	2.6761369254295393	0.0002828507249536561	1.4233430438893167	0.9925801484633051	3.0749314276821442	0.02033261472614598	9.056139867735292	180.88631111959128	4.089233153210845	0.9976584750650312	43.524512606112715	239.64295238154665	-0.4068007896087932
3.19488127090301	3.3545150501672243	2.6762965548876263	0.0002762629708239698	1.4233190211885764	0.9926825790619486	3.0761513942599827	0.019961820920580995	9.052780520184715	181.228004041899	4.089359427138286	0.9976805920052454	43.56551442750686	239.65915563209342	-0.4086780135598499
3.199096153846154	3.3545150501672243	2.676453395994682	0.00026983280509219925	1.423295597662119	0.9927834009434846	3.0773499563186433	0.0195986341989746	9.049481716627108	181.5680914014893	4.089484745515855	0.9977024366898016	43.60648957455245	239.67521808867698	-0.41052372581882257
3.2033110367892976	3.3545150501672243	2.6766075025236793	0.00026355629079178195	1.4232727598125416	0.9928826446272928	3.0785275495442948	0.019242875733060435	9.04624223763775	181.90660780482511	4.089609118858527	0.9977240135941287	43.64743828860272	239.69114151223513	-0.4123384841767142
3.2075259197324417	3.3545150501672243	2.676758927183246	0.0002574295959745647	1.4232504944834772	0.9929803399201731	3.079684599571183	0.01889437144252673	9.043060889555106	182.24358698469058	4.089732557555677	0.9977453271020402	43.68836080532807	239.7069276374296	-0.4141228367311856
3.2117408026755854	3.3545150501672243	2.676907721635213	0.0002514489906552502	1.4232287888494735	0.9930765159358531	3.080821522217655	0.018552951861361362	9.039936504048997	182.57906182388535	4.089855071869867	0.9977663815077754	43.72925735482935	239.72257817280658	-0.41587732198942645
3.215955685618729	3.3545150501672243	2.6770539365122534	0.00024561084385331936	1.4232076304062073	0.9931712011139319	3.0819387237185243	0.018218452007563866	9.036867937682079	182.9130643783659	4.089976671935874	0.9977871810179996	43.77012816175118	239.7380948009759	-0.41760246897634007
3.220170568561873	3.3545150501672243	2.677197621435525	0.00023991162072918532	1.4231870069609966	0.9932644232382706	3.083036600953523	0.01789071125620552	9.033854071466104	183.24562589982622	4.090097367759815	0.9978077297537702	43.81097344539362	239.75347917879412	-0.41929879734734865
3.2243854515050168	3.3545150501672243	2.6773388250323946	0.00023434787981125958	1.423166906623662	0.9933562094548468	3.084115541671873	0.017569573215806367	9.030893810414712	183.57677685773118	4.090217169218684	0.9978280317524628	43.85179341982512	239.7687329375872	-0.42096681750508264
3.2286003344481604	3.3545150501672243	2.677477594954119	0.00022891627031093871	1.423147317797682	0.9934465862890867	3.0851759247127286	0.017254885607998528	9.027986083093886	183.90654696079568	4.0903360860600655	0.9978480909696607	43.89258829399453	239.78385768338575	-0.42260703071950345
3.2328152173913045	3.3545150501672243	2.677613977893466	0.00022361352952251536	1.4231282291716303	0.9935355796626857	3.086218120221405	0.016946500150433114	9.02512984117134	184.23496517791375	4.090454127901931	0.9978679112810048	43.93335827184147	239.7988549971633	-0.424219929250977
3.237030100334448	3.3545150501672243	2.6777480196022916	0.00021843648030506793	1.4231096297109143	0.9936232149099358	3.087242489861397	0.01664427244288415	9.022324058966007	184.5620597585489	4.090571304232765	0.9978874964840075	43.97410355240704	239.81372643510417	-0.4258059964757625
3.241244983277592	3.3545150501672243	2.677879764908992	0.00021338202864361217	1.4230915086497722	0.9937095167935696	3.088249387022041	0.016348061856500305	9.019567732998384	184.8878582525828	4.090687624411726	0.9979068502998272	44.01482432994243	239.8284735288696	-0.4273657070134992
3.245459866220736	3.3545150501672243	2.678009257735872	0.0002084471612867561	1.423073855483554	0.9937945095201367	3.0892391570218876	0.016057731426149163	9.016859881542915	185.21238752964	4.090803097669086	0.9979259763750051	44.05552079401753	239.84309778588877	-0.4288995268563184
3.2496747491638796	3.3545150501672243	2.678136541116329	0.0002036289434583123	1.4230566599612318	0.9938782167549244	3.0902121373076517	0.015773147745797803	9.01419954418285	185.5356737978847	4.090917733106663	0.9979448782831662	44.096193129627004	239.85760068964134	-0.4304079134992637
3.2538896321070236	3.3545150501672243	2.678261657211927	0.00019892451664029612	1.4230399120781798	0.9939606616364369	3.0911686576488426	0.015494180866867826	9.011585781368499	185.8577426223086	4.091031539698517	0.9979635595266815	44.13684151729628	239.8719836999662	-0.43189131607156966
3.2581045150501673	3.3545150501672243	2.678384647329274	0.00019433109642493255	1.4230236020691789	0.9940418667904438	3.092109040328014	0.015220704199505294	9.009017673979413	186.1786189425124	4.091144526291659	0.9979820235382935	44.17746613318521	239.88624825336288	-0.4333501754686414
3.262319397993311	3.3545150501672243	2.6785055519367114	0.00018984597043330886	1.4230077204016507	0.9941218543436142	3.0930336003266663	0.014952594416700472	9.006494322890989	186.49832708999216	4.091256701606904	0.9980002736827069	44.21806714919055	239.90039576330534	-0.4347849244843857
3.266534280936455	3.3545150501672243	2.678624410680832	0.00018546649629840246	1.4229922577691199	0.994200645936743	3.093942645506849	0.014689731361192863	9.00401484854602	186.81689080494226	4.091368074239822	0.9980183132581423	44.25864473304719	239.91442762056099	-0.43619598794364006
3.2707491638795987	3.3545150501672243	2.6787412624027738	0.00018119009971032763	1.4229772050848857	0.9942782627375869	3.0948364767884877	0.01443199795509653	9.001578390531588	187.13433325258288	4.091478652661796	0.9980361454978539	44.299199048427575	239.92834519351393	-0.43758378283447014
3.274964046822743	3.3545150501672243	2.678856145154292	0.00017701427252169049	1.4229625534758947	0.9943547254533198	3.095715388322444	0.014179280112180156	8.999184107161607	187.4506770390219	4.091588445221072	0.998053773571614	44.33973025503916	239.94214982848567	-0.4389487184402676
3.2791789297658864	3.3545150501672243	2.6789690962136192	0.0001729365709110143	1.4229482942768135	0.9944300543426172	3.0965796676594217	0.013931466652733563	8.99683117506536	187.7659442266642	4.091697460143949	0.9980712005871615	44.38023850872058	239.95584285006237	-0.44029119647121556
3.28339381270903	3.3545150501672243	2.679080152101107	0.00016895461360228218	1.4229344190243067	0.9945042692273832	3.0974295959147433	0.013688449220957353	8.99451878878234	188.08015634917925	4.091805705536052	0.998088429591618	44.42072396153644	239.96942556142983	-0.44161161119516495
3.2876086956521737	3.3545150501672243	2.679189348594599	0.00016506608013872555	1.422920919451473	0.9945773895041317	3.0982654479290233	0.013450122204807256	8.992246160363457	188.39333442603305	4.091913189383555	0.99810546357287	44.46118676186931	239.982899244695	-0.44291034956772385
3.291823578595318	3.3545150501672243	2.6792967207446003	0.00016126870920901834	1.4229077874824854	0.994649434155028	3.0990874924248666	0.013216382658229327	8.99001251897894	188.70549897660155	4.0920199195545806	0.9981223054609178	44.50162705451138	239.99626516122427	-0.4441877913613131
3.2960384615384615	3.3545150501672243	2.679402302889177	0.00015756029702413855	1.422895015227387	0.9947204217586073	3.099895992159615	0.012987130225720126	8.987817110533038	189.01667003387175	4.0921259038005315	0.9981389581291943	44.542044980753154	240.00952455196847	-0.4454443092932665
3.3002533444816056	3.3545150501672243	2.6795061286686277	0.00015393869574318748	1.4228825949770574	0.9947903705001744	3.100691204074222	0.012762267069147496	8.985659197285571	189.32686715774344	4.0922311497575325	0.9981554243958503	44.58244067847115	240.0226786377964	-0.4466802691526615
3.304468227424749	3.3545150501672243	2.6796082310398983	0.00015040181194656335	1.422870519198343	0.9948592981818987	3.1014733794383345	0.012541697796769974	8.983538057480503	189.6361094479412	4.0923356649478855	0.9981717070250103	44.62281428221368	240.03572861982406	-0.44789602992593847
3.308683110367893	3.3545150501672243	2.6797086422907372	0.00014694760515489102	1.42285878052933	0.9949272222326115	3.1022427639916326	0.012325329394390619	8.981452984981543	189.9444155565469	4.0924394567814995	0.9981878087279978	44.66316592328444	240.0486756797384	-0.44909194392116863
3.312897993311037	3.3545150501672243	2.679807394053616	0.00014357408639220293	1.4228473717747752	0.9949941597173163	3.1029995980815395	0.012113071158585021	8.979403288914819	190.2518037001637	4.092542532557414	0.9982037321645313	44.70349572982487	240.0615209801258	-0.45026835689086914
3.3171128762541806	3.3545150501672243	2.6799045173194074	0.000140279316791901	1.4228362859016883	0.9950601273464191	3.1037441167973743	0.01190483463194284	8.97738829331874	190.55829167172493	4.09264489946535	0.9982194799438903	44.743803826895	240.07426566480055	-0.45142560815331856
3.3213277591973247	3.3545150501672243	2.680000042450782	0.000137061406244105	1.422825516035031	0.9951251414846906	3.1044765501009675	0.011700533540263592	8.975407336800862	190.8638968519502	4.092746564587198	0.9982350546260546	44.78409033655173	240.08691085912122	-0.4525640307123878
3.3255426421404684	3.3545150501672243	2.68009399919538	0.0001339185120830189	1.4228150554535677	0.9951892181599646	3.105197122953883	0.011500083731649572	8.973459772201888	191.1686362204653	4.092847534898573	0.9982504587228148	44.824355377925976	240.099457670312	-0.45368395137569784
3.329757525083612	3.3545150501672243	2.680186416698719	0.0001308488378130021	1.4228048975858358	0.9952523730715856	3.1059060554412996	0.011303403117438214	8.97154496626675	191.4725263665942	4.092947817270359	0.9982656946988563	44.86459906729796	240.11190718777715	-0.4547856908712087
3.3339724080267557	3.3545150501672243	2.680277323516873	0.0001278506318720754	1.4227950360062485	0.9953146215986093	3.1066035628926323	0.011110411614919184	8.969662299322692	191.77558349983173	4.093047418470295	0.998280764972816	44.904821518171026	240.1242604834188	-0.4558695639620656
3.3381872909698997	3.3545150501672243	2.6803667476288915	0.00012492218643166865	1.4227854644313116	0.9953759788077653	3.1072898559989612	0.010921031091782107	8.967811164964338	192.07782346000667	4.093146345164537	0.9982956719183143	44.945022841343615	240.13651861194572	-0.45693587955980347
3.3424021739130434	3.3545150501672243	2.6804547164489616	0.00012206183623140897	1.422776176715951	0.9954364594611911	3.1079651409273406	0.010735185312242495	8.965990969745654	192.3792617271429	4.093244603919166	0.9983104178649611	44.985203144979145	240.148682611175	-0.4579849408358649
3.3466170568561875	3.3545150501672243	2.6805412568383673	0.00011926795744781707	1.4227671668499682	0.9954960780239416	3.108629619432107	0.01055279988479296	8.964201132878706	192.67991343103205	4.093342201201824	0.9983250050993372	45.02536253467536	240.1607535023429	-0.45901704533121673
3.350831939799331	3.3545150501672243	2.6806263951171725	0.00011653896659583876	1.4227584289545883	0.995554848671284	3.109283488963202	0.010373802211532513	8.962441085939291	192.97979336052117	4.093439143383224	0.9983394358659519	45.065501113530956	240.1727322903991	-0.4600324850644192
3.355046822742475	3.3545150501672243	2.6807101570756955	0.0001138733194621311	1.4227499572791256	0.9956127852957813	3.109926942771631	0.010198121439021804	8.960710272579092	193.27891597252747	4.0935354367387555	0.9983537123681767	45.10561898221167	240.18461996430892	-0.46103154663775164
3.359261705685619	3.3545150501672243	2.6807925679857214	0.00011126951006911196	1.4227417461977336	0.9956699015141769	3.1105601700120884	0.01002568841062005	8.95900814824449	193.57729540078535	4.093631087449974	0.9983678367691566	45.145716239013666	240.19641749733705	-0.4620145113417099
3.3634765886287625	3.3545150501672243	2.6808736526115045	0.00010872606966876543	1.4227337902062636	0.995726210674079	3.111183355842866	0.009856435620255148	8.957334179901823	193.87494546433646	4.093726101606164	0.9983818111926984	45.1857929799262	240.2081258473401	-0.46298165525765084
3.3676914715719066	3.3545150501672243	2.680953435220544	0.00010624156576527041	1.4227260839192188	0.9957817258604572	3.1117966815230966	0.009690297167583578	8.955687845769068	194.17187967577198	4.093820485205876	0.9983956377241375	45.225849298692744	240.2197459570499	-0.46393324935869884
3.3719063545150503	3.3545150501672243	2.6810319395941336	0.00010381460116553686	1.422718622066797	0.9958364599019554	3.1124003245074037	0.009527208714495763	8.954068635053744	194.46811124922954	4.093914244158474	0.9984093184111835	45.26588528687061	240.23127875435702	-0.46486955960884074
3.376121237458194	3.3545150501672243	2.6811091890376715	0.0001014438130567744	1.4227113994920106	0.9958904253770238	3.1129944585379885	0.009367107442925801	8.952476047696969	194.76365310815532	4.094007384285575	0.9984228552647447	45.305901033888475	240.24272515257874	-0.4657908470603551
3.3803361204013376	3.3545150501672243	2.6811852063907806	0.00009912787211022356	1.4227044111479057	0.9959436346198816	3.1135792537343097	0.00920993201392249	8.950909594123633	195.05851789284145	4.094099911322586	0.9984362502597325	45.34589662710336	240.25408605073514	-0.46669736794941935
3.3845510033444817	3.3545150501672243	2.681260014037203	0.00009686548161024126	1.4226976520948589	0.9959960997263096	3.1141548766803404	0.009055622527944321	8.949368794998454	195.35271796773995	4.0941918309201935	0.9984495053358462	45.38587215185596	240.26536233381776	-0.4675893737899645
3.3887658862876253	3.3545150501672243	2.6813336339144818	0.00009465537660795581	1.4226911174979466	0.996047832559282	3.114721490509497	0.008904120486338004	8.9478531809879	195.64626542856425	4.094283148645807	0.9984626223983383	45.42582769152427	240.2765548730495	-0.46846711146587616
3.3929807692307694	3.3545150501672243	2.681406087523444	0.00009249632309870077	1.4226848026244034	0.9960988447544405	3.1152792549873163	0.008755368753963662	8.946362292527805	195.93917210918397	4.094373869985038	0.9984756033187614	45.465763327576454	240.28766452614775	-0.46933082332141685
3.397195652173913	3.3545150501672243	2.68147739593746	0.00009038711722252203	1.4226787028411312	0.9961491477254172	3.1158283265918967	0.008609311522931018	8.944895679596556	196.23144958831642	4.094464000343066	0.9984884499356961	45.505679139621414	240.29869213756933	-0.4701807472500347
3.4014105351170567	3.3545150501672243	2.6815475798115402	0.00008832658448700598	1.4226728136123146	0.9961987526690088	3.1163688585922507	0.008465894277410341	8.943452901493826	196.52310919602792	4.094553545046151	0.998501164055462	45.54557520545956	240.30963853877347	-0.471017116781345
3.405625418060201	3.3545150501672243	2.681616659391201	0.00008631357901177653	1.4226671304970686	0.9962476705702088	3.1169010011245164	0.008325063759484996	8.94203352662464	196.81416202004286	4.094642509342953	0.9985137474528102	45.58545160113089	240.3205045484577	-0.4718401611666583
3.4098403010033445	3.3545150501672243	2.681684654521159	0.00008434698279397215	1.4226616491471822	0.9962959122071013	3.1174249012661837	0.00818676793601224	8.940637132288673	197.10461891187282	4.094730898405965	0.9985262018716006	45.62530840096275	240.33129097280522	-0.47265010546268516
3.4140551839464885	3.3545150501672243	2.6817515846538234	0.00008242570499406711	1.422656365304905	0.9963434881556203	3.1179407031083253	0.00805095596646018	8.93926330447473	197.39449049276718	4.094818717332841	0.9985385290254603	45.665145677615875	240.34199860571908	-0.4734471706137512
3.418270066889632	3.3545150501672243	2.6818174688576164	0.00008054868124141678	1.4226512748008109	0.9963904087941785	3.118448547825923	0.007917578171690278	8.937911637660203	197.68378715949308	4.094905971147761	0.9985507305984282	45.704963502129644	240.3526282290571	-0.47423157353231093
3.422484949832776	3.3545150501672243	2.681882325825107	0.00007871487295892641	1.422646373551716	0.9964366843081714	3.118948573746337	0.007786586003655491	8.936581734615492	197.9725190899503	4.094992664802754	0.9985628082455832	45.74476194396589	240.3631806128608	-0.4750035271779807
3.4266998327759195	3.3545150501672243	2.6819461738809647	0.00007692326670626209	1.4226416575586538	0.9964823246943583	3.1194409164159542	0.007657932015984427	8.935273206213184	198.26069624862376	4.0950788031790095	0.9985747635936556	45.784541071051855	240.37365651558136	-0.4757632406349683
3.4309147157190636	3.3545150501672243	2.6820090309897426	0.00007517287354104572	1.4226371229049115	0.9965273397651252	3.1199257086650882	0.007531569835424242	8.933985671241933	198.54832839188174	4.095164391088164	0.9985865982416267	45.82430094982178	240.38405668429942	-0.4765109191879555
3.4351295986622072	3.3545150501672243	2.6820709147634796	0.00007346272839749745	1.4226327657541122	0.9965717391526328	3.120403080671147	0.007407454134115024	8.93271875622491	198.83542507312086	4.095249433273541	0.9985983137613109	45.864041645257345	240.39438185493935	-0.47724676439653574
3.4393444816053513	3.3545150501672243	2.6821318424691585	0.00007179188948198483	1.4226285823483606	0.9966155323128536	3.120873160020178	0.007285540602668516	8.931472095242768	199.12199564776867	4.095333934411439	0.9986099116979257	45.90376322092757	240.40463275248604	-0.47797097416813034
3.443559364548495	3.3545150501672243	2.6821918310359796	0.00007015943768499897	1.422624569006435	0.9966587285295004	3.121336071766763	0.0071657859240273816	8.93024532976091	199.4080492781406	4.095417899112355	0.9986213935706472	45.943465739027374	240.41481009119343	-0.47868374282941234
3.4477742474916386	3.3545150501672243	2.682250897062477	0.0000685644760090444	1.422620722122025	0.9967013369178511	3.1217919384923585	0.007048147748078442	8.92903810846105	199.69359493816225	4.095501331922172	0.9986327608731521	45.983149260414805	240.42491457478656	-0.47938526119637226
3.4519891304347827	3.3545150501672243	2.6823090568234877	0.0000670061290119864	1.4226170381620233	0.9967433664284718	3.12224088036211	0.006932584666998106	8.92785008707696	199.97864141795753	4.095584237323356	0.9986440150741472	46.02281384464784	240.43494689666264	-0.48007571664293813
3.4562040133779264	3.3545150501672243	2.6823663262769624	0.00006548354226538728	1.422613513664862	0.9967848258508409	3.1226830151801876	0.006819056191305401	8.926680928234214	200.26319732830873	4.095666619736149	0.9986551576178857	46.06245955002015	240.4449077400923	-0.48075529316817234
3.4604188963210705	3.3545150501672243	2.6824227210706146	0.00006399588182740342	1.422610145238889	0.9968257238168786	3.1231184584436615	0.006707522726601398	8.925530301293918	200.54727110498982	4.095748483519679	0.998666189924671	46.10208643359537	240.4547977784063	-0.48142417146217925
3.464633779264214	3.3545150501672243	2.6824782565484577	0.00006254233372978999	1.4226069295608026	0.9968660688043834	3.1235473233950275	0.006597945550972685	8.92439788220034	200.83087101298295	4.095829832973158	0.9986771133913498	46.141694551241585	240.46461767519418	-0.48208252897059345
3.4688486622073578	3.3545150501672243	2.6825329477571382	0.00006112210347863971	1.422603863374101	0.9969058691403795	3.1239697210732897	0.006490286793039025	8.92328335333222	201.1140051505714	4.095910672336895	0.9986879293917911	46.18128395766331	240.47436808447796	-0.48273053995786847
3.4730635451505014	3.3545150501672243	2.682586809452192	0.00005973441556840794	1.422600943487603	0.996945133004376	3.1243857603638086	0.006384509410624094	8.92218640335781	201.39668145332462	4.095991005793479	0.9986986392773564	46.220854706434345	240.48404965090472	-0.4833683755691233
3.4772784280936455	3.3545150501672243	2.6826398561041396	0.000058378513008872906	1.422598166773996	0.996983868431543	3.1247955480468286	0.006280577170030468	8.92110672709353	201.67890769797202	4.096070837468837	0.9987092443773568	46.26040685002884	240.49366300992375	-0.4839962038908726
3.481493311036789	3.3545150501672243	2.6826921019044025	0.000057053656864649456	1.4225955301684026	0.9970220833158042	3.1251991888447064	0.006178454625900274	8.920044025365968	201.96069150616418	4.0961501714332105	0.9987197459995	46.29994043985099	240.5032087879527	-0.48461419001044936
3.4857081939799333	3.3545150501672243	2.6827435607711756	0.000055759125806869784	1.4225930306670254	0.9970597854128517	3.1255967854680335	0.006078107101641877	8.918998004877448	202.24204034814036	4.0962290117023015	0.9987301454303271	46.339455526265574	240.51268760256121	-0.48522249607415746
3.489923076923077	3.3545150501672243	2.6827942463550927	0.000054494215676715376	1.4225906653257896	0.9970969823430819	3.125988438660489	0.005979500670407203	8.91796837807484	202.52296154628826	4.09630736223821	0.9987404439356385	46.37895215862607	240.52210006263053	-0.485821281344371
3.4941379598662206	3.3545150501672243	2.6828441720448093	0.000053258239060433305	1.4225884312590436	0.9971336815944578	3.1263742472425857	0.005882602136600671	8.916954863021557	202.8034622786086	4.096385226950476	0.9987506427609101	46.41843038530307	240.53144676852344	-0.48641070225529603
3.4983528428093646	3.3545150501672243	2.6828933509724435	0.00005205052487552205	1.4225863256382796	0.9971698905252981	3.1267543081542915	0.00578737901790452	8.91595718327277	203.08354958208636	4.096462609697027	0.9987607431316992	46.457890253711355	240.54072831224153	-0.48699091246773013
3.5025677257525083	3.3545150501672243	2.6829417960189037	0.000050870417967760086	1.422584345690897	0.9972056163669957	3.127128716496578	0.005693799527803908	8.914975067753664	203.3632303559697	4.096539514285157	0.9987707462540423	46.49733181033648	240.54994527758572	-0.4875620629226078
3.5067826086956524	3.3545150501672243	2.6829895198191047	0.000049717278718772954	1.422582488698996	0.9972408662266672	3.127497565571915	0.0056018325585970846	8.91400825064069	203.64251136496097	4.0966159444724815	0.9987806533148418	46.53675510076093	240.55909824031278	-0.4881243018934642
3.510997491638796	3.3545150501672243	2.6830365347670524	0.00004859048266384206	1.4225807519981934	0.9972756470897371	3.1278609469237315	0.005511447664874856	8.91305647124571	203.92139924232043	4.096691903967842	0.9987904654822454	46.5761601696889	240.568187768284	-0.4886777750378342
3.5152123745819397	3.3545150501672243	2.6830828530208275	0.000047489420119657046	1.4225791329764756	0.9973099658224563	3.1282189503748885	0.0054226150474558765	8.912119473902992	204.1999004928877	4.096767396432206	0.9988001839060149	46.61554706097094	240.57721442161375	-0.4892226254476093
3.5194272575250833	3.3545150501672243	2.683128486507465	0.000046413495821740217	1.422577629073085	0.9973438291743586	3.128571664065199	0.005335305537763077	8.911197007858966	204.4780214960227	4.0968424254796	0.9988098097178885	46.654915817627995	240.5861787528198	-0.4897589936982655
3.5236421404682274	3.3545150501672243	2.6831734469277073	0.000045362128571268375	1.4225762377774216	0.9973772437806553	3.1289191744879883	0.005249490582628426	8.910288827164711	204.75576850846724	4.0969169946779305	0.9988193440319328	46.69426648187436	240.59508130696003	-0.49028701789723134
3.5278570234113715	3.3545150501672243	2.683217745760678	0.0000443347508910241	1.422574956627986	0.9974102161645721	3.1292615665257584	0.005165142229512285	8.909394690570986	205.03314766713115	4.096991107549891	0.9988287879448885	46.73359909514055	240.6039226217776	-0.49080683373109757
3.532071906354515	3.3545150501672243	2.6832613942684245	0.000043330808690230835	1.4225737832113348	0.997442752739627	3.1295989234849437	0.005082233112125673	8.908514361425887	205.31016499180367	4.097064767573753	0.9988381425365059	46.77291369809487	240.61270322783287	-0.4913185745119727
3.536286789297659	3.3545150501672243	2.683304403500386	0.000042349760938013186	1.4225727151610774	0.9974748598118539	3.1299313271298344	0.005000736436442057	8.907647607574953	205.58682638779538	4.097137978184234	0.9988474088698756	46.812210330665415	240.62142364864215	-0.4918223712228083
3.5405016722408025	3.3545150501672243	2.6833467842977523	0.00004139107934525139	1.4225717501568835	0.9975065435819702	3.1302588577156336	0.00492062596708819	8.906794201263747	205.8631376485089	4.097210742773287	0.9988565879917488	46.851489032060485	240.630084400807	-0.49231835256184736
3.5447165551839466	3.3545150501672243	2.683388547297718	0.00004045424805459723	1.42257088592352	0.9975378101474935	3.130581594020704	0.0048418760141017685	8.905953919042714	206.1391044579419	4.097283064690873	0.9988656809328526	46.89074984078888	240.638685994141	-0.49280664498613097
3.54893143812709	3.3545150501672243	2.6834297029376684	0.000039538763338416165	1.4225701202299197	0.9975686655048057	3.1308996133780402	0.004764461420044862	8.905126541674433	206.4147323931267	4.097354947245781	0.9988746887081963	46.92999279467991	240.64722893180016	-0.4932873727540788
3.5531463210702343	3.3545150501672243	2.683470261459238	0.00003864413330445245	1.4225694508882532	0.9975991155511682	3.1312129917059344	0.004688357547463072	8.904311854043044	206.6900269265043	4.097426393706324	0.9988836123173721	46.96921793090212	240.65571371039934	-0.4937606579672923
3.557361204013378	3.3545150501672243	2.6835102329123264	0.00003776987760898961	1.422568875753049	0.9976291660866882	3.1315218035379346	0.004613540266679348	8.903509645065888	206.96499342823853	4.097497407301178	0.9988924527448486	47.00842528598267	240.66414082014327	-0.4942266206113375
3.5615760869565216	3.3545150501672243	2.683549627158975	0.000036915527177316044	1.4225683927203099	0.9976588228162381	3.1318261220520323	0.004539985943913045	8.902719707607273	207.2396371684696	4.097567991220019	0.998901210960257	47.047614895824836	240.6725107449347	-0.4946853785958829
3.5657909698996653	3.3545150501672243	2.683588453877202	0.00003608062393128418	1.422567999726666	0.9976880913513297	3.1321260190991658	0.0044676714297143755	8.901941838394292	207.51396331950886	4.097638148614287	0.9989098879186721	47.08678679572611	240.68082396249542	-0.4951370477938497
3.5700058528428094	3.3545150501672243	2.6836267225647243	0.00003526472052377573	1.4225676947485435	0.9977169772119431	3.1324215652310254	0.004396574047704564	8.901175837934682	207.78797695797937	4.097707882597874	0.998918484560886	47.12594102039518	240.68908094447784	-0.4955817420798653
3.5742207357859535	3.3545150501672243	2.6836644425426233	0.00003446738007988423	1.422567475801355	0.9977454858283132	3.1327128297271907	0.004326671583613442	8.900421510436637	208.0616830668998	4.097777196247831	0.9989270018136762	47.16507760396901	240.69728215657906	-0.496019573367853
3.578435618729097	3.3545150501672243	2.68370162295891	0.000033688175944633686	1.4225673409387052	0.9977736225426737	3.1329998806216075	0.004257942274604822	8.899678663730535	208.33508653771628	4.097846092605027	0.9989354405900674	47.2041965800289	240.70542805864653	-0.49645065164789876
3.5826505016722408	3.3545150501672243	2.683738272792021	0.00003292669143705658	1.4225672882516174	0.9978013926109599	3.1332827847284346	0.004190364798881995	8.898947109192537	208.60819217228263	4.097914574674798	0.998943801789588	47.24329798161631	240.7135191047852	-0.49687508502238387
3.5868653846153844	3.3545150501672243	2.683774400854238	0.00003218251961045783	1.4225673158677792	0.9978288012044734	3.133561607667263	0.004123918265564399	8.898226661669973	208.88100468478908	4.097982645427605	0.9989520862985202	47.28238184124844	240.72155574346144	-0.4972929797413078
3.5910802675585285	3.3545150501672243	2.6838100157950366	0.00003145526301870112	1.422567421950803	0.9978558534115053	3.1338364138877517	0.004058582204828161	8.897517139408547	209.15352870364515	4.098050307799668	0.9989602949901453	47.32144819093314	240.72953841760588	-0.49770444023695337
3.595295150501672	3.3545150501672243	2.6838451261043614	0.00003074453348835534	1.4225676046995108	0.9978825542389257	3.1341072666936642	0.003994336558302524	8.896818363981232	209.42576877331302	4.098117564693597	0.9989684287249831	47.36049706218371	240.73746756471462	-0.4981095691577938
3.5995100334448162	3.3545150501672243	2.6838797401158176	0.00003004995189654289	1.4225678623472218	0.9979089086137322	3.1343742282663305	0.0039311616697145346	8.89613016021885	209.69772935609572	4.098184418978963	0.9989764883510263	47.399528486032764	240.7453436169428	-0.4985084674017992
3.60372491638796	3.3545150501672243	2.6839138660098225	0.00002937114795433996	1.4225681931610745	0.9979349213845663	3.1346373596875736	0.003869038275775375	8.895452356142279	209.9694148338811	4.098250873492953	0.9989844747039693	47.4385424930466	240.75316700120698	-0.49890123414890936
3.6079397993311035	3.3545150501672243	2.6839475118166516	0.000028707759995580216	1.4225685954413463	0.997960597323194	3.134896720962071	0.0038079474973006858	8.894784782896277	210.24082950984146	4.098316931040886	0.9989923886074333	47.477539113338025	240.7609381392717	-0.4992879668930293
3.612154682274247	3.3545150501672243	2.683980685419448	0.000028059434770917778	1.422569067520799	0.9979859411259517	3.135152371039212	0.003747870830558542	8.894127274684857	210.51197761009269	4.098382594396812	0.9990002308731847	47.51651837657972	240.76865744784436	-0.49966876147326683
3.6163695652173913	3.3545150501672243	2.6840133945571654	0.000027425827247010255	1.4225696077640446	0.998010957415161	3.1354043678344428	0.0036887901388384767	8.893479668708117	210.78286328531146	4.098447866304114	0.9990080023013497	47.55548031201742	240.77632533867023	-0.5000437121044831
3.6205844481605354	3.3545150501672243	2.6840456468274203	0.000026806600410689446	1.4225702145669052	0.9980356507405104	3.135652768250085	0.003630687644235212	8.892841805100641	211.05349061231195	4.098512749475962	0.9990157036806249	47.59442494848131	240.78394221860893	-0.5004129114074235
3.624799331103679	3.3545150501672243	2.6840774496893265	0.00002620142507798241	1.4225708863558142	0.9980600255804063	3.13589762819572	0.00357354591964085	8.892213526871268	211.32386359558694	4.0985772465959505	0.9990233357884821	47.633352314399175	240.79150848973373	-0.5007764504380069
3.6290142140468227	3.3545150501672243	2.6841088104662245	0.000025609979707861717	1.4225716215872046	0.9980840863432944	3.136139002608046	0.0035173478809397193	8.891594679844252	211.59398616880694	4.0986413603185525	0.9990308993913696	47.672262437807284	240.79902454940648	-0.5011344187161835
3.6332290969899663	3.3545150501672243	2.6841397363483877	0.00002503195022059692	1.4225724187469337	0.9981078373689495	3.1363769454703228	0.003462076779400068	8.890985112601857	211.86386219628739	4.098705093269659	0.9990383952449086	47.71115534636222	240.80649079036354	-0.5014869042541665
3.6374439799331104	3.3545150501672243	2.68417023439564	0.000024467029820588298	1.4225732763496972	0.99813128292974	3.1366115098313236	0.003407716194257137	8.890384676428182	212.13349547441572	4.098768448047062	0.9990458240940856	47.75003106735159	240.81390760079455	-0.5018339935840748
3.641658862876254	3.3545150501672243	2.6842003115399624	0.000023914918823562873	1.4225741929384885	0.9981544272318607	3.1368427478239136	0.003354250025481852	8.889793225254383	212.40288973304993	4.098831427221017	0.9990531866734413	47.78888962770563	240.82127536442977	-0.5021757717849984
3.645873745819398	3.3545150501672243	2.684229974587982	0.00002337532448802664	1.4225751670840305	0.9981772744165418	3.1370707106831257	0.0033016624867305004	8.889210615605064	212.67204863687667	4.098894033334621	0.9990604837072545	47.82773105400661	240.82859446060485	-0.502512322509636
3.650088628762542	3.3545150501672243	2.6842592302234607	0.000022847960850852188	1.4225761973842521	0.9981998285612294	3.137295448763884	0.0032499380984698147	8.888636706545961	212.94097578674157	4.0989562689043515	0.9990677159097225	47.86655537249969	240.83586526434507	-0.502843728010257
3.6543035117056855	3.3545150501672243	2.6842880850097166	0.000022332548566901294	1.4225772824637646	0.9982220936807398	3.137517011558312	0.00319906168127263	8.888071359632802	213.2096747209476	4.0990181364205425	0.9990748839851381	47.90536260910296	240.8430881464409	-0.5031700691642039
3.658518394648829	3.3545150501672243	2.6843165453919724	0.000021828814752577737	1.4225784209733408	0.9982440737283907	3.1377354477126196	0.0031490183492796737	8.887514438861329	213.47814891651947	4.099079638347777	0.9990819886280623	47.94415278941655	240.85026347351405	-0.5034914254989369
3.662733277591973	3.3545150501672243	2.684344617699683	0.000021336492833204507	1.4225796115894203	0.9982657725971066	3.1379508050436424	0.003099793503822519	8.886965810618477	213.746401790441	4.099140777125375	0.9990890305234938	47.98292593873245	240.85739160809393	-0.5038078752165157
3.6669481605351173	3.3545150501672243	2.684372308148802	0.000020855322394131566	1.4225808530136197	0.9982871941204992	3.138163130554997	0.00305137282720328	8.88642534363463	214.01443670086272	4.099201555167834	0.9990960103470347	48.021682082043604	240.86447290868745	-0.5041194952175432
3.671163043478261	3.3545150501672243	2.684399622843994	0.00002038504903547504	1.4225821439722472	0.9983083420739274	3.138372470452863	0.003003742276627043	8.885892908937008	214.28225694827964	4.09926197486521	0.9991029287650524	48.06042124405245	240.8715077298429	-0.5044263611248098
3.6753779264214046	3.3545150501672243	2.6844265677808097	0.000019925424230396753	1.4225834832158357	0.9983292201755323	3.1385788701614206	0.0029568880782823363	8.885368379804042	214.54986577668245	4.099322038583569	0.9991097864348393	48.099143449179905	240.8784964222213	-0.5047285473062694
3.6795928093645482	3.3545150501672243	2.6844531488478225	0.000019476205186829988	1.4225848695186882	0.9983498320872506	3.138782374337965	0.0029107967215658576	8.884851631720869	214.817266374684	4.099381748665415	0.9991165840047679	48.13784872157389	240.88543933266334	-0.505026126897667
3.6838076923076923	3.3545150501672243	2.6844793718286875	0.000019037154712569647	1.4225863016784157	0.998370181415807	3.1389830268876273	0.0028654549534476237	8.884342542335725	215.08446187661417	4.099441107430016	0.9991233221144435	48.176537085116806	240.89233680424542	-0.5053191718247627
3.688022575250836	3.3545150501672243	2.684505242404197	0.0000186080410836332	1.4225877785155077	0.9983902717136853	3.1391808709778277	0.002820849772972373	8.88384099141737	215.3514553635936	4.099500117173861	0.9991300013948535	48.215208563434146	240.89918917635077	-0.5056077528249625
3.69223745819398	3.3545150501672243	2.6845307661542708	0.000018188637915814803	1.4225892988728974	0.9984101064800788	3.139375949052389	0.0027769684258936804	8.883346860813498	215.61824986458342	4.099558780171016	0.9991366224685132	48.25386317990193	240.905996784727	-0.5058919394686723
3.6964523411371237	3.3545150501672243	2.6845559485599138	0.000017778724039348186	1.4225908616155392	0.9984296891618214	3.1395683028453254	0.0027337983994372966	8.882860034410005	215.88484835740653	4.099617098673512	0.9991431859496097	48.29250095765435	240.9127599615486	-0.5061718001801667
3.7006672240802674	3.3545150501672243	2.684580795005118	0.000017378083376602774	1.4225924656299962	0.9984490231542982	3.139757973394344	0.002691327417190042	8.882380398091206	216.15125376974913	4.09967507491169	0.9991496924441416	48.33112191959077	240.91947903547305	-0.5064474022580499
3.704882107023411	3.3545150501672243	2.684605310778744	0.000016986504822731614	1.4225941098240338	0.9984681118023383	3.1399450010540457	0.0026495434341108877	8.881907839700922	216.4174689801376	4.099732711094569	0.9991561425500572	48.36972608838311	240.92615433170025	-0.5067188118953202
3.709096989966555	3.3545150501672243	2.6846295010763557	0.000016603782129200378	1.422595793126228	0.998486958401088	3.140129425508846	0.002608434631661002	8.881442249004452	216.68349681889467	4.099790009410221	0.9991625368573884	48.40831348648271	240.9327861720306	-0.5069860941990554
3.713311872909699	3.3545150501672243	2.684653371002008	0.00001622971379012296	1.422597514485572	0.998505566196867	3.1403112857855904	0.0025679894130496176	8.880983517651332	216.94934006907076	4.099846972026067	0.9991688759483831	48.446884136126805	240.9393748749164	-0.5072493132096936
3.717526755852843	3.3545150501672243	2.6846769255700105	0.00001586410293133345	1.422599272871098	0.9985239383880059	3.1404906202659286	0.0025281963985924164	8.880531539138971	217.21500146735835	4.099903601089253	0.9991751603976343	48.48543805934523	240.94592075552	-0.5075085319199494
3.7217416387959865	3.3545150501672243	2.6847001697066526	0.000015506757202124437	1.4226010672715095	0.9985420781256672	3.140667466698404	0.002489044421179616	8.880086208777056	217.48048370498302	4.099959898726974	0.9991813907722072	48.523975277966784	240.95242412576565	-0.5077638122933466
3.72595652173913	3.3545150501672243	2.6847231082518777	0.000015157488669587387	1.4226028966948077	0.9985599885146499	3.1408418622102707	0.0024505225218508474	8.879647423652731	217.74578942857428	4.100015867046769	0.999187567631763	48.56249581362514	240.9588852943894	-0.5080152152824325
3.7301714046822743	3.3545150501672243	2.684745745960955	0.000014816113715486016	1.4226047601679463	0.9985776726141764	3.1410138433190973	0.0024126199454738233	8.879215082596588	218.01092124102047	4.1000715081368915	0.9991936915286802	48.60099968776529	240.96530456699622	-0.5082628008465797
3.734386287625418	3.3545150501672243	2.68476808750607	0.000014482452935604466	1.4226066567364666	0.9985951334386649	3.141183445944059	0.0023753261365243444	8.87878908614929	218.27588170229777	4.100126824066541	0.9991997630081751	48.639486921648654	240.97168224610047	-0.5085066279695081
3.738601170568562	3.3545150501672243	2.6847901374779326	0.000014156331041501684	1.4226085854641706	0.9986123739584853	3.141350705417057	0.002338630734964528	8.878369336529051	218.540673330289	4.1001818168862405	0.9992057826084174	48.67795753635943	240.97801863118366	-0.5087467546763919
3.7428160535117057	3.3545150501672243	2.6848119003873157	0.00001383757676461878	1.4226105454327747	0.9986293971007004	3.1415156564935556	0.002302523572217212	8.877955737599743	218.80529860157816	4.100236488628098	0.9992117508606456	48.716411552809696	240.98431401873842	-0.5089832380507076
3.7470309364548493	3.3545150501672243	2.684833380666576	0.000013526022762676335	1.4226125357415818	0.9986462057497918	3.141678333363194	0.0022669946672336156	8.877548194839664	219.06975995222922	4.100290841306088	0.999217668289279	48.75484899174475	240.9905687023146	-0.509216134250723
3.751245819397993	3.3545150501672243	2.6848545826711496	0.000013221505528305482	1.4226145555071648	0.9986628027483714	3.141838769660208	0.002232034222651928	8.877146615311105	219.33405977855017	4.10034487691637	0.9992235354120279	48.79326987374859	240.99678297256904	-0.5094454985256814
3.755460702341137	3.3545150501672243	2.684875510680993	0.00001292386529986014	1.4226166038630406	0.9986791908978795	3.1419969984735716	0.0021976326210446464	8.8767509076304	219.59820043783503	4.100398597437511	0.9992293527400016	48.831674219248356	241.00295711730382	-0.5096713852316669
3.759675585284281	3.3545150501672243	2.684896168902036	0.000012632945974350888	1.4226186799593723	0.9986953729592681	3.1421530523569965	0.002163780421252001	8.876360981938785	219.86218424909637	4.100452004830829	0.9992351207778143	48.87006204851999	241.00909142151926	-0.509893847847154
3.763890468227425	3.3545150501672243	2.6849165614675576	0.000012348595022454371	1.4226207829626547	0.9987113516536709	3.1423069633386547	0.002130468354799623	8.875976749873725	220.12601349377508	4.100505101040601	0.9992408400236886	48.90843338169237	241.01518616745028	-0.5101129389882828
3.7681053511705684	3.3545150501672243	2.6849366924395657	0.000012070663405541328	1.4226229120554212	0.9987271296630608	3.142458762930746	0.002097687322397961	8.875598124541005	220.38969041644046	4.100557887994337	0.9992465109695579	48.94678823875208	241.0212416346097	-0.5103287104238745
3.772320234113712	3.3545150501672243	2.6849565658101486	0.000011799005494676622	1.4226250664359577	0.9987427096308937	3.1426084821388574	0.002065428390521509	8.8752250204873	220.6532172254724	4.100610367603082	0.9992521341011656	48.98512663954828	241.02725809983562	-0.5105412130900423
3.776535117056856	3.3545150501672243	2.6849761855027676	0.000011533478991543138	1.4226272453180018	0.9987580941627403	3.1427561514710853	0.002033682788065959	8.87485735367334	220.91659609372687	4.1006625417615785	0.9992577098981635	49.02344860379631	241.03323583732185	-0.5107504971046825
3.78075	3.3545150501672243	2.6849955553735674	0.000011273944851238667	1.4226294479304782	0.9987732858269054	3.1429018009470453	0.00200244190308077	8.87449504144773	221.1798291591929	4.100714412348595	0.9992632388342074	49.06175415108267	241.03917511866695	-0.5109566117815715