3.422484949832776	1.	4.856631944328515	5.0377796898928856e-11	4.7745383897032045	0.9999999999275002	6.195333450725826	4.742597099600808e-6	12.769137273468445	477.289664659206	13.785246432814407	0.999996903204219	102.90173001859738	241.9639805095971	2.9006186232726394
3.422484949832776	1.0367892976588629	4.768417261896452	9.05196547127021e-11	4.6051138713985384	0.9999999998084145	6.0725293265351095	6.238067773177514e-6	12.635499741273826	465.28230308727854	13.296016345401423	0.9999957152480315	100.55548953733073	241.96319816485646	2.7886233524408355
3.422484949832776	1.0735785953177257	4.684981485246873	1.5750392194328607e-10	4.447299619245666	0.9999999995281885	5.956169161768294	8.09517060417417e-6	12.507057494027443	453.95321833027043	12.840296793253538	0.9999942056442421	98.33599009612072	241.96207095781767	2.6820394280469673
3.422484949832776	1.1103678929765886	4.605913448764559	2.661277245289208e-10	4.299941402882467	0.9999999989094068	5.84572202088135	0.000010375848152058046	12.383505517053237	443.244954787045	12.414754244989501	0.9999923239452059	96.23243586599148	241.9605159646875	2.5803206169721244
3.422484949832776	1.1471571906354514	4.5308491813249585	4.377296522879026e-10	4.162033055687874	0.9999999976190647	5.740715377348207	0.00001314827887492027	12.264560783129134	433.1064084412651	12.016482817892927	0.9999900187389043	94.23526467068648	241.95844459259567	2.4830014102453712
3.422484949832776	1.1839464882943145	4.459465235394761	7.024035623141896e-10	4.032693473542313	0.9999999950638868	5.640727144434577	0.000016487008155499557	12.14996071798687	423.49196955429375	11.642937884074628	0.9999872385019373	92.33597344689288	241.95576429183845	2.3896815583074673
3.422484949832776	1.2207357859531773	4.391473125850331	1.1017357588316009e-9	3.9111477723131745	0.9999999902355092	5.54537899268631	0.00002047305291260901	12.039461701875911	414.3608008283763	11.29188167774361	0.9999839324109653	90.52697296860862	241.95238033983793	2.3000142005824884
3.422484949832776	1.2575250836120402	4.326614667517945	1.6921323428485833e-9	3.79671175233151	0.9999999814915626	5.454330715609103	0.00002519398201499699	11.93283763502053	405.67622665476546	10.961338444960482	0.9999800510894834	88.80146619984964	241.94819762158676	2.2136966205145048
3.422484949832776	1.294314381270903	4.264658045357049	2.548801851315786e-9	3.6887790118432005	0.9999999662585612	5.367275454674828	0.00003074397492048313	11.829878582805103	397.4052139641985	10.649557236727505	0.9999755472734204	87.15334585600773	241.94312234478022	2.1304629510851534
3.422484949832776	1.3311036789297659	4.205394485584103	3.770455221050188e-9	3.58681019694718	0.9999999406435292	5.28393563303121	0.00003722386109989693	11.7303895084965	389.5179290152803	10.354980866519787	0.9999703763851204	85.57710768183976	241.93706364200483	2.0500783515433505
3.422484949832776	1.3678929765886287	4.14863542256408	5.484780733768951e-9	3.4903239858340074	0.9999998989436804	5.204059476976872	0.00004474114288260655	11.634189096006525	381.98735745080205	10.07621987182173	0.9999644970105391	84.06777666748148	241.92993502598105	1.972334309171958
3.422484949832776	1.4046822742474916	4.094210076930566	7.85474607304642e-9	3.398889489433986	0.9999998330470069	5.127418027480631	0.00005341000438734487	11.541108661759324	374.7889773161503	9.812030562561388	0.9999578712788718	82.62084397671453	241.92165567615515	1.8970448121439158
3.422484949832776	1.4414715719063544	4.041963376560815	1.1085773128233606e-8	3.31211981551122	0.9999997317212566	5.053802562308936	0.0000633513091870206	11.450991152567749	367.9004766120113	9.561296426711177	0.999950465147304	81.2322127931862	241.91215154532767	1.824043204531022
3.422484949832776	1.4782608695652173	3.991754164784547	1.54338239031672e-8	3.2296665936179734	0.9999995797941367	4.983022363822811	0.00007469258930695086	11.3636902251343	361.3015084544163	9.323012308682037	0.9999422485961923	79.89815162934502	241.90135628348997	1.75317958107457
3.422484949832776	1.5150501672240804	3.943453650329549	2.121442802463805e-8	3.151215297684302	0.9999993572332811	4.914902779071102	0.00008756802807951564	11.2790694020943	354.9734781211636	9.096270889686942	0.9999331957418212	78.61525391099657	241.88921198241025	1.6843186131300238
3.422484949832776	1.5518394648829432	3.896944061594927	2.8812674090930112e-8	3.0764812339740475	0.999999038140197	4.849283528089223	0.00010211843928098831	11.197001299217078	348.89935723800915	8.88025108854308	0.9999232848750637	77.38040286378066	241.8756697491919	1.617337722071598
3.422484949832776	1.588628762541806	3.8521174743407056	3.86941786406958e-8	3.00520608663601	0.9999985896776433	4.786017223804014	0.00011849124486398539	11.117366918340602	343.0635211491477	8.674208072041562	0.9999124984348935	76.19074089867821	241.86069012005882	1.5521255349671108
3.422484949832776	1.625418060200669	3.808874787131994	5.141703803141199e-8	2.9371549325815702	0.9999979709543543	4.724968073024468	0.00013684045347673001	11.040055000743273	337.4516061620553	8.477464620265742	0.9999008229258809	75.04364283116765	241.8442433274027	1.4885805712847662
3.422484949832776	1.6622073578595318	3.767124823139263	6.764476015401867e-8	2.8721136530337708	0.9999971318944206	4.6660107329564084	0.0001573266418327107	10.964961435888895	332.05038388594187	8.28940363727881	0.9998882487886471	73.93669237996268	241.82630943393897	1.4266101200102987
3.422484949832776	1.6989966555183946	3.7267835403758043	8.816016481861211e-8	2.809886681661245	0.999996012120824	4.609029301743339	0.0001801169408651786	10.891988720774041	326.8476503188016	8.109461633859413	0.999874770231839	72.86766148183574	241.8068783478489	1.366129274710143
3.422484949832776	1.7357859531772575	3.6877733353071513	1.1388023395000604e-7	2.750295039380108	0.9999945398834599	4.553916424882735	0.00020538502847378367	10.821045465431123	321.8321276983947	7.937123038307216	0.9998603850336056	71.83449203311666	241.78594973237173	1.3070601004007898
3.422484949832776	1.7725752508361203	3.6500224271180706	1.458718855388415e-7	2.6931746141769985	0.999992631061542	4.500572502135722	0.00023331113054815558	10.752045940474817	316.9933774316762	7.771915215204148	0.9998450943198587	70.83527972934033	241.76353282253152	1.2493309110295894
3.422484949832776	1.8093645484949832	3.6134643118680736	1.853686386936535e-7	2.6383746510642068	0.9999901882685649	4.448904981848544	0.0002640820318378055	10.684909662912245	312.3217226666222	7.613404091519402	0.9998289023258461	69.86825972480293	241.73964616080764	1.192875640269449
3.422484949832776	1.8461538461538463	3.578037277382502	2.337881312061084e-7	2.5857564228252903	0.9999871000852439	4.398827731523024	0.0002978910981310894	10.619561016758505	307.8081792790743	7.461190305454453	0.999811816146784	68.93179387549009	241.7143172625537	1.1376332914241714
3.422484949832776	1.882943143812709	3.5436839710744845	2.9275044583458124e-7	2.5351920567840236	0.9999832404421866	4.350260475080386	0.00033493831110945695	10.555928905304638	303.4443942224651	7.314905806623792	0.9997938454825344	68.02435936359255	241.68758222104051	1.0835474547153845
3.422484949832776	1.919732441471572	3.5103510140219756	3.6409719707608435e-7	2.4865634966176495	0.9999784681697117	4.3031282886137205	0.0003754303171577348	10.493946432171665	299.2225903359443	7.174210847094819	0.9997750023805639	67.14453853089573	241.6594852611455	1.0305658822135908
3.422484949832776	1.9565217391304348	3.4779886555724935	4.4991132656712025e-7	2.439761581385212	0.9999726267274931	4.257361147563754	0.0004195804913373922	10.433550608550215	295.1355168312181	7.038791311892316	0.9997553009807438	66.29100977273825	241.63007824988	0.9786401122883387
3.422484949832776	1.9933110367892977	3.446550463548142	5.525375524524587e-7	2.394685226571251	0.9999655441217232	4.212893519217087	0.0004676090176676949	10.374682084270425	291.1764047842428	6.90835634515171	0.9997347572648988	65.46253936482141	241.5994201713252	0.9277251367669462
3.422484949832776	2.0301003344481607	3.4159930457998042	6.746034161010054e-7	2.351240694148122	0.9999570330125497	4.1696639952447105	0.0005197429868095824	10.31728490057161	287.33892704789173	6.782636234449453	0.9997133888134497	64.65797411255154	241.56757657289822	0.8777791050668979
3.422484949832776	2.0668896321070234	3.386275799433545	8.190408684326151e-7	2.309340940512772	0.9999468910097583	4.12761495969584	0.0005762165122085564	10.261306262645906	283.6171620784514	6.661380521170932	0.9996912145709735	63.876234727379966	241.5346189894269	0.8287630604537789
3.422484949832776	2.1036789297658864	3.3573606845205077	9.891083378465777e-7	2.2689050327165035	0.9999349011502613	4.0866922884573516	0.0006372708657257876	10.206696330216436	280.0055612343943	6.544356309269653	0.9996682546220577	63.11630984717769	241.50062435104115	0.7806407043095279
3.422484949832776	2.140468227424749	3.3292120195183466	1.1884132222994209e-6	2.229857624728835	0.999920832546971	4.046845076698711	0.000703154633770235	10.15340802457895	276.49891916210635	6.4313467485718645	0.9996445299784308	62.377250628424875	241.46567438052602	0.7333781849054758
3.422484949832776	2.177257525083612	3.3017962959886726	1.4209347494497774e-6	2.192128486599098	0.999904441195235	4.008025391259759	0.0007741238949387498	10.101396850688339	273.09234693155247	6.322149672003663	0.9996200623780197	61.658165847189814	241.42985498542913	0.6869439076831875
3.422484949832776	2.2140468227424748	3.275082010500311	1.6910471464516205e-6	2.1556520803353476	0.9998854709209734	3.970188045314438	0.0008504424201622983	10.050620733007571	269.7812476264089	6.216576368857779	0.9995948740963021	60.95821745375443	241.39325564977742	0.6413083644720079
3.422484949832776	2.250836120401338	3.249039511874112	2.0035430998618163e-6	2.1203671771311607	0.9998636544459906	3.9332903929725473	0.0009323818964699494	10.001039863968582	266.5612941294906	6.114450478568338	0.9995689877700336	60.276616532641775	241.3559688309665	0.5964439794371352
3.422484949832776	2.2876254180602005	3.223640862140215	2.363657363898691e-6	2.0862165112830993	0.9998387145669795	3.8972921417462913	0.0010202221751533628	9.952616563975939	263.4284088739547	6.015606991416183	0.9995424262334304	59.61261962529091	241.31808936343666	0.5523249698319783
3.422484949832776	2.3244147157190636	3.1988597097967353	2.7770906313746576e-6	2.0531464667098076	0.9998103653984249	3.8621551810827914	0.001114251545846368	9.90531515204338	260.3787453604669	5.919891344393719	0.9995152123663338	58.96552537843748	241.27971387773377	0.5089272199311464
3.422484949832776	2.3612040133779266	3.174671174099756	3.250033471919465e-6	2.021106792534453	0.9997783136857786	3.827843425335041	0.0012147670371954818	9.859101826168027	257.4086712603884	5.82715860181743	0.9994873689542537	58.33467148471641	241.24094023407923	0.46622816668037087
3.422484949832776	2.3979933110367893	3.1510517392838664	3.7891903994457863e-6	1.9900503446048567	0.9997422601500002	3.794322669758707	0.001322074745544506	9.813944552687087	254.51475294818525	5.737272711638439	0.9994589185596964	57.71943188656599	241.20186697657306	0.42420669583177156
3.422484949832776	2.4347826086956523	3.1279791577286042	4.4018040110735955e-6	1.9599328502219309	0.9997019008476817	3.7615604582659996	0.0014364901927586807	9.769812963903687	251.69374132258346	5.650105829452107	0.9994298834043039	57.11921421745461	241.1625928101116	0.3828430474680228
3.422484949832776	2.471571906354515	3.105432361200411	5.095679182342302e-6	1.9307126936725698	0.9996569285253221	3.7295259618118237	0.0015583387144742565	9.726678263341485	248.94255879189248	5.565537703170775	0.9994002852612274	56.533457457455434	241.12321610280955	0.3421187299615541
3.422484949832776	2.508361204013378	3.083391379396245	5.879207306146769e-6	1.902350720449211	0.9996070339482771	3.698189866408932	0.0016879558801136845	9.684513138044432	246.25828731243084	5.483455112146324	0.999370145357124	55.96162978271142	241.08383441624596	0.30201644153081264
3.422484949832776	2.5451505016722407	3.0618372650995145	6.7613905703529684e-6	1.8748100582858769	0.9995519071862816	3.6675242698755373	0.0018256879460804819	9.643291677389806	243.63815738087416	5.4037513552451575	0.9993394842831513	55.40322659054411	241.04454406542897	0.26251999865562375
3.422484949832776	2.5819397993311037	3.0407520253333744	7.751866276920019e-6	1.8480559533558536	0.9994912388389999	3.637502586512997	0.0019718923436279202	9.602989297929248	241.07953789180735	5.326325783003524	0.999308321914318	54.85776868390964	241.0054397100945	0.22361427070064632
3.422484949832776	2.6187290969899664	3.02011855796141	8.860931213552986e-6	1.8220556201634832	0.9994247211867493	3.608099458993641	0.0021269382029823936	9.563582673814272	238.57992678095565	5.251083369535808	0.9992766773365519	54.32480060060925	240.96661397853524	0.18528512017036577
3.422484949832776	2.6555183946488294	2.9999205932430657	0.000010099566097374443	1.7967781038260329	0.9993520492532961	3.57929067681177	0.0022912069153954357	9.525049672400195	236.13694238268454	5.1779343203460035	0.9992445687808582	53.80388907417055	240.92815712484702	0.14751934808405484
3.422484949832776	2.6923076923076925	2.9801426399017314	0.000011479460118801214	1.7721941535844685	0.9992729217694171	3.5510531007153383	0.0024650927348971044	9.487369294656549	233.74831543754405	5.106793712611275	0.9992120135639426	53.294621614646005	240.890156720159	0.11030464401524667
3.422484949832776	2.729096989966555	2.9607699353078916	0.000013013035622712402	1.7482761065069612	0.9991870420276948	3.5233645925926966	0.0026490034216285667	9.450521620042089	231.41188169196622	5.037581164874004	0.9991790280347057	52.796605198749184	240.85269737807974	0.07362954038903623
3.422484949832776	2.765886287625418	2.9417883994193144	0.000014713472973056422	1.724997780458709	0.9990941186207595	3.4962039503395723	0.0028433609287417155	9.414487755530388	229.12557503787914	4.970220533402906	0.9991456275260231	52.30946505979493	240.81586051432967	0.03748337067311045
3.422484949832776	2.802675585284281	2.9231845921552413	0.00001659473565625252	1.7023343755080595	0.9989938660568579	3.4695508472763184	0.0030486021349693656	9.37924978849651	226.88742114499487	4.904639632769323	0.9991118263112593	51.83284356883499	240.7797241402562	0.0018562311352983052
3.422484949832776	2.839464882943144	2.90494567391261	0.000018671595688073817	1.6802623830238113	0.9988860052482126	3.4433857757255923	0.003265179625088841	9.344790743197459	224.6955315429911	4.840769978437267	0.9990776375649789	51.36639919920515	240.7443626896799	-0.03326105412708298
3.422484949832776	2.8762541806020065	2.8870593689601263	0.000020959659398133197	1.6587595017935597	0.9987702638691086	3.417689994396506	0.0034935625206250517	9.311094540599665	222.5480981147939	4.778546549389538	0.9990430733273523	50.90980556743636	240.70984687831591	-0.06787696515294901
3.422484949832776	2.9130434782608696	2.8695139314707254	0.000023475393675633746	1.6378045605592129	0.9986463765819984	3.3924454792532797	0.003734237363264615	9.278145961324443	220.44338796571716	4.717907569010554	0.9990081444717741	50.462750544140526	240.6762435948358	-0.10199931532017123
3.422484949832776	2.9498327759197323	2.8522981139750283	0.00002623615276968906	1.6173774464245374	0.9985140851311419	3.367634877575224	0.00398770905357895	9.245930611498853	218.37973863640178	4.658794302622718	0.9989728606752392	50.024935429068975	240.6436158224521	-0.13563527800605715
3.422484949832776	2.9866220735785953	2.835401138038276	0.000029260205747259952	1.5974590386417538	0.9983731383043905	3.3432414649406987	0.004254501847779917	9.214434891313905	216.35555363035581	4.601150870230042	0.9989372303910508	49.596074185069845	240.61202258977713	-0.1687914109076635
3.422484949832776	3.0234113712374584	2.8188126669810267	0.00003256676472161532	1.5780311473306914	0.9982232917646763	3.3192491048911377	0.004535160415353436	9.183645966104995	214.36929822946817	4.544924073162894	0.9989012608234548	49.17589272614839	240.58151894962594	-0.2014736782076289
3.422484949832776	3.060200668896321	2.8025227804799244	0.00003617601397421707	1.5590764567253923	0.998064307753591	3.295642211052239	0.0048302509605326815	9.15355173978098	212.41949557318404	4.490063233442443	0.9988649579038248	48.764128255258285	240.55215598430988	-0.23368747075736612
3.422484949832776	3.096989966555184	2.786521950899226	0.00004010914010307582	1.5405784725800864	0.9978959546701134	3.2724057115085796	0.0051403624106790185	9.124140830438154	210.50472297911324	4.436520044795161	0.998828326268043	48.36052864783927	240.52398083592428	-0.2654376244376264
3.422484949832776	3.1337792642140467	2.7708010212170073	0.000044388363340927796	1.5225214733997152	0.9977180065281062	3.24952501524549	0.005466107674729607	9.09540254800425	208.62360848475484	4.384248434348215	0.9987913692347474	47.964851877467105	240.49703676011217	-0.2967284368457782
3.422484949832776	3.17056856187291	2.755351184421557	0.000049036970197127806	1.504890465189863	0.997530242296622	3.2269859804877115	0.0058081249749444685	9.067326873764168	206.77482759170894	4.333204434125852	0.9987540887841403	47.576865480293115	240.4713632017233	-0.32756368245109757
3.422484949832776	3.2073578595317724	2.740163964264454	0.00005407934758787047	1.4876711394478934	0.9973324451273688	3.2047748847793645	0.006167079255229057	9.039904441625673	204.95710019534815	4.283346061548237	0.9987164855370723	47.19634605524168	240.44699589084433	-0.3579466263521549
3.422484949832776	3.2441471571906355	2.725231197266389	0.00005954101863038395	1.4708498341411522	0.9971244014738829	3.182878396662977	0.006543663669321175	9.01312652098683	203.16918768432117	4.234633208206274	0.9986785587341426	46.82307879719003	240.42396695764876	-0.387880036765032
3.422484949832776	3.280936454849498	2.7105450158808435	0.00006544868028800178	1.4544134974400296	0.9969059001070467	3.161283548828171	0.006938601152095076	8.986985001070186	201.40989019559544	4.187027536251749	0.9986403062145772	46.456857060593656	240.4023050645811	-0.4173661963669445
3.422484949832776	3.317725752508361	2.6960978327287903	0.00007183024306461979	1.4383496539933704	0.9966767310315956	3.139977712612267	0.0073526460771460985	8.961472376589636	199.678044011948	4.140492381800879	0.9986017243946682	46.097481951234506	240.3820355544238	-0.44640691261744286
3.422484949832776	3.3545150501672243	2.681882325825107	0.0000787148729589269	1.4226463735517159	0.9964366843081714	3.1189485737463376	0.007786586003655486	8.936581734615496	197.9725190899504	4.094992664802754	0.9985628082455832	45.74476194396589	240.36318061286087	-0.47500352717798566
3.422484949832776	3.391304347826087	2.667891424724239	0.0000861330359010102	1.4072922417601073	0.9961855487853303	3.098184109250897	0.008241243515284238	8.912306742500732	196.2922167075444	4.050494804872337	0.998523551270376	45.39851252450858	240.34575944424014	-0.5031569245509325
3.422484949832776	3.42809364548495	2.6541182975189628	0.00009411654490644067	1.3922763329570162	0.9959231107456963	3.0776725653957855	0.008717478153482455	8.888641636727067	194.63606722131394	4.006966642631112	0.9984839454800574	45.058555853514115	240.32978845928892	-0.530867540060845
3.422484949832776	3.4648829431438126	2.640556338632035	0.00010269861019569397	1.3775881848294884	0.9956491524701934	3.0574024366489767	0.009216188447104288	8.865581212522821	193.00302792451077	3.96437736613823	0.9984439813686083	44.72472045126557	240.31528147367305	-0.5581353673039602
3.422484949832776	3.5016722408026757	2.6271991573458537	0.0001119138925397427	1.363217774786861	0.9953634507239898	3.0373624455491095	0.009738314039555619	8.84312081409525	191.3920809978244	3.9226974420304193	0.9984036478868528	44.39684090151925	240.30224991633713	-0.5849599651968956
3.422484949832776	3.5384615384615383	2.6140405670204814	0.00012179856010568315	1.34915549792674	0.9950657751674751	3.0175415234469245	0.010284837913836888	8.821256325308338	189.80223154580906	3.881898551021862	0.9983629324151342	44.07475757312259	240.29070304672138	-0.6113404647618533
3.422484949832776	3.5752508361204014	2.6010745749550397	0.00013239034908932588	1.3353921464771228	0.9947558866952628	2.9979287920711326	0.01085678871473804	8.799984160621745	188.232505712787	3.841953527444271	0.9983218207347817	43.75831635815574	240.28064818000598	-0.637275575794447
3.422484949832776	3.612040133779264	2.588295372852105	0.00014372862843440491	1.3219188906080463	0.9944335357059041	2.978513545885481	0.011455243166036877	8.779301256088349	186.68194887299882	3.8028363025346774	0.9982802969983885	43.447368425455444	240.27209091969434	-0.6627635935703022
3.422484949832776	3.648829431438127	2.575697327848936	0.00015585446895042686	1.3087272605146674	0.9940984603047028	2.9592852352153076	0.012081328578800123	8.759205060185302	185.14962389073358	3.764521851202407	0.9982383436989729	43.14176998847667	240.26503539691524	-0.6878024057595482
3.422484949832776	3.68561872909699	2.5632749740835403	0.0001688107171525993	1.2958091296816134	0.9937503844417958	2.940233450134584	0.012736225444704747	8.739693524226848	183.63460944720603	3.7269861420292436	0.9981959416381478	42.841382086541145	240.2594845159679	-0.7123894997331124
3.422484949832776	3.722408026755853	2.5510230047675013	0.00018264207415751862	1.283156699245588	0.9933890159874733	2.9213479051181266	0.013421170105613963	8.720765092075418	182.13599843205262	3.690206090276711	0.998153069893482	42.54607037860586	240.2554402057228	-0.7365219704622993
3.422484949832776	3.759197324414716	2.538936264741384	0.0001973951799766574	1.2707624833798195	0.993014044746649	2.9026184244788706	0.014137457487360505	8.702418688830697	180.65289639852668	3.654159513693045	0.9981097057853079	42.255704948766045	240.25290367662643	-0.7601965292333964
3.422484949832776	3.7959866220735785	2.5270097434922576	0.00021311870355563702	1.2586192956298807	0.9926251404144076	2.884034928626844	0.014886443881693572	8.684653708132844	179.18442008280465	3.6188250909288797	0.9980658248433155	41.970160122778154	240.2518756831237	-0.7834095134223511
3.422484949832776	3.8327759197324416	2.515238568616654	0.00022986343890971951	1.2467202361358574	0.9922219504747523	2.8655874212054067	0.015669549755522646	8.667469997666695	177.72969598930916	3.584182322386077	0.9980214007733585	41.68931429495977	240.25235679144438	-0.8061568976010283
3.422484949832776	3.869565217391304	2.503617999716023	0.0002476824077040637	1.2350586796807672	0.9918040980450206	2.847265977181519	0.016488262560781057	8.650867842396458	176.28785904563802	3.5502114933380398	0.9979764054250153	41.41304976488884	240.25434765278885	-0.8284343062760046
3.422484949832776	3.9063545150501673	2.4921434227153645	0.000266630968619763	1.223628264509462	0.9913711796690227	2.829060731990585	0.01734413951128995	8.634847944995387	174.858051332581	3.5168936391720447	0.9979308087605657	41.141252583381146	240.25784928198675	-0.8502370285946187
3.422484949832776	3.94314381270903	2.4808103445996617	0.00028676693383162334	1.212422881866274	0.9909227630627808	2.810961871863616	0.018238810284734785	8.619411402861884	173.43942089689324	3.484210512616049	0.9978845788261931	40.87381240728862	240.26286334183732	-0.8715600353892249
3.422484949832776	3.979933110367893	2.469614388566402	0.000308150692899816	1.2014366662030092	0.9904583848178904	2.792959625494683	0.019173979598087112	8.604559681030837	172.031120656943	3.452144552822218	0.9978376817263809	40.610622362709286	240.26939243332845	-0.8923979989711863
3.422484949832776	4.016722408026756	2.458551289596432	0.00033084534434212016	1.1906639860119381	0.9899775480690094	2.775044257241035	0.020151429593293108	8.590294580198119	170.63230741417942	3.420678856188944	0.9977900816026668	40.3515789162541	240.27744039199592	-0.9127453161295868
3.422484949832776	4.053511705685619	2.4476168904493174	0.00035491683510428964	1.1800994352409155	0.989479720133897	2.75720606208668	0.021173021956591282	8.576618198976046	169.24214098656626	3.389797148811356	0.9977417406181234	40.09658175406272	240.2870125906865	-0.9325961348360107
3.422484949832776	4.090301003344481	2.4368071380933345	0.0003804341080799702	1.169737825249803	0.9889643301367873	2.7394353626430306	0.02224069967919223	8.563532889389334	167.85978348375141	3.3594837604576213	0.997692618949181	39.84553366830583	240.29811624895876	-0.9519443852055671
3.422484949832776	4.127090301003345	2.4261180805841707	0.000407469257745371	1.1595741772689163	0.9884307666288088	2.7217225085075984	0.023356488349044274	8.551041204505843	166.48439874783273	3.3297235999747516	0.997642674786671	39.59834045095253	240.3107607492911	-0.9707838153138802
3.422484949832776	4.1638795986622075	2.4155458644102956	0.00043609769386351936	1.1496037153212675	0.9878783752226687	2.704057878353575	0.024522496842843442	8.539145836976582	165.11515198814894	3.3005021320331958	0.9975918643482687	39.35491079462055	240.32495796016087	-0.9891080325192456
3.422484949832776	4.20066889632107	2.4050867323267546	0.0004663983130743208	1.1398218595709577	0.9873064562630004	2.6864318851792732	0.02574091726419306	8.527849547138358	163.7512096435979	3.2718053551243362	0.9975401419048362	39.11515620036306	240.34072256592472	-1.0069105509856524
3.422484949832776	4.237458193979933	2.3947370217023805	0.0004984536780159173	1.130224220060015	0.9867142625586688	2.6688349852055975	0.027014023947877108	8.517155079214655	162.3917395114945	3.243619780728417	0.9974874598235154	38.87899089227131	240.35807240314338	-1.0241848461436516
3.422484949832776	4.274247491638796	2.3844931634085302	0.0005323502034143712	1.1208065907955722	0.9861009972089807	2.6512576909716867	0.028344171321668988	8.507065064044113	161.03591118795416	3.2159324135739933	0.9974337686307887	38.6463317388031	240.377028802785	-1.0409244168568157
3.422484949832776	4.311036789297659	2.3743516812793377	0.0005681783483298307	1.111564944148104	0.9854658115621712	2.633690589240413	0.02973379038630419	8.497581906678995	159.68289687101338	3.1887307329114263	0.9973790170991029	38.41709818075721	240.3976169372655	-1.0571228560788042
3.422484949832776	4.3478260869565215	2.3643091921746677	0.00060603281345266	1.1024954255199502	0.9848078033517172	2.61612436438491	0.031185383541811728	8.48870765714305	158.33187258409592	3.162002674724652	0.997323152361024	38.19121216582726	240.4198661708636	-1.0727739307804134
3.422484949832776	4.384615384615385	2.3543624066763815	0.0006460127420013445	1.0935943482412511	0.9841260150638814	2.598549827979874	0.032701517455307916	8.480443862633528	156.98201988366685	3.1357366148056878	0.9972661200552447	37.96859808966409	240.4438104114381	-1.0878716718918815
3.422484949832776	4.421404682274248	2.344508130445883	0.0006882219223841196	1.0848581886478468	0.9834194325982737	2.580957955361937	0.03428481363313895	8.472791399517323	155.63252812062217	3.109921352615627	0.9972078645090657	37.74918274335748	240.46948846061719	-1.102410474932013
3.422484949832776	4.45819397993311	2.3347432662658267	0.000732768990350028	1.076283581292927	0.9826869842918845	2.5633399299452018	0.03593793633102042	8.46575028363109	154.28259732963872	3.0845460958551096	0.9971483289621909	37.53289526721957	240.49694435885226	-1.116385211870379
3.422484949832776	4.494983277591973	2.3250648167801122	0.0007797676278800429	1.0678673142410868	0.9819275403856204	2.5456871960715044	0.03766357741248077	8.459319457678356	152.93144182361	3.0596004456648793	0.9970874558367672	37.31966711069576	240.52622772067807	-1.1297913545802454
3.422484949832776	4.531772575250836	2.3154698879335824	0.0008293367555654215	1.0596063243904912	0.9811399130203373	2.527991521129937	0.03946443775226158	8.453496554958212	151.5782945705902	3.0350743823749253	0.9970251870585093	37.10943199815641	240.5573940544554	-1.142625109971803
3.422484949832776	4.568561872909699	2.3059556930950404	0.0008816007147089096	1.0514976927661552	0.9803228568560164	2.5102450675831833	0.041343204782129946	8.448277639295304	150.22241242723067	3.010958251717883	0.9969614644334069	36.90212590021975	240.5905050596399	-1.1548835665339583
3.422484949832776	4.605351170568562	2.296519557823543	0.0009366894348923826	1.043538639725419	0.979475070412138	2.4924404753749503	0.04330252579765433	8.443656921908838	148.86308229424745	2.9872427514196276	0.9968962300838554	36.697687010124945	240.62562889330718	-1.1665648515437392
3.422484949832776	4.642140468227424	2.28715892520793	0.0009947385823197421	1.0357265200160042	0.9785951982283833	2.474570954947671	0.04534497669256785	8.439626457092993	147.49962824456472	2.9639189180779986	0.9968294269469887	36.49605572451419	240.6628403963643	-1.1776682976134976
3.422484949832776	4.678929765886288	2.2778713616724584	0.0010558896839181918	1.0280588176281764	0.9776818339411848	2.4566303907567573	0.04747302586989005	8.4361758200104	146.13141965184784	2.9409781142392792	0.996760999336447	36.29717462778779	240.70222126857306	-1.1881946165313155
3.422484949832776	4.7157190635451505	2.268654563097542	0.0011202902220238868	1.020533140386197	0.9767335243619079	2.4386134547140523	0.04968899320350531	8.43329177163632	144.75788031471637	2.918412015582795	0.9966908935667167	36.10098847897615	240.743860180403	-1.1981460775115607
3.422484949832776	4.752508361204013	2.2595063610545045	0.0011880936945630723	1.0131472142311932	0.9757487746250304	2.420515728419228	0.05199500409749049	8.430957917921585	143.37849852868672	2.896212598127219	0.9966190586364645	35.90744419982927	240.7878528088995	-1.2075266860239737
3.422484949832776	4.789297658862877	2.2504247288984454	0.00125945963604537	1.0058988771584811	0.9747260544481903	2.4023338323429146	0.05439293891824485	8.429154372520149	141.9928380030997	2.874372125378834	0.9965454469639591	35.71649086256937	240.83430178436996	-1.2163423583435689
3.422484949832776	4.826086956521739	2.241407787406666	0.001334553595490575	0.9987860727879063	0.973663805509249	2.384065559320132	0.05688437835837443	8.427857434859698	140.60054945401728	2.852883135353043	0.9964700151637422	35.52807967550268	240.8833165349471	-1.224601085911121
3.422484949832776	4.862876254180602	2.2324538095955666	0.0014135470686844373	0.9918068435663248	0.9725604498980915	2.3657100088243226	0.05947054562798275	8.427039297771175	139.2013826276955	2.8317384274168678	0.9963927248493141	35.34216396446657	240.935013017222	-1.232313082592079
3.422484949832776	4.8996655518394645	2.2235612243019345	0.0014966173839487096	0.9849593236268782	0.9714143995431559	2.3472677175679872	0.062152246748244336	8.426667801124609	137.7951984257385	2.8109310489221224	0.9963135434419281	35.1586991479222	240.98951332324077	-1.2394909070720717
3.422484949832776	4.936454849498328	2.2147286180818386	0.0015839475429255637	0.9782417313597819	0.9702240664463592	2.3287407810858496	0.06492981062462011	8.426706249671916	136.38198071747408	2.7904542816270403	0.9962324449609707	34.977642703428394	241.04694515748827	-1.2461495520527694
3.422484949832776	4.973244147157191	2.2059547349695428	0.0016757260206686825	0.9716523617826474	0.9689878734884382	2.3101329601925515	0.06780303097377069	8.427113314252813	134.96184734457677	2.770301627937773	0.9961494107672518	34.79895412328303	241.10744118204602	-1.2523064917511755
3.422484949832776	5.010033444816053	2.197238473657331	0.00177214653248862	0.9651895788328905	0.9677042654946837	2.2914497656796655	0.07077111253025647	8.427843035336476	133.5350597566769	2.75046679703877	0.9960644302273748	34.62259485732403	241.1711382338465	-1.2579816795959475
3.422484949832776	5.046822742474917	2.1885788817119773	0.001873407778321523	0.9588518077377998	0.9663717201852453	2.2726985144456866	0.07383262421988385	8.428844946231902	132.10203067517912	2.730943691021098	0.9959775012657421	34.44852824127321	241.23817642472585	-1.2631974890740472
3.422484949832776	5.083612040133779	2.17997514653855	0.0019797131786109113	0.9526375276458201	0.9649887585823183	2.253888350550064	0.07698546210609312	8.430064329964372	130.66332917658457	2.7117263911566463	0.9958886307712388	34.27671940958909	241.3086981423718	-1.2679785924816924
3.422484949832776	5.120401337792642	2.1714265829380692	0.0020912706184818886	0.9465452647218315	0.9635539544167864	2.2350302255355516	0.08022682484714638	8.431442618691035	129.2196826258431	2.69280914450023	0.9957978348286557	34.10713519255799	241.38284697769836	-1.272351774877135
3.422484949832776	5.157190635451505	2.162932617277399	0.002208292218992772	0.9405735859160899	0.9620659420766184	2.216136833811339	0.08355320410969608	8.432917937724742	127.77197498098941	2.6741863510269703	0.9957051387506937	33.93974399826583	241.46076661104348	-1.276345683726268
3.422484949832776	5.193979933110368	2.1544927684873265	0.0023309941551413953	0.934721093608152	0.9605234226737929	2.1972225009046102	0.08696039185355404	8.434425788108358	126.32124113378245	2.655852551524646	0.9956105768948627	33.7745156810879	241.54259969501405	-1.2799905183803837
3.422484949832776	5.230769230769231	2.146106626312033	0.002459596539834937	0.9289864213021465	0.9589251678775449	2.1783030248625654	0.09044350564592274	8.435899852836117	124.86865714186598	2.637802416456982	0.9955141922603277	33.61142139932674	241.6284867750938	-1.2833176673334694
3.422484949832776	5.2675585284280935	2.137773827430227	0.002594323391089989	0.9233682305085621	0.9572700212667171	2.159395473833363	0.09399703222567429	8.437272903067173	123.4155264335432	2.620030735992283	0.9954160358719571	33.45043346551834	241.71856528964318	-1.286359304809316
3.422484949832776	5.304347826086956	2.129494030233556	0.0027354026963784784	0.9178652088930132	0.9555568970856391	2.1405179456220518	0.09761488849442362	8.43847777294359	121.9632623075557	2.6025324113532946	0.9953161659714217	33.29152519361674	241.8129686884322	-1.2891479612342402
3.422484949832776	5.34113712374582	2.121266889161376	0.002883066583529539	0.9124760697086461	0.9537847764347246	2.121689297521766	0.1012904980592111	8.43944836581638	120.51336728376751	2.5853024475902577	0.9952146470468927	33.134670747661175	241.91182570317486	-1.2917160842017512
3.422484949832776	5.377926421404682	2.113092029538041	0.003037551602355267	0.9071995524622325	0.9519527010746239	2.1029288566868467	0.1050168804991625	8.440120651535707	119.0674100618381	2.5683359478157164	0.9951115487424839	32.97984499658465	242.01525979533264	-1.2940956073667869
3.422484949832776	5.414715719063545	2.104969023832128	0.0031990991157206834	0.9020344247010993	0.9500597651563245	2.0842561225214107	0.10878674977658032	8.440433614411065	117.6270009919013	2.5516281088717374	0.9950069446950256	32.827023379511566	242.1233887962711	-1.2963175441990316
3.422484949832776	5.451505016722408	2.0968973701590183	0.003367955793685621	0.8969794847552872	0.9481051052957084	2.065690472873673	0.11259261773979919	8.440330114545898	116.19376703833514	2.535174218335385	0.9949009113484195	32.67618178525552	242.23632474384192	-1.2984116217226964
3.422484949832776	5.488294314381271	2.088876473689843	0.003544374200111734	0.8920335652315029	0.9460878894801794	2.0472508852356666	0.11642689851340134	8.439757631150169	114.76932721816625	2.5189696527121916	0.9947935267945539	32.52729644882995	242.35417390862503	-1.3004059664847352
3.422484949832776	5.525083612040134	2.080905631429633	0.003728613458125035	0.8871955370354607	0.9440073053224041	2.0289556827448942	0.12028200974273061	8.43866886444755	113.35526942239963	2.503009876625239	0.9946848696848735	32.380343866729596	242.47703699346326	-1.3023268513573947
3.422484949832776	5.561872909698996	2.072984020607507	0.003920939979248592	0.8824643136974781	0.9418625481628665	2.0108223127577274	0.12415046711606922	8.437022182013537	111.95312939335219	2.487290442782087	0.9945750182489764	32.235300731639214	242.60500948235185	-1.3041985077991352
3.422484949832776	5.59866220735786	2.0651106907047745	0.004121628240874636	0.8778388557909861	0.9396528094743611	1.9928671633604476	0.12802496926087867	8.434781904832274	110.564372452012	2.471806992493742	0.9944640494470546	32.09214388618657	242.73818210966442	-1.3060430042768096
3.422484949832776	5.635451505016722	2.0572845589523525	0.004330961597871712	0.8733181752614807	0.9373772659467753	1.9751054206658913	0.1318984709139743	8.431918437145411	109.19037836779509	2.456555256527839	0.9943520382727083	31.950850294465685	242.8766414182762	-1.3078801880441326
3.422484949832776	5.672240802675585	2.049504408971425	0.004549233116238662	0.8689013395199382	0.9350350695401862	1.9575509673519347	0.13576424311024043	8.428408251584205	107.83242955978795	2.4415310560991057	0.9942390572126987	31.81139702937222	243.02047037516712	-1.3097276846331074
3.422484949832776	5.709030100334449	2.0417688921186845	0.004776746419484266	0.8645874751952758	0.9326253386989166	1.9402163208211436	0.1396159199408041	8.424233746682615	106.4917026315274	2.4267303038302153	0.9941251758613509	31.673761273342922	243.1697490151817	-1.311600947386175
3.422484949832776	5.745819397993311	2.0340765310315683	0.00501381654148799	0.8603757714808794	0.930147150827903	1.9231126077209542	0.14344753213783323	8.41938299749231	105.16926308364783	2.412149004551093	0.994010460680159	31.537920329869568	243.32455508720213	-1.313513348166712
3.422484949832776	5.782608695652174	2.0264257248460953	0.005260770782682105	0.8562654830472476	0.927599536052202	1.9062495704126	0.14725352831046376	8.413849421727358	103.86606292771799	2.397783255840851	0.9938949748879117	31.403851643139323	243.4849646814724	-1.3154762999691494
3.422484949832776	5.8193979933110365	2.0188147555732323	0.005517949569260414	0.852255932524297	0.9249814722148725	1.8896356003079111	0.1510287850677495	8.407631383901503	102.58294084258202	2.3836292482508568	0.9937787784633761	31.271532823298646	243.65105282168	-1.3174994023802038
3.422484949832776	5.8561872909699	2.011241795160094	0.005785707317614947	0.848346512581623	0.922291881019478	1.8732777927531166	0.15476860752217544	8.400731758635365	101.32062446941825	2.369683265177574	0.9936619282410599	31.14094167509486	243.82289401013415	-1.3195906015589927
3.422484949832776	5.892976588628763	2.003704912820642	0.006064413308253343	0.8445366876529515	0.9195296251907117	1.8571820182489016	0.15846872178693636	8.393157472094728	100.07973442860325	2.3559416823789863	0.9935444780805051	31.012056227980533	244.00056271876804	-1.3217563574394866
3.422484949832776	5.929765886287625	1.9962020822880635	0.006354452575054682	0.8408259953625121	0.9166935065084296	1.8413530051646554	0.16212526108625633	8.384919037749828	98.86078965367705	2.342400967147593	0.9934264790906112	30.884854766120977	244.18413382238901	-1.3240018120625605
3.422484949832776	5.966555183946488	1.9887311887109005	0.0066562268169076035	0.8372140477171045	0.9137822645641805	1.825794429643842	0.1657347470179233	8.376030099643502	97.6642136682704	2.329057677166753	0.9933079798922714	30.7593158570999	244.37368297361405	-1.3263309541912451
3.422484949832776	6.003344481605351	1.9812900349818616	0.006970155339618487	0.8337005321293794	0.910794576092222	1.8105090090273885	0.16929406736832858	8.36650699337909	96.49034147409878	2.3159084590861156	0.9931890269048174	30.63541837844854	244.56928692124873	-1.328746776557195
3.422484949832776	6.040133779264214	1.9738763473484975	0.0072966760365504296	0.8302852123363488	0.9077290547363666	1.7954985957795215	0.1728004517066636	8.356368332267948	95.33942676637126	2.3029500468564543	0.993069664644159	30.51314154141132	244.7710237754613	-1.3312514231673611
3.422484949832776	6.076923076923077	1.9664877802066878	0.007636246416843689	0.8269679292735864	0.9045842511272992	1.7807642695384405	0.1762514457963971	8.345634623625797	94.21164924271469	2.2901792598658126	0.9929499360228577	30.39246491160631	244.97897322418535	-1.3338463250313404
3.422484949832776	6.11371237458194	1.9591219200201986	0.007989344690350682	0.8237486019607473	0.9013586531602795	1.7663064255001246	0.17964488567388792	8.334327918132187	93.10712181962028	2.2775930009176744	0.9928298826445717	30.273368426431517	245.19321670569408	-1.336532323438472
3.422484949832776	6.150501672240803	1.9517762883429115	0.008356470918654851	0.8206272284488172	0.898050686378854	1.7521248578599558	0.18297887206624625	8.322471493482315	92.0258976144004	2.2651882540896415	0.9927095450872692	30.15583240922264	245.4138375425796	-1.3393097805217404
3.422484949832776	6.187290969899665	1.9444483439448288	0.008738148241803589	0.8176038868742105	0.8946587143853194	1.7382188374742988	0.18625174566016947	8.31008957224647	90.96797658934403	2.2529620825070724	0.9925889631712783	30.039837580274014	245.64092104220273	-1.342178677306222
3.422484949832776	6.224080267558528	1.9371354840603157	0.009134924190695084	0.8146787366600788	0.891181039212456	1.7245871832635868	0.18946206359355156	8.297207072874258	89.93331178776684	2.240911626062272	0.9924681762096325	29.92536506491317	245.87455456848295	-1.3451386997706818
3.422484949832776	6.260869565217392	1.9298350447879478	0.009547372095472332	0.8118520199010775	0.8876159016030543	1.7112283271633864	0.1926085774234888	8.283849392091284	88.92181511888168	2.22903409910548	0.9923472232392843	29.812396398866596	246.11482758950675	-1.348189313673469
3.422484949832776	6.297658862876254	1.9225443006770506	0.009976092600814676	0.8091240629644757	0.8839614811539753	1.6981403726485633	0.1956902127271324	8.27004221648671	87.93336267025737	2.217326788129567	0.9922261432326263	29.70091353117887	246.36183170495585	-1.3513298290293179
3.422484949832776	6.334448160535117	1.9152604635378947	0.010421715299697468	0.8064952783381286	0.880215896289652	1.68532114701724	0.198706050414035	8.255811360832714	86.96779954364358	2.20578704946671	0.9921049752894058	29.59089882495868	246.61566065695396	-1.3545594551902167
3.422484949832776	6.37123745819398	1.9079806805110642	0.010884900498044815	0.8039661667542258	0.8763772040364233	1.672768247734616	0.2016553097681289	8.241182630568465	86.02494422272132	2.1944123070115493	0.9919837588095947	29.48233505621952	246.8764103274047	-1.3578773474997847
3.422484949832776	6.408026755852843	1.9007020314278809	0.011366341123738756	0.8015373196170946	0.8724433995737894	1.6604790832115488	0.2045373331916766	8.226181705883516	85.10459249060706	2.1832000499823816	0.9918625336480879	29.37520541107337	247.14417872450258	-1.3612826464694139
3.422484949832776	6.444816053511706	1.8934215254884363	0.01186676479469266	0.7992094217635112	0.8684124155419293	1.6484509084368368	0.20735157259011552	8.210834044917375	84.20652092130275	2.172147830729252	0.9917413402523176	29.269493481517884	247.4190659606879	-1.3647745103785587
3.422484949832776	6.481605351170568	1.8861360972770984	0.012386936062178576	0.7969832545849385	0.8642821210867331	1.6366808559024228	0.21009757731347817	8.195164803727518	83.33048997331427	2.1612532625954164	0.9916202197839729	29.16518326003642	247.70117422392255	-1.3683521421397264
3.422484949832776	6.518394648829432	1.8788426021281133	0.01292765884732004	0.7948596995429388	0.8600503206243278	1.6251659622640107	0.21277498355470104	8.179198770847384	82.47624671592808	2.1505140178370548	0.9914992142260661	29.062259133212123	247.99060774392234	-1.3720148111980526
3.422484949832776	6.555183946488294	1.87153781084567	0.013489779090688771	0.7928397421115193	0.8557147523067765	1.613903191169285	0.21538350509635512	8.162960314442875	81.64352721945482	2.1399278256042504	0.991378366476578	28.96070587453132	248.28747275462376	-1.3757618711609203
3.422484949832776	6.591973244147157	1.8642184037744267	0.01407418763727548	0.7909244761835474	0.8512730861694277	1.602889452667841	0.21792292529308613	8.146473340270253	80.83205864062047	2.129492469985308	0.9912577204298714	28.86050863653455	248.59187745399973	-1.3795927737790943
3.422484949832776	6.62876254180602	1.8568809642074782	0.014681823381814726	0.7891151089824813	0.8467229219383554	1.5921216195924879	0.22039309017660066	8.129761258830548	80.04156103337583	2.1192057881152997	0.9911373210470058	28.76165294245101	248.90393196210118	-1.3835070798293667
3.422484949832776	6.665551839464883	1.8495219711094346	0.015313676702571274	0.7874129665256966	0.842061786473467	1.581596541274099	0.22279390257216125	8.112846960301063	79.27174891399991	2.1090656683491935	0.9910172144159978	28.664124677436725	249.2237482780824	-1.3875044673810448
3.422484949832776	6.702341137123746	1.842137791122403	0.01597079321530864	0.7858194996915294	0.8372871308193499	1.5713110549231866	0.22512531711941453	8.095752795998974	78.52233260766496	2.099070048499046	0.9908974478029968	28.567910079517212	249.55144023677258	-1.3915847378675426
3.422484949832776	6.739130434782608	1.8347246698123696	0.016654277883336982	0.7843362909491567	0.832396326831514	1.561261994981975	0.2273873360956019	8.078500565293652	77.79301940172356	2.0892169141346844	0.990778069695253	28.472995730324566	249.88712346533504	-1.3957478203271998
3.422484949832776	6.775919732441472	1.8272787221022537	0.01736529952437437	0.7829650618184284	0.8273866633406407	1.5514462007220924	0.22958000594504357	8.061111507031699	77.08351452900088	2.07950429694669	0.990659129836668	28.379368545702885	250.2309153403961	-1.399993774127929
3.422484949832776	6.812709030100335	1.819795921825878	0.018105095760571822	0.7817076811361809	0.8222553418113887	1.541860522335242	0.23170341442523842	8.043606294671873	76.39352200236155	2.0699302731704416	0.9905406792566408	28.287015766246277	250.58293494599695	-1.4043227904450155
3.422484949832776	6.849498327759197	1.8122720903239125	0.01887497846456635	0.7805661742164358	0.8169994714453973	1.532501825738601	0.23375768828627372	8.026005034446095	75.72274531989429	2.060492962069823	0.9904227702928398	28.195924947823602	250.9433030326646	-1.4087351927225982
3.422484949832776	6.88628762541806	1.8047028839881116	0.019676339762038073	0.7795427330045545	0.8116160636700398	1.523366996292272	0.23574299140683888	8.008327265968477	75.07088805816159	2.051190524479117	0.990305456608465	28.106083952136036	251.3121419778583	-1.4132314363148746
3.422484949832776	6.923076923076923	1.7970837806436435	0.02051065866013332	0.7786397273401624	0.8061020259451589	1.5144529416039525	0.23765952331643803	7.990591964807212	74.43765436919588	2.0420211614015504	0.9901887932045002	28.017480937345447	251.68957574800922	-1.417812107473586
3.422484949832776	6.959866220735786	1.7894100646405526	0.021379508381538886	0.7778597174608968	0.8004541548091337	1.5057565935756172	0.2395075180395164	7.972817546615725	73.82274939526377	2.0329831126629436	0.9900728364273943	27.930104348806147	252.07572986235178	-1.422477921822922
3.422484949832776	6.996655518394649	1.781676810503884	0.022284564496256085	0.7772054678992648	0.7946691280729269	1.4972749098283884	0.24128724320313857	7.955021872490256	73.22587961387148	2.024074655619063	0.9899576439725681	27.843942909927996	252.47073135875277	-1.4272297224408395
3.422484949832776	7.033444816053512	1.7738788649669748	0.02322761395760493	0.7766799629485933	0.7887434960559644	1.4890048746250029	0.2429989993553841	7.937222255282274	72.64675312406807	2.01529410391505	0.9898432748840914	27.758985613192152	252.8747087616762	-1.4320684776478774
3.422484949832776	7.070234113712375	1.7660108271834305	0.024210565166144567	0.7762864239021914	0.782673671740125	1.4809434993940591	0.24464311944695993	7.919435466646705	72.08507988379453	2.006639806295611	0.9897297895508419	27.675221711339937	253.28779205247477	-1.4369952785881908
3.422484949832776	7.107023411371237	1.758067026879014	0.025235459205615877	0.7760283283030502	0.7764559196974695	1.4730878229464992	0.24621996843352079	7.9016777446518836	71.54057190683208	1.9981101454644787	0.9896172496994257	27.592640708749396	253.71011264213797	-1.4420113366749152
3.422484949832776	7.1438127090301	1.7500415001643037	0.02630448241939528	0.7759094314810577	0.77008634362268	1.465434911462524	0.24772994296088402	7.88396480181524	71.01294342682388	1.9897035369918334	0.9895057183841076	27.511232353013522	254.1418033466589	-1.4471179809606063
3.422484949832776	7.1806020066889635	1.7419279626807833	0.027419980525209556	0.7759337907020556	0.7635608722717382	1.4579818583160187	0.24917347109976373	7.86631183346057	70.501911034854	1.981418428268273	0.9893952599739819	27.430986626729787	254.58299836513606	-1.4523166554846139
3.422484949832776	7.217391304347826	1.7337197796953776	0.028584474501132662	0.7761057923100274	0.756875243572973	1.4507257837935905	0.25055101210086084	7.848733526319601	70.00719379617324	1.9732532975040513	0.9892859401375895	27.351893739510263	255.03383326074587	-1.457608916641457
3.422484949832776	7.254180602006689	1.7254099326890138	0.029800678518583004	0.7764301823124571	0.7500249866337785	1.4436638347564548	0.25186305614502685	7.831244067322283	69.52851335085792	1.965206652772237	0.9891778258251773	27.27394412021835	255.49444494469432	-1.4629964306083
3.422484949832776	7.290969899665551	1.7169909819006484	0.031071520250024843	0.7769121009423768	0.7430054013143302	1.4367931842853945	0.2531101240669364	7.813857152538309	69.0655940024603	1.9572770310945011	0.9890709852487767	27.197128409437575	255.9649716632515	-1.4684809708644004
3.422484949832776	7.327759197324415	1.70845502418566	0.03240016394266771	0.7775571218324835	0.7358115349760045	1.4301110313418721	0.25429276703413395	7.7965859962464075	68.61816279805592	1.9494629975681572	0.9889654878602729	27.12143745217523	256.44555298794137	-1.4740644158315546
3.422484949832776	7.364548494983278	1.699793645421838	0.033790036727710505	0.7783712965617955	0.7284381559339801	1.4236146004719792	0.25541156616658456	7.779443340119267	68.18594960250566	1.9417631445331716	0.988861404327624	27.046862290803375	256.9363298089697	-1.4797487466610655
3.422484949832776	7.40133779264214	1.6909978665410486	0.0352448587315302	0.7793612054896801	0.7208797230468028	1.417301141574179	0.2564671320848717	7.7624414625202975	67.76868716922623	1.9341760907777004	0.988758806509382	26.97339415823733	257.4374443319175	-1.4855360451903856
3.422484949832776	7.438127090301004	1.6820580820721562	0.036768677675827095	0.7805340159840045	0.7131303507551201	1.4111679297468283	0.2574601043779557	7.745592187914639	67.36611120930226	1.9267004807807484	0.9886577674276634	26.901024471350485	257.94904007772476	-1.4914284920905616
3.422484949832776	7.474916387959866	1.672963989840028	0.038365908804972856	0.7818975493902032	0.7051837687307708	1.4052122652268935	0.25839115098405574	7.728906896401094	66.97796046035529	1.9193349839905458	0.98855836123971	26.829744824624363	258.4712618859754	-1.4974283652238822
3.422484949832776	7.511705685618729	1.6637045101621852	0.04004138116975221	0.7834603583904598	0.6970332751065984	1.3994314734273403	0.259260967480569	7.71239653337402	66.60397675622178	1.912078294137006	0.9884606632081727	26.759546984028805	259.00425592141715	-1.50353803823023
3.422484949832776	7.548494983277592	1.6542676925000972	0.0418003915395868	0.7852318167861385	0.6886716820147122	1.3938229050772941	0.26007027628112184	7.696071619325711	66.24390509818073	1.904929128576805	0.9883647496702522	26.690422881128843	259.54816968368385	-1.509759979359565
3.422484949832776	7.585284280936455	1.6446406070298731	0.04364876752683105	0.787222224227871	0.6800912518496081	1.3883839364659523	0.26081982573984247	7.679942259799609	65.89749372818873	1.8978862276693564	0.9882706980058178	26.622364607411082	260.10315202009866	-1.5160967505675014
3.422484949832776	7.622073578595318	1.634809217962117	0.04559294190961511	0.7894429290518578	0.67128362226989	1.3831119697886887	0.2615103891647079	7.6640181555039515	65.56449420434456	1.8909483541819685	0.9881785866046243	26.55536440882209	260.66935314141875	-1.5225510068904093
3.422484949832776	7.65886287625418	1.6247582346137868	0.047640040665595226	0.7919064732070169	0.6622397174267278	1.378004433591694	0.262142763743342	7.648308612594105	65.24466147861605	1.8841142927224812	0.988088494832741	26.48941468051053	261.2469246403756	-1.5291254961163065
3.422484949832776	7.695652173913044	1.614470935146816	0.04979798792230295	0.7946267643444296	0.6529496422141009	1.3730587833094559	0.2627177693860762	7.632822553129582	64.93775397667679	1.87738284919739	0.9880005029982962	26.424507961761428	261.83601951275216	-1.5358230587678052
3.422484949832776	7.7324414715719065	1.6039289564421904	0.05207563195348811	0.7976192815858572	0.6434025554123644	1.3682725018880915	0.2632362474921891	7.6175685257095545	64.6435336795807	1.8707528502936641	0.9879146923166376	26.360636931112047	262.4367921807813	-1.5426466284130649
3.422484949832776	7.769230769230769	1.5931120416325446	0.054482897595958875	0.8009013234322119	0.6335865163518818	1.3636431004861833	0.26369905964625334	7.602554716287996	64.36176620688205	1.864223142982133	0.9878311448749973	26.297794401635	263.04939851853067	-1.549599232321226
3.422484949832776	7.806020066889632	1.581997734167136	0.05703097216057398	0.8044923089211474	0.6234882980244966	1.3591681192439737	0.26410708625228757	7.587788959166943	64.09222090073331	1.8577925940404585	0.9877499435967425	26.23597331637492	263.67399587894886	-1.5566839924786409
3.422484949832776	7.842809364548495	1.5705610036247262	0.0597325342618284	0.8084141467995826	0.6130931572201395	1.354845128111035	0.26446122511402625	7.573278748163731	63.83467091042805	1.8514600895934599	0.9876711722052831	26.175166743921746	264.31074312215964	-1.5639041269828988
3.422484949832776	7.879598662207358	1.558773783363846	0.06260203829113883	0.8126916926019616	0.602384548965245	1.3506717277221474	0.2647623899700762	7.559031247945357	63.58889327681861	1.8452245346686686	0.9875949151876958	26.115367874104056	264.9598006445815	-1.5712629518314394
3.422484949832776	7.916387959866221	1.546604392797409	0.06565607196974539	0.8173533208255691	0.5913437678292824	1.34664555031085	0.26501150899299236	7.5450533055208115	63.35466901601449	1.8390848527647308	0.987521257758113	26.05657001378263	265.6213304083561	-1.5787638831227848
3.422484949832776	7.953177257525083	1.5340168064881505	0.06891381126209692	0.8224316499833524	0.5799494918207555	1.3427642606501786	0.26520952326144126	7.531351461880019	63.131783201767334	1.8330399854303658	0.9874502858209129	25.99876658272431	266.29549597055205	-1.5864104396884176
3.422484949832776	7.989966555183947	1.5209697165917535	0.07239760707675674	0.8279644739822931	0.5681771944480754	1.3390255570100733	0.2653573852146602	7.517931963765911	62.92002504594525	1.8270888918514345	0.9873820859337334	25.941951109534287	266.98246251153466	-1.594206246174197
3.422484949832776	8.02675585284281	1.5074153114699	0.07613375355861754	0.8339959769781193	0.5559983751441505	1.3354271721214341	0.2654560570982169	7.504800775564842	62.71918797653656	1.8212305484436737	0.9873167452703201	25.886117227623796	267.6823968618612	-1.6021550365912636
3.422484949832776	8.063545150501673	1.493297656529542	0.08015351166769819	0.8405783456207228	0.5433795343621722	1.3319668741368855	0.26550650940995435	7.491963591298749	62.52906971262989	1.8154639484484805	0.9872543515832016	25.831258671187886	268.3954675269582	-1.610260658357032
3.422484949832776	8.100334448160535	1.4785505046925014	0.08449449992020652	0.8477739512547784	0.530280781469719	1.3286424675790507	0.26550971935458095	7.479425846701868	62.34947233587572	1.8097881015291983	0.9871949931661745	25.77736927116778	269.12184470882835	-1.618527076848281
3.422484949832776	8.137123745819398	1.4630942672775473	0.08920262717247986	0.8556583712591385	0.516653900563603	1.3254517942675343	0.2654666693150139	7.467192731363855	62.18020235796469	1.8042020333651678	0.9871387588165631	25.72444295116955	269.86170032392585	-1.6269583804896304
3.422484949832776	8.173913043478262	1.4468317109123898	0.09433485021066672	0.8643246838707143	0.5024395914455623	1.3223927342164186	0.26537834534812205	7.455269200920828	62.021070783707025	1.7987047852408415	0.9870857377972021	25.672473723310556	270.61520801630917	-1.635558786402068
3.422484949832776	8.210702341137123	1.4296416513402803	0.09996323175639171	0.8738897655880999	0.48756341015173943	1.3194632064948302	0.2652457357119243	7.443659989275848	61.87189316935526	1.7932954136270534	0.9870360197980795	25.621455683961948	271.3825431650601	-1.6443326466384305
3.422484949832776	8.247491638795987	1.4113693615344154	0.10618113720094366	0.8845038736982924	0.4719295707265865	1.3166611700436135	0.2650698294308329	7.432369620830333	61.73248967584936	1.7879729897515693	0.9869896948975545	25.571383009355397	272.16388288492885	-1.653284455034214
3.422484949832776	8.284280936454849	1.3918113068829485	0.11311313349000743	0.8963659011168043	0.4554110448223502	1.3139846244420357	0.2648516149048328	7.421402422708722	61.602685116732445	1.7827365991558912	0.9869468535230561	25.522249951019614	272.959406019047	-1.662418854704933
3.422484949832776	8.321070234113712	1.3706894438308648	0.12093171599767968	0.9097490671036024	0.437832833288735	1.3114316106189214	0.2645920785679548	7.410762536959003	61.48230900052172	1.7775853412351719	0.986907586411147	25.474050831010324	273.7692931224717	-1.671740646223648
3.422484949832776	8.357859531772576	1.3476046994352937	0.1298876895219051	0.9250474263428535	0.41894158362388095	1.3090002115033779	0.26429220360074657	7.400453932712986	61.371195567375224	1.772518328757995	0.9868719845668213	25.426780036895686	274.59372643521897	-1.6812547965153741
3.422484949832776	8.394648829431437	1.321944212875996	0.14037094767381045	0.9428686152840279	0.39834480901763336	1.3066885526108234	0.26395296870084395	7.390480418291076	61.26918381993904	1.7675346873626416	0.986840139221894	25.380432016456826	275.43288984334265	-1.6909664485085185
3.422484949832776	8.431438127090301	1.2926691683124414	0.15304994414374748	0.9642460062875241	0.37537141550733694	1.304494802560691	0.26357534691511314	7.380845653237689	61.17611754830615	1.762633555026287	0.9868121417923131	25.33500127206066	276.2869688264882	-1.7008809315873235
3.422484949832776	8.468227424749164	1.2577135450989814	0.16926820016624006	0.9912399434905893	0.3486751929279786	1.3024171735225447	0.26316030453633016	7.371553160274841	61.09184534904576	1.7578140815034224	0.9867880838342225	25.29048235465989	277.15615039022504	-1.7110037728935763
3.422484949832776	8.505016722408026	1.2114265066331942	0.19273662083907486	1.029495339040238	0.3145424970046081	1.3004539215880189	0.2627088000666967	7.362606337162851	61.01622063831094	1.7530754277295395	0.9867680569985716	25.24686985737162	278.04062298130424	-1.7213407095307467
3.422484949832776	8.54180602006689	1.1175112126445867	0.24850939387371684	1.117511212658906	0.24850939386396179	1.2986037616770443	0.2622216156988512	7.35400594870949	60.949122178774964	1.7484173506141039	0.9867520959998461	25.20416395718718	278.9407411555172	-1.7318925529310605
3.422484949832776	8.578595317725753	1.1066281906469615	0.2544983586979864	1.106628190646917	0.2544983586980165	1.2966367949569078	0.26178640598989644	7.345481287948137	60.87349073390181	1.743688163230644	0.9867389338170498	25.16059182624419	279.80787475534896	-1.7427460084402207
3.422484949832776	8.615384615384615	1.2342533903181279	0.1783708111510349	1.234253390318134	0.17837081115103168	1.3019516702118277	0.258607841535869	7.342296449331048	61.324507910908245	1.7442058675781518	0.9867001748494614	25.17684456475291	282.3457266686685	-1.74509898099118
3.422484949832776	8.652173913043478	1.29098596618299	0.15076801183363905	1.2909859661829879	0.15076801183364014	1.3112378227503894	0.25403781320272	7.343673079852916	62.065263703984066	1.7476049842148134	0.9866791133587599	25.226457314523074	285.8427790276402	-1.74509898099118
3.422484949832776	8.688963210702342	1.3274495526016206	0.13486038964721994	1.3274495526016188	0.13486038964722072	1.3213580093214552	0.2492935803393871	7.346618988587673	62.8655615582517	1.7517707948243104	0.9866730306745352	25.284940069639575	289.62953950933934	-1.74509898099118
3.422484949832776	8.725752508361204	1.3553562087457307	0.1236278729818882	1.3553562087457294	0.12362787298188875	1.3318145924468763	0.24456552464593162	7.350433706271686	63.688285601755474	1.7563896470341664	0.9866770881217195	25.348553045286415	293.60809848104714	-1.74509898099118
3.422484949832776	8.762541806020067	1.3782554258651296	0.11500735031679413	1.3782554258651334	0.1150073503167927	1.3423417625608862	0.23994727598598398	7.354734235672386	64.51376834849363	1.7612826309755234	0.9866884107875294	25.415166965440847	297.7223753277894	-1.74509898099118
3.422484949832776	8.799331103678929	1.3977601878843864	0.10807989738414771	1.3977601878843862	0.10807989738414783	1.3527783986620858	0.23548848699131086	7.35927983693579	65.33020920455162	1.7663309419818918	0.986704984209032	25.48337368208978	301.93452564388906	-1.74509898099118
3.422484949832776	8.836120401337793	1.4147647989373542	0.10234593961471938	1.4147647989373549	0.1023459396147191	1.3630242608743812	0.23121404654186173	7.36391261371323	66.13036299216247	1.7714517005168224	0.9867253175154866	25.55219650414009	306.21751793912904	-1.74509898099118
3.422484949832776	8.872909698996656	1.4298293396127022	0.09749951610839208	1.4298293396127038	0.09749951610839147	1.3730180765961073	0.22713390942925074	7.368528151415567	66.90988361368522	1.7765862359538678	0.9867482861982901	25.620949126610792	310.55163279147007	-1.74509898099118
3.422484949832776	8.909698996655518	1.4433345027012385	0.09333790354348252	1.4433345027012365	0.09333790354348317	1.3827244558172098	0.2232488989611015	7.3730580898372535	67.6663378050795	1.7816930441841943	0.9867730375148286	25.689150597050794	314.9223911686877	-1.74509898099118
3.422484949832776	8.946488294314381	1.455554443113505	0.08971915989156011	1.4555544431135041	0.08971915989156029	1.3921253941120062	0.21955434254497083	7.377458808084653	68.39856742958068	1.786743054831581	0.9867989250279082	25.75646814870273	319.31916703475594	-1.74509898099118
3.422484949832776	8.983277591973245	1.4666950898574909	0.08653979585053696	1.4666950898574902	0.08653979585053724	1.4012145404250271	0.2160423991636901	7.381703756958757	69.10626143045658	1.7917162764136005	0.9868254602167417	25.82267673361691	323.73419911332877	-1.74509898099118
3.422484949832776	9.020066889632107	1.4769160861920616	0.08372199795495316	1.4769160861920616	0.08372199795495318	1.4099932669502724	0.21270355396528817	7.385778157775953	69.78966394417935	1.7965993604578563	0.9868522757223309	25.887629712388772	328.16186635424725	-1.74509898099118
3.422484949832776	9.05685618729097	1.4863442339276738	0.08120582496564716	1.486344233927674	0.08120582496564709	1.4184679593291045	0.20952757055528448	7.3896753032102795	70.44937420921185	1.801383814422188	0.9868790971609809	25.951237417629432	332.5981497220869	-1.74509898099118
3.422484949832776	9.093645484949834	1.4950821957122706	0.07894419031040134	1.4950821957122729	0.07894419031040067	1.4266481478775284	0.2065040875616378	7.393393965597688	71.08620944107011	1.806064684917498	0.9869057214546921	26.01345141514776	337.04022996711717	-1.74509898099118
3.422484949832776	9.130434782608695	1.5032143856985618	0.0768995002447677	1.5032143856985625	0.07689950024476754	1.434545222930748	0.20362298186644584	7.396936578803549	71.70111122832253	1.8106395857408302	0.9869320001706211	26.074252932232145	341.4861860951554	-1.74509898099118
3.422484949832776	9.167224080267559	1.5108111061627345	0.07504132472518883	1.5108111061627345	0.07504132472518892	1.4421715571241858	0.20087457947425916	7.400307963367573	72.29508209927891	1.8151079799129008	0.9869578267171051	26.13364434676193	345.9347688845518	-1.74509898099118
3.422484949832776	9.20401337792642	1.517931541645392	0.07334473866915404	1.5179315416453916	0.07334473866915417	1.4495399114093828	0.1982497677044834	7.403514434398003	72.86914301819021	1.8194706492227932	0.9869831265053745	26.191642928699768	350.3852305009332	-1.74509898099118
3.422484949832776	9.240802675585284	1.524625981216096	0.07178911314062955	1.5246259812160965	0.07178911314062937	1.4566630388110509	0.19574004428055158	7.406563179672432	73.42430538931247	1.823729302365854	0.9870078493882644	26.248276240802717	354.83719612269357	-1.74509898099118
3.422484949832776	9.277591973244148	1.5309375027795096	0.07035721708014155	1.5309375027795091	0.07035721708014163	1.4635534257853962	0.19333752682758631	7.409461828759924	73.9615530975516	1.8278862856368583	0.9870319638453211	26.303578762754466	359.2905670796357	-1.74509898099118
3.422484949832776	9.31438127090301	1.5369032724087104	0.0690345385367058	1.5369032724087106	0.06903453853670574	1.4702231290717596	0.19103493825546305	7.412218157297403	74.48183146882619	1.831944369605576	0.9870554525069571	26.357589418324775	363.7454476731658	-1.74509898099118
3.422484949832776	9.351170568561873	1.5425555619045146	0.06780876424673556	1.542555561904515	0.06780876424673543	1.4766836785308315	0.18882557815406686	7.414839886909066	74.98604097586724	1.8359065921635296	0.9870783087057841	26.41034976981796	368.20208982925993	-1.74509898099118
3.422484949832776	9.387959866220736	1.5479225560948826	0.06666937547914911	1.5479225560948842	0.0666693754791486	1.4829460252824898	0.18670328676858683	7.417334552761314	75.47503417225293	1.8397761434504964	0.9871005338167254	26.461902706159027	372.66085121029164	-1.74509898099118
3.422484949832776	9.424749163879598	1.553029000605545	0.06560733057880323	1.553029000605544	0.06560733057880347	1.4890205206381615	0.18466240575926646	7.419709418857416	75.94961479620792	1.843556281934758	0.9871221352037549	26.512291496500975	377.1221635087618	-1.74509898099118
3.422484949832776	9.461538461538462	1.5578967268314337	0.06461481304893135	1.5578967268314339	0.06461481304893131	1.4949169156627997	0.1826977383844046	7.421971426912046	76.41053830649338	1.847250273692715	0.9871431246340301	26.56155911465902	381.58650846244456	-1.74509898099118
3.422484949832776	9.498327759197325	1.5625450811787742	0.06368502978453734	1.5625450811787744	0.06368502978453729	1.5006443742528848	0.18080451071254625	7.4241271687119665	76.85851333733893	1.8508613489757715	0.987163517052863	26.60974776423418	386.05439973870114	-1.74509898099118
3.422484949832776	9.535117056856187	1.5669912788422011	0.06281204810449	1.5669912788421996	0.06281204810449037	1.5062114947657295	0.1789783347924138	7.426182874760614	77.29420371689595	1.8543926716603414	0.9871833296378474	26.65689855236874	390.52636928973055	-1.74509898099118
3.422484949832776	9.57190635451505	1.5712506974976126	0.06199066309916193	1.5712506974976135	0.061990663099161666	1.51162633675079	0.17721517426883207	7.428144414066129	77.7182308042946	1.8578473182928827	0.9872025810693967	26.70305127341752	395.00295712028986	-1.74509898099118
3.422484949832776	9.608695652173912	1.5753371227272415	0.06121628888096039	1.5753371227272412	0.061216288880960465	1.5168964504024307	0.17551131265082628	7.430017301405512	78.13117597801386	1.861228264269315	0.9872212909693697	26.748244273681074	399.48470366401796	-1.74509898099118
3.422484949832776	9.645484949832776	1.579262954355316	0.060484868838942274	1.5792629543553163	0.06048486883894222	1.5220289071085822	0.17386332426083725	7.431806709453894	78.5335831628273	1.8645383753041571	0.9872394794704884	26.79251437566617	403.972144156254	-1.74509898099118
3.422484949832776	9.68227424749164	1.5830393808936603	0.059792801119129865	1.5830393808936607	0.05979280111912971	1.5270303300021955	0.17226804778636312	7.433517483926174	78.92596132083254	1.867780402804135	0.9872571668876765	26.835896845779377	408.46580453587524	-1.74509898099118
3.422484949832776	9.719063545150501	1.5866765277941361	0.0591368763906025	1.5866765277941361	0.059136876390602534	1.5319069237971494	0.17072256229349	7.435154160423087	79.30878685880894	1.8709569821044156	0.9872743734689159	26.87842539341415	412.96619851806383	-1.74509898099118
3.422484949832776	9.755852842809364	1.5901835840531051	0.05851422559101055	1.5901835840531042	0.058514225591010806	1.5366645034538773	0.16922416552959862	7.436720982066718	79.68250592280607	1.8740706327836993	0.9872911192081923	26.920132192426607	417.4738255631878	-1.74509898099118
3.422484949832776	9.792642140468228	1.59356891082059	0.05792227582856722	1.5935689108205888	0.05792227582856748	1.5413085214037572	0.16777035432957393	7.438221917292562	80.04753656374855	1.8771237604681072	0.9873074237069367	26.961047918265862	421.9891695302718	-1.74509898099118
3.422484949832776	9.82943143812709	1.5968401349699441	0.0573587129894317	1.5968401349699444	0.057358712989431654	1.5458440931889228	0.16635880693884583	7.439660677368604	80.40427076668314	1.8801186596800497	0.9873233060733345	27.001201795731564	426.5126978519761	-1.74509898099118
3.422484949832776	9.866220735785953	1.6000042300350077	0.05682144988776967	1.6000042300350072	0.05682144988776977	1.5502760214617166	0.16498736707283806	7.4410407333579185	80.7530763422678	1.8830575173987936	0.9873387848511823	27.040621653615965	431.0448611051905	-1.74509898099118
3.422484949832776	9.903010033444817	1.6030675864861494	0.05630859902110753	1.6030675864861497	0.05630859902110749	1.5546088183467828	0.1636540295428699	7.442365332345329	81.09429868302864	1.885942417082919	0.9873538779717537	27.07933398345374	435.5860928798251	-1.74509898099118
3.422484949832776	9.939799331103679	1.6060360729690948	0.0558184491707792	1.6060360729690952	0.05581844917077904	1.5588467262078638	0.1623569272910388	7.443637512823265	81.42826238944693	1.8887753429684306	0.9873686027235399	27.1173640003345	440.1368098704886	-1.74509898099118
3.422484949832776	9.976588628762542	1.6089150898507012	0.05534944522763503	1.6089150898507014	0.055349445227634964	1.5629937368857498	0.16109431968998378	7.444860119184229	81.75527277244633	1.891558184504328	0.9873829757358226	27.154735704282608	444.697412132736	-1.74509898099118
3.422484949832776	10.013377926421406	1.6117096161898454	0.054900170734973955	1.6117096161898463	0.05490017073497365	1.5670536094883696	0.15986458197675973	7.446035815303705	82.07561723967817	1.8942927408238988	0.9873970129728875	27.19147194112414	449.2682834587077	-1.74509898099118
3.422484949832776	10.050167224080267	1.6144242510680162	0.05446933273020405	1.6144242510680158	0.054469332730204184	1.5710298868217831	0.15866619570282953	7.4471670972227875	82.38956657336811	1.8969807251779935	0.9874107297363692	27.22759446207658	453.849791837357	-1.74509898099118
3.422484949832776	10.08695652173913	1.617063250063828	0.054055748538944084	1.6170632500638282	0.05405574853894402	1.57492591055348	0.1574977400942322	7.4482563049562724	82.69737610750916	1.8996237692773952	0.9874241406737432	27.26312398153109	458.4422899723225	-1.74509898099118
3.422484949832776	10.123745819397993	1.6196305575323067	0.053658334233721926	1.6196305575323071	0.053658334233721856	1.5787448351988582	0.15635788422710664	7.449305633462652	82.99928681199935	1.9022234275073484	0.9874372597913987	27.298080232673886	463.04611583670794	-1.74509898099118
3.422484949832776	10.160535117056856	1.622129835248308	0.053276094516953004	1.622129835248309	0.05327609451695277	1.5824896410195752	0.15524537993378662	7.4503171428194745	83.29552629103489	1.904781180989656	0.9874501004710659	27.332482020729135	467.661593249018	-1.74509898099118
3.422484949832776	10.19732441471572	1.6245644878887402	0.05290811382682355	1.6245644878887395	0.05290811382682374	1.5861631459180967	0.15415905536392407	7.451292767650318	83.58630970264406	1.9072984414764822	0.9874626754886211	27.36634727370063	472.2890324580947	-1.74509898099118
3.422484949832776	10.234113712374581	1.6269376857582671	0.05255354849662756	1.6269376857582667	0.052553548496627654	1.5897680164083796	0.15309780913326168	7.452234325851356	83.87184060583083	1.9097765550670638	0.9874749970345135	27.39969309056466	476.92873072798983	-1.74509898099118
3.422484949832776	10.270903010033445	1.6292523851044443	0.05221161982445635	1.6292523851044445	0.052211619824456296	1.5933067777373455	0.15206060500006066	7.453143526665045	84.15231174133247	1.91221680574343	0.9874870767352149	27.432535786917928	481.5809729159325	-1.74509898099118
3.422484949832776	10.307692307692308	1.631511346319181	0.05188160793195431	1.6315113463191804	0.05188160793195443	1.5967818232267779	0.15104646701571026	7.454021978147625	84.42790575155911	1.9146204187251814	0.9874989256752305	27.46489093812519	486.2460320384514	-1.74509898099118
3.422484949832776	10.34448160535117	1.6337171502817394	0.05156284630903637	1.6337171502817394	0.05156284630903638	1.6001954228997426	0.1500544751019397	7.454871194074712	84.69879584481845	1.9169885636457242	0.9875105544193077	27.49677342003359	490.9241698219588	-1.74509898099118
3.422484949832776	10.381270903010034	1.6358722130638206	0.051254716956563896	1.635872213063821	0.05125471695656382	1.60354973145095	0.14908376101217466	7.455692600327592	84.96514640853627	1.919322357554677	0.9875219730345706	27.528197447343853	495.6156372353689	-1.74509898099118
3.422484949832776	10.418060200668897	1.6379787991874584	0.05095664605168725	1.6379787991874581	0.05095664605168731	1.6068467956154517	0.14813350463921052	7.4564875407999756	85.22711357577067	1.9216228677522258	0.9875331911123674	27.55917660973664	500.3206750030559	-1.74509898099118
3.422484949832776	10.454849498327759	1.6400390336012711	0.05066810007122303	1.6400390336012716	0.0506681000712229	1.6100885609856104	0.14720293063544662	7.457257282862541	85.48484574895501	1.9238911144621549	0.9875442177896736	27.58972390586056	505.0395140971279	-1.74509898099118
3.422484949832776	10.491638795986622	1.6420549125191024	0.05038858231742935	1.6420549125191026	0.050388582317429306	1.6132768783219982	0.1462913053155472	7.458003022419885	85.738484084456	1.926128073350818	0.9875550617699361	27.61985177529133	509.77237620851633	-1.74509898099118
3.422484949832776	10.528428093645484	1.6440283132468947	0.050117629798119616	1.6440283132468942	0.05011762979811973	1.616413509400185	0.14539793381455265	7.45872588859233	85.98816294123722	1.9283346778996966	0.9875657313432754	27.64957212857355	514.5194741967964	-1.74509898099118
3.422484949832776	10.565217391304348	1.6459610031074783	0.049854810419571405	1.6459610031074778	0.04985481041957152	1.619500132431362	0.14452215747738872	7.459426948051995	86.23401029659603	1.9305118216390045	0.9875762344059882	27.678896375451775	519.2810125188108	-1.74509898099118
3.422484949832776	10.602006688963211	1.6478546475598561	0.049599720456109976	1.6478546475598561	0.04959972045611002	1.6225383470918704	0.14366335145814715	7.460107209040891	86.47614813171236	1.9326603602501007	0.9875865784793159	27.70783545139958	524.0571876365634	-1.74509898099118
3.422484949832776	10.638795986622073	1.6497108175975166	0.04935198226499347	1.6497108175975164	0.04935198226499351	1.625529679193356	0.14282092250981365	7.46076762509618	86.71469278948214	1.9347811135440616	0.9875967707274592	27.736399842547907	528.8481884048751	-1.74509898099118
3.422484949832776	10.675585284280936	1.651530996500347	0.049111242219211815	1.651530996500347	0.04911124221921182	1.6284755850225856	0.14199430694707874	7.4614090985057935	86.9497553068951	1.936874867323592	0.9876068179748302	27.764599609110988	533.654196439417	-1.74509898099118
3.422484949832776	10.7123745819398	1.653316586006008	0.04887716883425724	1.6533165860060075	0.04887716883425737	1.6313774553775255	0.1411829687666226	7.462032483515965	87.18144172402418	1.9389423751353483	0.9876167267225467	27.792444407405085	538.4753864659265	-1.74509898099118
3.422484949832776	10.749163879598662	1.6550689119587625	0.04864945106791833	1.6550689119587625	0.04864945106791832	1.634236619323684	0.14038639791087548	7.4626385893098695	87.40985337149056	1.9409843599190868	0.9876265031641754	27.81994351054652	543.3119266512392	-1.74509898099118
3.422484949832776	10.785953177257525	1.6567892294875575	0.04842779677464878	1.656789229487558	0.0484277967746487	1.6370543476930814	0.13960410866258094	7.463228182775883	87.6350871381368	1.943001515560232	0.9876361532007436	27.84710582791606	548.1639789170903	-1.74509898099118
3.422484949832776	10.822742474916389	1.6584787277588446	0.04821193129834685	1.6584787277588449	0.048211931298346805	1.6398318563457424	0.13883563815882688	7.4638019910813975	87.85723572044972	1.9449945083515696	0.9876456824550344	27.873939923465866	553.03169923733	-1.74509898099118
3.422484949832776	10.85953177257525	1.6601385343450645	0.04800159618922648	1.6601385343450643	0.048001596189226566	1.6425703092123918	0.13808054501422748	7.464360704067738	88.07638785517845	1.9469639783699448	0.9876550962851921	27.90045403294575	557.91523791948	-1.74509898099118
3.422484949832776	10.896321070234114	1.6617697192448813	0.04779654803218509	1.6617697192448813	0.04779654803218508	1.6452708211350238	0.13733840804401254	7.464904976479729	88.29262853643553	1.9489105407731522	0.9876643997976593	27.926656080117098	562.8147398713472	-1.74509898099118
3.422484949832776	10.933110367892976	1.6633732985876577	0.047596557375477015	1.663373298587658	0.04759655737547694	1.6479344605208937	0.13660882507860705	7.465435430042811	88.50603921848264	1.9508347870220926	0.9876735978594732	27.952553692020317	567.7303448534899	-1.74509898099118
3.422484949832776	10.96989966555184	1.664950238051025	0.04740140774979833	1.6649502380510242	0.047401407749798535	1.6505622518239746	0.13589141186211276	7.465952655399241	88.7166980052837	1.9527372860328729	0.9876826951099462	27.978154213356795	572.6621877182827	-1.74509898099118
3.422484949832776	11.006688963210703	1.666501456017544	0.04721089476897074	1.6665014560175442	0.047210894768970675	1.6531551778668674	0.13518580102779756	7.466457213914173	88.92467982782777	1.9546185852633138	0.9876916959717607	28.003464720042867	577.6103986363192	-1.74509898099118
3.422484949832776	11.043478260869565	1.6680278264935886	0.047024825304405625	1.6680278264935886	0.04702482530440566	1.6557141820148877	0.13449164114435952	7.466949639361226	89.13005661012465	1.9564792117378642	0.9877006046614989	28.028492031987728	582.5751033107803	-1.74509898099118
3.422484949832776	11.080267558528428	1.6695301818114925	0.04684301672634606	1.6695301818114927	0.04684301672634599	1.6582401702133727	0.13380859582726085	7.467430439496816	89.3328974247233	1.958319673014965	0.9877094251996417	28.053242725147005	587.5564231805246	-1.74509898099118
3.422484949832776	11.117056856187292	1.67100931513365	0.0466652962056623	1.6710093151336503	0.04666529620566231	1.6607340128980443	0.13313634290999	7.467900097531316	89.5332686385104	1.9601404581003452	0.9877181614200556	28.07772314289685	592.5544756124611	-1.74509898099118
3.422484949832776	11.153846153846153	1.6724659827755128	0.046491500070625906	1.6724659827755128	0.046491500070625906	1.663196546787602	0.1324745736705503	7.468359073504664	89.73123404949483	1.9619420383096529	0.9877268169789974	28.101939406771997	597.5693740838193	-1.74509898099118
3.422484949832776	11.190635451505017	1.6739009063628199	0.046321473213654395	1.6739009063628196	0.04632147321365445	1.6656285765670045	0.13182299210888454	7.468807805573463	89.9268550152273	1.9637248680835948	0.9877353953636575	28.125897426608432	602.6012283548876	-1.74509898099118
3.422484949832776	11.22742474916388	1.6753147748368635	0.04615506854354967	1.675314774836864	0.0461550685435496	1.6680308764691767	0.1311813142713308	7.469246711216036	90.12019057345101	1.9654893857585605	0.987743899900269	28.14960291012844	607.6501446327948	-1.74509898099118
3.422484949832776	11.264214046822742	1.6767082463202143	0.04599214647920871	1.6767082463202145	0.04599214647920863	1.6704041917621677	0.13054926761855448	7.469676188361067	90.31129755552115	1.9672360142953553	0.9877523337618009	28.17306137200166	612.7162257267474	-1.74509898099118
3.422484949832776	11.301003344481606	1.6780819498543809	0.04583257448116446	1.6780819498543804	0.04583257448116459	1.6727492401484905	0.1299265904336747	7.470096616445739	90.50023069311149	1.9689651619688067	0.9877606999752617	28.196278142416826	617.7995711953375	-1.74509898099118
3.422484949832776	11.33779264214047	1.67943648701952	0.04567622661771268	1.6794364870195198	0.045676226617712735	1.6750667130825028	0.12931303126762564	7.4705083574078675	90.68704271865647	1.970677223020438	0.9877690014286286	28.219258375192545	622.9002774862466	-1.74509898099118
3.422484949832776	11.37458193979933	1.680772433445654	0.045522983162660145	1.6807724334456544	0.04552298316266007	1.6773572770115424	0.12870834841900294	7.470911756617034	90.8717844599673	1.9723725782765886	0.9877772408774259	28.24200705545673	628.0184380688524	-1.74509898099118
3.422484949832776	11.411371237458194	1.6820903402238503	0.04537273022203839	1.6820903402238505	0.04537273022203834	1.6796215745459062	0.1281123094459004	7.471307143748801	91.05450492941279	1.9740515957340339	0.9877854209509717	28.26452900692085	633.1541435601317	-1.74509898099118
3.422484949832776	11.448160535117056	1.6833907352250579	0.04522535938737885	1.6833907352250579	0.04522535938737883	1.6818602255624155	0.12752469070743813	7.47169483360592	91.23525140802687	1.9757146311150067	0.9877935441583059	28.28682889877303	638.307481844195	-1.74509898099118
3.422484949832776	11.48494983277592	1.6846741243337182	0.04508076741335882	1.6846741243337184	0.04508076741335875	1.6840738282459968	0.126945276932871	7.472075126890286	91.41406952488397	1.9773620283935172	0.9878016128938221	28.308911252213825	643.4785381858607	-1.74509898099118
3.422484949832776	11.521739130434783	1.6859409926025455	0.04493885591784391	1.6859409926025457	0.04493885591784387	1.686262960073316	0.12637386081633817	7.472448310928845	91.59100333205008	1.9789941202946304	0.9878096294426149	28.33078044665547	648.6673953385792	-1.74509898099118
3.422484949832776	11.558528428093645	1.687191805334353	0.044799531102532666	1.687191805334353	0.0447995311025327	1.6884281787422275	0.12581024263547336	7.472814660356664	91.76609537539811	1.9806112287682975	0.9878175959855608	28.35244072560488	653.8741336470183	-1.74509898099118
3.422484949832776	11.595317725752508	1.6884270090963682	0.0446627034925587	1.6884270090963687	0.04466270349255861	1.6905700230505765	0.12525422989222113	7.473174437760018	91.93938676155793	1.9822136654392741	0.9878255146041451	28.373896202249338	659.0988311446428	-1.74509898099118
3.422484949832776	11.632107023411372	1.689647032671843	0.04452828769358175	1.6896470326718427	0.04452828769358179	1.6926890137274642	0.12470563697436587	7.473527894282015	92.11091722123956	1.9838017320344152	0.987833387285049	28.39515086476147	664.3415636464956	-1.74509898099118
3.422484949832776	11.668896321070234	1.6908522879536334	0.0443962021649911	1.6908522879536334	0.04439620216499113	1.694785654220142	0.1241642848363522	7.4738752701934885	92.28072516917122	1.9853757207888	0.9878412159245101	28.416208581341152	669.6024048375443	-1.74509898099118
3.422484949832776	11.705685618729097	1.692043170783721	0.04426636900800763	1.69204317078372	0.0442663690080078	1.6968604314391218	0.12363000069813242	7.474216795431062	92.44884776085007	1.9869359148317196	0.987849002332467	28.437073105007908	674.8814263567199	-1.74509898099118
3.422484949832776	11.74247491638796	1.693220061742653	0.04413871376753482	1.693220061742653	0.044138713767534817	1.6989138164642852	0.12310261776082579	7.474552690104907	92.61532094631906	1.9884825885538704	0.9878567482365016	28.45774807815999	680.1786978770068	-1.74509898099118
3.422484949832776	11.779264214046822	1.6943833268922597	0.04401316524674452	1.6943833268922601	0.0440131652467445	1.700946265214217	0.12258197493811072	7.474883164977793	92.78017952113868	1.9900160079566456	0.9878644552855884	28.47823703691175	685.4942871816957	-1.74509898099118
3.422484949832776	11.816053511705686	1.695533318474962	0.04388965533344296	1.695533318474962	0.04388965533344298	1.7029582190811265	0.1220679166023132	7.475208421917514	92.9434571747358	1.9915364309846348	0.9878721250536602	28.498543415222848	690.8282602370695	-1.74509898099118
3.422484949832776	11.852842809364548	1.696670375572575	0.04376811883735835	1.6966703755725752	0.04376811883735831	1.7049501055333347	0.12156029234426236	7.4755286543241874	93.1051865362794	1.993044107842214	0.9878797590430025	28.518670548830496	696.1806812616808	-1.74509898099118
3.422484949832776	11.889632107023411	1.6977948247274024	0.04364849333755139	1.6977948247274024	0.043648493337551414	1.7069223386873542	0.12105895674602389	7.475844047534129	93.26539921823864	1.9945392812951364	0.9878873586874829	28.538621678995984	701.5516127924269	-1.74509898099118
3.422484949832776	11.926421404682275	1.6989069805281072	0.04353071903922627	1.698906980528107	0.043530719039226305	1.708875319851312	0.12056376916571193	7.476154779201756	93.42412585775692	1.9960221869579573	0.9878949253556266	28.558399956075835	706.9411157475956	-1.74509898099118
3.422484949832776	11.963210702341136	1.7000071461626554	0.04341473863927661	1.7000071461626554	0.04341473863927657	1.7108094380413557	0.12007459353362757	7.47646101966069	93.58139615596706	1.9974930535679798	0.9879024603535428	28.57800844292626	712.3492494869829	-1.74509898099118
3.422484949832776	12.	1.701095613940613	0.04330049719993738	1.7010956139406126	0.04330049719993745	1.7127250704727586	0.11959129815900751	7.47676293226568	93.73723891537834	1.9989521032466036	0.9879099649277139	28.59745011815178	717.7760718693477	-1.74509898099118