3.4941379598662206	1.	4.856635977150341	2.5117012061075653e-11	4.7745422172193805	0.9999999999634258	6.195348362309428	3.1568309509271155e-6	12.769107143718156	487.4154626540032	13.785300446267975	0.999997707795916	104.2691197279152	241.96435768560997	2.900615986258068
3.4941379598662206	1.0367892976588629	4.76842258307632	4.570451853030712e-11	4.605118832688752	0.9999999999009752	6.072548635151119	4.176363500627824e-6	12.635461681207198	475.15570848621434	13.296086236333428	0.9999968008866172	101.89534567888113	241.9638108960481	2.788620087297273
3.4941379598662206	1.0735785953177257	4.6849883611530085	8.048169133066009e-11	4.447305916621399	0.9999999997505592	5.956193775706256	5.449558697613541e-6	12.507009946118982	463.58856729932904	12.840385335792083	0.9999956386256832	99.64977418822816	241.96300367668354	2.682035371466263
3.4941379598662206	1.1103678929765886	4.605922168863345	1.3753489097693368e-10	4.299949247489951	0.9999999994111156	5.845752952515509	7.0215026168877115e-6	12.383446709885689	452.65538613072897	12.414864311250048	0.9999941783582018	97.52149007207413	241.96186840897087	2.580315557114953
3.4941379598662206	1.1471571906354514	4.530860055792543	2.2866303604882895e-10	4.162042664432314	0.9999999986887244	5.740753743860448	8.942095838555965e-6	12.264488714242054	442.30399675966356	12.016617329693704	0.9999923760882725	95.50082503615069	241.9603317522897	2.4829950759877115
3.4941379598662206	1.1839464882943145	4.4594785925181775	3.706928580618741e-10	4.032705066137442	0.9999999972306564	5.640774168017533	0.000011266185660037073	12.149873137005166	432.4878403929798	11.643099765541738	0.9999901871932081	93.57918121337187	241.95831597050744	2.389673607710089
3.4941379598662206	1.2207357859531773	4.391489309333255	5.871251489998364e-10	3.911161568582145	0.9999999944255595	5.545436000387777	0.000014053677126643395	12.039356094141473	423.1652306740664	11.292073810349862	0.9999875671219817	91.74888429734759	241.95574036651786	2.300004208722217
3.4941379598662206	1.2575250836120402	4.326634033788458	9.101595773068981e-10	3.7967279698527467	0.9999999892591583	5.454399138958497	0.000017369624085011882	11.932711205911795	414.2987301168707	10.961563626156089	0.9999844720557222	90.00306057304368	241.95252275921	2.213684066804232
3.4941379598662206	1.294314381270903	4.264680960955148	1.383145702498911e-9	3.6887978639998154	0.9999999801141668	5.367356829208274	0.000021284301682590196	11.829728242885867	405.8546200718974	10.649818142952714	0.9999808595132279	88.33553337474221	241.9485809462703	2.130447206192947
3.4941379598662206	1.3311036789297659	4.205421324687091	2.0635068993084765e-9	3.5868318914036874	0.9999999645032839	5.284031597806979	0.00002587326190188122	11.730211859589959	397.8024482291341	10.355280021060373	0.9999766888894599	86.74073543909161	241.943834106639	2.05005866400203
3.4941379598662206	1.3678929765886287	4.148666564690079	3.0261820450433123e-9	3.4903487234308583	0.999999938725227	5.204171774149758	0.00003121737383650137	11.633980418247729	390.1146407202593	10.076559617690464	0.9999719219195091	85.21363434228479	241.9382041072486	1.9723097917510355
3.4941379598662206	1.4046822742474916	4.094245904845054	4.367627093465563e-9	3.3989174634613044	0.999999897435853	5.127548501983822	0.000037402850493229796	11.540864901640266	382.76616829645457	9.812413040366536	0.9999665230644756	83.74966876945149	241.93161668895803	1.8970144280376167
3.4941379598662206	1.4414715719063544	4.042004274398813	6.210415142701198e-9	3.3121512112989038	0.9999998331294142	5.053953161675833	0.00004452126394578427	11.450707911956266	375.7342579759563	9.561723557305363	0.9999604598189528	82.34469380078659	241.92400251572423	1.8240057533999254
3.4941379598662206	1.4782608695652173	3.9918005163917694	8.708469408300544e-9	3.2297015883612774	0.999999735528758	4.983195138169102	0.00005266955067732989	11.363362751221393	368.99814308814996	9.32348578026643	0.9999537029424106	80.99493374198414	241.91529807884248	1.7531336849646215
3.4941379598662206	1.5150501672240804	3.9435058378198793	1.2052958751658763e-8	3.151254060413007	0.9999995908875383	4.915099881249739	0.00006195000893467	11.278692578204687	362.53884587272495	9.096792148972995	0.9999462266187225	79.69694129792227	241.9054464543929	1.6842627022826266
3.4941379598662206	1.5518394648829432	3.8970024641177825	1.6478880209917796e-8	3.0765239255687638	0.9999993812120139	4.849507214026172	0.00007247028988230958	11.19656963640376	356.3389877874403	8.880821335534613	0.999938008549464	78.44756210452448	241.89439791675582	1.6172700206304216
3.4941379598662206	1.588628762541806	3.852182467050699	2.2272347448733717e-8	3.0052528597974852	0.9999990834144096	4.78626985302156	0.00008434338429320119	11.116874547676511	350.3826234861156	8.674828257991672	0.9999290299875087	77.24390380665662	241.88211041462722	1.5520440465826963
3.4941379598662206	1.625418060200669	3.808946740353391	2.9778598333613057e-8	2.937205931666661	0.9999986684138835	4.7252521093592685	0.00009768760644901273	11.039495666218897	344.65509508766144	8.47813544837383	0.9999192757179247	76.08330900912073	241.86854991817464	1.4884830646151932
3.4941379598662206	1.6622073578595318	3.7672041017192646	3.941072900267842e-8	2.872169013684473	0.9999981002045498	4.666328745481992	0.0001126265768494819	10.96432848782526	339.14290389742047	8.290125565719908	0.9999087339933269	74.96333154050804	241.85369064743756	1.4264941141154392
3.4941379598662206	1.6989966555183946	3.7268705032226563	5.165915602971967e-8	2.8099465301692814	0.9999973349126204	4.609383965909736	0.00012928920525107955	10.891275109662736	333.8335971869899	8.11023488077324	0.9998973964307349	73.88171556135424	241.83751519263794	1.3659920243373183
3.4941379598662206	1.7357859531772575	3.6878683351114274	6.710180258765739e-8	2.750359491748008	0.9999963198663951	4.55431052388933	0.00014780967547251117	10.820243736117206	328.715668006612	7.937947588414842	0.9998852578766884	72.83637712302686	241.8200145372037	1.3068985811610188
3.4941379598662206	1.7725752508361203	3.6501258102576597	8.641499904545752e-8	2.6932437748558598	0.9999949927034419	4.501008928556635	0.00016832743332092161	10.751148226603606	323.77846630965433	7.772790827761655	0.9998723162469396	71.82538784538247	241.80118799397744	1.249141804464829
3.4941379598662206	1.8093645484949832	3.613576418499266	1.1038508323183999e-7	2.6384486113674237	0.9999932805389841	4.449386739532487	0.00019098717891007796	10.683907681566044	319.0121199232861	7.61433030935794	0.9998585723465202	70.8469604320987	241.781043064581	1.1926553188127031
3.4941379598662206	1.8461538461538463	3.5781584417209746	1.3992068074226022e-7	2.5858352590353446	0.9999910992181634	4.399357937791567	0.00021593886456203494	10.618446063214023	314.40746411243526	7.462166464893622	0.9998440296754092	69.89943578476499	241.75959523123822	1.1373778032553248
3.4941379598662206	1.882943143812709	3.5438145218707104	1.7606564120697756e-7	2.5352758279851186	0.9999883526727358	4.350842363249574	0.00024333769940820753	10.554691847845971	309.95597866293923	7.315931048078099	0.9998286942244378	68.98127151194142	241.73686768962165	1.0832525085157652
3.4941379598662206	1.919732441471572	3.510491275235751	2.2001260242336582e-7	2.4866522423000843	0.999984932399908	4.303765210864214	0.0002733441617353671	10.492577706896633	305.6497315604633	7.1752841262215785	0.9998125742654728	68.09103165877791	241.7128910306392	1.0302268318219008
3.4941379598662206	1.9565217391304348	3.4781389472508715	2.731171507222293e-7	2.439855318877449	0.9999807170776811	4.25805657818406	0.0003061240200579063	10.432040214109929	301.48132846910534	7.0399114111534375	0.9997956801393588	67.22737750744393	241.68770287837324	0.978251941259298
3.4941379598662206	1.9933110367892977	3.4467111029100073	3.36912542914697e-7	2.3947839483624436	0.999975572327352	4.213651058242979	0.0003418483638399798	10.373019576482731	297.44386732156863	6.909521885680877	0.999778024044553	66.38905931940704	241.66134749081817	0.9272824428316847
3.4941379598662206	2.0301003344481607	3.416164348528982	4.131249526749743e-7	2.3513443651677055	0.9999693506299617	4.1704873725160825	0.00038069364474055005	10.315459386848948	293.5308974246161	6.783845688132056	0.9997596198288919	65.57490890817341	241.6338753295298	0.8772760844914018
3.4941379598662206	2.0668896321070234	3.386458081180551	5.036892022696528e-7	2.3094494954344342	0.9999618913995622	4.128508039349789	0.0004228417292108131	10.259306396177273	289.7363825618158	6.662632222855835	0.9997404827864783	64.78383294602203	241.60534260386476	0.8281934922879409
3.4941379598662206	2.1036789297658864	3.357554262611025	6.107649391555695e-7	2.269018373351967	0.9999530212124073	4.087659073873593	0.00046847996323716364	10.204510303841204	286.05466764253924	6.545648469040854	0.9997206294612587	64.01480692095615	241.5758107950669	0.7799979345151494
3.4941379598662206	2.140468227424749	3.3294172148645353	7.367532161376634e-7	2.229975617572798	0.9999425541876373	4.047889715910797	0.0005178012499934818	10.151023564288325	282.4804485035884	6.4326774640153745	0.9997000774585111	63.26686967094486	241.54534616518313	0.7326551103471871
3.4941379598662206	2.177257525083612	3.3020134351971464	8.843134335056526e-7	2.1922509605805214	0.9999302925118273	4.00915218284264	0.0005710041411442949	10.098801208687428	279.00874451912745	6.323516940409248	0.9996788452651378	62.539118431798244	241.51401925539326	0.6861329599610494
3.4941379598662206	2.2140468227424748	3.2753114281687585	1.0563805985009206e-6	2.155778824822947	0.9999160270976892	3.9714014447566157	0.0006282929425137154	10.047800680268553	275.63487371707487	6.217978099299823	0.9996569520793946	61.83070434299085	241.48190437807042	0.6404014935699237
3.4941379598662206	2.250836120401338	3.2492815530659667	1.2561828817818313e-6	2.120497940232955	0.9998995383597662	3.934595019537784	0.0006898778349009989	9.997981682200985	272.3544301370829	6.1158845038101255	0.9996344176504038	61.140828362682775	241.44907910736126	0.5954326371547846
3.4941379598662206	2.2876254180602005	3.22389588502798	1.487259381108377e-6	2.0863509984680153	0.9998805971036224	3.8986927858320706	0.0007559750105920216	9.9493060369452	269.1632631960123	6.0170710795964775	0.9996112621277495	60.46873754885451	241.4156237703883	0.5512000929690987
3.4941379598662206	2.3244147157190636	3.1991280884566295	1.7534781227658633e-6	2.053284339777315	0.9998589654973618	3.86365681207199	0.0008268068265029477	9.90173755614877	266.057458855965	5.921383210429851	0.9995875059210367	59.81372166902499	241.38162094511458	0.5076792131748824
3.4941379598662206	2.3612040133779266	3.1749533014477667	2.0590542176067006e-6	2.021247668939112	0.9998343981195067	3.8294511999483243	0.0009026019745187919	9.855241920211956	263.033322412202	5.8286759184966765	0.9995631695694146	59.175110105025986	241.34715496649113	0.46484688515983486
3.4941379598662206	2.3979933110367893	3.151348030134928	2.4085681422332262e-6	1.990193797142887	0.999806643063987	3.7960419409040878	0.0009835956697842845	9.80978656674595	260.0873627398991	5.738813120341221	0.9995382736208229	58.55226902337616	241.31231144429069	0.4226814272844251
3.4941379598662206	2.4347826086956523	3.1282900519660717	2.806984157725357e-6	1.960078407071908	0.9997754430779199	3.763396784390317	0.0010700298578089418	9.765340587225197	257.216277857113	5.651666950477578	0.9995128385206106	57.944598785228	241.27717679655163	0.38116249397182045
3.4941379598662206	2.471571906354515	3.1057583270375733	3.259668780498765e-6	1.930859838780788	0.9997405367249311	3.731485116752112	0.001162153441002762	9.72187463117845	254.41694167619832	5.567117145617543	0.9994868845092316	57.35153157252063	241.24183779960228	0.340270989172801
3.4941379598662206	2.508361204013378	3.0837329167152148	3.7724093292431886e-6	1.9024988942395598	0.9997016595494218	3.7002778497475277	0.001260222525569783	9.679360817344374	251.68639183085278	5.485050483318634	0.9994604315285417	56.77252920981394	241.20638115818664	0.2999889873730328
3.4941379598662206	2.5451505016722407	3.06219490885184	4.351432512705973e-6	1.8749586586703306	0.9996585452288743	3.669747317802266	0.0013645006895468318	9.637772651256093	249.02181847752928	5.405360269553308	0.9994334991362628	56.207081163350864	241.17089309723767	0.2602996614002046
3.4941379598662206	2.5819397993311037	3.0411263489873175	5.003423048999444e-6	1.848204337016619	0.9996109266986227	3.639867183199588	0.0014752592728696408	9.597084948770142	246.42055398083752	5.3279458703314155	0.999406106428135	55.65470270091449	241.1354589770915	0.22118721637919456
3.4941379598662206	2.6187290969899664	3.0205101769816607	5.735542308973362e-6	1.822203104074235	0.9995585372351997	3.6106123484877117	0.0015927776903809936	9.557273765097472	243.88006340198532	5.252712283052826	0.9993782719672615	55.1149331977698	241.10016293358365	0.1826368292583249
3.4941379598662206	2.6555183946488294	3.0003301685896058	6.5554469813523666e-6	1.7969239669769075	0.9995011114856831	3.581958875460057	0.0017173437687409622	9.518316328931663	241.39793571760137	5.179569743744641	0.9993500137201505	54.58733457550406	241.06508754419986	0.14463459339531418
3.4941379598662206	2.6923076923076925	2.980570881535522	7.4713077627115305e-6	1.7723376388735452	0.9994383864318092	3.5538839101283823	0.0018492541082486215	9.480190981303993	238.97187570363886	5.108433366755801	0.9993213489989586	54.071489861921876	241.03031352114968	0.10716746774811972
3.4941379598662206	2.729096989966555	2.9612176056923167	8.491828080916267e-6	1.7484164227599084	0.9993701022790453	3.526365613166042	0.001988814470639037	9.44287711882565	236.59969642555552	5.039222813849842	0.9992922944094452	53.56700186134242	240.9959194319877	0.07022323026557692
3.4941379598662206	2.765886287625418	2.94225631700749	9.626262866364742e-6	1.7251341045378616	0.9992960032622321	3.4993830953494043	0.0021363401939766815	9.40635514100544	234.27931228173816	4.9718619899602405	0.9992628658041584	53.07349192569854	240.96198144813533	0.033790435115608086
3.4941379598662206	2.802675585284281	2.9236736348546155	0.000010884437391210171	1.70246585447246	0.999215838360799	3.4729163575705435	0.0022921566358290396	9.370606401356287	232.00873255226387	4.906278763158433	0.9992330782403902	52.59059881777452	240.92857312143545	-0.0021416265732417225
3.4941379598662206	2.839464882943144	2.9054567825195603	0.000012276766202694967	1.6803881363025333	0.9991293619179349	3.4469462350343885	0.0024565996459702598	9.335613162026787	229.78605540964534	4.842404706636638	0.99920294594245	52.11797765874922	240.89576518861665	-0.03758296274861921
3.4941379598662206	2.8762541806020065	2.887593550558619	0.000013814272182763492	1.6588786233359305	0.9990363341593903	3.421454345289498	0.0026300160699342314	9.301358551714577	227.6094623522878	4.780174860731442	0.9991724822678252	51.655298952957054	240.86362540338962	-0.07254291351174955
3.4941379598662206	2.9130434782608696	2.870072262790299	0.000015508605772240798	1.637916120927148	0.9989365216088264	3.396423039773482	0.002812764284810685	9.267826526637077	225.4772130250054	4.719527513211754	0.9991416996768188	51.20224768343854	240.8322183956696	-0.10703018147279406
3.4941379598662206	2.9498327759197323	2.8528817447046086	0.00001737206440404198	1.6174804947941346	0.9988296973977663	3.3718353585827816	0.003005214768754183	9.235001834352007	223.38764039419993	4.660403996230769	0.9991106097052698	50.758522472444966	240.80160555725737	-0.14105285959900996
3.4941379598662206	2.9866220735785953	2.8360112940934927	0.000019417612196110768	1.597552604683473	0.9987156414692591	3.347674988202314	0.0032077507057561793	9.202869980235521	221.33914624822012	4.602748498498399	0.9990792229399843	50.32383480159572	240.77184495319807	-0.17461845675095947
3.4941379598662206	3.0234113712374584	2.8194506537237407	0.000021658899961070773	1.578114242939714	0.9985941406753166	3.32392622195358	0.003420768627311788	9.171417196439904	219.33019699603753	4.5465078913700925	0.9990475489965253	49.89790828686236	240.7429912578873	-0.20773392108492492
3.4941379598662206	3.060200668896321	2.8031899858895564	0.000024110285595915455	1.5591480775761108	0.9984649887690317	3.3005739229405875	0.0036446790926975524	9.140630413165029	217.35931973971623	4.491631567672293	0.9990155964990255	49.48047800398077	240.71509571487712	-0.24040566148445533
3.4941379598662206	3.096989966555184	2.7872198486964024	0.000026786854921450006	1.5406375994811312	0.9983279862930251	3.2776034892918897	0.003879907409660014	9.11049723208967	215.42509859828755	4.4380712921967005	0.9989833730617117	49.07128986028357	240.6882061192837	-0.27263956717073484
3.4941379598662206	3.1337792642140467	2.7715311739405797	0.000029704443047656094	1.5225670734282417	0.998182940366506	3.255000821513997	0.004126894397399847	9.081005901818738	213.52617126254503	4.385781062894997	0.998950885271844	48.670100009291524	240.66236682161042	-0.3044410256296761
3.4941379598662206	3.17056856187291	2.7561152464606913	0.00003287965634768193	1.504921492586192	0.9980296643737628	3.2327522917868525	0.004386097193818516	9.052145295211899	211.66122576200502	4.334716981895229	0.9989181386737916	48.276674304718554	240.63761875175283	-0.33581493898363357
3.4941379598662206	3.2073578595317724	2.740963684847716	0.00003632989512977005	1.4876865362537586	0.9978679775573314	3.2108447150461443	0.004657990109072935	9.023904888467243	209.82899742684575	4.284837135541499	0.9988851377539878	47.89078779083206	240.6139994619249	-0.3667657389266089
3.4941379598662206	3.2441471571906355	2.7260684234099894	0.000040073377103162953	1.4708485305669123	0.9976977045194249	3.1892653217100246	0.004943065527557747	8.996274741841017	208.028266029059	4.2361014827308985	0.9988518859265185	47.51222422636854	240.59154318723137	-0.3972974003343098
3.4941379598662206	3.280936454849498	2.7114216952980947	0.00004412916174085816	1.4543944119481007	0.9975186746354469	3.1680017319195186	0.005241834860499112	8.969245481890646	206.25785308833892	4.188471750886722	0.9988183855191205	47.14077563944061	240.57028092260506	-0.4274134536536899
3.4941379598662206	3.317725752508361	2.6970160167026	0.00004851717564907587	1.438311693086897	0.9973307213835736	3.147041931172695	0.005554829551398212	8.942808285133932	204.51661932941448	4.141911338965756	0.9987846377593758	46.776241911085776	240.55024051484543	-0.45711699617134793
3.4941379598662206	3.3545150501672243	2.6828441720448097	0.00005325823906043333	1.4225884312590436	0.9971336815944578	3.1263742472425853	0.005882602136600684	8.916954863021557	202.80346227860852	4.096385226950478	0.99875064276091	46.41843038530309	240.53144676852364	-0.48641070225529365
3.4941379598662206	3.391304347826087	2.668899200087248	0.000058374093575168265	1.4072131988069572	0.9969273946251198	3.105987328277964	0.0062257273632878056	8.891677448123705	201.11731398838742	4.051859891324731	0.9987163995094129	46.067155503599466	240.51392156452746	-0.5152968326614605
3.4941379598662206	3.42809364548495	2.655174380896739	0.00006388743128224922	1.3921750556194687	0.9967117014610195	3.085870121994817	0.006584803367177123	8.866968781434316	199.45713887958868	4.00830322607521	0.9986819058483156	45.72223846223434	240.49768399011592	-0.5437772429931078
3.4941379598662206	3.4648829431438126	2.6416632235983895	0.00006982192539998222	1.3774635234617887	0.9964864437501858	3.066011855874191	0.006960452912183067	8.842822100697822	197.82193169184197	3.9656844687999424	0.9986471584639769	45.3835068904955	240.48275047934987	-0.5718533913999343
3.4941379598662206	3.5016722408026757	2.628359454863958	0.00007620226258366687	1.3630685620188867	0.9962514627731033	3.0464020182898337	0.007353324694207486	8.819231129663955	196.2107155334875	3.9239741315408767	0.9986121528702405	45.05079454847789	240.4691349628681	-0.5995263456025487
3.4941379598662206	3.5384615384615383	2.6152570080827426	0.00008305417705608474	1.3489805465265041	0.9960065983518397	3.0270303404961605	0.0077640947111030974	8.796190068175452	194.6225400230254	3.883143935989874	0.9985768833922478	44.72394104296059	240.4568490260153	-0.6267967893280905
3.4941379598662206	3.5752508361204014	2.6023500131675323	0.00009040448672500466	1.3351902468741823	0.995751687701645	3.0078867794142226	0.008193467700661955	8.773693582991807	193.0564795148268	3.8431667527469915	0.9985413431493985	44.40279156009316	240.44590207443798	-0.6536650282435386
3.4941379598662206	3.612040133779264	2.5896327869521008	0.0000982811314605793	1.3216888080738858	0.995486564227971	2.988961501159909	0.008642178648217801	8.751736799248718	191.51163140248076	3.804016544336273	0.9985055240373779	44.08719661370429	240.43630150628013	-0.6801309954755235
3.4941379598662206	3.648829431438127	2.577099824140608	0.00010671321371429701	1.308467731996376	0.9952110562715629	2.970244865265596	0.009110994365095913	8.730315292448593	189.98711449380428	3.7656683117091636	0.9984694167091797	43.777011808147805	240.42805289027172	-0.7061942568077781
3.4941379598662206	3.68561872909699	2.5647457887725937	0.00011573104167020854	1.2955188602851537	0.9949249858039646	2.9517274095529062	0.00960071513868001	8.709425080870888	188.48206745213986	3.728098043987107	0.9984330105550784	43.47209761468308	240.42116014898673	-0.7318540156521555
3.4941379598662206	3.722408026755853	2.5525655061707413	0.0001253661751281357	1.2828343583650434	0.9946281670754711	2.9333998356213042	0.010112176454269569	8.689062618283174	186.99564729919425	3.6912826712158027	0.9983962936815255	43.17231916047633	240.41562574673014	-0.7571091178934636
3.4941379598662206	3.759197324414716	2.5405539553415046	0.00013565147432767784	1.2704067004689554	0.9943204052172583	2.9152529949241037	0.010646250788146983	8.66922478682371	185.52702797527385	3.6552000199214634	0.9983592528889691	42.877546029379545	240.41145088152197	-0.781958056715374
3.4941379598662206	3.7959866220735785	2.5287062618017155	0.0001466211519307266	1.2582286556123956	0.9940014947991428	2.8972778754108934	0.011203849470329612	8.649908889913917	184.07539895340128	3.6198287712763992	0.9983218736486219	42.587652073715645	240.40863568075397	-0.8063989775221728
3.4941379598662206	3.8327759197324416	2.5170176908070676	0.0001583108283887839	1.2462932744508386	0.9936712183441699	2.8794655887231824	0.011785924614314353	8.631112645044638	182.63996390445226	3.585148421696711	0.9982841400782381	42.30251523636454	240.4071794001945	-0.8304296830801654
3.4941379598662206	3.869565217391304	2.505483640961062	0.00017075759092947298	1.2345938769601088	0.993329344801025	2.8618073579384458	0.012393471109686008	8.612834176262378	181.21993941113374	3.5511392457087547	0.9982460349169907	42.02201738250382	240.40708062607806	-0.8540476390134478
3.4941379598662206	3.9063545150501673	2.494099638185518	0.00018400005640394426	1.2231240408845396	0.9929756279751029	2.844294505866749	0.013027528671709965	8.595072006161244	179.81455372935463	3.5177822609337115	0.9982075394995856	41.746044140412316	240.40833748008046	-0.8772499798012171
3.4941379598662206	3.94314381270903	2.482861330036407	0.00019807843824296275	1.2118775909019828	0.9926098049189972	2.8269184439142783	0.013689183939904995	8.577825047162444	178.4230455963482	3.485059195051659	0.9981686337297923	41.4744847508007	240.41094782710033	-0.900033515437705
3.4941379598662206	3.979933110367893	2.471764480351097	0.00021303461777411528	1.200848588458535	0.9922315942831679	2.809670661538945	0.014379572615032848	8.561092591835548	177.04466308576806	3.452952454616776	0.9981292960536278	41.207231924177826	240.41490948578672	-0.9223947389323688
3.4941379598662206	4.016722408026756	2.4608049642156447	0.0002289122201550364	1.1900313222294305	0.9918406946276547	2.792542716335613	0.015099881620868822	8.544874301983857	175.67866251095847	3.4214450956053972	0.9980895034324905	40.94418170580984	240.42022044185472	-0.9443298348458534
3.4941379598662206	4.053511705685619	2.4499787632431413	0.00024575669517732534	1.1794202991657077	0.9914367826959443	2.7755262248021593	0.015851351273452906	8.529170196180294	174.32430737868418	3.390520795587321	0.9980492313166129	40.68523334787051	240.42687906426895	-0.9658346890779216
3.4941379598662206	4.090301003344481	2.4392819611565892	0.0002636154031921486	1.1690102360891275	0.9910195116524682	2.7586128538528927	0.01663527743616808	8.513980635398875	172.98086739682014	3.3601638274189383	0.9980084536192825	40.43028918842146	240.43488432443186	-0.986904900145942
3.4941379598662206	4.127090301003345	2.428710739672243	0.0002825377064003062	1.1587960518004043	0.990588509285774	2.741794313163183	0.017453013633842582	8.49930630634102	171.64761754089199	3.3303590343641494	0.9979671426923759	40.17925453689957	240.44423601855715	-1.0075357922176829
3.4941379598662206	4.1638795986622075	2.4182613746818182	0.0003025750657359852	1.1487728596680375	0.9901433761801606	2.7250623484483416	0.018305973093024012	8.485148202004119	170.3238371859035	3.3010918065556254	0.9979252693038556	39.93203756582329	240.4549349934331	-1.0277224301892334
3.4941379598662206	4.20066889632107	2.4079302327345395	0.00032378114355287546	1.1389359606670133	0.9896836838595606	2.7084087358015854	0.01919563066848191	8.471507598982907	169.00880931166967	3.272348058715081	0.9978828026180027	39.68854920846449	240.4669833758006	-1.0474596371284888
3.4941379598662206	4.237458193979933	2.397713767822508	0.00034621191229258633	1.1292808368382903	0.9892089729087119	2.691825277239917	0.020123524607757414	8.458386030931303	167.7018197918524	3.2441142090565545	0.9978397101792933	39.448703062262936	240.48038480556087	-1.066742014435893
3.4941379598662206	4.274247491638796	2.3876085184755067	0.0003699257692765256	1.1198031451413453	0.9887187510782204	2.6753037976337892	0.021091258096028027	8.445785257544637	166.40215677916808	3.2163771593015698	0.9977959579009847	39.21241529779137	240.49514467301358	-1.0855639651073934
3.4941379598662206	4.311036789297659	2.377611105173991	0.0003949836577113452	1.1104987116731244	0.98821249138203	2.658836143226003	0.022100500512598195	8.433707228349366	165.10911020175266	3.1891242757394185	0.9977515100596487	38.97960457310724	240.51127036029234	-1.103919720518439
3.4941379598662206	4.3478260869565215	2.3677182280915297	0.0004214491939331553	1.101363526227443	0.987689630198109	2.6424141819778084	0.023152988317808765	8.422154040510804	163.82197138849702	3.162343371269266	0.9977063292970777	38.75019195335145	240.52877148706102	-1.1218033711825741
3.4941379598662206	4.384615384615385	2.3579266651805577	0.00044938880083365677	1.0923937371693306	0.9871495653858888	2.6260298060154734	0.02425052547501025	8.41112788979086	162.54003284429731	3.136022688364226	0.9976603766312088	38.52410083547986	240.5476601604576	-1.139208901971313
3.4941379598662206	4.421404682274248	2.3482332706177	0.00047887184731007027	1.0835856465988896	0.986591654437184	2.6096749364883327	0.025394983296385627	8.40063101370914	161.26258819959637	3.110150882900086	0.9976136114779286	38.30125687803356	240.56795122911925	-1.156130232313233
3.4941379598662206	4.45819397993311	2.338634973627043	0.0005099707934574462	1.0749357057789632	0.9860152126810104	2.5933415311889196	0.026588299583870455	8.390665625885623	159.98893236230356	3.0847170087934557	0.997565991685874	38.08158793587111	240.58966254092482	-1.1725612619165204
3.4941379598662206	4.494983277591973	2.329128777701584	0.000542761341073423	1.066440510800324	0.9854195115669357	2.5770215953265927	0.027832476917260696	8.381233840475973	158.7183619041472	3.0597105033957037	0.9975174735865954	37.86502399980005	240.61281520384696	-1.1884959225784837
3.4941379598662206	4.531772575250836	2.3197117602444104	0.0005773225888694298	1.0580967984571457	0.9848037770563334	2.5607071958866485	0.02912957992107228	8.372337585557242	157.4501757176417	3.0351211735902437	0.9974680120627123	37.65149714105557	240.6374338490322	-1.2039282366538333
3.4941379598662206	4.568561872909699	2.3103810726516865	0.0006137371915766071	1.0499014423042297	0.9841671881561586	2.544390480045391	0.030481731320196888	8.363978504290083	156.18367598403427	3.0109391825410947	0.9974175606369506	37.440941460575786	240.6635468948239	-1.218852382746978
3.4941379598662206	4.605351170568562	2.3011339408590907	0.0006520915218973588	1.0418514488658388	0.9835088756355723	2.528063698145715	0.03189110657249782	8.356157842683446	154.91816949667057	2.9871550370406723	0.9973660715851915	37.23329304301973	240.6911868100155	-1.2332627691670826
3.4941379598662206	4.642140468227424	2.291967666371722	0.0006924758339843034	1.033943953964166	0.9828279209717903	2.5117192317640673	0.033359926845130415	8.348876322831378	153.65296938794694	2.9637595754044987	0.9973134960768785	37.02848991546374	240.7203903741183	-1.2471541156306418
3.4941379598662206	4.678929765886288	2.2828796277939656	0.0007349844268291041	1.0261762191333295	0.9821233555777872	2.4953496274138156	0.034890450081799924	8.342134000593429	152.38739731107302	2.9407439558593853	0.9972597843462838	36.826472010687475	240.7511989318047	-1.2605215436097035
3.4941379598662206	4.7157190635451505	2.2738672828703943	0.0007797158056174169	1.0185456280826217	0.98139416037069	2.4789476364270246	0.03648495989208921	8.335930106867742	151.12078612985744	2.918099645370454	0.9972048858982164	36.62718113492682	240.7836586380138	-1.27336067559422
3.4941379598662206	4.752508361204013	2.2649281710406566	0.000826772838760408	1.0110496831705715	0.9806392657455183	2.4625062615298217	0.038145751983603905	8.330262871879121	149.8524831701265	2.8958184088508405	0.997148749751719	36.430560939923055	240.8178206894552	-1.2856677433566226
3.4941379598662206	4.789297658862877	2.2560599165001416	0.0008762629079591428	1.003686001849419	0.9798575520239358	2.4460188105683494	0.03987511785573268	8.325129332293852	148.58185408454503	2.873892298696097	0.9970913247251141	36.23655689903082	240.85374153740145	-1.2974397050657394
3.4941379598662206	4.826086956521739	2.2472602317435135	0.0009282980483114035	0.9964523130381309	0.9790478504512896	2.429478957744373	0.04167532548366253	8.320525121502559	147.30828737781053	2.852313644583896	0.9970325597653747	36.04511628706766	240.89148307582673	-1.3086743707866675
3.4941379598662206	4.862876254180602	2.2385269215493944	0.000982995075154435	0.9893464533813333	0.9782089448167409	2.4128808125723102	0.04354859674679957	8.316444244101355	146.03119963055138	2.8310750434780982	0.9969724043241637	35.85618816348337	240.93111279803284	-1.3193705355152856
3.4941379598662206	4.8996655518394645	2.2298578873415145	0.0010404756940793447	0.982366363351976	0.9773395737699003	2.396218996563955	0.045497081401252526	8.31287883646987	144.7500414469104	2.810169349775924	0.9969108087819529	35.66972335831022	240.97270391410888	-1.3295281184260543
3.4941379598662206	4.936454849498328	2.2212511318340704	0.0011008665903913682	0.9755100831574554	0.976438433902151	2.3794887273741607	0.04752282746610842	8.309818916401074	143.4643041317685	2.789589665537136	0.9968477249203619	35.48567446021355	241.0163354207872	-1.3391483064584775
3.4941379598662206	4.973244147157191	2.2127047638374218	0.001164299494265897	0.9687757484129227	0.9755041836507686	2.362685909794247	0.04962774799227177	8.307252125983021	142.17352707807487	2.769329330736442	0.9967831064411847	35.30399580581143	241.0620921147512	-1.348233699737199
3.4941379598662206	5.010033444816053	2.2042170030651165	0.0012309112180119437	0.9621615855519206	0.9745354480680752	2.3458072325567243	0.0518135843143155	8.305163473347568	140.8773058121746	2.7493819134842328	0.9967169095285063	35.12464346926818	241.11006454014174	-1.3567884556286218
3.4941379598662206	5.046822742474917	2.1957861847457867	0.0013008436622528865	0.9556659069538304	0.973530824475324	2.328850269417767	0.05408186605246171	8.303535080445284	139.57530060513614	2.7297412001675143	0.9966490934478248	34.94757525100174	241.1603488611347	-1.3648184275086408
3.4941379598662206	5.083612040133779	2.187410763805944	0.0013742437885158536	0.9492871057801959	0.9724888889912634	2.311813582424091	0.05643386833329893	8.302345945609241	138.2672455113014	2.7104011854727563	0.9965796211732549	34.77275066419275	241.21304665110205	-1.3723312935926228
3.4941379598662206	5.120401337792642	2.1790893183546576	0.0014512635567261209	0.9430236505279234	0.9714082038882589	2.2946968246691957	0.05887056693078055	8.301571731230016	136.9529576427835	2.6913560622656436	0.9965084600307723	34.6001309176543	241.26826459111294	-1.3793366705146608
3.4941379598662206	5.157190635451505	2.1708205521721946	0.0015320598274534772	0.9368740793265419	0.9702873256850199	2.277500839233971	0.06139259228549001	8.301184588240858	135.6323464326703	2.67260021131969	0.9964355823422184	34.42967889353667	241.3261140725177	-1.3858462058078682
3.4941379598662206	5.193979933110368	2.1626032958862482	0.0016167942304493406	0.9308369940286418	0.9691248138358309	2.260227750435024	0.06400018362696107	8.301153030135621	134.30542258369064	2.6541281909062975	0.9963609660516521	34.26135911832122	241.3867107011371	-1.391873643113267
3.4941379598662206	5.230769230769231	2.1544365065158653	0.0017056330030080736	0.9249110541663357	0.9679192398241289	2.2428810430291506	0.06669314468216962	8.301441869717058	132.9723063476592	2.635934726282474	0.9962845953128673	34.09513772562144	241.4501737041555	-1.397434853918472
3.4941379598662206	5.2675585284280935	2.1463192650792515	0.0017987468039002636	0.9190949708706724	0.9666691964168422	2.2254656247127884	0.06947080267883637	8.302012231499091	131.63323473988171	2.6180146991380444	0.9962064610148421	33.93098240947357	241.5166252450975	-1.4025478299854435
3.4941379598662206	5.304347826086956	2.138250772001123	0.0018963105109304072	0.9133875008735362	0.9653733067895336	2.207987867182206	0.0723319725166388	8.302821651480567	130.2885672682371	2.6003631370905986	0.9961265612208909	33.76886236708305	241.58618965714265	-1.407232631437597
3.4941379598662206	5.34113712374582	2.1302303401203986	0.001998503012393032	0.9077874407303366	0.9640302331962415	2.1904556212500896	0.07527492805286486	8.303824273736847	128.93878975529955	2.5829752033409683	0.996044901497689	33.608748230390454	241.65899261012223	-1.4115112867821014
3.4941379598662206	5.377926421404682	2.122257385190111	0.002105507004631144	0.9022936214144671	0.9626386848373027	2.1728782020976483	0.07829738240364752	8.304971149891918	127.58451585923872	2.565846186623257	0.9959614951124096	33.450611986335446	241.7351602316101	-1.4154076429386413
3.4941379598662206	5.414715719063545	2.1143314138752207	0.002217508809318525	0.8969049034386463	0.9611974245781354	2.1552663416999818	0.08139647897663171	8.306210643105635	126.22648595899797	2.548971491597703	0.9958763630800866	33.29442688629308	241.81481820692778	-1.4189471655710073
3.4941379598662206	5.451505016722408	2.106452009384765	0.0023346982247832836	0.8916201726522479	0.9597052741954587	2.1376321067807282	0.08456879461598657	8.307488932945553	124.86556316223135	2.5323466298408546	0.9957895340489715	33.14016734581025	241.89809088635963	-1.4221566925492592
3.4941379598662206	5.488294314381271	2.0986188150127743	0.002457268425503709	0.8864383368464875	0.9581611178760607	2.1199887822674843	0.08781035576212995	8.308750611759148	123.5027263176691	2.5159672115827965	0.9957010440188357	32.98780883641741	241.98510042975846	-1.4250641460260791
3.4941379598662206	5.525083612040134	2.090831515995962	0.002585415922754677	0.8813583232711684	0.9565639037656383	2.102350722024868	0.09111666793023696	8.309939357388181	122.13906005993087	2.499828938325244	0.9956109358954263	32.83732777188156	242.07596601878518	-1.4276982111634995
3.4941379598662206	5.561872909698996	2.0830898202124137	0.00271934059728189	0.8763790771290954	0.9549126434571227	2.08473317049137	0.09448275813516616	8.310998661815127	120.77574207345687	2.483927596447532	0.9955192588929542	32.68870139173769	242.17080316505871	-1.430087991748545
3.4941379598662206	5.59866220735786	2.075393438331735	0.0028592458119651855	0.8714995610699917	0.9532064094122068	2.06715206057043	0.09790322919171252	8.3118725911479	119.41402791949734	2.4682590518709877	0.9954260678048195	32.54190764523293	242.26972313844686	-1.4322626545547792
3.4941379598662206	5.635451505016722	2.06774206407347	0.0030053386089374016	0.8667187556585428	0.9514443304175466	2.0496237945560782	0.10137232416162313	8.312506549705775	118.05523391122517	2.452819245809206	0.99533142216996	32.39692507890481	242.3728325339324	-1.4342510751561068
3.4941379598662206	5.672240802675585	2.060135355231286	0.0031578299918645445	0.8620356607454105	0.9496255852783977	2.0321650158635154	0.10488399866536278	8.312848020187941	116.70071863316345	2.4376041915860283	0.9952353853675598	32.25373273087914	242.48023298843677	-1.4360814978723482
3.4941379598662206	5.709030100334449	2.052572916074215	0.0033169352904226343	0.8574492976297087	0.9477493950380682	2.014792379784702	0.10843199838014961	8.312847253102856	115.35186377131424	2.4226099724579897	0.9951380236758562	32.112310034617614	242.5920210511465	-1.4377812216162993
3.4941379598662206	5.745819397993311	2.04505428164839	0.0034828746007569667	0.8529587118703129	0.945815014074037	1.9975223313607653	0.11200993884154142	8.312457881701116	114.01005494339095	2.407832740338906	0.9950394053312248	31.972636734315586	242.7082882032281	-1.4393763217103865
3.4941379598662206	5.782608695652174	2.0375789043817876	0.003655873293165055	0.848562976583608	0.9438217204563363	1.9803708977837085	0.11561138466672857	8.311637443263471	112.6766631934874	2.393268715292881	0.994939599621646	31.83469281348902	242.82912101572353	-1.4408914154284562
3.4941379598662206	5.8193979933110365	2.030146143253447	0.0038361625765857797	0.8442611960580426	0.9417688059596857	1.9633535015979018	0.1192299255131633	8.310347793268805	111.35302774694526	2.378914185641684	0.9948386760444216	31.698458437570746	242.95460142865727	-1.4423494763328628
3.4941379598662206	5.8561872909699	2.022755255641128	0.004023980108771842	0.8400525095206097	0.939655566099881	1.946484799500061	0.12285924644485345	8.308555405135037	110.04044051813906	2.364765508523481	0.9947367035521524	31.563913910622386	243.08480713026668	-1.4437716996802468
3.4941379598662206	5.892976588628763	2.0154053918204196	0.00421957064123833	0.8359360949053777	0.9374812905218666	1.929778549889716	0.1264931908550891	8.306231554320721	108.74013273820813	2.350819110741691	0.9946337499041918	31.431039645618057	243.2198120128858	-1.445177418508737
3.4941379598662206	5.929765886287625	2.00809559196514	0.004423186689079717	0.8319111724969985	0.9352452540081831	1.9132475106576916	0.13012581463542586	8.303352391098015	107.45326393443072	2.3370714897543396	0.9945298811337225	31.299816147218998	243.359686681469	-1.4465840676983106
3.4941379598662206	5.966555183946488	2.0008247854006873	0.004635089217347286	0.8279770083496394	0.9329467083091643	1.8969033671535476	0.13375143083444785	8.299898910885616	106.18091336003334	2.3235192146727037	0.9944251611338863	31.170224005556843	243.50449899166895	-1.4480071914542743
3.4941379598662206	6.003344481605351	1.993591791793058	0.004855548337657697	0.8241329174111903	0.9305848749271418	1.8807566889489253	0.13736464457057618	8.295856834441418	104.92407385289962	2.3101589271614325	0.9943196513605087	31.04224389929264	243.65431459659865	-1.4494604883714992
3.4941379598662206	6.040133779264214	1.9863953239164844	0.005084844010855446	0.8203782663112077	0.9281589389216338	1.8648169129754144	0.14096037841697015	8.291216412388144	103.68364800090302	2.296987342157363	0.9942134106441957	30.915856606105447	243.80919748437432	-1.450955887497919
3.4941379598662206	6.076923076923077	1.979233991630042	0.005323266753687738	0.8167124757970335	0.9256680437452295	1.849092349889286	0.14453388884162546	8.285972169539615	102.46044641447514	2.2840012483495937	0.994106495101095	30.791043018779405	243.96921049205386	-1.4525036485815117
3.4941379598662206	6.11371237458194	1.9721063067031883	0.005571118349440281	0.8131350228244112	0.923111287073127	1.8335902100915826	0.14808077455343158	8.280122604464195	101.25518785441737	2.271197508386184	0.993998958129392	30.66778416516381	244.1344157850862	-1.4541124798714802
3.4941379598662206	6.150501672240803	1.9650106881571594	0.005828712564224721	0.8096454423262702	0.9204877175540237	1.8183166456788677	0.15159697777645764	8.273669858876257	100.06850093359789	2.25857305879333	0.9938908504775404	30.546061230463252	244.3048752948813	-1.4557896673489517
3.4941379598662206	6.187290969899665	1.957945467827328	0.006096375872066473	0.8062433286958925	0.917796332386056	1.8032768046680125	0.1550787795596448	8.26661937001689	98.90092710194585	2.2461249096088483	0.9937822203701153	30.425855580531366	244.48065111008904	-1.4575412099807026
3.4941379598662206	6.224080267558528	1.95090889589623	0.006374448193103414	0.8029283370289145	0.9150360756076026	1.7884748940737218	0.1585227902414625	8.2589795173954	97.7529246311639	2.2338501437445655	0.9936731136778078	30.307148785081605	244.66180581982334	-1.4593719564240586
3.4941379598662206	6.260869565217392	1.9438991461934463	0.006663283650092939	0.7997001841730433	0.9122058369873646	1.7739142487657804	0.16192593614522416	8.250761273308735	96.62487333459495	2.2217459161008803	0.9935635741192317	30.189922639963726	244.84840280912073	-1.4612857394819894
3.4941379598662206	6.297658862876254	1.9369143211036117	0.006963251349077667	0.7965586496357836	0.9093044513993485	1.7595974034459374	0.16528544349696608	8.241977864593977	95.51707978466504	2.209809452462371	0.9934536434836796	30.074159187875775	245.04050650850814	-1.4632855054522014
3.4941379598662206	6.334448160535117	1.9299524559650945	0.0072747361905298995	0.7935035763995903	0.9063306985743642	1.7455261655215064	0.16859882044897956	8.23264445121553	94.42978282172726	2.198038048206034	0.9933433618655784	29.959840737077084	245.23818260064516	-1.4653734362898587
3.4941379598662206	6.37123745819398	1.9230115228781133	0.0075981397176273936	0.7905348716914657	0.9032833031287613	1.731701687084132	0.1718638379705369	8.22277782561943	93.36315918112982	2.186429066854532	0.993232767903032	29.846949877836558	245.44149818773715	-1.4675510631845916
3.4941379598662206	6.408026755852843	1.9160894338713	0.0079338810085671	0.7876525077506144	0.900160934781952	1.7181245346053051	0.17507851024310714	8.212396135344473	92.31732909768952	2.1749799385056874	0.9931218990143855	29.7354694964861	245.65052192375038	-1.469819370726773
3.4941379598662206	6.444816053511706	1.909184043400162	0.00828239762003539	0.7848565226339933	0.8969622086857386	1.704794755322318	0.17824107507742395	8.201518630179649	91.29236177701594	2.16368815816755	0.9930107916281607	29.625382787057998	245.86532411560233	-1.4721788913041678
3.4941379598662206	6.481605351170568	1.9022931501696985	0.008644146589166674	0.7821470210957446	0.8936856857996972	1.691711939602094	0.1813499747589616	8.190165434194151	90.28828065034186	2.1525512840256136	0.9928994814029539	29.516673260566847	246.08597679741953	-1.4746297897338032
3.4941379598662206	6.518394648829432	1.8954144982870405	0.009019605501570932	0.7795241755728317	0.8903298732574285	1.6788752788334291	0.1844038376296892	8.178357342223967	89.30506835316442	2.141566935665505	0.9927880034349352	29.409324752052584	246.31255378170633	-1.477171938406443
3.4941379598662206	6.555183946488294	1.8885457777594588	0.009409273633310214	0.7769882273060548	0.8868932246778737	1.666283618613262	0.18740146062830154	8.166115639850842	88.34267138804685	2.1307327922715125	0.9926763924514596	29.30332142554301	246.54513069102646	-1.4798049834140103
3.4941379598662206	6.591973244147157	1.8816846243586132	0.009813673175091532	0.774539487622919	0.8833741403840631	1.6539355071620139	0.1903417929391162	8.15346194552856	87.40100444836966	2.1200465908179726	0.992564682989995	29.198647777114555	246.78378497340074	-1.4825284022580336
3.4941379598662206	6.62876254180602	1.8748286188746375	0.010233350547423309	0.772178339406781	0.8797709674984674	1.6418292390332379	0.1932239208403924	8.140418073267087	86.47995439302468	2.10950612426776	0.9924529095621143	29.09528863624285	247.0285959042954	-1.4853415538119799
3.4941379598662206	6.665551839464883	1.8679752857839111	0.010668877816074895	0.7699052387752714	0.8760819998896067	1.6299628942785458	0.1960470537952076	8.127005914151296	85.5793838723125	2.0991092397893523	0.9923411068027055	28.99322916563501	247.2796445776935	-1.4882437212441277
3.4941379598662206	6.702341137123746	1.8611220913528133	0.011120854217900576	0.7677207169901805	0.8723054779488302	1.6183343732962587	0.1988105117906238	8.113247334921907	84.69913461306338	2.0888538370016754	0.9922293096048533	28.892454859731764	247.53701388841765	-1.4912341486105996
3.4941379598662206	6.739130434782608	1.8542664411967997	0.011589907807947926	0.7656253826208006	0.8684395881792925	1.6069414276364007	0.2015137139023998	8.099164091861235	83.8390303766371	2.0787378662537863	0.9921175532410464	28.792951542057004	247.80078850753233	-1.4943120718090381
3.4941379598662206	6.775919732441472	1.8474056773101426	0.012076697239788839	0.7636199239831365	0.8644824625812008	1.5957816870603392	0.20415616804153888	8.084777758287222	82.99887960733365	2.0687593269448072	0.9920058734714975	28.69470536158102	248.07105485239353	-1.4974767445485413
3.4941379598662206	6.812709030100335	1.8405370745768805	0.0125819136922001	0.7617051118783502	0.860432177818625	1.5848526831651149	0.20673746182399472	8.070109664051415	82.17847779124746	2.0589162658879143	0.9918943066404347	28.59770278824843	248.34790105262422	-1.5007274599477438
3.4941379598662206	6.849498327759197	1.833657836768239	0.013106282956700395	0.7598818026553831	0.8562867541534642	1.5741518698831973	0.209257254495005	8.055180845548684	81.37760954696158	2.0492067757211867	0.9917828897612556	28.501930607809236	248.63141691312737	-1.5040635683228203
3.4941379598662206	6.88628762541806	1.8267650920258958	0.013650567702051985	0.7581509416247663	0.8520441541318284	1.5636766411614105	0.21171526983349065	8.040012004869252	80.59605047000616	2.039628993366855	0.9916716605914284	28.407375916074045	248.92169387498583	-1.507484491675651
3.4941379598662206	6.923076923076923	1.8198558878244235	0.014215569933672028	0.7565135668533426	0.847702281007044	1.5534243461103836	0.21411128995899112	8.024623476850893	79.83356875289724	2.0301810985400137	0.9915606576980012	28.3140261127038	249.21882497501966	-1.5109897353404327
3.4941379598662206	6.959866220735786	1.8129271853996436	0.014802133668020766	0.7549708133728439	0.8432589768818977	1.5433923018996905	0.21644514996296538	8.009035202915262	79.08992660198592	2.020861312306956	0.991449920514538	28.221868894628077	249.522904804559	-1.5145788971971432
3.4941379598662206	6.996655518394649	1.8059758536228547	0.01541114784446768	0.7535239178391926	0.8387120205504983	1.533577804655538	0.2187167332873799	7.993266710694665	78.36488147144253	2.0116678956930265	0.991339489390249	28.130892249176224	249.83402946794354	-1.5182516748127912
3.4941379598662206	7.033444816053512	1.7989986622936416	0.016043549499937113	0.7521742236839344	0.8340591250174333	1.523978138598632	0.22092596777572604	7.977337098571158	77.65818713359286	2.002599148339409	0.9912294056320263	28.041084446993207	250.15229654112696	-1.5220078708279405
3.4941379598662206	7.070234113712375	1.7919922748162622	0.016700327234859095	0.7509231868045526	0.8292979346685354	1.514590583639923	0.2230728223248752	7.961265024357605	76.96959460355266	1.9936534072080614	0.9911197115400348	27.952434034802888	250.47780503071579	-1.5258473968654365
3.4941379598662206	7.107023411371237	1.7849532402163053	0.01738252500266688	0.7497723818465473	0.8244260220637195	1.505412421632757	0.2251573040697902	7.945068697449527	76.29885293481074	1.9848290453337423	0.9910104504374504	27.864929828071734	250.81065533368908	-1.5297702762027068
3.4941379598662206	7.1438127090301	1.7778779844453712	0.018091246259367186	0.7487235091373406	0.8194408843177448	1.4964409414611528	0.2271794560372233	7.92876587386667	75.64570990106866	1.9761244706221095	0.9909016666948832	27.77856090361985	251.15094919803835	-1.5337766454160744
3.4941379598662206	7.1806020066889635	1.7707628009115246	0.018827658514679397	0.747778402340266	0.8143399390295415	1.4876734431261565	0.22913935520873555	7.912373853684651	75.00991257833077	1.9675381246925914	0.9907934057499644	27.693316592217535	251.4987896844833	-1.537866755177309
3.4941379598662206	7.217391304347826	1.7636038401623975	0.01959299833198741	0.7469390369064777	0.8091205197146368	1.4791072409755912	0.23103711093763982	7.895909480429713	74.39120783996843	1.9590684817648647	0.990685714122529	27.60918647120105	251.8542811294319	-1.542040970357074
3.4941379598662206	7.254180602006689	1.7563970986353714	0.02038857683104973	0.7462075394136639	0.8037798706881891	1.4707396662070786	0.2328728636686748	7.879389142074401	73.78934277626942	1.9507140475876534	0.990578639425782	27.526160357135826	252.2175291093079	-1.5462997695681588
3.4941379598662206	7.290969899665551	1.7491384063753836	0.021215785755214763	0.7455861978933221	0.7983151413380126	1.4625680687598608	0.23464678391338026	7.862828773328962	73.20406504883292	1.9424733584086395	0.9904722303737881	27.44422829855082	252.5886404063668	-1.550643744261857
3.4941379598662206	7.327759197324415	1.7418234136048383	0.022076104174030872	0.745077473263328	0.7927233797175364	1.454589818697932	0.23635907143809023	7.846243858973568	72.63512318910449	1.9343449799842198	0.9903665367855978	27.36338056876379	252.96772297609468	-1.555073597474688
3.4941379598662206	7.364548494983278	1.7344475760117835	0.022971105902854994	0.7446840120001024	0.7870015253776051	1.4468023071749665	0.23800995462533972	7.829649438020118	72.08226684934151	1.9263275066279975	0.9902616095862783	27.28360765881518	253.35488591630175	-1.55959014230793
3.4941379598662206	7.40133779264214	1.727006138601081	0.023902467733701797	0.7444086602052152	0.7811464013431871	1.4392029470607788	0.23959968997305417	7.813060108530506	71.54524701339209	1.9184195602967717	0.9901575008051006	27.204900270523595	253.75023943798072	-1.5641943002108138
3.4941379598662206	7.438127090301004	1.719494117928377	0.02487197858650117	0.7442544792455589	0.7751547051258378	1.43178917329901	0.2411285616994611	7.796490032950897	71.02381617380568	1.9106197897129367	0.9900542635710997	27.127249309675257	254.15389483801627	-1.5688870991273316
3.4941379598662206	7.474916387959866	1.7119062825073883	0.02588154970764775	0.7442247631748905	0.7690229986448995	1.4245584430569873	0.24259688142487873	7.779952943849872	70.51772848103448	1.902926869522228	0.9899519521062102	27.050645879357106	254.5659644738336	-1.57366967155816
3.4941379598662206	7.511705685618729	1.7042371311463154	0.026933226063834134	0.7443230581786001	0.7627476969091429	1.4175082357204738	0.2440049879047123	7.7634621499720815	70.02673986976205	1.895339499485692	0.9898506217161561	26.97508127344092	254.98656174003523	-1.5785432525817837
3.4941379598662206	7.548494983277592	1.6964808689280173	0.028029199104410908	0.7445531843242312	0.7563250552851611	1.4106360527788362	0.24535324679091747	7.747030542539439	69.55060816675581	1.88785640370489	0.9897503287792628	26.900546970225193	255.41580104710965	-1.5835091778726045
3.4941379598662206	7.585284280936455	1.6886313804993889	0.029171821095851525	0.7449192599489803	0.749751155148395	1.4039394176394766	0.24664205040201956	7.730670601748745	69.08909318404504	1.880476329879291	0.9896511307333413	26.82703462623947	255.85379780225497	-1.5885688817486923
3.4941379598662206	7.622073578595318	1.6806822002761612	0.030363621268532415	0.7454257290740127	0.7430218876760423	1.3974158754045518	0.24787181748436235	7.7143944034287255	68.64195680069946	1.8731980485948192	0.989553086060788	26.754536070214716	256.30066839236616	-1.5937238952778305
3.4941379598662206	7.65886287625418	1.672626479097974	0.0316073240604582	0.746077392306462	0.7361329354965431	1.3910629926375506	0.2490429929498179	7.698213625830934	68.20896303599073	1.866020352642593	0.9894562542720298	26.683043297222405	256.75653016923457	-1.5989758444665638
3.4941379598662206	7.695652173913044	1.6644569467816752	0.03290586979673559	0.7468794417762096	0.7290797518563061	1.3848783571426109	0.2501560475774565	7.682139556538234	67.78987811629247	1.8589420563667687	0.9893606958874417	26.612548462983337	257.22150143696336	-1.6043264485546398
3.4941379598662206	7.7324414715719065	1.6561658699148054	0.03426243820999065	0.7478375007601893	0.7218575368978418	1.3788595777750177	0.2512114776689546	7.666183099481747	67.38447053766902	1.851961995040529	0.9892664724178521	26.54304387834721	257.69570144163447	-1.609777518434444
3.4941379598662206	7.769230769230769	1.6477450041008175	0.03568047528878054	0.7489576687767208	0.7144612105618074	1.3730042842975834	0.2522098046495101	7.650354782062886	66.99251112576138	1.8450790242690855	0.9891736463437482	26.474522003941335	258.1792503631967	-1.61533095521366
3.4941379598662206	7.806020066889632	1.63918553970641	0.037163724042570075	0.7502465730931575	0.7068853815239148	1.3673101272941137	0.2531515746079931	7.634664762381074	66.61377309425708	1.838292019418712	0.9890822810932892	26.406975444988184	258.6722693095773	-1.620988748937511
3.4941379598662206	7.842809364548495	1.6304780399605807	0.03871625989855573	0.7517114277901954	0.6991243114511423	1.361774778148059	0.2540373577718398	7.619122836570612	66.2480321029484	1.8315998750706128	0.9889924410192298	26.340396946288063	259.17488031295323	-1.6267529774862097
3.4941379598662206	7.879598662207358	1.6216123700035339	0.04034253160484603	0.7533601017772433	0.691171873702532	1.3563959290918486	0.2548677479138139	7.603738446251994	65.89506631614225	1.8250015044985588	0.9889041913748509	26.274779387364354	259.68720632813404	-1.6326258056621286
3.4941379598662206	7.916387959866221	1.6125776151658033	0.04204740871606599	0.7552011974702376	0.6830215053984631	1.3511712933298499	0.2556433616893257	7.588520686103804	65.55465646195383	1.81849583916904	0.988817598288993	26.21011577776616	260.2093712329541	-1.6386094844807133
3.4941379598662206	7.953177257525083	1.603361986353915	0.04383623699448834	0.7572441422468807	0.6746661515253712	1.3460986052360173	0.2563648379042864	7.573478311561513	65.22658589284185	1.8120818282627826	0.988732728740281	26.146399252523707	260.74149983057714	-1.6447063506786692
3.4941379598662206	7.989966555183947	1.5939527099001236	0.045714903390399825	0.7594992953121297	0.6660981994125345	1.3411756206252565	0.2570328367148107	7.558619746649072	64.9106406475593	1.805758438216289	0.9886496505306277	26.08362306774946	261.2837178535584	-1.6509188264527308
3.4941379598662206	8.02675585284281	1.5843358985626468	0.04768991269421433	0.7619780732774208	0.6573094014887432	1.3364001170961768	0.2576480387610941	7.543953091948209	64.60660951456839	1.7995246522821424	0.9885684322580935	26.021780596378253	261.836151969506	-1.6572494194420107
3.4941379598662206	8.063545150501673	1.5744963994854	0.04976847851447859	0.764693098633436	0.6482907836654342	1.3317698944414997	0.2582111442387974	7.529486132709249	64.31428409684274	1.7933794701066603	0.9884891432891826	25.960865324037602	262.39892978813833	-1.6637007229672052
3.4941379598662206	8.100334448160535	1.5644176137683818	0.05195863197878539	0.7676583764535414	0.6390325359499257	1.3272827751213152	0.2587228719121121	7.51522634710558	64.0334588778797	1.7873219073235085	0.9884118537306418	25.90087084503928	262.9721798695074	-1.6702754165395748
3.4941379598662206	8.137123745819398	1.5540812807540452	0.05426935254822958	0.7708895062096335	0.6295238808991801	1.3229366047934967	0.2591839580733743	7.501180914632319	63.763931288668466	1.7813509951617816	0.9883366344008291	25.841790858481435	263.5560317331243	-1.6769762666531056
3.4941379598662206	8.173913043478262	1.5434672180476159	0.05671072668060128	0.7744039376688086	0.6197529141799276	1.3187292528949754	0.2595951554546559	7.4873567246480155	63.505501775301596	1.7754657800670453	0.9882635568007089	25.783619164450307	264.1506158676897	-1.6838061278732852
3.4941379598662206	8.210702341137123	1.5325530054331056	0.05929414192072806	0.7782212826942312	0.609706409658048	1.3146586132669134	0.25995723209728	7.473760385056317	63.25797386685938	1.7696653233337676	0.9881926930845244	25.72634966030893	264.7560637410972	-1.690767944236212
3.4941379598662206	8.247491638795987	1.5213135968842184	0.062032526558535965	0.7823636987351056	0.5993695788780982	1.3107226048166163	0.26027097018548434	7.460398231122954	63.0211542431769	1.763948700747496	0.9881241160301913	25.669976337059353	265.37250781033543	-1.6978647509723646
3.4941379598662206	8.284280936454849	1.5097208392861299	0.06494064861208386	0.7868563653725938	0.5887257711772768	1.3069191722086784	0.26053716485076045	7.447276334421552	62.794852802071524	1.7583150022351242	0.9880578990094478	25.614493275763998	266.0000815308791	-1.7050996765694062
3.4941379598662206	8.321070234113712	1.4977428684844278	0.06803549308442453	0.7917280832870418	0.5777560954866723	1.30324628657789	0.26075662295347374	7.43440051190052	62.578882725610804	1.7527633315215227	0.9879941159577865	25.559894644010782	266.63891936512397	-1.7124759451893659
3.4941379598662206	8.357859531772576	1.4853433415991264	0.07133674403549878	0.7970120366886133	0.5664389372804657	1.2997019462563182	0.2609301618484808	7.421776335061546	62.37306054498781	1.7472928057907495	0.9879328413441882	25.506174692405114	267.2891567893716	-1.7199968794558056
3.4941379598662206	8.394648829431437	1.4724804471383153	0.0748674093445984	0.8027467776553976	0.5547493327995165	1.2962841775072613	0.261058608141338	7.409409139239394	62.17720620359521	1.7419025553500032	0.987874150140663	25.453327751071164	267.9509302988218	-1.7276659036276658
3.4941379598662206	8.431438127090301	1.4591056079049451	0.07865464335414174	0.8089775173625702	0.5426581453605105	1.292991035258837	0.261142796441657	7.39730403297143	61.991143117891674	1.7365917232944859	0.9878181177915982	25.401348226144133	268.6243774100121	-1.735486547176939
3.4941379598662206	8.468227424749164	1.4451617501501488	0.08273084973188502	0.8157578507240211	0.5301309614159277	1.2898206038302955	0.2611835681199344	7.385465907444633	61.814698235681384	1.7313594651711712	0.9877648201829019	25.35023059623269	269.30963666004646	-1.7434624487887032
3.4941379598662206	8.505016722408026	1.430580945472736	0.0871351907162145	0.8231521079203133	0.5171265802021647	1.286770997644544	0.2611817700739203	7.3738994460072425	61.64770209145776	1.7262049486395659	0.9877143336109173	25.299969408831565	270.00684760196674	-1.7515973608028428
3.4941379598662206	8.54180602006689	1.4152811203585338	0.09191570208566884	0.8312386378901125	0.5035948976370804	1.283840361920627	0.26113825351034353	7.362609133731758	61.489988858484104	1.7211273531273492	0.9876667347510758	25.25055927666128	270.71615079550503	-1.7598951541182848
3.4941379598662206	8.578595317725753	1.3991613348520504	0.09713234020710342	0.8401145222612513	0.48947385811496047	1.2810268733403778	0.2610538727474454	7.351599267015905	61.3413963973191	1.7161258694788115	0.9876221006262446	25.201994873911953	271.43768779244374	-1.768359823581921
3.4941379598662206	8.615384615384615	1.382094781133378	0.10286151821615235	0.8499025689149187	0.4746849171474309	1.2783287406839485	0.2609294840433826	7.340873963208139	61.201766300535056	1.7111996995939278	0.987580508574711	25.154270932366572	272.1716011157349	-1.7769954938860184
3.4941379598662206	8.652173913043478	1.363917981527418	0.10920313062227929	0.8607621056188169	0.4591260155607768	1.2757442054291845	0.2607659444552303	7.330437170244447	61.07094393339663	1.7063480560557474	0.9875420362177388	25.107382237376978	272.91803423144665	-1.78580642599995
3.4941379598662206	8.688963210702342	1.3444132942151006	0.11629197048319112	0.872906465420387	0.4426601611070402	1.273271542310495	0.260564110732813	7.320292676283592	60.948778470320555	1.701570161743822	0.987506761426614	25.061323623665825	273.67713151256373	-1.7947970241639444
3.4941379598662206	8.725752508361204	1.3232787982834648	0.12431745021762465	0.886633092119749	0.4250957064226615	1.270909059833083	0.2603248382512526	7.3104441193285075	60.835122926953346	1.6968652494311809	0.9874747622890931	25.016089970924618	274.4490381935692	-1.8039718434752001
3.4941379598662206	8.762541806020067	1.3000721764462293	0.13356047076483465	0.9023796474441327	0.406149478628833	1.268655100738932	0.2600489799856614	7.300894996822015	60.729834187744515	1.6922325613623541	0.9874461170751484	24.971676199177605	275.2339003146678	-1.813335598099014
3.4941379598662206	8.799331103678929	1.274094236537224	0.14447019137138978	0.9208404787711447	0.38537000829515644	1.2665080424213897	0.2597373855309505	7.291648675206146	60.63277302892666	1.6876713488097606	0.9874209042018962	24.928077263878738	276.03186465440405	-1.8228931701409523
3.4941379598662206	8.836120401337793	1.2441060300944533	0.1578510534874831	0.9432494890268904	0.361950504287648	1.2644662972853855	0.2593909001693877	7.282708399434792	60.543804136828236	1.6831808716056351	0.987399202197582	24.88528815070668	276.8430786493331	-1.832649619219155
3.4941379598662206	8.872909698996656	1.2074404665186933	0.17545195866266627	0.9722685102158288	0.33413967461326277	1.2625283130508413	0.25901036398807425	7.27407730243078	60.462796121483045	1.6787603976466152	0.9873810896644819	24.84330387002193	277.66769029930595	-1.8426101927795908
3.4941379598662206	8.909698996655518	1.1551458954253089	0.2031980471208486	1.0168437078975203	0.2960099465840944	1.2606925729970169	0.2585966110481445	7.265758414479187	60.38962152551472	1.6744092023678123	0.9873666452405696	24.8021194509462	278.5058480567905	-1.85278033720133
3.4941379598662206	8.946488294314381	1.0837923482037455	0.24642452911550874	1.0837923481440486	0.24642452915406413	1.258949405735527	0.2581535736139259	7.257724530426696	60.32347308590578	1.6701234596304837	0.9873555006483332	24.76168377350163	279.3564908432472	-1.8631332709290735
3.4941379598662206	8.983277591973245	1.089949508435761	0.24117922383074253	1.0899495084357738	0.24117922383073423	1.2573873128056425	0.25764678683746395	7.249859474323082	60.27018602564576	1.6659836740609733	0.9873438449689083	24.722873505470005	280.24550185947106	-1.873252983708982
3.4941379598662206	9.020066889632107	1.2177319605741845	0.16773293492318128	1.2177319605741934	0.16773293492317679	1.2648579073709103	0.2537023494591195	7.248897663065125	60.877473281609824	1.6681511509273712	0.9873090130441776	24.758208364785705	283.2487408020226	-1.873252983708982
3.4941379598662206	9.05685618729097	1.2663687501060832	0.14478748174380407	1.2663687501060847	0.14478748174380346	1.2740959509153005	0.24920032566954356	7.250742950166439	61.6156820497556	1.671610360654993	0.9872969264756329	24.80909597334189	286.72485721574367	-1.873252983708982
3.4941379598662206	9.093645484949834	1.2999595343163337	0.130437493093997	1.2999595343163366	0.13043749309399577	1.2840369552620854	0.2445658916625052	7.253934024949497	62.40437355588748	1.6757250657275067	0.9872978664430196	24.86774859776863	290.4637615106574	-1.873252983708982
3.4941379598662206	9.130434782608695	1.3263631215159362	0.11999175217824963	1.3263631215159362	0.11999175217824953	1.2942726583123205	0.23995645755380218	7.25790469719169	63.21285597535276	1.6802442443904855	0.9873079436866173	24.9310899183371	294.38367178373556	-1.873252983708982
3.4941379598662206	9.167224080267559	1.3483374250819873	0.11184433416674448	1.3483374250819864	0.11184433416674482	1.3045674108230065	0.2354553781605991	7.262320070769821	64.02354790334545	1.68501274743848	0.9873246462865194	24.997223173757693	298.4336682742952	-1.873252983708982
3.4941379598662206	9.20401337792642	1.3672188860002605	0.10523095750833059	1.36721888600026	0.1052309575083307	1.3147727432939147	0.2311086072493277	7.2669613254833845	64.82547566258859	1.6899235619545951	0.9873461467878503	25.064845987732895	302.578005202644	-1.873252983708982
3.4941379598662206	9.240802675585284	1.3837775155374386	0.09971960963895612	1.3837775155374417	0.099719609638955	1.3247938607903726	0.22693989795917935	7.27168130720314	65.6117159812978	1.6949002880581236	0.9873710639083466	25.133034199168087	306.79053557391126	-1.873252983708982
3.4941379598662206	9.277591973244148	1.3985085546925284	0.09503867144120584	1.3985085546925262	0.09503867144120658	1.3345715966396334	0.22295914853558604	7.276380899632912	66.37801935362324	1.6998879807298994	0.9873983423146486	25.201128252875076	311.05187895186475	-1.873252983708982
3.4941379598662206	9.31438127090301	1.4117554168292186	0.09100470930556527	1.4117554168292183	0.09100470930556531	1.3440710711009103	0.21916756399181905	7.280994248947333	67.12194759423363	1.7048473235457802	0.9874271754133229	25.268660732364435	315.3476450137224	-1.873252983708982
3.4941379598662206	9.351170568561873	1.4237693264002222	0.08748741125195278	1.4237693264002236	0.08748741125195238	1.3532740458287833	0.21556100038746845	7.2854787911786145	67.84229501381493	1.7097505412249232	0.9874569491003355	25.335305528365186	319.66718831014055	-1.873252983708982
3.4941379598662206	9.387959866220736	1.4347413966832703	0.08439068219943645	1.43474139668327	0.08439068219943653	1.362173619046695	0.21213216132642715	7.289808292245158	68.53868879202716	1.7145784076456965	0.9874871985781815	25.40084070362829	324.00268996127494	-1.873252983708982
3.4941379598662206	9.424749163879598	1.4448213327457449	0.08164160999788223	1.4448213327457433	0.08164160999788267	1.3707705087732298	0.20887203781984048	7.293967925058181	69.21131043378479	1.7193180206292542	0.9875175746570755	25.46512095669292	328.34846662297105	-1.873252983708982
3.4941379598662206	9.461538461538462	1.4541290689062187	0.07918361480499006	1.4541290689062176	0.0791836148049905	1.379070445791183	0.20577084201496898	7.297950772010024	69.86070144695115	1.7239611395874794	0.9875478174087462	25.52805712402003	332.70044700097776	-1.873252983708982
3.4941379598662206	9.498327759197325	1.4627624048270618	0.07697198243290451	1.4627624048270613	0.07697198243290468	1.3870823504630478	0.20281860172096874	7.30175533886048	70.48762822650147	1.7285029436185126	0.9875777356298086	25.5896009268185	337.0557747733656	-1.873252983708982
3.4941379598662206	9.535117056856187	1.4708022389413975	0.07497083548460572	1.4708022389413973	0.07497083548460576	1.3948170645838225	0.2000055285026139	7.305383789829167	71.09298866568604	1.7329411049976702	0.9876071908950158	25.64973364001285	341.41250752625047	-1.873252983708982
3.4941379598662206	9.57190635451505	1.4783162854960796	0.0731510129740287	1.4783162854960812	0.07315101297402823	1.4022864759362428	0.19732223569731777	7.308840697630679	71.67774815224061	1.7372750991058625	0.9876360852150805	25.70845769146252	345.7693886415645	-1.873252983708982
3.4941379598662206	9.608695652173912	1.4853617930568574	0.07148854653400975	1.4853617930568586	0.0714885465340094	1.4095029201255225	0.19475985793614106	7.312132161187868	72.24289621463693	1.7415056912677032	0.9876643515065714	25.765790445833748	350.1256745309941	-1.873252983708982
3.4941379598662206	9.645484949832776	1.491987581305523	0.06996354117180864	1.4919875813055228	0.06996354117180874	1.4164787776927057	0.192310106873601	7.315265185789839	72.78941763989538	1.7456345557289514	0.987691946243666	25.821759614195305	354.4810037952001	-1.873252983708982
3.4941379598662206	9.68227424749164	1.498235597969392	0.06855933783771276	1.4982355979693927	0.06855933783771255	1.4232262083400142	0.1899652863638527	7.318247250506349	73.31827369884138	1.7496639932212938	0.9877188437961991	25.876399871876387	358.8352981134906	-1.873252983708982
3.4941379598662206	9.719063545150501	1.5041421291001158	0.06726187683629975	1.5041421291001151	0.06726187683629996	1.4297569810678246	0.18771828255497003	7.321086009143459	73.83039040047508	1.753596722045438	0.9877450320678745	25.92975037373399	363.18868714488235	-1.873252983708982
3.4941379598662206	9.755852842809364	1.5097387533801157	0.0660592071932301	1.509738753380116	0.06605920719322995	1.4360823710742332	0.18556253913120344	7.323789086356254	74.32665160665046	1.7574357239787286	0.9877705091357516	25.98185293582258	367.5414516091163	-1.873252983708982
3.4941379598662206	9.792642140468228	1.5150531038525472	0.0649411038937253	1.5150531038525474	0.06494110389372516	1.4422131028137943	0.18349202440611556	7.326363941472958	74.80789548068326	1.761184131080127	0.9877952806606666	26.03275071195494	371.89398014700186	-1.873252983708982
3.4941379598662206	9.82943143812709	1.5201094824353654	0.06389876602927103	1.5201094824353647	0.06389876602927119	1.4481593246671878	0.18150119460347117	7.32881778038975	75.27491319699297	1.7648451430171708	0.9878193578915342	26.082487237829813	376.2467366395999	-1.873252983708982
3.4941379598662206	9.866220735785953	1.5249293603320437	0.06292457642358716	1.5249293603320437	0.06292457642358718	1.4539306049622074	0.17958495608139963	7.331157501468026	75.72844915887825	1.768421967180346	0.9878427561275946	26.131105748148567	380.6002354788954	-1.873252983708982
3.4941379598662206	9.903010033444817	1.529531788933978	0.06201190851981566	1.529531788933978	0.06201190851981562	1.4595359421245586	0.1777386282031075	7.333389665348878	76.1692021973668	1.7719177758120708	0.9878654935342442	26.178648696391996	384.95502289388384	-1.873252983708982
3.4941379598662206	9.939799331103679	1.5339337397616846	0.061154969980505854	1.533933739761685	0.06115496998050572	1.464983783890504	0.17595790786144372	7.335520481451875	76.597827383558	1.7753356758356502	0.9878875902322765	26.225157424895087	389.31166289573974	-1.873252983708982
3.4941379598662206	9.976588628762542	1.5381503876180818	0.06034867507780173	1.5381503876180815	0.06034867507780182	1.4702820520405235	0.17423883620824154	7.33755580597115	77.0149381995141	1.7786786881541423	0.9879090675988582	26.270671946178194	393.6707267516168	-1.873252983708982
3.4941379598662206	10.013377926421406	1.542195347911345	0.05958853985746162	1.5421953479113444	0.05958853985746183	1.4754381701957706	0.17257776784399473	7.339501147651338	77.42110889226329	1.781949733996783	0.987929947732713	26.31523080638205	398.0327851571475	-1.873252983708982
3.4941379598662206	10.050167224080267	1.54608087670813	0.05887059546159822	1.54608087670813	0.05887059546159826	1.4804590929876615	0.17097134253548374	7.341361678685059	77.81687689166291	1.785151626494043	0.9879502530468188	26.35887100901661	402.3984024746654	-1.873252983708982
3.4941379598662206	10.08695652173913	1.5498180402673627	0.05819131603741638	1.5498180402673636	0.058191316037416146	1.4853513354549808	0.16941645941299624	7.343142248836426	78.2027452124342	1.788287066113367	0.9879700059602264	26.4016279827184	406.7681325530435	-1.873252983708982
3.4941379598662206	10.123745819397993	1.553416859422463	0.05754755844264793	1.5534168594224633	0.057547558442647896	1.4901210019080917	0.16791025353029168	7.344847401446268	78.57918478852915	1.7913586389260219	0.9879892286669828	26.44353558081136	411.1425157581347	-1.873252983708982
3.4941379598662206	10.160535117056856	1.5568864331131766	0.05693651155297221	1.5568864331131766	0.056936511552972205	1.4947738137713793	0.16645007463326839	7.34648139037278	78.94663670748743	1.7943688169296539	0.9880079429650486	26.484626103535025	415.52207692880216	-1.873252983708982
3.4941379598662206	10.19732441471572	1.5602350445378272	0.056355653431949634	1.5602350445378272	0.056355653431949586	1.4993151361058343	0.16503346796633442	7.348048197209067	79.30551432602712	1.7973199598426717	0.9880261701318843	26.524930336107126	419.90732403917065	-1.873252983708982
3.4941379598662206	10.234113712374581	1.5634702527448983	0.05580271497542129	1.5634702527448987	0.05580271497542115	1.503750002646708	0.16365815694141497	7.349551548326772	79.65620525749435	1.8002143179311683	0.9880439308363097	26.564477597519687	424.29874739801636	-1.873252983708982
3.4941379598662206	10.270903010033445	1.5665989719668552	0.05527564891575823	1.566598971966855	0.05527564891575828	1.5080831392827996	0.16232202749846997	7.350994931444479	79.999073228172	1.803054035538276	0.9880612450785059	26.603295796269347	428.6968192546819	-1.873252983708982
3.4941379598662206	10.307692307692308	1.5696275405885094	0.054772603285462775	1.5696275405885094	0.05477260328546281	1.5123189859665154	0.16102311399493197	7.352381611527304	80.33445980373487	1.8058411550687694	0.9880781321517964	26.641411490206817	433.10199371061685	-1.873252983708982
3.4941379598662206	10.34448160535117	1.57256178131263	0.0542918986085766	1.5725617813126311	0.05429189860857633	1.5164617170853594	0.1597595864725777	7.3537146459010305	80.66268598991216	1.8085776212445543	0.9880946106212201	26.67884994843212	437.5147068585575	-1.873252983708982
3.4941379598662206	10.381270903010034	1.5754070538196856	0.053832008222417405	1.5754070538196852	0.05383200822241755	1.520515260352079	0.15852973916258126	7.35499689851834	80.9840537131313	1.8112652854941944	0.9881106983149756	26.715635213719576	441.93537708892717	-1.873252983708982
3.4941379598662206	10.418060200668897	1.5781683010033052	0.05339154123914752	1.5781683010033052	0.05339154123914748	1.5244833142873193	0.15733198010186486	7.356231053353629	81.29884718793076	1.813905910376192	0.9881264123256683	26.751790164383394	446.3644055169537	-1.873252983708982
3.4941379598662206	10.454849498327759	1.580850089686747	0.052969227742684165	1.5808500896867475	0.052969227742683984	1.5283693643770415	0.15616482174608323	7.357419626928587	81.60733417836717	1.8165011739627461	0.9881417690189388	26.787336574807053	450.80217649436366	-1.873252983708982
3.4941379598662206	10.491638795986622	1.5834566465820827	0.05256390588573094	1.583456646582083	0.05256390588573096	1.5321766979914322	0.15502687247591992	7.358564979989393	81.9097671608155	1.819052674132089	0.9881567840475786	26.822295174105488	455.2490581780644	-1.873252983708982
3.4941379598662206	10.528428093645484	1.5859918901349217	0.05217451060799837	1.585991890134922	0.05217451060799827	1.5359084181521365	0.15391682890408728	7.359669328367738	82.20638439543471	1.8215619327330128	0.9881714723696459	26.85668570256529	459.70540313449663	-1.873252983708982
3.4941379598662206	10.565217391304348	1.5884594587993963	0.05180006374253982	1.5884594587993965	0.05180006374253979	1.5395674562328685	0.15283346890016963	7.3607347530651905	82.49741091332551	1.8240303995972573	0.9881858482694136	26.890526965644025	464.1715489634348	-1.873252983708982
3.4941379598662206	10.602006688963211	1.5908627362066023	0.051439665314670896	1.5908627362066028	0.051439665314670764	1.5431565836750305	0.15177564525930576	7.361763209604386	82.78305942605529	1.8264594563843115	0.9881999253802386	26.92383688540832	468.6478189288645	-1.873252983708982
3.4941379598662206	10.638795986622073	1.5932048736219317	0.051092485868783594	1.5932048736219313	0.051092485868783705	1.5466784227959318	0.1507422799486641	7.362756536692614	83.0635311638436	1.828850420250119	0.9882137167086426	26.956632549366205	473.13452258772776	-1.873252983708982
3.4941379598662206	10.675585284280936	1.595488810029611	0.050757759683905904	1.59548881002961	0.05075775968390607	1.5501354567622536	0.14973235887285483	7.3637164642433035	83.3390166482628	1.831204547335968	0.9882272346590542	26.988930256700527	477.6319564096079	-1.873252983708982
3.4941379598662206	10.7123745819398	1.597717290135143	0.050434778759963245	1.5977172901351424	0.05043477875996339	1.5535300387965976	0.14874492710580076	7.364644620800204	83.6096964048919	1.8335230360776558	0.9882404910587873	27.020745561950246	482.140404382345	-1.873252983708982
3.4941379598662206	10.749163879598662	1.5998928805359593	0.050122887474315356	1.5998928805359596	0.050122887474315314	1.5568644006799355	0.14777908454229946	7.365542540407446	83.8757416209376	1.8358070303375895	0.9882534971829317	27.05209331621183	486.66013859997184	-1.873252983708982
3.4941379598662206	10.785953177257525	1.6020179842766178	0.049821477822816256	1.602017984276618	0.04982147782281623	1.5601406606080543	0.14683398192755961	7.366411668966677	84.1373147524398	1.838057622364505	0.9882662637789098	27.08298770595331	491.1914198305554	-1.873252983708982
3.4941379598662206	10.822742474916389	1.6040948539758275	0.0495299851719919	1.604094853975828	0.04952998517199179	1.5633608304553024	0.14590881722752613	7.367253370120107	84.39457008528765	1.8402758555866012	0.9882788010905194	27.113442289542487	495.73449806228393	-1.873252983708982
3.4941379598662206	10.85953177257525	1.6061256036881078	0.04924788445926775	1.6061256036881073	0.0492478844592679	1.5665268224947277	0.14500283230677746	7.36806893069602	84.64765425392386	1.8424627272449468	0.9882911188813251	27.143470031600206	500.28961302693244	-1.873252983708982
3.4941379598662206	10.896321070234114	1.6081122196417035	0.04897468678695305	1.608112219641703	0.04897468678695313	1.5696404556194306	0.14411530988435003	7.368859565750602	84.8967067212717	1.8446191908743297	0.9883032264573088	27.17308333529019	504.8569947002274	-1.873252983708982
3.4941379598662206	10.933110367892976	1.6100565699765952	0.04870993636305743	1.6100565699765954	0.04870993636305742	1.5727034611063362	0.1432455707409581	7.369626423237918	85.14186022312424	1.8467461586391911	0.9883151326887115	27.202294072659882	509.43686377912786	-1.873252983708982
3.4941379598662206	10.96989966555184	1.6119604135907757	0.04845320774833776	1.6119604135907752	0.048453207748337834	1.5757174879598541	0.14239297115390298	7.370370588337075	85.38324117993825	1.8488445035321917	0.98832684603103	27.23111361314312	514.029432136257	-1.873252983708982
3.4941379598662206	11.006688963210703	1.6138254081898253	0.0482041033743017	1.6138254081898264	0.04820410337430149	1.578684107869832	0.14155690053841188	7.371093087463816	85.62097007872741	1.8509150614430148	0.9883383745451474	27.259552850333986	518.634903251965	-1.873252983708982
3.4941379598662206	11.043478260869565	1.6156531176232078	0.04796225130148517	1.6156531176232083	0.0479622513014851	1.58160481981505	0.1407367792763734	7.3717948919912315	85.85516182750092	1.852958633104745	0.9883497259165875	27.287622227136172	523.2534726246278	-1.873252983708982
3.4941379598662206	11.080267558528428	1.6174450185809115	0.04772730319121864	1.6174450185809108	0.04772730319121875	1.5844810543409718	0.1399320567153576	7.372476921702711	86.08592608448913	1.8549759859250794	0.9883609074739031	27.31533175938935	527.8853281599588	-1.873252983708982
3.4941379598662206	11.117056856187292	1.6192025067153206	0.04749893246747673	1.6192025067153206	0.04749893246747673	1.5873141775378106	0.13914220932257784	7.373140047998129	86.31336756419077	1.8569678557091964	0.9883719262062075	27.342691058067587	532.5306505401023	-1.873252983708982
3.4941379598662206	11.153846153846153	1.6209269022457478	0.047276832648293396	1.6209269022457469	0.04727683264829357	1.5901054947427529	0.13836673897998042	7.37378509687259	86.53758632209865	1.858934948280872	0.9883827887798682	27.36970935014042	537.189613573358	-1.873252983708982
3.4941379598662206	11.190635451505017	1.6226194550966728	0.04706071582870338	1.6226194550966733	0.047060715828703296	1.5928562539882634	0.1376051714080044	7.37441285168571	86.75867801981035	1.8608779410082326	0.9883935015543922	27.396395498183747	541.862384525481	-1.873252983708982
3.4941379598662206	11.22742474916388	1.6242813496146769	0.04685031129938215	1.6242813496146764	0.04685031129938224	1.5955676492161113	0.1368570547068477	7.3750240557373905	86.9767341720523	1.8627974842398465	0.9884040705975212	27.422758018818545	546.5491244333032	-1.873252983708982
3.4941379598662206	11.264214046822742	1.6259137089045506	0.04664536428696122	1.6259137089045508	0.046645364286961144	1.5982408232755976	0.13612195800507407	7.3756194146654614	87.19184237705088	1.864694202657013	0.988414501699574	27.448805100056028	551.2499884016867	-1.873252983708982
3.4941379598662206	11.301003344481606	1.6275175988202706	0.04644563480368152	1.6275175988202708	0.04644563480368153	1.6008768707224128	0.13539947020645882	7.376199598678614	87.40408653152758	1.8665686965473534	0.988424800387062	27.474544617618154	555.9651258845763	-1.873252983708982
3.4941379598662206	11.33779264214047	1.629094031642961	0.046250896595427755	1.6290940316429605	0.04625089659542785	1.6034768404334505	0.1346891988267918	7.376765244637417	87.61354703150579	1.868421543004769	0.9884349719356116	27.49998415030131	560.6946809510346	-1.873252983708982
3.4941379598662206	11.37458193979933	1.6306439694743955	0.046060936178448475	1.6306439694743955	0.046060936178448454	1.6060417380514376	0.13399076891316633	7.37731695799484	87.82030096000346	1.8702532970603445	0.9884450213822222	27.525130994444197	565.4387925370245	-1.873252983708982
3.4941379598662206	11.411371237458194	1.6321683273717664	0.04587555195612766	1.6321683273717662	0.04587555195612767	1.6085725282721783	0.1333038220389687	7.377855314606984	88.02442226260351	1.8720644927486292	0.9884549535368946	27.54999217755877	570.1975946837581	-1.873252983708982
3.4941379598662206	11.448160535117056	1.6336679762466866	0.045694553408136857	1.6336679762466875	0.045694553408136676	1.6110701369860867	0.13262801536841604	7.37838086242369	88.22598191180398	1.8738556441133236	0.988464772993656	27.574574471177765	574.9712167633131	-1.873252983708982
3.4941379598662206	11.48494983277592	1.6351437455491533	0.04551776034511748	1.635143745549154	0.045517760345117356	1.6135354532847468	0.1319630207850551	7.378894123068058	88.42504806098026	1.8756272461562533	0.9884744841410165	27.598884402969766	579.7597836922744	-1.873252983708982
3.4941379598662206	11.521739130434783	1.6365964257550558	0.045345002222784134	1.6365964257550554	0.0453450022227842	1.6159693313423178	0.13130852407914143	7.3793955933129975	88.62168618871708	1.8773797757331376	0.9884840911718815	27.622928268168504	584.563416134027	-1.873252983708982
3.4941379598662206	11.558528428093645	1.638026770674033	0.045176117509976715	1.638026770674034	0.04517611750997654	1.6183725921808372	0.13066422418927282	7.379885746462411	88.8159592342102	1.8791136923995424	0.988493598092952	27.646712140360375	589.3822306903809	-1.873252983708982
3.4941379598662206	11.595317725752508	1.6394354995927969	0.04501095310576579	1.6394354995927967	0.04501095310576584	1.6207460253277004	0.13002983249406733	7.380365033643922	89.00792772437691	1.8808294392100682	0.9885030087336353	27.670241881670716	594.2163400830917	-1.873252983708982
3.4941379598662206	11.632107023411372	1.6408232992676768	0.044849363801207714	1.6408232992676766	0.044849363801207756	1.6230903903730223	0.12940507215003164	7.380833885019639	89.19764989327011	1.8825274434737957	0.9885123267544971	27.69352315238781	599.0658533259265	-1.873252983708982
3.4941379598662206	11.668896321070234	1.6421908257786693	0.04469121178180967	1.6421908257786686	0.04469121178180982	1.625406418433786	0.12878967747212772	7.381292710920608	89.38518179432876	1.8842081174685354	0.9885215556552746	27.716561420058536	603.9308758877057	-1.873252983708982
3.4941379598662206	11.705685618729097	1.6435387062563507	0.04453636616713652	1.643538706256351	0.04453636616713646	1.6276948135314013	0.128183393353811	7.3817419029106714	89.57057740597531	1.8858718591165944	0.9885306987824781	27.739361968090275	608.811509846954	-1.873252983708982
3.4941379598662206	11.74247491638796	1.6448675404917275	0.04438470258436841	1.6448675404917275	0.04438470258436842	1.6299562538885009	0.1275859747236249	7.382181834784439	89.7538887310093	1.8875190526242773	0.9885397593366005	27.761929903888653	613.7078540385422	-1.873252983708982
3.4941379598662206	11.779264214046822	1.6461779024383645	0.044236102772908154	1.6461779024383643	0.04423610277290823	1.632191393150573	0.12699718603564963	7.382612863504155	89.93516589022882	1.8891500690874263	0.9885487403789575	27.784270166560407	618.6200041928399	-1.873252983708982
3.4941379598662206	11.816053511705686	1.647470341615188	0.04409045421742924	1.6474703416151875	0.04409045421742933	1.6344008615374712	0.1264168007913528	7.3830353300796645	90.1144572106676	1.8907652670650241	0.9885576448381782	27.806387534208117	623.5480530677838	-1.873252983708982
3.4941379598662206	11.852842809364548	1.648745384417603	0.043947649807006064	1.648745384417603	0.043947649807006064	1.6365852669294667	0.12584460109058113	7.383449560395295	90.29180930880771	1.8923649931227644	0.9885664755163653	27.82828663084109	628.4920905742489	-1.873252983708982
3.4941379598662206	11.889632107023411	1.6500035353439784	0.04380758751817655	1.6500035353439786	0.04380758751817653	1.638745195892234	0.12528037720961513	7.383855865987448	90.4672671691049	1.8939495823484271	0.9885752350949427	27.84997193292649	633.4522038951301	-1.873252983708982
3.4941379598662206	11.926421404682275	1.6512452781438336	0.043670170120001926	1.6512452781438336	0.043670170120001954	1.6408812146447214	0.12472392720438655	7.384254544776052	90.64087421813171	1.895519358840702	0.988583926140207	27.87144777560159	638.4284775984663	-1.873252983708982
3.4941379598662206	11.963210702341136	1.652471076893627	0.04353530489935271	1.6524710768936275	0.04353530489935263	1.6429938699736972	0.12417505653709433	7.384645881753208	90.81267239462905	1.897074636173084	0.9885925511086004	27.892718358568366	643.4209937449771	-1.873252983708982
3.4941379598662206	12.	1.653681377005359	0.043402903404832834	1.6536813770053587	0.043402903404832875	1.6450836900982637	0.12363357772462558	7.385030149631519	90.98270221571981	1.8986157178341827	0.9886011123517192	27.913787751687664	648.4298319902482	-1.873252983708982