3.6290142140468227	1.	4.856640879518524	6.7762866536195066e-12	4.774546925868583	0.9999999999899114	6.195365609127135	1.4682163325300916e-6	12.769074593500354	506.4749817981203	13.785366973323796	0.9999986948402496	106.81011063927747	241.96474236342138	2.900613752265821
3.6290142140468227	1.0367892976588629	4.7684291267418555	1.2627392950192491e-11	4.605125010920095	0.9999999999714089	6.072571190403566	1.963692566233573e-6	12.635420323388763	493.7398937052485	13.296173390352537	0.999998148560313	104.38519694839142	241.9644715375959	2.788617387449312
3.6290142140468227	1.0735785953177257	4.6849969076732085	2.2741633367496015e-11	4.447313848271654	0.9999999999248482	5.956222795211387	2.589028854880311e-6	12.506957986578897	481.72436071553597	12.840497031069086	0.9999974372528518	102.09118840225678	241.96404904458643	2.682032079763035
3.6290142140468227	1.1103678929765886	4.60593311572082	3.970039901012016e-11	4.299959233333313	0.9999999998153881	5.845789735151732	3.3689048086484276e-6	12.383382092179607	470.36747225066614	12.415004667993731	0.9999965301695384	99.91694853613919	241.96342952066445	2.580311498608323
3.6290142140468227	1.1471571906354514	4.5308738334607055	6.735430689193978e-11	4.162055017968658	0.9999999995733475	5.74079973351701	4.330924539160591e-6	12.264409095166048	459.615053217501	12.016790608467486	0.9999953949091509	97.85261250161751	241.96256236447692	2.482990013153816
3.6290142140468227	1.1839464882943145	4.459495661063093	1.1131120315938446e-10	4.032720109345616	0.9999999990669538	5.640830954639872	5.505733496001713e-6	12.149775862028497	449.41875479540096	11.64331030029829	0.9999939979062255	95.88940702477917	241.96139249851728	2.3896672255001192
3.6290142140468227	1.2207357859531773	4.391510154719906	1.7956106408707967e-10	3.911179627837684	0.9999999980592938	5.545505320341251	6.9271225400278404e-6	12.03923817306301	439.73528891113546	11.292325942543163	0.9999923049346581	94.01950057075904	241.9598612670467	2.2999960984799066
3.6290142140468227	1.2575250836120402	4.3266591640428365	2.832615577509896e-10	3.796749372174546	0.9999999961434817	5.454482874916903	8.632119432487112e-6	11.932569289061053	430.5257805401401	10.961861641951199	0.9999902816077038	92.23587790086033	241.9579074240678	2.2136737092345173
3.6290142140468227	1.294314381270903	4.264710902311153	4.3770906200881823e-10	3.688822933749075	0.9999999926491615	5.367457009747555	0.000010661068069041455	11.829558598141585	421.7552171700487	10.650166215071264	0.999987893858725	90.53223446102415	241.9554681675823	2.1304339535522847
3.6290142140468227	1.3311036789297659	4.205456617822654	6.63520542261976e-10	3.5868609475143254	0.999999986512926	5.2841503968542805	0.000013057695942336702	11.730010350434243	413.3919788105475	10.35568215633835	0.999985108390185	88.90288699625508	241.95248018119074	2.050041721661109
3.6290142140468227	1.3678929765886287	4.148707761132232	9.8805185448256e-10	3.490382077205974	0.9999999761051327	5.204311510406639	0.00001586917044411221	11.633742483016015	405.4074351089501	10.07701961100778	0.9999818930815163	87.34269752106631	241.9488806501446	1.9722881992574781
3.6290142140468227	1.4046822742474916	4.094293563600631	1.4470777505541906e-9	3.3989554169278007	0.999999959006108	5.127711638412827	0.0000191461447201525	11.540585534071294	397.775598638321	9.812934435250549	0.9999782173494433	85.84700834627556	241.94460822554782	1.8969870397819786
3.6290142140468227	1.4414715719063544	4.0420589588476785	2.0867581341151777e-9	3.3121940560744703	0.9999999317257996	5.054142305113922	0.000022942793870955906	11.450381643095284	390.47282541727844	9.562309613220364	0.9999740524569682	84.41158630786094	241.93960391689026	1.8239712189652455
3.6290142140468227	1.4782608695652173	3.9918627914630918	2.9659139684320687e-9	3.229749604955969	0.9999998893626206	4.983413039110204	0.000027316842350152067	11.362983632684807	383.4775553129635	9.324139446376673	0.9999693717694996	83.03257469380509	241.93381189910792	1.7530904292190022
3.6290142140468227	1.5150501672240804	3.9435762674595827	4.1586347059771504e-9	3.151307517863457	0.999999825199434	4.915349433822785	0.00003232958345372622	11.278254166777778	376.77008625851204	9.097516044004472	0.9999641509584589	81.70645164202224	241.92718022570466	1.6842089052564435
3.6290142140468227	1.5518394648829432	3.8970816090466127	5.757237233111106e-9	3.0765830812870387	0.9999997302371997	4.849791456184001	0.00003804589181823676	11.196064979914176	370.3323772503445	8.881617733253448	0.9999583681541894	80.42999400313924	241.91966144384008	1.6172035972058285
3.6290142140468227	1.588628762541806	3.852270882806966	7.875594148987527e-9	3.005317959509174	0.9999995926696449	4.786591966949607	0.00004453422985755722	11.116296172065114	364.1478759303174	8.675699077755457	0.9999520040510959	79.20024583864716	241.9112131109501	1.551962626012567
3.6290142140468227	1.625418060200669	3.80904497561201	1.065284677558228e-8	2.9372772093136117	0.9999993973051912	4.725615422110487	0.00005186664906727333	11.038835563715818	358.20136724284146	8.47908225018869	0.9999450419687405	78.0144908672541	241.9017982151149	1.4883839698815307
3.6290142140468227	1.6622073578595318	3.7673126968782853	1.4257515677423775e-8	2.872246691175816	0.9999991249451488	4.666736729844703	0.00006011878711559582	10.963578106130633	352.47884021865883	8.291149549240108	0.9999374678731272	76.87022828749393	241.8913855034139	1.4263743411331722
3.6290142140468227	1.6989966555183946	3.7269899892498652	1.889201870715108e-8	2.8100308168789745	0.9999987517296675	4.60984024151772	0.00006936986162131303	10.890425342028824	346.9673703992856	8.111336887705855	0.9999292703626826	75.76515149839618	241.87994972380753	1.3658482210076135
3.6290142140468227	1.7357859531772575	3.6879992326459026	2.4797603737260194e-8	2.750450583676541	0.9999982484649877	4.5548188585873275	0.00007970266149449155	10.819284912228996	341.655015798354	7.939128107831079	0.999920440623528	74.69712931668519	241.86747178692096	1.306727026278386
3.6290142140468227	1.7725752508361203	3.650268628963789	3.2259700337959015e-8	2.69334185339641	0.99999757994707	4.5015732400386	0.0000912035366859425	10.750070104157832	336.53072461334096	7.774050003862824	0.999910972358574	73.66418935194577	241.85393885439794	1.2489383864832095
3.6290142140468227	1.8093645484949832	3.6137316566736875	4.161369176148148e-8	2.638553841641307	0.9999967042976123	4.450011097274453	0.00010396238715810125	10.682699438453257	331.58425316560874	7.615667951295228	0.9999008616947891	72.66450325318252	241.83934436067997	1.1924155144776531
3.6290142140468227	1.8461538461538463	3.578326586155253	5.3251105736735766e-8	2.58594778778621	0.999995572328769	4.400046565304614	0.00011807265185431619	10.61709629021329	326.80609276779387	7.4635820582903545	0.9998901070727425	71.69637358326965	241.82368797480373	1.13709665611086
3.6290142140468227	1.882943143812709	3.5439960479746593	6.762621980290107e-8	2.5353957810451173	0.9999941269525763	4.351599640681505	0.00013363129840652786	10.553188541746833	322.18740440325143	7.317423767951711	0.9998787091222018	70.75822211366345	241.80697550860677	1.0829246072961056
3.6290142140468227	1.919732441471572	3.5106866474274296	8.52630742509438e-8	2.4867797216626086	0.9999923026502049	4.304595677980291	0.00015073881428396624	10.49090826396724	317.7199602586166	7.176852851045302	0.9998666705272268	69.84857936171791	241.78921877730653	1.0298462887386552
3.6290142140468227	1.9565217391304348	3.478348619619837	1.067628832280962e-7	2.439990399429616	0.9999900250147652	4.258964937758006	0.0001694992000485217	10.430191423833648	313.39609128271036	7.041554737836443	0.9998539958838387	68.96607521810164	241.77043541803639	0.9778123701945238
3.6290142140468227	1.9933110367892977	3.4469355201601437	1.3281183221849436e-7	2.39492667434547	0.9999872103795815	4.214642179889156	0.00019001996534656558	10.370977615487893	309.2086400570494	6.911238145278499	0.99984069155298	68.10943053299965	241.75064867153355	0.9267769374459001
3.6290142140468227	2.0301003344481607	3.4164039472062373	1.6418924796582652e-7	2.3514947464443465	0.9999837655417019	4.171566296992386	0.00021241212823267392	10.313209812957382	305.15091835849387	6.785632962125039	0.9998267655111299	67.27744954768997	241.729887131759	0.876697196253186
3.6290142140468227	2.0668896321070234	3.3867132911892406	2.0177612496992077e-7	2.3096075036497763	0.9999795875880574	4.129679983358521	0.00023679021838841904	10.256834142496972	301.2166688758089	6.664488359859591	0.9998122272006011	66.46901307327435	241.7081844678931	0.8275332084282511
3.6290142140468227	2.1036789297658864	3.357825509020425	2.4656399098391053e-7	2.26918393807723	0.9999745638291988	4.088929435384869	0.00026327228476935436	10.201799672827654	297.40003061142085	6.547571101824092	0.9997970873812314	65.68307233127325	241.6855791228652	0.7792476559052578
3.6290142140468227	2.140468227424749	3.329704920004812	2.996640924745768e-7	2.2301486225213734	0.9999685718430293	4.049264080029384	0.00029197990818590803	10.148058221696525	293.6955075591951	6.434664026720313	0.9997813579848858	64.91864338182158	241.66211399224957	0.7318056292935877
3.6290142140468227	2.177257525083612	3.3023180210411605	3.6231687979446543e-7	2.1924312399821653	0.9999614796285035	4.010636328235731	0.0003230382192990054	10.095564177334245	290.097940300303	6.325564685877145	0.9997650519739302	64.17480207465464	241.63783608716025	0.6851744379051606
3.6290142140468227	2.2140468227424748	3.275633318993733	4.3590177085704884e-7	2.1559661600352915	0.9999531458669498	3.973001350656588	0.0003565759224892036	10.04427433352262	286.6024802033639	6.220084116414387	0.9997481832045902	63.45067946618306	241.61279618456672	0.6393234386745211
3.6290142140468227	2.250836120401338	3.249621178384025	5.219471714095406e-7	2.120692056664409	0.9999434202865445	3.9363168733272955	0.00039272532603875764	9.994147737108145	283.2045659531564	6.118045734768823	0.999730766295906	62.74545765293459	241.58704846823397	0.5942238817480018
3.6290142140468227	2.2876254180602005	3.224253682777289	6.221407277486484e-7	2.086551562868272	0.9999321441240633	3.900542991222786	0.0004316223790427491	9.945145546907892	279.8999021651628	6.019284337045945	0.9997128165048081	62.05836597766174	241.5606501632673	0.5498487708209372
3.6290142140468227	2.3244147157190636	3.19950450843629	7.383398002944573e-7	2.053490957949842	0.9999191506729997	3.8656419978766756	0.000473406715498987	9.897230903058533	276.68443987204336	5.923645194380971	0.9996943496076516	61.38867756968382	241.53366116763377	0.5061727365620685
3.6290142140468227	2.3612040133779266	3.1753488089792645	8.725821081588694e-7	2.021459883915202	0.999904265916198	3.8315782294459955	0.0005182217058707367	9.85036880593595	273.5543586923486	5.830983232945862	0.9996753817885008	60.73570618537751	241.50614368218743	0.46317192167181415
3.6290142140468227	2.3979933110367893	3.151763109935165	1.0270965593346652e-6	1.990411087839598	0.9998873092225542	3.7983179218012286	0.000566214516651008	9.804526003875953	270.5060505145579	5.741162289543465	0.9996559295341781	60.09880331895158	241.4781618433892	0.42082387632567386
3.6290142140468227	2.4347826086956523	3.1287252122085585	1.2043142173482803e-6	1.960300187453503	0.9998680941043755	3.7658290793701523	0.00061753617820428	9.759670888977178	267.53610454731773	5.654054434792633	0.9996360095361605	59.477355556767264	241.44978135991596	0.37910746289514724
3.6290142140468227	2.471571906354515	3.106214103583642	1.406879394784103e-6	1.9310854575244212	0.9998464290206994	3.734081354611719	0.0006723416613072882	9.715773400345972	264.6412936039615	5.5695393568794875	0.9996156385992208	58.870782151631	241.42106915591557	0.3380027689865831
3.6290142140468227	2.508361204013378	3.084209877492438	1.637660852180265e-6	1.9027276348999935	0.999822118215306	3.703045937116762	0.0007307899627581885	9.672804934197318	261.8185615036384	5.4875037996670715	0.999594833556683	58.27853279603317	241.39209302288273	0.2974910279521736
3.6290142140468227	2.5451505016722407	3.0626936583581323	1.8997630854057892e-6	1.875189740327181	0.9997949625774097	3.672695451440939	0.0007930442004349909	9.630738260279777	259.0650114841455	5.40784104967518	0.9995736111920993	57.700085575612874	241.36292128214058	0.25755454613022705
3.6290142140468227	2.5819397993311037	3.04164753289827	2.1965376756104423e-6	1.8484369153800184	0.9997647605149477	3.643003862868856	0.00085927171815905	9.589547444137649	256.37789553260654	5.330450467063118	0.9995519881671274	57.13494508610087	241.33362245937786	0.21817663615709762
3.6290142140468227	2.6187290969899664	3.021054486840766	2.5315947090976635e-6	1.8224362730161736	0.9997313088256065	3.6139463903953177	0.0009296442008083577	9.549207774772889	253.75460455029636	5.255237056304198	0.9995299809553196	56.582640698847825	241.30426497341023	0.17934155577551114
3.6290142140468227	2.6555183946488294	3.000898346559332	2.908814223396277e-6	1.7971567604513488	0.9996944035600468	3.585499426277681	0.0010043377999898503	9.509695697296886	251.19265927606813	5.182111072702232	0.999507605781573	56.04272496145714	241.27491683969154	0.14103445162036476
3.6290142140468227	2.6923076923076925	2.981163725189934	3.3323576909454134e-6	1.772569033182064	0.9996538408635862	3.5576404615839694	0.0010835332707324749	9.470988750207793	248.68970190102237	5.1109876613352725	0.9994848785669128	55.5147721215571	241.2456453903584	0.1032413075302632
3.6290142140468227	2.729096989966555	2.961835972832349	3.806679521918317e-6	1.7486453391165175	0.9996094177887824	3.530348017215671	0.0011674161195860712	9.433065506953994	246.24348831354064	5.04178652537007	0.9994618148783089	54.9983767628757	241.21651701153587	0.06594889697743002
3.6290142140468227	2.765886287625418	2.942901130481457	4.336538580707203e-6	1.725359411883961	0.9995609330703871	3.503601579936222	0.0012561767645534103	9.395905521474411	243.8518809199163	4.974431621017582	0.9994384298832075	54.49315254388332	241.18759689871607	0.02914473925423139
3.6290142140468227	2.802675585284281	2.9243458873680446	4.927009711438649e-6	1.7026863724913	0.9995081878552952	3.477381542981539	0.0013500107072929566	9.359489277431777	241.51284199115793	4.908850876685354	0.9994147383084642	53.998731030222885	241.15894883083877	-0.00718294090689127
3.6290142140468227	2.839464882943144	2.906157541420105	5.583495270380372e-6	1.6806026385819424	0.9994509863810388	3.4516691508691966	0.0014491187180466338	9.3237981408781	239.22442749129186	4.8449759341343945	0.9993907544033611	53.5147606129917	241.13063496348914	-0.04304525057008875
3.6290142140468227	2.8762541806020065	2.8883239625833976	6.311736665676798e-6	1.6590858406281939	0.9993891365973036	3.426446448058804	0.001553707033765486	9.288814316112292	236.9847813467236	4.782741909671458	0.9993664919064069	53.040905505695406	241.1027156414719	-0.07845266294968956
3.6290142140468227	2.9130434782608696	2.87083355876483	7.1178259075030045e-6	1.6381147444558823	0.9993224507258623	3.401696231148345	0.0016639875699268085	9.254520804509085	234.79213012001037	4.722087173605612	0.9993419640156139	52.57684481337033	241.07524923087334	-0.11341504911474479
3.6290142140468227	2.9498327759197323	2.8536752441842728	8.008217174440536e-6	1.6176691795595415	0.9992507457552168	3.3774020043198574	0.0017801781465587964	9.220901366115546	232.64477805477432	4.662953146373576	0.9993171833619661	52.12227166797174	241.04829197057177	-0.14794170725588213
3.6290142140468227	2.9866220735785953	2.8368384099401514	8.989738404644827e-6	1.5977299727193683	0.9991738438670986	3.353547937773613	0.001902502729013554	9.187940483827143	230.5411024615159	4.605284109894435	0.9992921619857955	51.676892424663976	241.02189784300276	-0.18204138970544728
3.6290142140468227	3.0234113712374584	2.8203128966118434	0.000010069602923179222	1.5782788864781983	0.9990915727927949	3.3301188289130015	0.002031191684055791	9.15562332996963	228.47954941680203	4.549027032853731	0.9992669113158009	51.240425914133915	240.99611846388677	-0.215722327883923
3.6290142140468227	3.060200668896321	2.8040889687377595	0.00001125542111973151	1.5592985620785484	0.9990037660980282	3.3071000660631267	0.0021664820518633044	9.123935735126148	226.4586297507504	4.494131408741018	0.9992414421504487	50.81260274648236	240.9710029904965	-0.24899225532979213
3.6290142140468227	3.096989966555184	2.788157291022213	0.00001255521219379162	1.540772466497084	0.9989102633958256	3.284477594524749	0.0023086178345655016	9.092864159060657	224.47691529992017	4.4405491055760145	0.9992157646415142	50.39316466263964	240.9465980479472	-0.28185842895585445
3.6290142140468227	3.1337792642140467	2.772508906137005	0.000013977415987257058	1.5226848432471591	0.9988109104874561	3.262237884782107	0.0024578503019789064	9.062395663599865	222.53303540470253	4.388234226357858	0.9991898882795285	49.98186392960355	240.92294767290812	-0.31432764866248686
3.6290142140468227	3.17056856187291	2.757135213995232	0.000015530904927328823	1.5050206666499095	0.9987055594320956	3.2403679026983836	0.0026144383152326327	9.032517887345772	220.62567363209024	4.337142979361098	0.9991638218809121	49.57846277611723	240.90009327406344	-0.34640627542713964
3.6290142140468227	3.2073578595317724	2.7420279523851767	0.000017224996105481502	1.4877655993010546	0.9985940685463918	3.2188550815462724	0.0027786486690127045	9.003219022099882	218.753564706314	4.287233557481819	0.9991375735765867	49.18273286568986	240.87807360856712	-0.37810024797953373
3.6290142140468227	3.2441471571906355	2.7271791788616895	0.000019069463521213006	1.4709059524846022	0.9984763023355535	3.197687295733749	0.0029507564531909723	8.97448779088883	216.91549163130236	4.238466025909486	0.9991111508018659	48.7944548041264	240.8569247737229	-0.4094150981630474
3.6290142140468227	3.280936454849498	2.7125812538008875	0.000021074550522226234	1.4544286493061926	0.9983521313579691	3.1768528360963044	0.003131045434643984	8.946313427488477	215.11028299023513	4.190802217464455	0.9990845602874432	48.41341767896609	240.83668021303657	-0.44035596507503955
3.6290142140468227	3.317725752508361	2.698226824531895	0.000023250982475645628	1.4383211903383244	0.9982214320256796	3.15634038663739	0.0033198084601057352	8.918685657350801	213.33681040867006	4.1442056349998415	0.9990578080512998	48.03941862844737	240.81737073581638	-0.47092760807157025
3.6290142140468227	3.3545150501672243	2.6841088104662254	0.000025609979707861774	1.4225716215872053	0.9980840863432944	3.1361390026080476	0.0035173478809397037	8.891594679844255	211.59398616880702	4.098641360318555	0.9990308993913696	47.67226243780731	240.79902454940674	-0.5011344187161834
3.6290142140468227	3.391304347826087	2.670220389151982	0.000028163270753585575	1.4071685046069373	0.9979399815881309	3.1162380898254005	0.0037239760007559014	8.86503115172395	209.88076096344807	4.054075969104422	0.999003838878806	47.31176116090651	240.78166730320618	-0.530980431746241
3.6290142140468227	3.42809364548495	2.656554983185779	0.00003092310595774298	1.3921008886010802	0.9977890099345103	3.0966273851374555	0.003940015546839407	8.83898617175376	208.19612177912077	4.010477451408967	0.9989766303517078	46.95773376532864	240.7653221435672	-0.5604693351259759
3.6290142140468227	3.4648829431438126	2.643106247920686	0.0000339022714769045	1.3773582843647532	0.9976310680252292	3.077296937948848	0.004165800166397606	8.81345126640688	206.5390898986519	3.9678151372746178	0.9989492769091682	46.61000579925365	240.75000977871036	-0.5896044792505791
3.6290142140468227	3.5016722408026757	2.629868059913318	0.00003711410373007922	1.3629306399322747	0.9974660564932717	3.0582370927287426	0.004401674948671436	8.788418376575999	204.90871901423276	3.926059627110336	0.9989217809055195	46.268409078538056	240.73574855278696	-0.6183888853621367
3.6290142140468227	3.5384615384615383	2.61683450605771	0.00004057250435187247	1.3488083178061971	0.9972938794368237	3.0394384724281776	0.004647996973993098	8.763879845228125	203.3040934427119	3.885182726467844	0.9988941439446567	45.93278139255972	240.7225545282563	-0.6468252532347469
3.6290142140468227	3.5752508361204014	2.6039998733576533	0.00004429195570426426	1.3349820736534315	0.9971144438506104	3.020891962739706	0.004905135890906035	8.739828405942543	201.72432643547808	3.845157384895747	0.9988663668743286	45.60296622749808	240.71044157576353	-0.6749159681832468
3.6290142140468227	3.612040133779264	2.591358639292961	0.00004828753700658858	1.3214430363631824	0.9969276590164965	3.002588697137357	0.005173474522492144	8.716257172273558	200.16855857588095	3.8059576385753475	0.998838449780295	45.278812505823765	240.69942147073542	-0.70266310744766
3.6290142140468227	3.648829431438127	2.578905462738537	0.000052574941146710913	1.3081826893696504	0.9967334358561768	2.9845200426397183	0.005453409503074797	8.69315962788216	198.63595625766732	3.7675585564661356	0.9988103919802532	44.96017434086794	240.6895039959538	-0.730068446003322
3.6290142140468227	3.68561872909699	2.566635175398344	0.000057170492239916474	1.2951928531500096	0.9965316862486445	2.96667758624342	0.005745351946482321	8.670529617383162	197.12571023840837	3.729936189710951	0.9987821920174466	44.64691080542858	240.68069704940274	-0.7571334618451316
3.6290142140468227	3.722408026755853	2.554542773719234	0.00006209116400564649	1.2824656688150753	0.996322322314958	2.9490531219784124	0.006049728147062983	8.64836133785588	195.63703426234204	3.693067524070773	0.998753847653874	44.338885713451035	240.67300675671825	-0.7838593407930463
3.6290142140468227	3.759197324414716	2.5426234112523765	0.00006735459903595576	1.2699935827164612	0.9961052556726393	2.9316386385404427	0.006366980314638119	8.626649330968089	194.16916374748783	3.656930435177652	0.9987253558630252	44.035967413896024	240.66643758764496	-0.8102469808651761
3.6290142140468227	3.7959866220735785	2.530872391432412	0.0000729791290334436	1.2577693319998076	0.9958803966618364	2.914426307459681	0.006697567344560006	8.605388475663432	192.72135453227136	3.6215036464106536	0.9986967128220748	43.73802859597288	240.66099247589776	-0.8362969962644214
3.6290142140468227	3.8327759197324416	2.5192851607469002	0.00007898379610038231	1.2457859310391002	0.9956476535451619	2.897408471768141	0.0070419656240043775	8.584573981363405	191.2928816772816	3.58676668921545	0.9986679139034742	43.444946104983515	240.65667294194347	-0.8620097210245008
3.6290142140468227	3.869565217391304	2.5078573022706423	0.00008538837516492977	1.2340366586919695	0.9954069316828975	2.8805776351317314	0.007400669875568648	8.56420138163425	189.88303831811237	3.552699865701702	0.9986389536658872	43.156600768075045	240.6534792181924	-0.8873852123615882
3.6290142140468227	3.9063545150501673	2.49658452954156	0.00009221339763453346	1.2225150463204755	0.9951581326850193	2.863926451416189	0.007774194039162493	8.5442665282691	188.49113456558484	3.5192842133656153	0.9986098258444244	42.872877229257455	240.6514103762058	-0.9124232537786743
3.6290142140468227	3.94314381270903	2.4854626807566143	0.00009948017637104989	1.2112148665260383	0.9949011535412697	2.847447714659212	0.00816307219306128	8.524765585733988	187.11649644995236	3.4865014717964993	0.9985805233401363	42.59366379308848	240.65046445552767	-0.9371233579708987
3.6290142140468227	3.979933110367893	2.474487713267991	0.00010721083208659312	1.2001301225510572	0.994635885730266	2.831134349424296	0.008567859514840567	8.505695025924625	185.7584649059921	3.4543340512369975	0.9985510382087349	42.318852276474786	240.65063859381561	-0.961484769581919
3.6290142140468227	4.016722408026756	2.463655698361447	0.000115428321263716	1.1892550383033484	0.9943622143084113	2.8149794015149365	0.008989133282711543	8.487051623178408	184.4163947961885	3.4227650028766643	0.9985213616485232	42.04833786808181	240.65192915800785	-0.9855064678634171
3.6290142140468227	4.053511705685619	2.4529628163001718	0.00012415646570823112	1.1785840489627855	0.9940800169791582	2.7989760290309404	0.009427493917527736	8.468832449482587	183.08965396949537	3.3917779907672907	0.9984914839875203	41.7820189948807	240.65433187626965	-1.0091871692929482
3.6290142140468227	4.090301003344481	2.4424053516190627	0.00013341998384765362	1.1681117921326212	0.9937891631429674	2.783117493751944	0.00988356606542102	8.45103486981558	181.7776223534611	3.361357265257107	0.9984613946697807	41.519797195401004	240.65784197056792	-1.0325253302080744
3.6290142140468227	4.127090301003345	2.4319796886555967	0.00014324452389297875	1.1578330995007258	0.9934895129281205	2.767397152836483	0.010357999720638994	8.43365653755334	180.4796910777884	3.3314876378482468	0.9984310822409205	41.261576999287506	240.66245428970637	-1.0555191495192449
3.6290142140468227	4.1638795986622075	2.421682307304842	0.0001536566989861479	1.147742988978589	0.9931809162023761	2.7518084508285394	0.010851471387683595	8.416695389866684	179.19526162770146	3.3021544573890895	0.9984005343328739	41.00726581279349	240.6681634427393	-1.078166571567951
3.6290142140468227	4.20066889632107	2.411509778987408	0.00016468412445999983	1.1378366572883207	0.9928632115653213	2.7363449119672194	0.011364685281277865	8.400149643028394	177.92374502580776	3.2733435875195225	0.998369737647921	40.756773809870786	240.67496393271296	-1.1004652892021736
3.6290142140468227	4.237458193979933	2.401458762820289	0.00017635545734184818	1.1281094729700494	0.9925362253211565	2.7210001327991318	0.011898374561997833	8.384017787540646	176.66456104146295	3.2450413852929243	0.9983386779420438	40.51001382854324	240.68285029069833	-1.1224127471471315
3.6290142140468227	4.274247491638796	2.3915260019818327	0.00018870043823557023	1.1185569697841868	0.9921997704315814	2.7057677750974944	0.012453302604574714	8.368298582983769	175.4171374270077	3.217234680904382	0.9983073400076892	40.26690127227759	240.69181721016025	-1.14400614575597
3.6290142140468227	4.311036789297659	2.381708320263096	0.00020174993572061255	1.1091748404848298	0.9918536454484129	2.690641559096549	0.013030264294888407	8.352991052476293	174.1809091806115	3.189910758459423	0.9982757076560372	40.027354016087116	240.70185968169986	-1.1652424452328227
3.6290142140468227	4.3478260869565215	2.372002618799053	0.00021553599340889685	1.0999589309422808	0.9914976334255838	2.675615257055105	0.013630087350495937	8.338094476623626	172.95531783587603	3.163057337722233	0.9982437636989031	39.791292317126576	240.71297312825794	-1.1861183704292106
3.6290142140468227	4.384615384615385	2.362405872974211	0.0002300918798024216	1.0909052345942276	0.9911315008102434	2.6606826871686877	0.014253633658155504	8.323608386818519	171.73981077879907	3.1366625567865665	0.9982114899304255	39.558638729557984	240.7251535408893	-1.206630416324105
3.6290142140468227	4.421404682274248	2.352915129498315	0.0002454521410949465	1.0820098872065054	0.9907549963128115	2.6458377078560633	0.014901800620171402	8.309532557740306	170.53384059320015	3.110714955616417	0.9981788671087329	39.32931802348559	240.73839761524437	-1.2267748543085917
3.6290142140468227	4.45819397993311	2.343527503648914	0.0002616526570602753	1.0732691619256334	0.9903678497560546	2.631074212452871	0.015575522499474448	8.295866998881838	169.3368644362632	3.085203460407071	0.9981458749378144	39.10325710777772	240.75270288891102	-1.2465477394075808
3.6290142140468227	4.494983277591973	2.3342401766786867	0.0002787307001669225	1.064679464606444	0.9899697709035381	2.6163861243527924	0.016275771751120906	8.282611944912807	168.14834344646312	3.0601173687203236	0.9981124920498644	38.880384956608765	240.76806787976912	-1.265944918583526
3.6290142140468227	4.531772575250836	2.3250503933866127	0.00029672499805389935	1.056237329399135	0.9895604482682024	2.6017673926453764	0.017003560325291326	8.269767844665818	166.96774218684797	3.0354463353507977	0.9980786959884259	38.660632539573605	240.78449222554886	-1.2849620402807909
3.6290142140468227	4.568561872909699	2.315955459853121	0.0003156757994946375	1.047939414580918	0.9891395479023083	2.5872119883090674	0.017759940923873053	8.257335348506919	165.79452812740533	3.011180358882753	0.9980444631927028	38.44393275523977	240.801976824744	-1.3035945653839165
3.6290142140468227	4.605351170568562	2.306952741340643	0.0003356249439648189	1.0397824986181972	0.9887067121706163	2.572713901028597	0.018546008189238294	8.245315293825119	164.62817117111624	2.9873097688993995	0.9980097689834848	38.23022036801859	240.82052397905557	-1.3218377797786174
3.6290142140468227	4.642140468227424	2.298039660362097	0.0003566159349147238	1.031763476445824	0.9882615585094316	2.5582671367176055	0.01936289979985809	8.233708688346542	163.46814322926747	2.963825213808868	0.997974587551192	38.01943194825082	240.840137537513	-1.339686808720786
3.6290142140468227	4.678929765886288	2.289213694921089	0.00037869401682668106	1.0238793559504313	0.9878036781750551	2.5438657158400892	0.020211797442854257	8.222516690947003	162.3139178526627	2.940717649252937	0.9979388919466272	37.81150581541437	240.8608230423932	-1.3571366332357777
3.6290142140468227	4.7157190635451505	2.280472376928742	0.0004019062561126222	1.0161272546451934	0.9873326349862827	2.529503672638289	0.02109392762843974	8.211740589603698	161.1649699265677	2.917978327066211	0.9979026540751124	37.606381984373144	240.8825878769904	-1.3741821087878878
3.6290142140468227	4.752508361204013	2.2718132908034416	0.0004263016258742942	1.0085043965236105	0.9868479640668724	2.515175055390016	0.022010562305385745	8.201381776091923	160.02077543855785	2.8955987847553626	0.9978658446947777	37.404002114601056	240.9054414153111	-1.3908179864769064
3.6290142140468227	4.789297658862877	2.263234072260723	0.0004519310945090433	1.001008109079895	0.9863491705953985	2.500873927834499	0.02296301923014255	8.191441716996609	158.8808113298623	2.8735708354687337	0.9978284334198819	37.20430946231972	240.9293951735885	-1.4070389370361653
3.6290142140468227	4.826086956521739	2.254732407301915	0.00047884771809502774	0.9936358204835507	0.9858357285716359	2.4865943719235557	0.023952662035009564	8.181921920573119	157.744555442395	2.8518865584283066	0.9977903887301505	37.0072488355039	240.95446296353578	-1.4228395779215273
3.6290142140468227	4.862876254180602	2.24630603141097	0.0005071067364315461	0.9863850568954058	0.9853070796105856	2.472330492072898	0.024980899932780506	8.17282389895651	156.6114865753402	2.830538289796296	0.9977516779872441	36.81276655171051	240.98066104704083	-1.4382145037949083
3.6290142140468227	4.8996655518394645	2.2379527289700167	0.0005367656725398404	0.9792534399120677	0.9847626317774799	2.458076421107451	0.02604918698662064	8.164149125187063	155.48108466698153	2.8095186139498094	0.9977122674595933	36.62081039869873	241.00800829196663	-1.4531583207160361
3.6290142140468227	4.936454849498328	2.229670332904725	0.0005678844353481558	0.9722386841251381	0.9842017584795877	2.4438263281132775	0.02715902086461886	8.155898984492223	154.35283111933006	2.7888203551369295	0.9976721223569727	36.4313295978081	241.03652632847042	-1.4676656843623377
3.6290142140468227	4.973244147157191	2.2214567245711883	0.000600525425188989	0.9653385947809198	0.9836237974333851	2.4295744284273106	0.028311940988612096	8.14807471924563	153.22620928505404	2.7684365694882516	0.9976312068763152	36.24427477006819	241.0662397051454	-1.4817313425959684
3.6290142140468227	5.010033444816053	2.2133098338959982	0.0006347536416268594	0.9585510655254464	0.9830280497286473	2.415314996013061	0.029509525976697946	8.14067736701495	152.10070513812272	2.748360537357572	0.997589484260405	36.05959790500913	241.09717604400993	-1.4953501826889704
3.6290142140468227	5.046822742474917	2.205227639780893	0.0006706367930106406	0.9518740762187275	0.9824137790142089	2.4010423784851214	0.030753390268592865	8.13370769111586	150.97580815141384	2.728585755965356	0.9975469168712041	35.87725233214031	241.12936619312816	-1.508517283497595
3.6290142140468227	5.083612040133779	2.197208170782384	0.0007082454070048736	0.9453056908010291	0.9817802108335006	2.386751015056114	0.03204517981305976	8.127166103115375	149.85101240618434	2.709105932318339	0.9975034662796796	35.69719269505678	241.1628443753785	-1.5212279728439364
3.6290142140468227	5.120401337792642	2.1892495060750004	0.0007476529412016388	0.938844055192824	0.9811265321414069	2.372435457684871	0.03338656668750622	8.121052576778686	148.7258179596313	2.689914976377853	0.9974590933740763	35.519374928119184	241.19764833151694	-1.5334778903135375
3.6290142140468227	5.157190635451505	2.181349776704224	0.0007889358927484132	0.9324873952088951	0.9804518910373853	2.3580903957021757	0.03477924251225664	8.115366553037168	147.59973249761757	2.6710069944490793	0.9974137584886297	35.343756235637464	241.23381945536744	-1.5452630556068752
3.6290142140468227	5.193979933110368	2.1735071671313726	0.0008321739057525009	0.9262340144658814	0.9797553967530092	2.3437106841776045	0.03622491051672329	8.110106835678229	146.47227329979933	2.652376282762532	0.9973674215547034	35.170295073463926	241.27140291855835	-1.556579942488688
3.6290142140468227	5.230769230769231	2.1657199170676695	0.0008774498750421876	0.9200822922615235	0.9790361199349256	2.329291376265083	0.03772527611285067	8.105271477628795	145.3429695436177	2.6340173212183986	0.997320042276272	34.99895113287113	241.3104477818165	-1.5674255582562748
3.6290142140468227	5.2675585284280935	2.1579863235881387	0.0009248500446864472	0.9140306814030169	0.9782930932664133	2.314827759722324	0.03928203583399088	8.100857657931464	144.21136497163096	2.615924767263706	0.9972715803315059	34.82968532655269	241.3510070894166	-1.5777975284929926
3.6290142140468227	5.304347826086956	2.150304743507769	0.0009744640995061842	0.9080777059613995	0.9775253124719925	2.3003153977369637	0.04089686450625689	8.096861549804366	143.07702094314527	2.598093449871875	0.9972219956019576	34.6624597765412	241.39313794297453	-1.5876941866832586
3.6290142140468227	5.34113712374582	2.142673595992255	0.0010263852476633986	0.9022219589288704	0.9767317377494994	2.2857501741060102	0.0425714005360362	8.093278180539587	141.93951988569097	2.580518363593957	0.99717124843046	34.49723780378225	241.43690155036293	-1.5971146680369526
3.6290142140468227	5.377926421404682	2.1350913653636683	0.0010807102923028377	0.8964620997566128	0.9759112956723073	2.2711283427019557	0.04430722922345901	8.09010128443602	140.79846915424744	2.563194662651287	0.9971192999083074	34.33398391904542	241.48236324520906	-1.6060590066039229
3.6290142140468227	5.414715719063545	2.127556604047521	0.0011375396901613733	0.8907968517521896	0.9750628816004985	2.2564465810154206	0.04610586404897337	8.087323150483007	139.6535052958959	2.546117655040219	0.9970661121915856	34.17266381478481	241.52959247218112	-1.6145282344545333
3.6290142140468227	5.451505016722408	2.120067935592055	0.0011969775950721377	0.8852249993181562	0.9741853626333234	2.2417020473884524	0.04796872593044965	8.084934467107743	138.5042987044747	2.529282796621459	0.997011648845632	34.01324435749014	241.57866273313758	-1.6225244813633464
3.6290142140468227	5.488294314381271	2.1126240576735924	0.0012591318843940204	0.8797453850173421	0.973277581125793	2.2268924413444178	0.04989712051269591	8.08292416696333	137.35055863366725	2.512685685169372	0.9969558752155232	33.85569357999518	241.62965148926224	-1.6300510730695656
3.6290142140468227	5.525083612040134	2.105223744983907	0.001324114166614418	0.8743569064554931	0.9723383587793626	2.212016066181319	0.051892213630728795	8.081279275447125	136.1920385177094	2.496322054360854	0.9968987588192261	33.69998067313732	241.68264001458186	-1.6371126258112738
3.6290142140468227	5.561872909698996	2.0978658518777467	0.0013920397687234008	0.8690585129787468	0.9713665013001831	2.197071892730644	0.05395500518237509	8.079984767371851	135.0285415267895	2.4801877676888093	0.9968402697586138	33.54607597609466	241.7377131967762	-1.6437151344605514
3.6290142140468227	5.59866220735786	2.090549314641862	0.0014630277024582745	0.8638492021917853	0.9703608035982284	2.1820596229018627	0.056086301753518156	8.079023436925418	133.85992625971554	2.4642788122924504	0.9967803811419865	33.39395096467283	241.79495928204668	-1.649866051246312
3.6290142140468227	5.635451505016722	2.083273153232725	0.001537200609177986	0.8587280163124168	0.9693200554770829	2.1669797513468394	0.05828668845752248	8.078375786696222	132.68611245043155	2.448591292705333	0.9967190695101045	33.243578236777985	241.85446956201102	-1.6555743517721937
3.6290142140468227	5.672240802675585	2.076036472319977	0.0016146846839486324	0.8536940383895181	0.9682430477378117	2.151833623305945	0.060556500574396155	8.078019942045398	131.5070865387353	2.4331214245319535	0.9966563152561324	33.09493149430168	241.91633800210644	-1.6608505848521073
3.6290142140468227	5.709030100334449	2.06883846146861	0.001695609580390566	0.8487463884234294	0.9671285785922068	2.136623486461325	0.06289579569822056	8.077931597403039	130.32290693083576	2.417865528075357	0.9965921030284075	32.94798552067077	241.98066081294363	-1.6657069026333606
3.6290142140468227	5.745819397993311	2.0616783942965813	0.0017801082989265008	0.8438842194403553	0.9659754602522426	2.121352534447879	0.06530432721458969	8.078084001075293	129.13370875428646	2.402820021950102	0.9965264221037242	32.802716153379826	242.047535968243	-1.6701570675949238
3.6290142140468227	5.782608695652174	2.054555626457738	0.0018683170622315	0.8391067135843859	0.9647825255356656	2.106024939587281	0.06778152002277887	8.078447984799476	127.93970789676355	2.387981416727422	0.9964592667180145	32.659100250938415	242.1170626754811	-1.6742164333282825
3.6290142140468227	5.8193979933110365	2.0474695923238895	0.0019603751828555227	0.8344130783014904	0.9635486343045072	2.0906458724418826	0.0703264494786751	8.078992043513853	126.7412041116526	2.3733463086711475	0.9963906363410447	32.51711565382815	242.18934080796652	-1.6779018965542356
3.6290142140468227	5.8561872909699	2.040419800275024	0.0020564249290865306	0.8298025426981555	0.9622726795363787	2.075221505957203	0.07293782455267535	8.079682469580373	125.53858297786145	2.3589113736330907	0.9963205358821792	32.376741139274955	242.26447030961313	-1.6812318186105448
3.6290142140468227	5.892976588628763	2.0334058265529316	0.0021566113960557937	0.8252743541623137	0.9609535928200488	2.0597590022901935	0.07561397616153315	8.080483544007604	124.33231651864931	2.3446733611844652	0.9962489758154829	32.23795636989719	242.3425505860434	-1.6842259156506063
3.6290142140468227	5.929765886287625	2.026427307689135	0.002261082389763127	0.8208277753347983	0.9595903490690844	2.0442664809097253	0.07835285153731904	8.081357785109311	123.12296231566594	2.3306290890640575	0.9961759722144892	32.10074183657451	242.42367989755923	-1.6869051179889092
3.6290142140468227	5.966555183946488	2.019483931580571	0.0023699883320318707	0.8164620815151339	0.9581819702616858	2.0287529671962066	0.08115201533713308	8.082266252589129	121.91116099987649	2.3167754380238037	0.9961015466898249	31.965078796183246	242.50795477079117	-1.6892914003559152
3.6290142140468227	6.003344481605351	2.0125754273520347	0.002483482194324546	0.812176558575722	0.9567275280417703	2.0132283215324076	0.08400865797676503	8.083168902403322	120.69763205925031	2.303109347147604	0.9960257262264601	31.8309492051409	242.59546944634093	-1.6914075862010634
3.6290142140468227	6.040133779264214	2.0057015542082577	0.0026017194678239013	0.8079705014434609	0.9552261450552056	1.9977031497243032	0.08691961139915744	8.084024985099825	119.48316797119202	2.2896278097090144	0.9959485429214329	31.698335649967245	242.68631537921874	-1.693277130510215
3.6290142140468227	6.076923076923077	1.998862089535682	0.0027248581762123313	0.803843213188365	0.9536769949440207	1.982188696463082	0.08988137217966545	8.08479347787008	118.26862674155215	2.2763278696190263	0.9958700336272414	31.56722127629035	242.78058080748445	-1.6949238867754084
3.6290142140468227	6.11371237458194	1.9920568165592119	0.0028530589362142406	0.7997940047358242	0.9520793009773388	1.9666967243711309	0.09289013154546186	8.085433538489777	117.05492300641748	2.2632066184960915	0.9957902395103724	31.43758971786665	242.87835040202694	-1.696371864668362
3.6290142140468227	6.150501672240803	1.9852855118885344	0.002986485069285387	0.795822195194524	0.9504323333568003	1.9512393818993252	0.09594181157001129	8.085904967857156	115.8430179220575	2.2502611933693695	0.9957092055383118	31.30942502724667	242.9797050072543	-1.697644985538627
3.6290142140468227	6.187290969899665	1.9785479332986204	0.0031253027659689605	0.7919271127674304	0.9487354052918691	1.9358290638982438	0.0990321065202874	8.086168667107591	114.63390812672556	2.2374887750032304	0.9956269799115577	31.182711609679266	243.08472147858947	-1.6987668430246041
3.6290142140468227	6.224080267558528	1.9718438080788565	0.0032696813025289537	0.7881080961906245	0.9469878679922511	1.92047826902518	0.10215652810694854	8.086187075370706	113.42861410070134	2.2248865868088794	0.9955436134593605	31.057434161719062	243.19347261852843	-1.6997604758102935
3.6290142140468227	6.260869565217392	1.9651728222554012	0.0034197933076705166	0.7843644966258091	0.9451891047667556	1.905199458244267	0.1053104532337829	8.085924575143432	112.22816827459586	2.2124518942888924	0.9954591590189971	30.933577615789073	243.30602720886105	-1.7006481589013767
3.6290142140468227	6.297658862876254	1.9585346109444315	0.0035758150755985955	0.7806956799183369	0.9433385244474204	1.8900049185244836	0.10848917277307993	8.085347853902453	111.03360323892807	2.200182004943837	0.9953736708182821	30.811127091671114	243.4224501327626	-1.701451218788912
3.6290142140468227	6.334448160535117	1.9519287500341336	0.0037379269204576853	0.7771010291244772	0.941435554372967	1.874906635459339	0.11168793991059507	8.084426212827742	109.84594039073842	2.1880742685583496	0.9952872038797936	30.690067855576046	243.54280257717267	-1.702189876605041
3.6290142140468227	6.37123745819398	1.9453547493255992	0.003906313566406876	0.7735799472095235	0.9394796331664763	1.8599161779621727	0.1149020167017439	8.083131816159797	108.66617931778431	2.1761260777773344	0.9951998134631042	30.570385287108344	243.66714230333181	-1.7028831219604519
3.6290142140468227	6.408026755852843	1.9388120471927983	0.004081164567239661	0.7701318598219564	0.9374702035297159	1.8450445974865826	0.11812671764690459	8.081439877548757	107.49528817141672	2.1643348688816046	0.9951115545583886	30.452064854110894	243.79552397169158	-1.703548618700766
3.6290142140468227	6.444816053511706	1.9323000067546183	0.004262674749539473	0.7667562180573305	0.9354067052530759	1.8303023434443062	0.12135744931038175	8.079328782555312	106.33419522029973	2.152698122675733	0.9950224814414189	30.335092095078764	243.92799950666395	-1.704202642435178
3.6290142140468227	6.481605351170568	1.9258179134919766	0.004451044673819055	0.7634525011377542	0.9332885686084568	1.8156991957041062	0.12458974525454594	8.07678014904048	105.18378171372323	2.141213365408344	0.9949326472964255	30.219452608580898	244.06461848675906	-1.7048600484631133
3.6290142140468227	6.518394648829432	1.9193649741935308	0.004646481108843685	0.7602202189474359	0.9311152082560271	1.801244214310305	0.12781929581735407	8.073778829383828	104.04487612025083	2.1298781696558025	0.9948421039098814	30.10513204894056	244.20542854653252	-1.7055342677176606
3.6290142140468227	6.555183946488294	1.9129403170761379	0.0048491975153004555	0.7570589143804266	0.9288860177576257	1.786945705901424	0.13104197250971036	8.070312860200682	102.91824974889497	2.1186901551124486	0.9947509014351466	29.992116127295823	244.35047577810653	-1.7062373275933758
3.6290142140468227	6.591973244147157	1.9065429929018889	0.005059414536050301	0.7539681654722938	0.9266003647525416	1.7728112057683216	0.1342538470340091	8.066373366444928	101.80461370911169	2.107646989244082	0.9946590882252754	29.88039061709911	244.49980512188029	-1.7069798940398686
3.6290142140468227	6.62876254180602	1.9001719769012233	0.005277360491310856	0.7509475873019328	0.9242575868176105	1.7588474740817128	0.13745120511644968	8.061954427489251	100.70461712456769	2.0967463877741785	0.994566710729191	29.769941363101733	244.65346073797204	-1.7077713310679334
3.6290142140468227	6.665551839464883	1.8938261713103686	0.0055032718781914255	0.7479968336624996	0.9218569880045483	1.7450605045440788	0.14063055549733647	8.057052913013862	99.61884648480694	2.085986114984732	0.9944738134449407	29.660754292907622	244.81148635202663	-1.7086197738011015
3.6290142140468227	6.702341137123746	1.8875044083388115	0.005737393874990287	0.7451155985110175	0.9193978360239846	1.7314555435716996	0.14378863453391888	8.051668296376667	98.54782599849462	2.075363983824166	0.9943804389227957	29.552815430250064	244.97392557094665	-1.7095322113712534
3.6290142140468227	6.739130434782608	1.8812054533967184	0.005979980851535492	0.7423036172144677	0.9168793600280255	1.718037118073546	0.14692240694099507	8.045802452668886	97.49201880105885	2.064877855823753	0.9942866278105323	29.44611090924056	245.14082216589568	-1.7105145762571194
3.6290142140468227	6.775919732441472	1.874928008430873	0.006231296887588818	0.7395606676161349	0.9143007489311042	1.7048090699448086	0.15002906322954296	8.039459447967475	96.45182886696263	2.0545256408309074	0.9941924189332096	29.340626988946696	245.3122203214321	-1.7115718370541975
3.6290142140468227	6.812709030100335	1.8686707152388893	0.006491616301936561	0.7368865709498862	0.9116611502017697	1.691774595512044	0.1531060144087544	8.032645325464244	95.4276034809113	2.0443052965730435	0.9940978494000806	29.236350067770413	245.48816485093187	-1.7127080921025564
3.6290142140468227	6.849498327759197	1.8624321586533767	0.006761224195272248	0.734281192632132	0.9089596690552004	1.6789362883333934	0.1561508844981829	8.025367893254497	94.41963613141124	2.0342148280689987	0.9940029547318242	29.133266697207535	245.6687013794096	-1.7139266618522766
3.6290142140468227	6.88628762541806	1.8562108695091593	0.007040417010349631	0.731744442961866	0.9061953679766805	1.666296183951836	0.1591615013606226	8.01763651766539	93.42816970263803	2.024252286907135	0.993907769001996	29.031363594673905	245.85387649559766	-1.715230178287211
3.6290142140468227	6.923076923076923	1.850005327326548	0.007329503113171937	0.7292762777586919	0.9033672665092748	1.6538558054060257	0.1621358863185953	8.009461925141645	92.4533998551555	2.014415770409923	0.9938123249873821	28.93062765517545	246.04373787561534	-1.7166206701377107
3.6290142140468227	6.959866220735786	1.8438139626615075	0.007628803399205446	0.7268766989674902	0.9004743412436048	1.6416162085095365	0.16507224296281597	8.000856014915207	91.49547850151131	2.004703420704755	0.9937166543227564	28.831045961680978	246.2383343808827	-1.7180996429799658
3.6290142140468227	6.996655518394649	1.8376351590888127	0.007938651928787859	0.7245457552565966	0.8975155259534068	1.6295780261053208	0.16796894550408073	7.991831683985452	90.55451729814382	1.9951134237197277	0.9936207876563298	28.732605794121785	246.43771613303034	-1.719668153636532
3.6290142140468227	7.033444816053512	1.8314672547971176	0.008259396596059898	0.7222835426343406	0.8944897118267732	1.6177415106825237	0.17082452696347952	7.982402665336294	89.63059108978074	1.9856440081218787	0.9935247548029238	28.635294636997667	246.64193456858044	-1.7213268785584022
3.6290142140468227	7.070234113712375	1.8253085437850576	0.008591399835903502	0.7200902051066842	0.8913957477493164	1.6061065749028731	0.17363766744225317	7.972583379817717	88.7237412560631	1.97629344421367	0.9934285848925658	28.539100185610774	246.85104247608302	-1.7230761760843216
3.6290142140468227	7.107023411371237	1.8191572766554027	0.008935039373538747	0.7179659353966817	0.8882324406015494	1.594672829722584	0.17640718266331298	7.962388801717316	87.83397892226702	1.9670600428016871	0.9933323065127924	28.444010350979678	247.06509401821873	-1.7249161426420376
3.6290142140468227	7.1438127090301	1.8130116610100557	0.009290709021621983	0.7159109757446203	0.8849985555384007	1.5834396199127139	0.17913201293234166	7.951834337734193	86.96128800657424	1.9579421540497013	0.9932359478434518	28.350013263509005	247.2841447411915	-1.7268466630839172
3.6290142140468227	7.1806020066889635	1.806869861452652	0.009658819529918943	0.7139256188061255	0.8816928162238065	1.5724060568772842	0.18181121262788028	7.940935718833361	86.10562808535782	1.9489381663264957	0.9931395367832133	28.257097275504904	247.5082515735211	-1.7288674554411745
3.6290142140468227	7.217391304347826	1.8007299992078365	0.010039799492901218	0.7120102086641841	0.8783139049976807	1.5615710487456782	0.18444394029688688	7.929708904291789	85.26693706544638	1.9400465050570652	0.9930431010673366	28.165250962633966	247.73747281608775	-1.7309781104430644
3.6290142140468227	7.254180602006689	1.7945901513674165	0.010434096320946589	0.7101651419700837	0.8748604629562261	1.5509333277762194	0.18702944940467015	7.918169997137231	84.44513365844429	1.9312656315843493	0.9929466683765275	28.074463124427886	247.9718681250764	-1.7331781261847334
3.6290142140468227	7.290969899665551	1.7884483497735895	0.010842177281215762	0.7083908692275833	0.871331089929593	1.5404914751535674	0.1895670797653808	7.9063351701168845	83.64011965705483	1.922594042047253	0.9928502664369188	27.984722783935783	248.2114984892477	-1.7354669383459616
3.6290142140468227	7.327759197324415	1.7823025795485885	0.011264530614746053	0.706687896234326	0.8677243443431989	1.5302439432955215	0.19205624966108703	7.894220601305579	82.85178201710306	1.9140302662794593	0.992753923111375	27.89601918662262	248.4564262027481	-1.7378439463657942
3.6290142140468227	7.364548494983278	1.776150777278624	0.01170166673684262	0.7050567856944825	0.8640387429508436	1.5201890758078687	0.19449644864297017	7.881842418464024	82.07999475180553	1.905572866732527	0.9926576664824337	27.808341798608282	248.70671483449888	-1.7403085359705566
3.6290142140468227	7.40133779264214	1.7699908288579156	0.01215411952848231	0.7034981590169341	0.8602727604289311	1.5103251252400494	0.1968872309972398	7.869216651279877	81.32462064685383	1.8972204374258508	0.9925615249272802	27.721680304335017	248.96242919503683	-1.7428600984364921
3.6290142140468227	7.438127090301004	1.7638205669962095	0.012622447727169436	0.7020126983139263	0.8564248288218712	1.5006502688023242	0.19922820985001186	7.856359190661599	80.5855128062944	1.8889716029253156	0.9924655271851988	27.636024603744776	249.22363530152833	-1.7454980469472114
3.6290142140468227	7.474916387959866	1.7576377683903313	0.013107236426522015	0.7006011486160415	0.8524933368289923	1.4911626222072707	0.20151905187960117	7.84328575430269	79.86251604002676	1.8808250173518184	0.992369702417972	27.551364809040187	249.49040034155294	-1.7482218303812354
3.6290142140468227	7.511705685618729	1.7514401505573505	0.01360909869481965	0.6992643203206003	0.8484766289231751	1.4818602517972088	0.20375947260056257	7.8300118577880955	79.15546810421631	1.8727793634204215	0.9922740802637136	27.467691241096944	249.7627926361588	-1.75103094483857
3.6290142140468227	7.548494983277592	1.7452253683235435	0.01412867732384007	0.6980030918921254	0.8443730042909166	1.4727411851143384	0.2059492321814612	7.8165527905719925	78.46420080601074	1.864833351510369	0.9921786908846096	27.384994425586978	250.04088160257632	-1.753924943188095
3.6290142140468227	7.585284280936455	1.7389910099598913	0.014666646720552425	0.696818412835387	0.8401807155827015	1.4638034200641166	0.2080881317569848	7.802923596214771	77.78854098384774	1.8569857187659409	0.992083565009035	27.303265088866233	250.32473771691113	-1.756903442891101
3.6290142140468227	7.622073578595318	1.732734592951072	0.015223714955658193	0.6957113069637785	0.835897967461364	1.4550449328141615	0.21017601019481374	7.789139056325048	77.12831137430457	1.8492352282278979	0.9919887339684897	27.222494153674532	250.61443247708144	-1.7599661323301228
3.6290142140468227	7.65886287625418	1.7264535593808799	0.01580062598458809	0.6946828759883384	0.8315229149346418	1.446463684562312	0.21221274127799641	7.775213677708524	76.48333137601198	1.8415806679949787	0.9918942297297748	27.142672734688368	250.9100383661861	-1.7631127758482754
3.6290142140468227	7.695652173913044	1.7201452709128051	0.01639816205840714	0.6937343034557617	0.8270536614563088	1.4380576272981407	0.21419823126456577	7.761161682278957	75.85341772061486	1.8340208504149138	0.9918000849227996	27.063792133964238	251.21162881648323	-1.766343217681225
3.6290142140468227	7.7324414715719065	1.7138070033397876	0.017017146344192567	0.6928668590671675	0.8224882567781108	1.4298247086727658	0.21613241678747147	7.7469969993364085	75.23838506016749	1.826554611304167	0.9917063328643855	26.98584383630294	251.51927817408063	-1.7696573849431696
3.6290142140468227	7.769230769230769	1.707435940672246	0.017658445776858364	0.6920819034133742	0.8178246945322261	1.4217628760825372	0.21801526305952623	7.732733259864594	74.63804647973186	1.8191808091956774	0.9916130075783997	26.908819504563184	251.83306166445217	-1.7730552898089076
3.6290142140468227	7.806020066889632	1.7010291687279462	0.018322974167165846	0.6913808931669674	0.8130609095210807	1.4138700800631614	0.21984676234981865	7.718383792541645	74.05221394331758	1.8118983246137663	0.9915201438125251	26.83271097494795	252.15305535884647	-1.7765370310169795
3.6290142140468227	7.842809364548495	1.6945836681812267	0.01901169559383501	0.6907653867766597	0.8081947746880075	1.4061442770820534	0.22162693270002368	7.703961621197755	73.4806986806621	1.8047060593753526	0.9914277770519474	26.757510252283936	252.4793361416411	-1.7801027948031027
3.6290142140468227	7.879598662207358	1.6880963070224129	0.019725628111319567	0.6902370507154494	0.8032240977384101	1.3985834318087218	0.22335581685088923	7.689479463488302	72.92331152175215	1.797602935916688	0.99133594353021	26.683209505312096	252.81198167870164	-1.7837528553593986
3.6290142140468227	7.916387959866221	1.6815638323705782	0.020465847809032833	0.6897976663409343	0.7981466173767262	1.3911855189350069	0.2250334813512743	7.674949730582984	72.37986318537286	1.7905878966446909	0.9912446802374691	26.609801062003434	253.15107038675544	-1.7874875749026542
3.6290142140468227	7.953177257525083	1.6749828615744384	0.02123349326267279	0.689449137434138	0.792959999119398	1.3839485246101502	0.2266600158239311	7.6603845276998594	71.8501645274319	1.783659903312162	0.9911540249263553	26.537277404913848	253.49668140383662	-1.7913074034238732
3.6290142140468227	7.989966555183947	1.668349872526248	0.02202977042396482	0.6891934984923463	0.7876618306382401	1.3768704475486762	0.2282355323642713	7.645795655338549	71.33402675424406	1.7768179364159935	0.991064016115629	26.465631166587922	253.84889456079588	-1.7952128781818752
3.6290142140468227	8.02675585284281	1.6616611931026057	0.022855958001702942	0.6890329238621248	0.7822496165818931	1.3699492998632352	0.2297601650500957	7.631194611089381	70.83126160548498	1.7700609946176633	0.9909746930918009	26.394855125021458	254.20779035391388	-1.7992046229955811
3.6290142140468227	8.063545150501673	1.6549129896331136	0.023713413394658843	0.6889697378110747	0.7767207728151547	1.3631831076686383	0.23123406954217546	7.616592591914942	70.3416815110317	1.763388094185214	0.9908860959088684	26.324942199189827	254.5734499186156	-1.803283347382035
3.6290142140468227	8.100334448160535	1.6481012542830729	0.024603579245900106	0.689006425651346	0.77107262000693	1.3565699114983087	0.23265742275723775	7.602000496818083	69.86509972548608	1.7567982684560393	0.9907982653863106	26.255885444649145	254.94595500431066	-1.807449845581254
3.6290142140468227	8.137123745819398	1.6412217912190317	0.02552799069861868	0.6891456460448455	0.7653023764868251	1.3501077665695607	0.2340304225965935	7.587428929825372	69.40133044376546	1.7502905673197413	0.9907112431054635	26.18767804921491	255.3253879503582	-1.8117049955034141
3.6290142140468227	8.173913043478262	1.6342702014057788	0.026488283446002292	0.6893902446399895	0.7594071502778921	1.3437947429296968	0.23535328771528113	7.572888203228289	68.95018890076638	1.743864056720394	0.9906250714043965	26.120313328722652	255.7118316631642	-1.8160497576292718
3.6290142140468227	8.210702341137123	1.627241865859592	0.027486202682390957	0.689743269213323	0.7533839301982296	1.3376289255111087	0.23662625731806256	7.558388341035863	68.51149145777241	1.7375178181775663	0.9905397933713884	26.053784722874063	256.10536959442067	-1.8204851738907892
3.6290142140468227	8.247491638795987	1.6201319271543646	0.02852361308043533	0.690207986517124	0.7472295759066014	1.3316084141197737	0.2378495909701291	7.5439390826019315	68.08505567794647	1.7312509483254186	0.9904554528371081	25.988085791170654	256.50608572047054	-1.825012366555514
3.6290142140468227	8.284280936454849	1.6129352689439618	0.029602509939787303	0.6907879010672026	0.7409408067463743	1.3257313233784274	0.23902356841171124	7.529549886398822	67.67070039297057	1.7250625584692958	0.9903720943655824	25.923210208937583	256.9140645228125	-1.8296325371354372
3.6290142140468227	8.321070234113712	1.6056464932242285	0.03072503167780491	0.6914867761445823	0.734514189217089	1.3199957826425004	0.2401484893671717	7.5152299339158795	67.26824576261266	1.7189517741591418	0.9902897632440385	25.85915176343803	257.32939096971774	-1.8343469653386346
3.6290142140468227	8.357859531772576	1.598259895010476	0.031893473862727006	0.6923086573321723	0.7279461228729859	1.3143999359043694	0.2412246733403614	7.500988133667272	66.87751332877151	1.7129177347791473	0.9902085054716989	25.795904350079333	257.7521504989527	-1.8391570080799955
3.6290142140468227	8.394648829431437	1.590769434048785	0.03311030502600678	0.6932578989646668	0.7212328244115626	1.3089419416988997	0.24225245938924217	7.486833125298148	66.49832606531905	1.7069595931529986	0.9901283677475986	25.733461968710685	258.1824290015836	-1.8440640985657228
3.6290142140468227	8.431438127090301	1.5831687031098927	0.034378184534490805	0.6943391939391295	0.7143703096712971	1.3036199730209987	0.24323220587393019	7.472773283782095	66.13050842485673	1.7010765151640885	0.9900493974574985	25.67181872001155	258.62031280682226	-1.8490697454648368
3.6290142140468227	8.468227424749164	1.5754508923298967	0.03569998285679222	0.6955576074180626	0.7073543732039493	1.2984322172639788	0.24416429017333363	7.458816723705908	65.77388638332553	1.6952676793900898	0.9899716426599557	25.610968801970287	259.0658886678844	-1.8541755321798845
3.6290142140468227	8.505016722408026	1.5676087489583292	0.037078804624100604	0.6969186150599578	0.7001805650211107	1.2933768761856053	0.24504910836660354	7.444971303639963	65.42828748323747	1.6895322767512424	0.9898951520716163	25.550906506451177	259.51924374880724	-1.8593831162281051
3.6290142140468227	8.54180602006689	1.5596345317467277	0.038518014966943785	0.6984281465395157	0.6928441640333469	1.2884521659071029	0.2458870748765403	7.431244630594209	65.09354087614874	1.6838695101716739	0.9898199750517876	25.49162621584748	259.9804656121565	-1.8646942287436603
3.6290142140468227	8.578595317725753	1.55151995905286	0.04002126971036152	0.7000926352772755	0.6853401475994692	1.2836563169489237	0.2466786220729792	7.417644064561015	64.76947736486093	1.6782785942531144	0.9897461615863479	25.43312239981823	260.44964220755344	-1.8701106741109523
3.6290142140468227	8.615384615384615	1.54325614953887	0.041592550136079105	0.7019190754949548	0.6776631564773314	1.278987574305787	0.2474241998349792	7.404176723146803	64.45592944572024	1.6727587549603293	0.9896737622710448	25.37538961210583	260.9268618609448	-1.87563432973857
3.6290142140468227	8.652173913043478	1.5348335540943607	0.04323620317897713	0.7039150879595417	0.6698074543090424	1.2744441975622864	0.24812427507140883	7.3908494862947745	64.15273135127245	1.667309229317506	0.9896028282942374	25.31842248743004	261.4122132644882	-1.8812671459834063
3.6290142140468227	8.688963210702342	1.526241877302848	0.044956988126292285	0.7060889960915198	0.6617668805722411	1.2700244610493956	0.24877933120019272	7.377669001101058	63.85971909344471	1.6619292651149506	0.989533411419127	25.262215738455282	261.9057854669677	-1.8870111462338068
3.6290142140468227	8.725752508361204	1.5174699863713834	0.04676013114492803	0.7084499145105437	0.6535347956724379	1.2657266540412724	0.24938986758710077	7.364641686726399	63.576730507340315	1.6566181206252666	0.9894655639655229	25.206764152825663	262.4076678645786	-1.8928684271610958
3.6290142140468227	8.762541806020067	1.508505804931026	0.0486513892931349	0.7110078526037423	0.6451040165204281	1.2615490809909806	0.2499563989455357	7.351773739405023	63.303605295662024	1.6513750643282683	0.9893993387911879	25.152062590262794	262.9179501919393	-1.898841159148291
3.6290142140468227	8.799331103678929	1.49933618845153	0.05063712610281449	0.7137738363655141	0.636466740509033	1.2574900618031792	0.2504794546992203	7.33907113755185	63.04018507372689	1.6461993746438506	0.9893347892728018	25.09810597972093	263.4367225131703	-1.9049315869052572
3.6290142140468227	8.836120401337793	1.4899467771437442	0.052724401382802856	0.7167600526269287	0.6276144552393494	1.2535479321410847	0.25095957831019894	7.326539646968326	62.78631341497028	1.6410903396719352	0.98927196928658	25.044889316592613	263.96407521283516	-1.9111420302793807
3.6290142140468227	8.872909698996656	1.4803218210727622	0.05492107864109535	0.7199800209428951	0.6185378305991276	1.2497210437647834	0.2513973265748353	7.314184826146554	62.541835896813275	1.6360472569386744	0.9892109331885803	24.992407659958218	264.5000989865439	-1.9174748852712056
3.6290142140468227	8.909698996655518	1.4704439706655914	0.057235954525958574	0.7234487999437357	0.6092265887940951	1.2460077648974144	0.25179326889088266	7.302012031670424	62.30660014672006	1.6310694331480176	0.9891517357947277	24.940656129871957	265.0448848309864	-1.923932625264563
3.6290142140468227	8.946488294314381	1.4602940237132604	0.05967891604487371	0.7271832370409843	0.5996693465740898	1.2424064806155728	0.25214798649889414	7.290026423711696	62.08045588825439	1.6261561839377108	0.9890944323605837	24.889629904676024	265.5985240331429	-1.9305178024811849
3.6290142140468227	8.983277591973245	1.449850617109006	0.062261133187670556	0.7312022732349174	0.589853422028453	1.238915593260021	0.25246207170147456	7.2782329716181104	61.863254986921206	1.621306833638813	0.9890390785608801	24.839324218334692	266.16110815839573	-1.9372330496698857
3.6290142140468227	9.020066889632107	1.439089847586933	0.06499529718309843	0.7355273187474991	0.579764595722525	1.2355335228626405	0.2527361270640044	7.266636459589724	61.6548514955655	1.61652071503771	0.9889857304688361	24.78973435777838	266.7327290372361	-1.944081082041014
3.6290142140468227	9.05685618729097	1.4279848001052324	0.06789591830276374	0.7401827208242863	0.5693868122621797	1.2322587075855778	0.2529707646005355	7.255241492439131	61.455101699100744	1.6117971691396895	0.9889344445352698	24.740855660248833	267.31347875025824	-1.9510646994572098
3.6290142140468227	9.093645484949834	1.4165049544371724	0.07097970243286603	0.7451963531283431	0.5587018030672177	1.2290896041683477	0.2531666049486628	7.244052501430225	61.26386415832269	1.607135544932958	0.9888852775675134	24.692683510633852	267.90344961106183	-1.9581867888920557
3.6290142140468227	9.130434782608695	1.404615428693725	0.07426603342188831	0.7506003679879045	0.5476886033465501	1.2260246883788501	0.2533242765371139	7.2330737501898446	61.080999752580304	1.6025351991521075	0.988838286708134	24.645213338781257	268.5027341467118	-1.9654503271688042
3.6290142140468227	9.167224080267559	1.3922760007853667	0.0777775998847314	0.7564321704747189	0.536322924595856	1.22306245546423	0.2534444147498025	7.2223093406858725	60.90637172107169	1.597995496039873	0.9887935294134561	24.598440616779786	269.11142507532304	-1.9728583839920253
3.6290142140468227	9.20401337792642	1.3794398216890198	0.08154122305457229	0.762735700430195	0.5245763260278214	1.2202014205975835	0.2535276610900326	7.21176321926505	60.73984570253996	1.5935158071060633	0.9887510634318798	24.5523608561945	269.7296152803403	-1.9804141252857528
3.6290142140468227	9.240802675585284	1.3660516916887184	0.08558897049454323	0.7695631512529723	0.512415100124063	1.2174401193168094	0.25357466234836934	7.201439182743429	60.58128977316645	1.5890955108824956	0.9887109467819798	24.506969605243714	270.3573977810417	-1.9881208168526057
3.6290142140468227	9.277591973244148	1.3520457015371357	0.08995968630428702	0.7769773234813231	0.4997987416750477	1.2147771079518226	0.2535860697776685	7.191340884541963	60.43057448245294	1.5847339926727046	0.9886732377303639	24.46226244590318	270.9948656987538	-1.9959818283691688
3.6290142140468227	9.31438127090301	1.3373419243301994	0.09470114546679577	0.7850549273572727	0.48667779266408717	1.2122109640367398	0.25356253827849945	7.181471840859773	60.28757288691543	1.5804306442951532	0.988637994769268	24.418234990922773	271.64211221822893	-2.0040006377342188
3.6290142140468227	9.351170568561873	1.3218416410430276	0.09987317467037612	0.7938913514019716	0.4729907206617716	1.2097402867037461	0.25350472559808246	7.171835436877505	60.152160581420084	1.5761848638186746	0.9886052765938531	24.374882880740433	272.2992305436139	-2.012180835787262
3.6290142140468227	9.387959866220736	1.3054202114803044	0.10555232878696166	0.8036077852247436	0.45865924155130644	1.207363697055495	0.25341329154567804	7.162434932983017	60.02421572800349	1.5719960552887524	0.9885751420791665	24.3322017802765	272.96631384836684	-2.0205261314163043
3.6290142140468227	9.424749163879598	1.2879159842152605	0.11183919049308175	0.8143623029658588	0.4435810190996284	1.2050798385132384	0.2532888972271138	7.153273471012069	59.90361908204621	1.5678636284432474	0.9885476502567235	24.290187375591387	273.6434552184627	-2.029040357075357
3.6290142140468227	9.461538461538462	1.269112152400189	0.11887035211971901	0.8263680004617078	0.4276176822897389	1.2028873771379525	0.2531322043009806	7.144354080496573	59.79025401567517	1.5637869984160686	0.9885228602906554	24.24883537038781	274.33074758814985	-2.037727474733517
3.6290142140468227	9.498327759197325	1.248705114945587	0.12683937477182236	0.8399246266047365	0.41057386537505614	1.2007850019219737	0.2529438742587985	7.135679684913348	59.68400653828799	1.5597655854272732	0.9885008314533682	24.20814148233848	275.0282836674948	-2.0465915822795266
3.6290142140468227	9.535117056856187	1.2262445071621202	0.13603663594286275	0.8554785447719239	0.3921573594312518	1.1987714250489507	0.25272456773118473	7.1272531079266646	59.5847653141171	1.555798814458003	0.9884816231006449	24.16810143921898	275.7361558608875	-2.0556369204074176
3.6290142140468227	9.57190635451505	1.2010057267501177	0.14693428248711696	0.8737501983998008	0.37189415854556584	1.1968453821198235	0.25247494382195995	7.119077079618041	59.49242167674271	1.5518861149084513	0.9884652946461201	24.1287109748226	276.45445617557345	-2.064867880011505
3.6290142140468227	9.608695652173912	1.1716688703934086	0.16040082199796574	0.8960551654125564	0.34891386759551385	1.1950056323430884	0.2521956594717607	7.111154242697461	59.40686964050677	1.548026920237207	0.9884519055350456	24.08996582463573	277.18327611929567	-2.074289010120861
3.6290142140468227	9.645484949832776	1.135241952889542	0.17842294716966803	0.9253809295279917	0.32122787704193984	1.1932509586873947	0.25188736885266244	7.103487158690397	59.32800590876264	1.5442206675800016	0.9884415152172625	24.05186172124808	277.9227065859786	-2.083905026406541
3.6290142140468227	9.68227424749164	1.0798872027649908	0.2089307929932599	0.973560574447175	0.2809041048874152	1.1915801679948923	0.2515507227950138	7.096078314095572	59.25572987892453	1.5404667973458457	0.9884341831192833	24.01439438947131	278.67283772832513	-2.093720820297712
3.6290142140468227	9.719063545150501	1.0256290785392	0.24242765081497686	1.0256291644305948	0.24242698782219413	1.1899828206565193	0.2511899644697514	7.088884549407573	59.189116129114694	1.5367627809159714	0.9884292533612852	23.977520095772256	279.43276007145863	-2.103680328708258
3.6290142140468227	9.755852842809364	0.9657745841992477	0.28413639524029327	0.9657745841992552	0.28413639524028744	1.1868913599528683	0.2514283031740589	7.081164119095793	59.01263645428759	1.5320450572501698	0.9884383841981053	23.928209365739754	279.81945822774384	-2.116323740811522
3.6290142140468227	9.792642140468228	1.127408329818298	0.1799700598801537	1.1274083298182993	0.1799700598801529	1.1925257431861245	0.2482279544341294	7.078503089693738	59.48121692850877	1.533213086519369	0.9883992612229744	23.951252185817346	282.33373207320795	-2.116323740811522
3.6290142140468227	9.82943143812709	1.1851198654635933	0.1510802615654056	1.185119865463593	0.15108026156540563	1.2006123301937663	0.2441552924972738	7.079442383529457	60.135995306714904	1.535968255692205	0.9883868309176647	23.994470785305346	285.46166621396037	-2.116323740811522
3.6290142140468227	9.866220735785953	1.2223035210659856	0.1344757074143518	1.2223035210659892	0.13447570741435033	1.2096815402740075	0.23981664096801852	7.082028890170233	60.864017292795694	1.5394828688468971	0.9883885256185594	24.047220051753087	288.9047226858323	-2.116323740811522
3.6290142140468227	9.903010033444817	1.2508937664104638	0.12273496935013911	1.2508937664104638	0.12273496935013911	1.2192473189225568	0.235411418235442	7.08561536249116	61.628032766178464	1.5434828300116608	0.988400194309665	24.10596380782293	292.566126979555	-2.116323740811522
3.6290142140468227	9.939799331103679	1.274465283263284	0.11370559098444806	1.2744652832632843	0.11370559098444778	1.2290311348773295	0.2310475991830194	7.089824595839166	62.40681366283101	1.5478032768230627	0.9884192526359693	24.168577315979043	296.38765142458146	-2.116323740811522
3.6290142140468227	9.976588628762542	1.294623154181721	0.10643742057946132	1.2946231541817204	0.10643742057946162	1.2388503201533012	0.22678970249288177	7.0944024620902795	63.18653193087331	1.552327934238739	0.9884437880418568	24.23356754898665	300.32767777654004	-2.116323740811522
3.6290142140468227	10.013377926421406	1.3122504962551926	0.10041579658236445	1.312250496255192	0.10041579658236469	1.2485812911662342	0.22267590069897014	7.099170549598771	63.95790599510094	1.5569708383910394	0.9884723118039571	24.299836589850162	304.35480205839485	-2.116323740811522
3.6290142140468227	10.050167224080267	1.3278990601143486	0.09532532908586606	1.3278990601143494	0.09532532908586573	1.2581410860115176	0.2187270816152407	7.104002863394607	64.71476567677226	1.5616678231045469	0.9885036526127884	24.36657040331772	308.44497992347027	-2.116323740811522
3.6290142140468227	10.08695652173913	1.3419448183945035	0.09095630972724009	1.3419448183945029	0.0909563097272403	1.2674757270113908	0.21495259670108996	7.108811294941054	65.45314938589112	1.5663712505611798	0.9885368920377671	24.433169560141014	312.5798114046251	-2.116323740811522
3.6290142140468227	10.123745819397993	1.354660201008534	0.08716115028875375	1.3546602010085347	0.08716115028875351	1.276552056914629	0.21135417596756068	7.113535438841016	66.17067339646475	1.5710461970104959	0.98857131593994	24.499199021355754	316.74530842554407	-2.116323740811522
3.6290142140468227	10.160535117056856	1.366251553257754	0.08383163165130317	1.3662515532577544	0.08383163165130297	1.2853517793267963	0.2079286468029807	7.11813511757812	66.86607363530628	1.5756675088718815	0.9886063745907562	24.564349457432616	320.93093626105707	-2.116323740811522
3.6290142140468227	10.19732441471572	1.3768803202364466	0.08088593457263955	1.3768803202364452	0.08088593457263998	1.2938670699876895	0.20466981729645678	7.122584823595153	67.53886989075134	1.5802174920925627	0.9886416493870998	24.62840699676275	325.1288502999872	-2.116323740811522
3.6290142140468227	10.234113712374581	1.3866759129167643	0.07826072205530625	1.3866759129167658	0.07826072205530576	1.3020973570056835	0.20156976526113077	7.126869590833937	68.18912063552364	1.5846841025505016	0.9886768253165324	24.69122963506163	329.33328823741715	-2.116323740811522
3.6290142140468227	10.270903010033445	1.3957440016374905	0.07590603552124965	1.39574400163749	0.07590603552124973	1.3100469778962258	0.1986197057387239	7.130981945406563	68.8172454592759	1.5890595403519736	0.9887116685185318	24.75272899369979	333.54008967052397	-2.116323740811522
3.6290142140468227	10.307692307692308	1.40417213393268	0.07378185883836906	1.4041721339326814	0.07378185883836866	1.3177234906541306	0.1958105625801758	7.134919668423429	69.42389768714388	1.593339167523091	0.9887460082587664	24.812856341137113	337.74631969571544	-2.116323740811522
3.6290142140468227	10.34448160535117	1.4120336986613033	0.07185572315249975	1.4120336986613036	0.07185572315249966	1.32513646818856	0.1931333348126489	7.138684165364223	70.00987392100662	1.5975206811944231	0.988779722617547	24.871591966449675	341.9499762466054	-2.116323740811522
3.6290142140468227	10.381270903010034	1.4193908179795596	0.07010098950968727	1.4193908179795593	0.07010098950968732	1.3322966466865087	0.1905793225001883	7.142279284835581	70.57605050144882	1.6016034860029653	0.9888127272287179	24.928937154465004	346.1497639105981	-2.116323740811522
3.6290142140468227	10.418060200668897	1.4262965148438824	0.06849558872515715	1.4262965148438835	0.06849558872515683	1.3392153310177657	0.18814025767254514	7.14571046801715	71.12333944028597	1.6055882201617577	0.9888449664769992	24.98490815855545	350.3449199005125	-2.116323740811522
3.6290142140468227	10.454849498327759	1.432796373436562	0.06702107887980595	1.4327963734365614	0.06702107887980618	1.345903985510644	0.18580837205638318	7.148984140139498	71.65265833656197	1.6094763990926026	0.9888764066493518	25.039531694900525	354.53508057894913	-2.116323740811522
3.6290142140468227	10.491638795986622	1.438929834012403	0.06566192890574603	1.4389298340124026	0.06566192890574622	1.3523739575843516	0.18357642348528377	7.152107278365788	72.1649102715435	1.613270148467524	0.9889070306241579	25.092841588687424	358.72017931363274	-2.116323740811522
3.6290142140468227	10.528428093645484	1.4447312175986673	0.0644049664357953	1.444731217598667	0.06440496643579535	1.3586362960400777	0.1814376959319074	7.155087107817306	72.6609707808081	1.6169720049666356	0.9889368337624317	25.144876288822683	362.9003684358223	-2.116323740811522
3.6290142140468227	10.565217391304348	1.45023054693399	0.06323894709392482	1.4502305469339904	0.06323894709392464	1.364701636378455	0.17938598327781308	7.157930890419459	73.14167981179055	1.6205847681804042	0.9889658207343701	25.195677035558337	367.07595969246876	-2.116323740811522
3.6290142140468227	10.602006688963211	1.4554542110695057	0.06215421492159392	1.455454211069506	0.062154214921593856	1.3705801332369567	0.17741556360107763	7.1606457807932316	73.6078371654069	1.6241113910685891	0.9889940030716725	25.245286517949296	371.2473788680305	-2.116323740811522
3.6290142140468227	10.638795986622073	1.4604255082849564	0.061142432094968155	1.4604255082849562	0.061142432094968224	1.3762814256546982	0.17552116847225244	7.163238730421877	74.06020034778119	1.6275548994498492	0.9890213972821362	25.293747898227764	375.4151312569977	-2.116323740811522
3.6290142140468227	10.675585284280936	1.4651650931310758	0.06019636193369855	1.465165093131075	0.060196361933698775	1.3818146249326255	0.17369795018676182	7.165716426440043	74.49948406622323	1.6309183333284276	0.9890480233995563	25.34110411065226	379.5797754459209	-2.116323740811522
3.6290142140468227	10.7123745819398	1.469691347139634	0.05930969331917903	1.4696913471396336	0.05930969331917909	1.3871883177857978	0.17194144880167334	7.168085255122707	74.926360825133	1.6342047046313135	0.9890739038705977	25.387397365382245	383.74190346143865	-2.116323740811522
3.6290142140468227	10.749163879598662	1.4740206882029023	0.05847689758886615	1.4740206882029014	0.05847689758886635	1.3924105795932447	0.17024756012991024	7.170351282867603	75.34146223650443	1.6374169672636483	0.989099062702589	25.43266880522645	387.9021257982615	-2.116323740811522
3.6290142140468227	10.785953177257525	1.4781678302769874	0.05769311111631406	1.478167830276987	0.05769311111631426	1.3974889940662003	0.16861250536706227	7.172520249440995	75.74538077358218	1.6405579963952608	0.9891235248134403	25.476958276094358	392.0610601900146	-2.116323740811522
3.6290142140468227	10.822742474916389	1.482146002558083	0.05695403836426462	1.4821460025580837	0.05695403836426447	1.4024306767446222	0.16703280270946957	7.174597569696271	76.13867177779468	1.643630574648709	0.9891473155382137	25.520304181726946	396.2193232521615	-2.116323740811522
3.6290142140468227	10.85953177257525	1.4859671353792732	0.05625587137326224	1.4859671353792732	0.056255871373262246	1.407242300513	0.16550524111590492	7.1765883410229625	76.52185558737733	1.6466373834294976	0.9891704602571508	25.562743400594243	400.37752432914994	-2.116323740811522
3.6290142140468227	10.896321070234114	1.4896420186157668	0.05559522253270434	1.4896420186157675	0.05559522253270416	1.411930121886102	0.16402685623343832	7.178497354547625	76.8954196976967	1.6495809980690033	0.9891929841178824	25.60431124833745	404.53626103274524	-2.116323740811522
3.6290142140468227	10.933110367892976	1.4931804372550208	0.05496906815306975	1.493180437255021	0.05496906815306969	1.416500007216178	0.16259490842646673	7.180329108665941	77.25982089295375	1.652463885775447	0.9892149118306587	25.645041473265827	408.6961160769952	-2.116323740811522
3.6290142140468227	10.96989966555184	1.496591287901911	0.05437470087311608	1.4965912879019108	0.0543747008731161	1.4209574582584243	0.16120686280013766	7.182087823891264	77.61548730994966	1.65528840563318	0.989236267520156	25.68496627552316	412.8576551056916	-2.116323740811522
3.6290142140468227	11.006688963210703	1.4998826792908415	0.053809689333531474	1.499882679290842	0.053809689333531384	1.4253076367349604	0.15986037108376652	7.183777458302058	77.96282040949053	1.6580568100764506	0.9892570746210625	25.72411634288379	417.02142527775584	-2.116323740811522
3.6290142140468227	11.043478260869565	1.5030620193208712	0.05327184385821322	1.503062019320872	0.053271843858213055	1.4295553876806046	0.15855325522898597	7.185401723086209	78.30219684140539	1.6607712474042018	0.9892773558074712	25.76252089790335	421.18795442920253	-2.116323740811522
3.6290142140468227	11.080267558528428	1.5061360906864403	0.05275918712680972	1.5061360906864405	0.05275918712680968	1.433705261454972	0.15728349257557997	7.186964097838529	78.63397019644866	1.6634337650096935	0.9892971329483065	25.800207752489662	425.35775067161865	-2.116323740811522
3.6290142140468227	11.117056856187292	1.509111116818232	0.05226992901361056	1.5091111168182325	0.05226992901361044	1.4377615343746057	0.15604920244221346	7.188467845381208	78.95847264328893	1.666046313079491	0.9893164270827038	25.83720336696487	429.53130231860536	-2.116323740811522
3.6290142140468227	11.153846153846153	1.5119928195596866	0.0518024449196409	1.5119928195596861	0.051802444919640984	1.4417282279667256	0.15484863400673324	7.1899160259601915	79.27601645214891	1.668610748578332	0.9893352584106028	25.873532911456486	433.70907805624324	-2.116323740811522
3.6290142140468227	11.190635451505017	1.514786469769325	0.05135525704598794	1.5147864697693252	0.051355257045987875	1.4456091268778577	0.1536801553500558	7.191311510729869	79.58689540884387	1.6711288393833914	0.9893536462948385	25.909220328033623	437.89152729264214	-2.116323740811522
3.6290142140468227	11.22742474916388	1.5174969318465055	0.050927018153633485	1.5174969318465057	0.050927018153633374	1.4494077954908915	0.15254224354779705	7.192656994480853	79.89138612431469	1.6736022684671663	0.9893716092718334	25.94428839244116	442.07908063632067	-2.116323740811522
3.6290142140468227	11.264214046822742	1.5201287030202582	0.05051649743347991	1.5201287030202586	0.050516497433479836	1.4531275933164491	0.15143347570403468	7.193955007595722	80.1897492455342	1.676032638055535	0.9893891650686258	25.978758774615926	446.2721504646765	-2.116323740811522
3.6290142140468227	11.301003344481606	1.522685948110453	0.0501225681738212	1.5226859481104535	0.0501225681738211	1.4567716892311158	0.1503525208315237	7.195207927238389	80.48223057403828	1.6784214737082122	0.9894063306244625	26.012652097418183	450.47113155268283	-2.116323740811522
3.6290142140468227	11.33779264214047	1.5251725303624841	0.04974419696429115	1.5251725303624848	0.049744196964291026	1.4603430746376975	0.14929813249212548	7.196417987796887	80.76906209842201	1.6807702282845918	0.9894231221155848	26.045987993199113	454.67640173893597	-2.116323740811522
3.6290142140468227	11.37458193979933	1.5275920388669197	0.04938043421764356	1.5275920388669186	0.049380434217643765	1.4638445756227236	0.1482691421199291	7.197587290608602	81.05046294705302	1.6830802857698182	0.9894395549821321	26.07878515796517	458.88832261154107	-2.116323740811522
3.6290142140468227	11.411371237458194	1.5299478130006021	0.0490304058255111	1.5299478130006023	0.04903040582551104	1.4672788641846968	0.1472644529575608	7.198717813002985	81.32664026704545	1.6853529649451091	0.989455643956342	26.111061403006712	463.1072402006816	-2.116323740811522
3.6290142140468227	11.448160535117056	1.5322429642626223	0.04869330579301532	1.5322429642626225	0.04869330579301524	1.4706484686032644	0.14628303454354347	7.199811416699371	81.59779003521973	1.687589522892725	0.9894714030914045	26.142833703931164	467.333485667784	-2.116323740811522
3.6290142140468227	11.48494983277592	1.5344803958262019	0.04836838972080002	1.5344803958262014	0.04836838972080007	1.473955783016347	0.14532391769504613	7.200869855599697	81.86409780648006	1.6897911583315108	0.9894868457904872	26.174118247103635	471.56737598406943	-2.116323740811522
3.6290142140468227	11.521739130434783	1.536662820082544	0.04805496902288	1.5366628200825438	0.04805496902288001	1.477203076267674	0.14438618993640162	7.201894783015318	82.12573940464526	1.6919590147821633	0.9895019848355613	26.204930473532354	475.8092145929887	-2.116323740811522
3.6290142140468227	11.558528428093645	1.5387927744153365	0.04775240578512899	1.5387927744153365	0.04775240578512899	1.4803925000833469	0.14346899132899288	7.202887758366899	82.38288156043903	1.6940941835644545	0.9895168324157545	26.235285120269918	480.0592920528352	-2.116323740811522
3.6290142140468227	11.595317725752508	1.540872635412371	0.04746010818306011	1.5408726354123707	0.04746010818306014	1.483526096631557	0.14257151066290247	7.2038502533945294	82.63568250096958	1.6961977066302854	0.9895314001550257	26.2651962594169	484.31788665685605	-2.116323740811522
3.6290142140468227	11.632107023411372	1.542904631693721	0.04717752638911308	1.5429046316937205	0.047177526389113184	1.4866058055157194	0.14169298197489832	7.204783657914004	82.88429249470677	1.698270579238038	0.989545699139021	26.294677334830517	488.5852650292706	-2.116323740811522
3.6290142140468227	11.668896321070234	1.5448908555123737	0.046904148909473566	1.544890855512374	0.04690414890947348	1.4896334702470255	0.14083268136114777	7.205689285152656	83.12885435561628	1.7003137524742942	0.9895597399410067	26.323741196644683	492.8616826961518	-2.116323740811522
3.6290142140468227	11.705685618729097	1.5468332732637378	0.04663949929864112	1.5468332732637382	0.04663949929864105	1.4926108442391282	0.13998992405631172	7.206568376696842	83.36950390983958	1.702328135629933	0.9895735326468176	26.35240013371645	497.14738463090185	-2.116323740811522
3.6290142140468227	11.74247491638796	1.548733735022825	0.04638313320704801	1.548733735022825	0.04638313320704803	1.4955395963636187	0.13916406175375487	7.207422107080268	83.60637042798227	1.7043145984374501	0.9895870868787818	26.380665904108792	501.4426057741918	-2.116323740811522
3.6290142140468227	11.779264214046822	1.5505939832137068	0.0461346357229076	1.5505939832137066	0.04613463572290771	1.4984213161022195	0.1383544801441468	7.208251588040981	83.83957702585006	1.706273973176892	0.9896004118186059	26.408549763723943	505.74757152880306	-2.116323740811522
3.6290142140468227	11.816053511705686	1.5524156605027966	0.045893618974606455	1.5524156605027961	0.04589361897460658	1.5012575183282375	0.13756059665215384	7.209057872472461	84.06924103620122	1.7082070566574685	0.9896135162292184	26.436062493195195	510.06249822986643	-2.116323740811522
3.6290142140468227	11.852842809364548	1.554200316996735	0.04565971996426392	1.5542003169967349	0.04565971996426395	1.5040496477472154	0.13678185835297516	7.20984195809249	84.29547435387518	1.7101146120819184	0.9896264084755869	26.46321442314306	514.3875935912299	-2.116323740811522
3.6290142140468227	11.889632107023411	1.5559494168160133	0.04543259860683152	1.5559494168160135	0.045432598606831485	1.506799083024053	0.13601774005236006	7.2106047908515505	84.51838375644355	1.711997370800424	0.9896390965445236	26.4900154578966	518.7230571287722	-2.116323740811522
3.6290142140468227	11.926421404682275	1.5576643441073683	0.04521193595227638	1.5576643441073679	0.045211935952276454	1.5095071406216904	0.13526774251536566	7.211347268101055	84.73807120235644	1.7138560339607332	0.9896515880635134	26.51647509777704	523.0690805615981	-2.116323740811522
3.6290142140468227	11.963210702341136	1.5593464085505833	0.04499743257118494	1.5593464085505833	0.04499743257118496	1.5121750783740908	0.1345313908306319	7.212070241539779	84.95463410836966	1.7156912740607073	0.9896638903185911	26.542602460034395	527.4258481920311	-2.116323740811522
3.6290142140468227	12.	1.560996850409224	0.04478880708647937	1.5609968504092238	0.04478880708647941	1.514804098814467	0.1338082328982311	7.212774519955668	85.16816560789626	1.717503736409345	0.9896760102713053	26.568406298523843	531.7935372653965	-2.116323740811522