3.7428160535117057	1.	4.856643293213841	2.243476091317658e-12	4.7745492764124	0.9999999999965966	6.195373559636824	7.700672994575184e-7	12.769060972424521	522.5559828574299	13.785400226529273	0.9999991860439528	108.92202522457981	241.96488301644158	2.9006132128306037
3.7428160535117057	1.0367892976588629	4.76843239691964	4.265410800650156e-12	4.605128143406471	0.999999999989976	6.072581725755521	1.0394708611893189e-6	12.635402897651213	509.4196755477829	13.296217646281596	0.9999988294308185	106.45464696067889	241.96473929439233	2.788616804011201
3.7428160535117057	1.0735785953177257	4.685001238127314	7.829127850092274e-12	4.4473179284606275	0.99999999997269	5.956236516678638	1.382538938847239e-6	12.506935948270092	497.0256259101643	12.840554589071749	0.9999983588404853	104.12040869173121	241.9645007868754	2.682031439999826
3.7428160535117057	1.1103678929765886	4.605938733846127	1.3915501189374666e-11	4.299964440173793	0.9999999999306242	5.845807325785405	1.8140462632010373e-6	12.383354506167036	485.3110156927264	12.415077996791618	0.9999977511730646	101.90799039350406	241.96413556043768	2.5803107742119753
3.7428160535117057	1.1471571906354514	4.53088098892594	2.4015145193505056e-11	4.1620615413222515	0.9999999998345558	5.740821960016641	2.3506666268322464e-6	12.264374884975469	474.21997375483903	12.016882310751221	0.9999969816676262	99.80736429826736	241.96360714267146	2.4829891530265287
3.7428160535117057	1.1839464882943145	4.4595046240943415	4.033760672811789e-11	4.0327281475381245	0.9999999996273835	5.640858668580566	3.011068995787665e-6	12.149733795251546	463.7026382560019	11.643423074540454	0.9999960242406866	97.8096118803032	241.96287495031092	2.3896661480213903
3.7428160535117057	1.2207357859531773	4.39152121409132	6.608438347508646e-11	3.9111893851627575	0.9999999992032381	5.545539458878589	3.816005996460104e-6	12.039186846508633	453.71436705310816	11.29246254362091	0.9999948518523071	95.90677154904326	241.96189485183754	2.2999946829408247
3.7428160535117057	1.2575250836120402	4.326672624868473	1.05798433167309e-10	3.796761056461984	0.9999999983749347	5.454524461090956	4.788394582259123e-6	11.932507113864093	444.21506963373605	10.962024841983615	0.9999934368850835	94.09171114208073	241.96061983282758	2.2136717865426117
3.7428160535117057	1.294314381270903	4.264727083724124	1.6580378751564114e-10	3.688836754092999	0.9999999968254978	5.367507152499791	5.953388796958232e-6	11.829483785026994	435.1686392723447	10.650358765643713	0.9999917515227776	92.35802058230779	241.9590007315703	2.130431296310204
3.7428160535117057	1.3311036789297659	4.205475850616926	2.547496489794313e-10	3.5868771122356033	0.9999999940388539	5.28421029085861	7.338444671847222e-6	11.729920895312596	426.5424682707275	10.355906753037383	0.9999897681172415	90.69992103421913	241.95698701404365	2.050038033717312
3.7428160535117057	1.3678929765886287	4.148730385429495	3.8427390272474293e-10	3.4904007921000817	0.9999999892043842	5.2043824357999515	8.973377398718371e-6	11.63363615305791	418.3070324186885	10.077278860944276	0.9999874595343773	89.11218764146805	241.9545275602606	1.9722831048179235
3.7428160535117057	1.4046822742474916	4.094319926591743	5.698013028364875e-10	3.3989768838257106	0.9999999810899438	5.127794960494004	0.000010890411010825677	11.540459854378327	410.4355333969285	9.813230828022489	0.9999847994719988	87.59008350713984	241.95157143802356	1.896980072160619
3.7428160535117057	1.4414715719063544	4.0420894126454225	8.314916815865741e-10	3.312218471720845	0.9999999678782293	5.054239474063868	0.00001312422088007515	11.45023388405441	402.9035898989665	9.562645495566407	0.9999817627444912	86.129303030792	241.94806864440352	1.8239618090386551
3.7428160535117057	1.4782608695652173	3.991897691091982	1.1953533812262442e-9	3.229777160187866	0.9999999469620602	4.983525589771271	0.000015711969401744054	11.36281079806487	395.6889698914895	9.324517000605201	0.999978325531009	84.72592307230954	241.9439707997391	1.753077893638328
3.7428160535117057	1.5150501672240804	3.943615968998651	1.6945367238859372e-9	3.1513383970539524	0.999999914695235	4.9154789855631895	0.00001869333528901879	11.278052982600345	388.7713577527014	9.09793727014749	0.9999744655855688	83.37636069442355	241.93923178305127	1.6841924344581332
3.7428160535117057	1.5518394648829432	3.8971264679337754	2.370821727294761e-9	3.0766174620035542	0.999999866097066	4.849939712863576	0.000022110536939620214	11.195831884109216	382.13215109504563	8.882084434794164	0.9999701624087589	82.07733646020145	241.9338083015521	1.6171822432528438
3.7428160535117057	1.588628762541806	3.8523212523077777	3.2763134575419616e-9	3.0053560123254064	0.9999997945104496	4.786760716995856	0.00002600835036684014	11.116027304903415	375.75428294495936	8.676212850705415	0.9999653973818898	80.82584244161833	241.92766039014072	1.5519352902892232
3.7428160535117057	1.625418060200669	3.8091012054518285	4.475357404376964e-9	2.937319097707611	0.9999996912152335	4.725806538709463	0.000030434122208487854	11.03852675899592	369.6220656591885	8.479644475243783	0.999960153865277	79.6191142401436	241.92075183937703	1.488349390658634
3.7428160535117057	1.6622073578595318	3.7673751320347355	6.046686091878956e-9	2.872292571444898	0.9999995450006859	4.666952171248867	0.00003543777834058415	10.963224883087623	363.72105353660976	8.29176138672	0.9999544172629858	78.45460643755892	241.91305055258374	1.4263310810155372
3.7428160535117057	1.6989966555183946	3.7270589689015967	8.085806822045257e-9	2.810080838004265	0.9999993417028138	4.610082051472349	0.00004107182862913398	10.890022897925276	358.03792156151763	8.111999274973453	0.9999481750568127	77.3299709906553	241.90452883425704	1.36579465427306
3.7428160535117057	1.7357859531772575	3.6880750892736094	1.0707639016433068e-8	2.750504887075666	0.9999990637141128	4.555089166877672	0.000047391368353937	10.818828115583905	352.5603581086642	7.93984175889297	0.9999414168125502	76.24303816149808	241.8951636130779	1.3066613261152995
3.7428160535117057	1.7725752508361203	3.650351687600604	1.4049408097331542e-8	2.693400572511881	0.9999986894749031	4.501874263162003	0.00005445407683401304	10.749553488567823	347.2769697676935	7.774815410867538	0.9999341341617226	75.19179963907118	241.88493660359364	1.2488585121338258
3.7428160535117057	1.8093645484949832	3.6138222343030524	1.8273801260745135e-8	2.6386171013230033	0.9999981929566453	4.45034513924362	0.0000623202137757428	10.682117196959656	342.17719671732766	7.6164853876656	0.9999263207619935	74.17439356101363	241.87383441102438	1.1923191982939394
3.7428160535117057	1.8461538461538463	3.578424991255989	2.3572388863674004e-8	2.5860157034390574	0.9999975431484929	4.400416018590801	0.0000710526138529818	10.616442270169765	337.2512373077769	7.46445158325138	0.9999179722393876	73.18909118801638	241.86184858385073	1.1369813905310324
3.7428160535117057	1.882943143812709	3.5441025802143002	3.016931350162057e-8	2.5354684575262256	0.9999967035587832	4.352006987308705	0.00008071668001393381	10.55245624014383	332.4899807012978	7.3183452322405484	0.9999090861153277	72.23428501994066	241.84897561885646	1.0827876317504914
3.7428160535117057	1.919732441471572	3.5108015975060933	3.83252472113464e-8	2.486857251925365	0.9999956317431955	4.305043490783428	0.00009138037599318119	10.490090823171133	327.8849465820588	7.177825903615526	0.9998996617213106	71.30847817320982	241.83521692314235	1.0296845764945386
3.7428160535117057	1.9565217391304348	3.478472269267921	4.8341615619346484e-8	2.440072862924804	0.9999942788709172	4.259455881819784	0.00010311421848942431	10.429281627700323	323.42823108273353	7.042578833393237	0.9998897001038283	70.41027486461252	241.8205787374972	0.9776226151504476
3.7428160535117057	1.9933110367892977	3.4470681422935687	6.056508628740779e-8	2.3950141352007552	0.9999925893394119	4.215179014171078	0.00011599126945086217	10.369967885811938	319.11245819073287	6.912312552502894	0.9998792039219083	69.5383718681835	241.80507202520627	0.9265555408857461
3.7428160535117057	2.0301003344481607	3.4165458062432	7.539231699998822e-8	2.3515872514532825	0.9999905004472973	4.172151876175821	0.0001300871288910469	10.31209220621893	314.9307359951862	6.786756772465301	0.9998681773394045	68.69155083003344	241.7887123301711	0.8764402535703902
3.7428160535117057	2.0668896321070234	3.386864643532197	9.327495830939917e-8	2.3097050801093517	0.9999879421335108	4.130317259911575	0.00014547992863894017	10.255600346868848	310.8766172195355	6.665660496784602	0.9998566259139252	67.86867134142463	241.7715196079341	0.8272364958294456
3.7428160535117057	2.1036789297658864	3.3579866037063684	1.1472490331734854e-7	2.269286591518812	0.999984836789387	4.0896214618698865	0.00016225032740811428	10.200441005405185	306.94406355621055	6.548790330447419	0.9998445564840527	67.06866468351826	241.7535180329752	0.7789066171012599
3.7428160535117057	2.140468227424749	3.329875999526037	1.403197764369285e-7	2.23025633438374	0.9999810991486083	4.0500140116648256	0.00018048150755175442	10.14656562591188	303.1274133812617	6.435928963715601	0.9998319770562748	66.29052816841907	241.7347357854149	0.7314153621835693
3.7428160535117057	2.177257525083612	3.302499322337486	1.7070865175768948e-7	2.1925439652771086	0.9999766362582442	4.011447425724453	0.0002002591738526555	10.093928220515936	299.4213524796108	6.326873809614524	0.9998188966928454	65.53332001073129	241.71520482006162	0.6847296812573426
3.7428160535117057	2.2140468227424748	3.2758250746158	2.0661799063611385e-7	2.1560838250562204	0.9999713475323455	3.973876983290739	0.00022167155468078923	10.042485204559323	295.82088745708785	6.221435777255139	0.999805325401584	64.79615467207425	241.69496062059687	0.6388185588037487
3.7428160535117057	2.250836120401338	3.249823617825736	2.48857787261743e-7	2.1208145567866503	0.9999651248878696	3.9372605223779296	0.00024480940583556174	9.992195244174162	292.32132155468804	6.1194381654610215	0.9997912740284536	64.07819862808286	241.6740419414687	0.5936528591871433
3.7428160535117057	2.2876254180602005	3.2244670339742223	2.983279102099745e-7	2.0866787604863073	0.9999578529610972	3.9015582536206055	0.0002697660173753642	9.943019115206358	288.91823261454783	6.020715663169608	0.9997767541535876	63.37866651354296	241.65249054001654	0.5492051869800829
3.7428160535117057	2.3244147157190636	3.1997289994235496	3.5602462628300623e-7	2.0536226805946804	0.9999494094016069	3.86673259018575	0.0002966372237190353	9.89491957253191	285.6074529765888	5.9251134447875184	0.999761777991296	62.69681760658415	241.63035090107	0.5054497603619916
3.7428160535117057	2.3612040133779266	3.1755846697057444	4.2304730025432955e-7	2.021595922582829	0.9999396652369383	3.8327479921371	0.00032552141732637436	9.847861228903925	282.38505111066934	5.832486350159004	0.9997463582944314	62.03195261749603	241.607669956667	0.4623622961446427
3.7428160535117057	2.3979933110367893	3.152010574221762	5.006052404161704e-7	1.9905511955672912	0.9999284853078987	3.7995708238187302	0.0003565195661487599	9.801810442538777	279.24731481087974	5.742698140059706	0.9997305082634534	61.38341075157596	241.58449680205732	0.4199199051552572
3.7428160535117057	2.4347826086956523	3.1289845198443933	5.900246987440143e-7	1.9604440781628354	0.9999157287601166	3.7671692229952094	0.0003897352352090087	9.75673521274023	276.190735799054	5.655620819251615	0.9997142414603094	60.75056701912572	241.56088241127412	0.37810099688179544
3.7428160535117057	2.471571906354515	3.1064855025486713	6.927559952515858e-7	1.9312328051502565	0.9999012495902806	3.735512980617063	0.00042527461248128233	9.712605082908425	273.2119956007351	5.571134020058625	0.9996975717272915	60.13282976851097	241.53687935322222	0.33688519240787773
3.7428160535117057	2.508361204013378	3.0844936262955147	8.10380759785067e-7	1.90287807281615	0.9998848972367169	3.7045734302092894	0.0004632465393438776	9.669391050350361	270.3079525723485	5.489124440262876	0.9996805131108855	59.52963842099322	241.51254151047735	0.29625324479128484
3.7428160535117057	2.5451505016722407	3.0629900284783735	9.446192768556682e-7	1.8753428610735101	0.9998665172063762	3.674323345986953	0.0005037625458347239	9.627065482357997	267.475629971274	5.409485329833727	0.9996630797905903	58.94046138831667	241.48792380239271	0.2561869661389098
3.7428160535117057	2.5819397993311037	3.0419568113179327	1.0973379205974034e-6	1.8485922706893656	0.9998459517297307	3.644736848897415	0.0005469368909397619	9.585602038068544	264.71220497209794	5.332116021627544	0.999645286012634	58.36479415608461	241.46308191409295	0.2166691607196833
3.7428160535117057	2.6187290969899664	3.0213769786557236	1.2705566674216253e-6	1.822593374135592	0.9998230404350529	3.615789319872474	0.0005928866081404504	9.54497559566451	262.01499854248743	5.256921501742273	0.9996271460284751	57.80215751775088	241.43807203277996	0.17768356353338838
3.7428160535117057	2.6555183946488294	3.0012343776555066	1.46645667454372e-6	1.7973150787451735	0.9997976210336892	3.587457319647779	0.0006417315564438308	9.50516218451005	259.3814661011132	5.1838120156889085	0.9996086740379444	57.252095945637215	241.41295059267628	0.1392147838197649
3.7428160535117057	2.6923076923076925	2.981513644972318	1.687387913274804e-6	1.7727280010016466	0.9997695300081845	3.5597185145720553	0.0006935944771167818	9.466138921854942	256.8091888879742	5.11270270696065	0.9995898841368559	56.71417608677992	241.38777402976223	0.10124825305006689
3.7428160535117057	2.729096989966555	2.9622001569943173	1.935876847629856e-6	1.7488043509171256	0.9997386032953692	3.532551607886818	0.0007486010563475775	9.427883953769488	254.29586598451476	5.043513284949218	0.9995707902689004	56.187985372649884	241.36259854739458	0.06377017699416652
3.7428160535117057	2.765886287625418	2.9432799838020345	2.2146341438483215e-6	1.725517825566623	0.9997046769578417	3.5059362760078336	0.0008068799940426527	9.390376400000767	251.8393069270953	4.976167719479994	0.9995514061816212	55.673130732867314	241.3374798935826	0.0267674914992688
3.7428160535117057	2.802675585284281	2.924739846526141	2.5265624151475216e-6	1.70284351094445	0.9996675878351373	3.4798531093869034	0.0008685630790145649	9.353596302470072	249.4374248630673	4.9105939595278745	0.9995317453862503	55.169237404046214	241.31247315101177	-0.009772178341856433
3.7428160535117057	2.839464882943144	2.906567077814281	2.874763977479504e-6	1.680757791396624	0.9996271741709843	3.4542835575702497	0.0009337852707409246	9.317524577148674	247.0882302033613	4.846723673920347	0.9995118211212045	54.67594782569486	241.28763254003405	-0.04586055592624701
3.7428160535117057	2.8762541806020065	2.888749585147399	3.2625486230094004e-6	1.6592382659588434	0.9995832762090646	3.4292098781087508	0.00100268478795665	9.28214296907615	244.78982473014614	4.784492012065333	0.9994916463190074	54.19292061593977	241.26301123546818	-0.08150874803782096
3.7428160535117057	2.9130434782608696	2.871275816769541	3.693441401332101e-6	1.6382636709981815	0.9995357367531458	3.4046150890057314	0.0010754032042984314	9.247434010300951	242.54039612186605	4.72383738293415	0.9994712335764263	53.719829620479025	241.23866119744406	-0.11672727714111863
3.7428160535117057	2.9498327759197323	2.854134730017761	4.171190405749266e-6	1.6178138086166163	0.9994844016871614	3.3804829244175076	0.001152085551241769	9.213380980541578	240.33821286151928	4.664701250707577	0.999450595127603	53.256363028801374	241.21463301660077	-0.1515261112821712
3.7428160535117057	2.9866220735785953	2.837315761858393	4.699774562420315e-6	1.597869480327802	0.9994291204515966	3.3567977933474813	0.001232880428575176	9.179967870382143	238.18161949715724	4.60702794564851	0.9994297428199679	52.8022225522491	241.19097577376658	-0.18591469178665737
3.7428160535117057	3.0234113712374584	2.8208088014537114	5.2834114215974605e-6	1.5784124255659187	0.9993697464731917	3.3335447410978274	0.001317940122663745	9.147179346830631	236.06903222639363	4.55076448890404	0.9994086880927275	52.35712265899564	241.16773691416844	-0.2199019589272797
3.7428160535117057	3.060200668896321	2.8046041645988113	5.926564951589997e-6	1.559425264627559	0.9993061375455898	3.3107094132635155	0.0014074207327628757	9.11500072108107	233.9989347792318	4.495860430063712	0.9993874419577266	51.920789861448476	241.1449621361051	-0.25349637571604594
3.7428160535117057	3.096989966555184	2.788692569882825	6.6339533375695195e-6	1.5408914456851952	0.9992381561591581	3.2882780220721797	0.0015014823056527615	9.083417918333009	231.9698745757858	4.442267696411624	0.999366014982487	51.49296205198376	241.12269529392537	-0.2867059499628854
3.7428160535117057	3.1337792642140467	2.773065116441327	7.410556788820601e-6	1.5227951955442496	0.9991656697787735	3.26623731489008	0.0016002889788749317	9.05241744953219	229.98045913750266	4.389940452909031	0.9993444172752403	51.07338788327506	241.10097831505914	-0.3195382547291773
3.7428160535117057	3.17056856187291	2.7577132631783887	8.26162535955235e-6	1.5051214738458472	0.9990885510688949	3.2445745447297685	0.0017040091328642804	9.02198638490678	228.0293527323479	4.338834972033318	0.9993226584717717	50.6618261898024	241.07985113079746	-0.35200044729325203
3.7428160535117057	3.2073578595317724	2.7426288093470674	9.192686789914838e-6	1.4878559304440875	0.9990066780657276	3.2232774426086754	0.0018128155522827611	8.99211232918234	226.1152732360654	4.2889095126785675	0.9993007477239082	50.25804544741555	241.05935162041823	-0.38409928673499055
3.7428160535117057	3.2441471571906355	2.727803876386514	0.000010209554375406116	1.4709848657107834	0.9989199342967371	3.2023341916202748	0.0019268855968753642	8.962783398367042	224.23698919312613	4.240124207394766	0.9992786936894855	49.86182326808911	241.03951556820442	-0.4158411502373067
3.7428160535117057	3.280936454849498	2.7132308909224334	0.00001131833487439883	1.4544951935422756	0.9988282088481661	3.1817334025909036	0.0020464013821837016	8.93398819800678	222.39331706235254	4.192440957307342	0.9992565045236421	49.4729459272471	241.02037663287075	-0.4472320481942102
3.7428160535117057	3.317725752508361	2.698902568845237	0.000012525436465076388	1.4383744068623319	0.998731396381571	3.1614640912053034	0.002171549970469613	8.905715802816312	220.58311863341962	4.145823334116408	0.9992341878712929	49.09120792124625	241.001966328828	-0.47827763820791963
3.7428160535117057	3.3545150501672243	2.6848119003873165	0.000013837576764618717	1.4226105454327749	0.9986293971007005	3.1415156564935565	0.0023025235722172106	8.877955737599743	218.80529860157827	4.100236488628101	0.9992117508606456	48.71641155280972	240.98431401873887	-0.5089832380507056
3.7428160535117057	3.391304347826087	2.6709521361270734	0.000015261790925050028	1.4071921657992301	0.9985221166703142	3.1218778605802053	0.0024395197586014744	8.850697959378934	217.0588022889328	4.055647065317016	0.9991892000976285	48.348366542373654	240.96744691671617	-0.5393538376615042
3.7428160535117057	3.42809364548495	2.6573167738532915	0.000016805439821713462	1.392108313213831	0.9984094660887616	3.102540809604454	0.0025827416853296155	8.823932840654846	215.34261350157007	4.012023122462412	0.9991665416611083	47.98688966348013	240.95139010158002	-0.5693941102418117
3.7428160535117057	3.4648829431438126	2.6438995462285053	0.000018476218351920845	1.3773484953895907	0.998291361516324	3.083494935727017	0.002732398328282004	8.797651153730992	213.65575251264002	3.96933405743884	0.9991437810987815	47.63180440049053	240.9361665394928	-0.5991084225106296
3.7428160535117057	3.5016722408026757	2.630694409194971	0.00002028216386288743	1.3629026579530181	0.9981677240614717	3.0647309801459337	0.002888704731400406	8.771844056033745	211.99727416229305	3.9275505367776327	0.9991209234236315	47.28294062703463	240.92179711534968	-0.6285008441741186
3.7428160535117057	3.5384615384615383	2.6176955310711527	0.000022231664729650343	1.3487611614722244	0.9980384795272894	3.0462399770493738	0.003051882267292387	8.746503076367977	210.36626606606097	3.886644430647299	0.9990979731108475	46.9401343037316	240.90830067226938	-0.6575751566613068
3.7428160535117057	3.5752508361204014	2.6048972822906515	0.000024333469105260217	1.3349147599474998	0.9979035581203992	3.0280132384389202	0.003222158911043333	8.721620102050835	208.76184692391652	3.846588751429859	0.9990749340951136	46.6032271938324	240.89569405852896	-0.6863348611742609
3.7428160535117057	3.612040133779264	2.59229422573921	0.00002659669386713748	1.3213545806602662	0.9977628941247445	3.010042339761816	0.003399769527749749	8.69718736687014	207.18316492284183	3.807357596096724	0.9990518097681733	46.272066595538966	240.88399218132204	-0.7147831860975253
3.7428160535117057	3.648829431438127	2.579881107648742	0.000029030833785107507	1.3080721052843698	0.9976164255426068	2.992319106295115	0.003584956174310225	8.673197439817045	205.6293962262609	3.7689260921114838	0.999028602976589	45.94650508984773	240.8732080667024	-0.7429230938091028
3.7428160535117057	3.68561872909699	2.567652849010482	0.00003164577093827776	1.2950591521711436	0.9974640937052105	2.974835600229005	0.0037779684160334746	8.649643214546067	204.0997435442003	3.731270346609105	0.9990053160196157	45.62640030285585	240.86335292511947	-0.7707572869325487
3.7428160535117057	3.722408026755853	2.555604537472152	0.00003445178440957475	1.2823078597264101	0.9973058428552165	2.9575841084003156	0.003979063658644644	8.626517899518172	202.5934347784863	3.6943673986207672	0.9989819506471169	45.3116146815455	240.8544362219511	-0.7982882140677884
3.7428160535117057	3.759197324414716	2.543731419686646	0.00003745956028847826	1.2698106708038417	0.997141619703346	2.940557130630861	0.004188507496293708	8.60381500878531	201.10972173770602	3.658195174131954	0.9989585080574515	45.002015282138125	240.84646575247666	-0.8255180750359139
3.7428160535117057	3.7959866220735785	2.532028894082174	0.00004068020201421295	1.25756031804479	0.9969713729612804	2.9237473686285296	0.004406574076190197	8.581528353377054	199.64787891704356	3.622732443777936	0.998934988895269	44.69747357017628	240.83944772074517	-0.8524488256718471
3.7428160535117057	3.8327759197324416	2.5204925040260147	0.00004412524109344067	1.2455498100999665	0.9967950528528784	2.90714771541216	0.00463354648050762	8.55965203325236	198.20720233846146	3.5879587829962145	0.9989113932491528	44.39786523155593	240.83338682185016	-0.879082182196982
3.7428160535117057	3.869565217391304	2.509117931356031	0.00004780664822833139	1.2337724186731236	0.9966126106056304	2.890751245223949	0.0048697171262196675	8.53818042978095	196.78700844701225	3.553854534469101	0.9988877206490542	44.10306999378616	240.82828632710454	-0.9054196252028444
3.7428160535117057	3.9063545150501673	2.4979009902560514	0.00005173684489275983	1.2222216663313943	0.9964239979241353	2.874551203895948	0.0051153881835435564	8.517108198720855	195.3866330593796	3.5204007727027165	0.9988639700634662	43.81297145681019	240.82414817169146	-0.9314624032755897
3.7428160535117057	3.94314381270903	2.48683762145292	0.000055928715396328254	1.2108913150309777	0.9962291664472357	2.858540999639492	0.005370872013679425	8.4964302636598	194.00543036101465	3.4875792706001274	0.9988401398962882	43.52745693276738	240.82097304435595	-0.9572115362903679
3.7428160535117057	3.979933110367893	2.47592388671469	0.000060395619477904514	1.1997753553106918	0.9960280671903013	2.8427141942289276	0.005636491626540778	8.47614180988959	192.64277194850976	3.4553724678972997	0.9988162279833364	43.24641729412452	240.8187604787742	-0.9826678184039125
3.7428160535117057	4.016722408026756	2.4651559636308518	0.00006515140547246254	1.1888679961093311	0.9958206499739819	2.827064494552943	0.005912581159174499	8.456238278683292	191.29804591407057	3.4237634413401357	0.9987922315884599	42.96974682964295	240.81750894622826	-1.0078318207733008
3.7428160535117057	4.053511705685619	2.4545301406569617	0.00007021042409713715	1.1781636551660386	0.9956068628405947	2.8115857445090495	0.0061994863755652305	8.436715361946066	189.97065596919208	3.3927358764900926	0.9987681473992225	42.69734310768938	240.81721594927478	-1.0327038940286228
3.7428160535117057	4.090301003344481	2.444042812407298	0.00007558754290464231	1.1676569499658602	0.9953866514591377	2.796271917218635	0.006497565188507005	8.417568997210786	188.6600206048455	3.362274041054227	0.9987439715221177	42.42910684643384	240.81787811613526	-1.0572841705270126
3.7428160535117057	4.127090301003345	2.4336904751803483	0.00008129816145450669	1.1573426891953742	0.9951599585197587	2.781117107541852	0.00680718820420576	8.398795362949956	187.36557228568077	3.33236275964293	0.998719699477286	42.1649417905096	240.81949129553334	-1.081572566416145
3.7428160535117057	4.1638795986622075	2.4234697227031035	0.0000873582272549605	1.1472158646758743	0.9949267231183417	2.766115524873451	0.0071287392902442065	8.38039087417528	186.08675667594156	3.3029873898658924	0.9986953261927052	41.904754593742396	240.82205065177322	-1.1055687835351822
3.7428160535117057	4.20066889632107	2.413377242081132	0.00009378425253078483	1.1372716437438994	0.994686880131708	2.7512614862023543	0.007462616167497363	8.36235217829611	184.82303189496102	3.274133799683146	0.9986708459978328	41.64845470758387	240.82555075986267	-1.1292723111822447
3.7428160535117057	4.237458193979933	2.403409809942432	0.00010059333187496045	1.1275053620511146	0.9944403595837733	2.7365494094195086	0.007809231026526678	8.344676151207233	183.57386780028412	3.245788345934091	0.9986462526166796	41.3959542749104	240.829985700522	-1.1526824277779777
3.7428160535117057	4.274247491638796	2.3935642887639483	0.0001078031608445864	1.1179125167575465	0.9941870860028483	2.721973806860201	0.00816901116890367	8.327359893575736	182.33874529662154	3.2179378539728543	0.9986215391602974	41.14716802887324	240.83534915494977	-1.1757982024562454
3.7428160535117057	4.311036789297659	2.3838376233705167	0.00011543205556420229	1.1084887600940603	0.9939269777701235	2.707529279068713	0.008542399673814371	8.310400727295248	181.1171556690024	3.1905695983434335	0.998596698118674	40.90201319650879	240.84163449924515	-1.1986184966140139
3.7428160535117057	4.3478260869565215	2.3742268375967988	0.00012349897340241611	1.099229893271669	0.9936599464592459	2.6932105087748255	0.008929856090173141	8.293796192074344	179.9085999386479	3.1636712844326476	0.9985717213520249	40.66040940683734	240.84883489840203	-1.2211419654545608
3.7428160535117057	4.384615384615385	2.3647290311035976	0.0001320235347904412	1.0901318607169288	0.9933858961667665	2.6790122550735345	0.009331857154318541	8.277544042124065	178.71258824025293	3.137231031043478	0.9985466000814843	40.4222786032015	240.85694339985	-1.2433670595597408
3.7428160535117057	4.421404682274248	2.355341376340578	0.00014102604625403504	1.0811907446140727	0.993104722833126	2.6649293478008778	0.009748897533180154	8.261642242906557	177.52863921950262	3.1112373538349924	0.9985213248792	40.187544959609355	240.86595302649064	-1.265292026529526
3.7428160535117057	4.45819397993311	2.3460611156482076	0.0001505275247330124	1.072402759735981	0.9928163135537459	2.6509566821008446	0.010181490592573719	8.246088967904587	176.35627944983023	3.0856791495790286	0.9984958856578432	39.95613480086807	240.87585686924533	-1.2869149127297819
3.7428160535117057	4.494983277591973	2.336885558492386	0.00016054972326529562	1.063764248547336	0.9925205458797087	2.637089213180156	0.010630169190012567	8.230882595367808	175.19504286757623	3.0605456811871505	0.9984702716595562	39.72797652630845	240.8866481791434	-1.3082335651918116
3.7428160535117057	4.531772575250836	2.327812078825802	0.00017111515811511847	1.0552716765644445	0.9922172871074445	2.6233219512496984	0.011095486491094106	8.216021704987785	174.04447022487685	3.0358265634642945	0.9984444714443628	39.503000536913746	240.898320458968	-1.3292456337111531
3.7428160535117057	4.568561872909699	2.318838112570804	0.0001822471374274667	1.046921627957356	0.9919063935567943	2.6096499566537417	0.011578016808132951	8.201505074449358	172.9041085598023	3.011511749548797	0.9984184728780839	39.28113916568361	240.9108675545502	-1.3499485731963368
3.7428160535117057	4.605351170568562	2.3099611552190824	0.00019396979149318935	1.0387108013808468	0.9915877098368003	2.5960683351902984	0.012078356459252707	8.187331675800511	171.77351068344666	2.9875915180008197	0.9983922631198036	39.06232661107341	240.92428374576815	-1.3703396463230104
3.7428160535117057	4.642140468227424	2.3011787595441024	0.00020630810471124861	1.0306360060217898	0.9912610680985714	2.582572233628618	0.01259712464560872	8.173500671577123	170.65223468388334	2.964056460503896	0.9983658286089516	38.846498873363835	240.93856383735678	-1.3904159265531875
3.7428160535117057	4.678929765886288	2.2924885334228087	0.00021928794933620945	1.022694157851244	0.9909262872746041	2.569156835432562	0.01313496434377837	8.160011410611997	169.5398434471195	2.940897470146458	0.998339155052076	38.63359369382557	240.95370324962832	-1.410174301584706
3.7428160535117057	4.7157190635451505	2.2838881377637104	0.00023293612110030296	1.0148822760703904	0.990583172304004	2.5558173567017333	0.013692543209618319	8.14686342345044	168.43590419543386	2.918105730252419	0.9983122274094004	38.42355049655572	240.9696981092264	-1.4296114773017004
3.7428160535117057	4.752508361204013	2.275375284539027	0.0002472803767999579	1.0071974797401022	0.9902315133431455	2.5425490423455126	0.014270554489023327	8.1340564172857	167.33998804374028	2.89567270373171	0.9982850298812759	38.2163103328719	240.98654534003424	-1.4487239823029763
3.7428160535117057	4.789297658862877	2.2669477349191762	0.0002623494739365344	0.9996369845845954	0.989871084961456	2.5293471625089317	0.014869717930024125	8.12159027031851	166.25166957492345	2.8735901229235647	0.9982575458946596	38.011815828160145	241.0042427543724	-1.4675081730920512
3.7428160535117057	4.826086956521739	2.2586032975084898	0.0002781732124998668	0.9921980999601577	0.9895016453221895	2.5162070092733795	0.015490780689507287	8.109465025434512	165.17052643541717	2.8518499799069588	0.9982297580897772	37.81001113108204	241.0227891446272	-1.485960240019838
3.7428160535117057	4.862876254180602	2.250339826681577	0.00029478247898104065	0.9848782259804262	0.9891229353482949	2.5031238936595774	0.016134518226510346	8.097680883081587	164.09613895265022	2.8304445172540187	0.9982016483071484	37.61084186505386	241.04218437542886	-1.5040762140789252
3.7428160535117057	4.8996655518394645	2.2421552210204467	0.0003122092926971368	0.9776748507901533	0.9887346778737809	2.4900931429653097	0.016801735172519938	8.086238193216886	163.0280897763983	2.809366219203736	0.9981731975751915	37.41425508192018	241.06242947652132	-1.5218519746566963
3.7428160535117057	4.936454849498328	2.234047421853071	0.00033048685450543766	0.9705855479797469	0.9883365767813427	2.4771100984757912	0.017493266167457285	8.075137446179356	161.96596354651592	2.788607803234503	0.9981443860986486	37.22019921775165	241.08352673644498	-1.539283258363457
3.7428160535117057	4.973244147157191	2.226014411894685	0.00034964959797738603	0.9636079741331662	0.9879283161274476	2.4641701135905296	0.018209976648050585	8.06437926232884	160.90934659001837	2.768162212015072	0.9981151932481176	37.028624050703	241.10547979712808	-1.5563656690611778
3.7428160535117057	5.010033444816053	2.21805421399383	0.0003697332430929259	0.9567398665020269	0.9875095592565961	2.451268552417166	0.018952763573041004	8.053964380276943	159.8578266510346	2.7480226057147426	0.9980855975510139	36.83948066087682	241.12829374949942	-1.5730946892278963
3.7428160535117057	5.046822742474917	2.2101648899856636	0.000390774852503798	0.9499790407988808	0.9870799479070872	2.438400788889749	0.019722556067128565	8.043893643517736	158.81099265774148	2.728182354654153	0.9980555766843332	36.652721392141046	241.1519752301487	-1.5894656928032875
3.7428160535117057	5.083612040133779	2.202344539655869	0.0004128128903986603	0.9433233891028175	0.9866391013113174	2.4255622064768403	0.0205203159627098	8.034167985248875	157.7684345310691	2.70863503227932	0.9980251074696372	36.468299815859496	241.17653251910673	-1.6054739596702368
3.7428160535117057	5.120401337792642	2.1945912998189776	0.0004358872839841473	0.93677087787048	0.9861866152944732	2.412748198552916	0.021347038215270543	8.024788411155013	156.72974304067358	2.6893744084417395	0.9979941658707379	36.28617069649479	241.20197563869144	-1.6211146919379613
3.7428160535117057	5.157190635451505	2.186903343515696	0.0004600394875724858	0.9303195460456293	0.9857220613764078	2.3999541695156354	0.02220375116475557	8.01575597990666	155.69450971447483	2.670394442968469	0.9979627269946184	36.106289959053534	241.22831645339713	-1.6363830322009487
3.7428160535117057	5.193979933110368	2.1792788793343107	0.00048531254923853985	0.9239675032602142	0.9852449858825679	2.3871755367407292	0.023091516611337452	8.00707178110895	154.66232680889664	2.6516892795061633	0.9979307650961943	35.928614658343626	241.25556877067652	-1.6512740839572324
3.7428160535117057	5.230769230769231	2.1717161508618825	0.0005117511799757898	0.9177129281197407	0.9847549090710376	2.3744077334761498	0.024011429669738744	7.998736910416537	153.63278734785868	2.6332532396236683	0.997898253587583	35.753102950020285	241.2837484424289	-1.6657829343767465
3.7428160535117057	5.2675585284280935	2.164213436271415	0.0005394018252415815	0.9115540665654656	0.984251324284121	2.3616462127871283	0.02496461836164193	7.990752441514126	152.6054852395294	2.6150808171580016	0.9978651650526295	35.57971406339938	241.31287346692085	-1.679904679616093
3.7428160535117057	5.304347826086956	2.1567690480515775	0.0005683127387363611	0.9054892303055737	0.9837336971343777	2.348886452673887	0.025952242900770753	7.9831193946475265	151.5800154808503	2.5971666727886373	0.9978314712675059	35.4084082760186	241.342964090743	-1.6936344528794163
3.7428160535117057	5.34113712374582	2.1493813328858757	0.0005985340582087928	0.8995167953070947	0.9832014647366726	2.3361239624936605	0.026975494620002066	7.975838701379226	150.55597446086725	2.5795056288252414	0.9977971432282842	35.239146889928975	241.37404291032482	-1.7069674554246526
3.7428160535117057	5.377926421404682	2.142048671688219	0.0006301178830185894	0.8936352003397807	0.9826540349995759	2.3233542908278784	0.028035594484432776	7.968911165235838	149.53296037492333	2.5620926641937913	0.9977621511864535	35.071892209697374	241.4061349723621	-1.7198989907099573
3.7428160535117057	5.414715719063545	2.1347694798018	0.0006631183531206941	0.887842945562627	0.9820907859913733	2.3105730349437037	0.029133791128810833	7.962337417915717	148.51057376276898	2.5449229096060635	0.9977264646934331	34.90660752210031	241.43926787239155	-1.7324245018651132
3.7428160535117057	5.451505016722408	2.1275422073677546	0.0006975917290585765	0.8821385911430593	0.9815110653979439	2.2977758520055778	0.030271358352274288	7.956117870733665	147.4884181845539	2.527991642897152	0.9976900526551933	34.74325707748452	241.47347185056273	-1.7445396126556332
3.7428160535117057	5.488294314381271	2.1203653398694406	0.0007335964724704068	0.8765207558981541	0.9809141900918573	2.284958472196633	0.03144959199816361	7.950252661000247	146.46610104945623	2.511294284515503	0.997652883398159	34.58180607276508	241.50877988348495	-1.7562401720818726
3.7428160535117057	5.525083612040134	2.113237398856913	0.0007711933265211914	0.8709881159465186	0.9802994458341413	2.2721167139105978	0.032669806142028454	7.94474159306739	145.44323461228754	2.4948263931494514	0.9976149247476108	34.422220636021784	241.54522777080527	-1.7675223027202471
3.7428160535117057	5.561872909698996	2.1061569428546907	0.0008104453955762192	0.8655394033587901	0.9796660871322238	2.259246501171392	0.03393332850718285	7.9395840738234735	144.41943715372292	2.478583661474126	0.9975761441198184	34.264467812646195	241.58285421499582	-1.778382452865677
3.7428160535117057	5.59866220735786	2.0991225684535437	0.0008514182233297791	0.860173404794002	0.9790133372794774	2.2463438834283402	0.035241495024711106	7.934779042493343	143.39433435971875	2.4625619120018953	0.9975365086291368	34.10851555297462	241.62170089254928	-1.7888174524733442
3.7428160535117057	5.635451505016722	2.0921329115842258	0.0008941798684990116	0.8548889601084875	0.9783403886034703	2.233405057858854	0.03659564345417215	7.930324894695385	142.36756091510463	2.446757093019449	0.9974959852112485	33.954332701327644	241.66181251459895	-1.798824572820275
3.7428160535117057	5.672240802675585	2.0851866489673223	0.000938800977090189	0.849684960923515	0.9776464029513234	2.2204263942856324	0.03799710598300465	7.926219400832665	141.33876232511216	2.4311652745941275	0.9974545407636465	33.80188898635366	241.7032368747104	-1.8084015897121841
3.7428160535117057	5.709030100334449	2.0782824997289033	0.0009853548501478477	0.8445603491375869	0.9769305124413267	2.207404462780517	0.03944720072747152	7.922459619052277	140.3075969766028	2.4157826446320567	0.9974121423043065	33.6511550125504	241.74602488138058	-1.8175468499465568
3.7428160535117057	5.745819397993311	2.071419227166143	0.001033917505811637	0.8395141153693346	0.976191820509988	2.19433606398019	0.040947222066661404	7.9190418031989225	139.27373844779558	2.4006055049706587	0.9973687571492836	33.50210225280963	241.79023057258465	-1.8262593406076721
3.7428160535117057	5.782608695652174	2.064595640640672	0.001084567734438422	0.8345452973172903	0.9754294032827724	2.1812182620785685	0.042498429754379306	7.915961306418819	138.23687807123622	2.3856302674883154	0.9973243531096783	33.35470304179661	241.83591110951403	-1.8345387606137349
3.7428160535117057	5.8193979933110365	2.0578105975700463	0.0011373871455059306	0.8296529780236672	0.974642311294688	2.1680484203854515	0.04410203677253781	7.913212481338322	137.19672774941768	2.370853450214818	0.9972788987080391	33.20893056994365	241.88312674657715	-1.8423855937593916
3.7428160535117057	5.8561872909699	2.0510630054793877	0.0011924602050090022	0.8248362840306196	0.9738295715833741	2.154824239249734	0.04575919591467732	7.9107885780478036	136.15302301571884	2.356271673427117	0.9972323634137971	33.064758877795846	241.93194077465122	-1.8498011823025855
3.7428160535117057	5.892976588628763	2.0443518240662146	0.0012498742620994441	0.8200943834194894	0.972990190172206	2.141543796038131	0.04747098512014829	7.908681641461716	135.10552632509925	2.3418816557166364	0.9971847178967528	32.92216285041074	241.98241943464416	-1.856787799935503
3.7428160535117057	5.929765886287625	2.037676067221901	0.0013097195638171297	0.8154264837263242	0.9721231549539276	2.128205586737206	0.04923839161875634	7.906882409993234	134.05403054921206	2.3276802100167155	0.9971359342969629	32.78111821147421	242.0346317986087	-1.863348722761065
3.7428160535117057	5.966555183946488	2.0310348049433844	0.0013720892569231372	0.8108318297305047	0.971227438976348	2.1148085686095044	0.05106229499237188	7.905380217865161	132.99836263935188	2.313664239581566	0.9970859865086056	32.64160151675758	242.0886496159286	-1.8694882966786308
3.7428160535117057	6.003344481605351	2.024427165059244	0.0014370793760846011	0.8063097011177788	0.9703020041205628	2.101352203186919	0.05294344931386281	7.904162903762465	131.9383874080973	2.2998307339120427	0.997034850474548	32.50359014651188	242.1445471226167	-1.875211999374594
3.7428160535117057	6.040133779264214	2.0178523346855894	0.0015047888179832204	0.8018594100242504	0.9693458051490998	2.087836498731124	0.05488246458373396	7.903216728894443	130.87401136696297	2.2861767646278808	0.9969825044874384	32.367062296369355	242.2024008123896	-1.8805264949308917
3.7428160535117057	6.076923076923077	2.011309561320081	0.0015753193013275046	0.797480298473947	0.9683577940864668	2.074262051139073	0.05687978774941946	7.9025263078500165	129.8051865433282	2.2726994812914425	0.9969289294922036	32.23199696631224	242.26228916905958	-1.8854396789216519
3.7428160535117057	6.11371237458194	2.004798153477634	0.0016487753132423716	0.7931717357292764	0.9673369248782421	2.060630082129882	0.05893568365882191	7.9020745558681	128.73191418601567	2.2593961071938438	0.9968741093839252	32.09837394727003	242.32429236081163	-1.8899607117846922
3.7428160535117057	6.150501672240803	1.998317480769852	0.0017252640430794337	0.788933115580807	0.9662821582576504	2.0469424734291954	0.06105021636500446	7.90184265627156	127.6542482560319	2.2462639351208673	0.9968180312942382	31.96617380492832	242.3884918981715	-1.894100038248658
3.7428160535117057	6.187290969899665	1.99186697333272	0.0018048953053233115	0.7847638536100217	0.9651924667313078	2.0332017955799717	0.06322323125885898	7.901810051794047	126.57229858812005	2.233300323122683	0.9967606858586998	31.835377860373804	242.4549702588379	-1.8978693906863064
3.7428160535117057	6.224080267558528	1.9854461205144938	0.0018877814539377791	0.7806633844656284	0.9640668395795379	2.0194113299680714	0.06545433855611785	7.9019544633306875	125.48623360109299	2.2205026903181073	0.9967020674571127	31.70596816726593	242.5238104840309	-1.9012817744668093
3.7428160535117057	6.260869565217392	1.979054468748471	0.0019740372911703817	0.7766311592001751	0.9629042877524967	2.0055750826691634	0.06774289869904906	7.902251939238795	124.39628243153462	2.207868512770269	0.9966421744185988	31.57792748531524	242.59509575252065	-1.9043514337047296
3.7428160535117057	6.297658862876254	1.9726916185538461	0.002063779974473736	0.7726666427185982	0.9617038485325872	1.991697788811507	0.07008801024622198	7.902676937686607	123.30273636751615	2.1953953194758897	0.9965810091834002	31.45123924996264	242.66890893996765	-1.9070937962561676
3.7428160535117057	6.334448160535117	1.9663572206318687	0.0021571289257640972	0.768769311393414	0.9604645898275235	1.9777849063145252	0.07248850081110084	7.903202443693047	122.20594946735967	2.183080688514198	0.9965185784139579	31.32588753828655	242.74533217250578	-1.9095253973873225
3.7428160535117057	6.37123745819398	1.9600509710536642	0.002254205747672684	0.7649386509020787	0.9591856139580821	1.9638425981091276	0.07494292156814866	7.903800121434651	121.10633826381316	2.170922243403675	0.9964548930488473	31.201857031317424	242.82444638458475	-1.9116637822226359
3.7428160535117057	6.408026755852843	1.953772605569012	0.002355134151712089	0.7611741543401831	0.957866060810862	1.9498777022689255	0.07744954577173428	7.904440501152725	120.0043804763758	2.158917649714622	0.9963899682946006	31.079132973096407	242.9063308917805	-1.9135273878409056
3.7428160535117057	6.444816053511706	1.9475218931006342	0.0024600399033392617	0.7574753206594297	0.95650511023972	1.9358976898721219	0.08000637162862183	7.905093198629927	118.90061268351087	2.147064611982875	0.9963238235523071	30.957701126974477	242.99106298955078	-1.9151354066903148
3.7428160535117057	6.481605351170568	1.9412986285240459	0.0025690507887234895	0.7538416534717391	0.9551019836198815	1.9219106108546506	0.08261112973218462	7.90572716379697	117.79562694105309	2.135360870964757	0.9962564822780621	30.837547729796672	243.0787175886562	-1.9165076337902955
3.7428160535117057	6.518394648829432	1.935102624866399	0.0026822966076152648	0.750272660250584	0.9536559444853363	1.9079250285823006	0.08526129511139925	7.906310953665478	116.69006637156895	2.1238042012655964	0.9961879717787363	30.718659444742897	243.16936689718005	-1.9176643009262522
3.7428160535117057	6.555183946488294	1.9289337050866573	0.002799909196068302	0.7467678519482236	0.9521662982117554	1.893949944334503	0.08795410377837432	7.9068130235583265	115.58461978958437	2.112392409364246	0.9961183229470013	30.60102331369421	243.2630801577614	-1.91862590166926
3.7428160535117057	6.591973244147157	1.9227916936214677	0.002922022481926401	0.7433267430335857	0.9506323907420278	1.8799947133239188	0.09068657348487213	7.907202029617802	114.48001546689234	2.1011233320442737	0.9960475699419327	30.48462671004793	243.35992344681785	-1.9194130115183325
3.7428160535117057	6.62876254180602	1.9166764078946599	0.003048772574994884	0.7399488519410241	0.9490536063874087	1.8660689542434439	0.0934555282322779	7.907447134895061	113.37701417794104	2.0899948352300424	0.995975749823645	30.3694572929185	243.45995954037588	-1.920046107728446
3.7428160535117057	6.665551839464883	1.9105876499919034	0.0031802978927407636	0.7366337019059669	0.9474293647718444	1.8521824546084233	0.09625762593212031	7.907518311020901	112.27640169502348	2.079004813213006	0.9959029021521519	30.25550296362399	243.56324784866453	-1.9205453934291756
3.7428160535117057	6.702341137123746	1.9045251986954497	0.0033167393212757625	0.7333808221505331	0.9457591170180145	1.8383450743267686	0.09908938849564318	7.907386627557395	111.17898092456038	2.068151188241446	0.9958290685618627	30.142751825277827	243.66984441910017	-1.9209306304510514
3.7428160535117057	6.739130434782608	1.8984888020574575	0.003458240410347037	0.730189749371379	0.9440423412989853	1.824566649971735	0.10194723354902235	7.907024521629146	110.08556388769368	2.057431910436168	0.9957542923237562	30.03119214618384	243.7798020048256	-1.9212209848713366
3.7428160535117057	6.775919732441472	1.8924781706653244	0.003604947600158125	0.7270600294739761	0.9422785378976039	1.8108569021502592	0.10482750693043735	7.906406041295555	108.99696375003595	2.046844957986123	0.9956786179072802	29.920812327581	243.89317019373468	-1.9214348886989008
3.7428160535117057	6.812709030100335	1.8864929717206496	0.0037570104771226806	0.7239912194926313	0.940467223925998	1.7972253481626876	0.10772651512776449	7.905507057285858	107.91398709689935	2.036388337571774	0.9956020905534329	29.811600876110703	244.00999559102107	-1.921589920383325
3.7428160535117057	6.849498327759197	1.8805328240173356	0.003914582055151201	0.7209828896339795	0.9386079278596308	1.7836812218556064	0.11064055685891866	7.904305439090441	106.83742663269173	2.0260600849608763	0.9955247558693702	29.70354638119901	244.13032204687542	-1.9217027060105425
3.7428160535117057	6.88628762541806	1.874597293866376	0.004077819078804006	0.7180346253832528	0.9367001840347142	1.7702334022022974	0.11356595307571622	7.9027811928859775	105.76805445800956	2.0158582657208655	0.9954466594533495	29.596637497368697	244.25419092004506	-1.92178884219266
3.7428160535117057	6.923076923076923	1.8686858919775904	0.004246882344609384	0.7151460296169803	0.9347435272455399	1.7568903517336438	0.11649907477886347	7.900916560268711	104.70661604744147	2.0057809759941323	0.9953678465569988	29.490862931331904	244.38164136755074	-1.92186284082936
3.7428160535117057	6.959866220735786	1.8627980712741778	0.004421937037023189	0.7123167246723651	0.9327374875607793	1.743660065514905	0.11943636815732668	7.898696078187148	103.65382501751363	1.9958263432868442	0.9952883617899367	29.386211433573553	244.51271065096975	-1.9219380951584915
3.7428160535117057	6.996655518394649	1.856933225586159	0.00460315307586203	0.7095463543317573	0.9306815854568105	1.7305500309477069	0.12237437670045798	7.896106601727513	102.6103587398804	1.9859925272279617	0.9952082488697886	29.28267179402298	244.64743445019582	-1.922026865862686
3.7428160535117057	7.033444816053512	1.8510906891447296	0.004790705472535199	0.706834585689698	0.9285753273432511	1.7175671982946377	0.12530976006683414	7.893137292455767	101.57685482186342	1.9762777202621238	0.9951275504187691	29.180232841328532	244.78584717642116	-1.922140285479987
3.7428160535117057	7.070234113712375	1.84526973678195	0.004984774692983157	0.7041811108793542	0.9264182015327729	1.704717961493273	0.12823930962210797	7.8897795758279905	100.55390844646854	1.9666801482479397	0.9950463078063275	29.07888344520155	244.92798227721727	-1.922288378991515
3.7428160535117057	7.107023411371237	1.8394695847288625	0.005185547025864383	0.7015856486441738	0.9242096746852119	1.6920081485579077	0.13115996067319852	7.886027071733956	99.54207053827355	1.9571980709407706	0.994964561035937	28.97861252127383	245.07387252778702	-1.9224800982269108
3.7428160535117057	7.1438127090301	1.833689391899976	0.005393214955169874	0.6990479457488865	0.9219491887360892	1.6794430206663777	0.1340688015235886	7.88187550254674	98.54184670086906	1.9478297823465573	0.99488234867299	28.879409037918872	245.22355030377008	-1.9227233676292852
3.7428160535117057	7.1806020066889635	1.8279282615520251	0.005607977537064585	0.6965677782312111	0.919636158302518	1.667027278894699	0.1369630795523239	7.877322583136973	97.55369685605271	1.9385736109398737	0.9947997078099503	28.781262024513453	245.37704783224135	-1.9230251389370936
3.7428160535117057	7.217391304347826	1.8221852432093262	0.005830040781323832	0.6941449525016523	0.9172699685455582	1.6547650774901188	0.1398402045766764	7.872367897207323	96.57803550469029	1.9294279197451358	0.9947166740643929	28.684160580658524	245.5343974187118	-1.9233914524505527
3.7428160535117057	7.254180602006689	1.8164593347557167	0.006059618038242748	0.6917793063035089	0.9148499734574133	1.6426600425551865	0.14269774979641708	7.8670127640504175	95.61523252358411	1.920391106284684	0.9946332816053002	28.588093885931954	245.69563164900913	-1.9238275027307241
3.7428160535117057	7.290969899665551	1.8107494846029863	0.0062969303923372565	0.689470709548682	0.9123754945343614	1.6307152950424502	0.1455334506379575	7.861260099471376	94.6656144112412	1.9114616024010345	0.9945495632029548	28.49305120980445	245.86078356577565	-1.9243377068084595
3.7428160535117057	7.327759197324415	1.80505459385705	0.006542207064525029	0.6872190650472262	0.9098458197916366	1.6189334770213384	0.14834520182181146	7.8551142741832995	93.72946589737495	1.9026378739634016	0.9944655502979073	28.39902192141219	246.02988682008578	-1.9249257732366631
3.7428160535117057	7.364548494983278	1.799373518414921	0.006795685824779752	0.6850243091499226	0.9072602030742651	1.6073167802654864	0.15113105296977303	7.8485809725139815	92.80703183551223	1.8939184204703265	0.9943812730847811	28.305995498940327	246.20297579924173	-1.9255947705856138
3.7428160535117057	7.40133779264214	1.7937050709372209	0.0070576134175001455	0.6828864123236371	0.9046178636176386	1.595866976311446	0.15388920305171294	7.841667053783508	91.89851930449764	1.885301774561173	0.9942967606070459	28.213961538426798	246.38008573220648	-1.9263471942436032
3.7428160535117057	7.438127090301004	1.7880480226520858	0.007328246002033315	0.6808053796791086	0.9019179858129611	1.5845854472504581	0.15661799394873724	7.8343804182478065	91.00409985230077	1.8767865014496778	0.9942120408593198	28.122909761849282	246.56125277443488	-1.9271850306326543
3.7428160535117057	7.474916387959866	1.782401104956418	0.00760784961095487	0.6787812514701694	0.8991597191351689	1.5734732166273666	0.15931590338201004	7.826729879068454	90.12391182377051	1.8683711982924733	0.9941271408942123	28.032830024401783	246.74651407400947	-1.9281098181752099
3.7428160535117057	7.511705685618729	1.7767630107893813	0.007896700628845354	0.67681410358246	0.8963421781941414	1.5625309799298883	0.16198153742693558	7.818725041375662	89.25806272236633	1.8600544935049828	0.9940420869311709	27.94371232090692	246.93590782106665	-1.9291227045473636
3.7428160535117057	7.548494983277592	1.7711323957607266	0.00819508629442205	0.6749040480285348	0.8934644428737041	1.5517591342540278	0.16461362280213535	7.810376189145029	88.4066315640955	1.851835046036181	0.9939569044652333	27.85554679134129	247.12947328247466	-1.9302244999267253
3.7428160535117057	7.585284280936455	1.7655078790228391	0.00850330522900513	0.673051233465052	0.8905255585267166	1.5411578068244465	0.16721099909328957	7.801694180312071	87.56967118957576	1.8437115446127417	0.9938716183739853	27.76832372547737	247.3272508236745	-1.9314157260862224
3.7428160535117057	7.622073578595318	1.7598880438806024	0.008821667994412653	0.6712558457464886	0.8875245361983859	1.5307268821319109	0.1697726110439101	7.792690350300936	86.7472105072513	1.8356827069619215	0.9937862530213933	27.682033566665034	247.52928191946793	-1.9326966613033443
3.7428160535117057	7.65886287625418	1.7542714381370839	0.009150497683513172	0.6695181085286905	0.8844603528535341	1.520466027521637	0.17229750101958943	7.7833764239429355	85.93925664709863	1.8277472790214617	0.9937008323575031	27.596666914791022	247.73560915543166	-1.9340673811462867
3.7428160535117057	7.695652173913044	1.748656574175963	0.009490130546814432	0.667838283934511	0.8813319515869157	1.5103747171276396	0.1747848017291842	7.773764435602058	85.14579700971439	1.8199040341435673	0.9936153800132719	27.512214528464778	247.94627622145026	-1.9355277952697103
3.7428160535117057	7.7324414715719065	1.743041928783635	0.009840916658638062	0.6662166732929137	0.8781382417986859	1.500452254099111	0.17723372926604522	7.76386665720415	84.36680120044652	1.812151772299006	0.9935299193900412	27.428667326485723	248.16132789872916	-1.9370776804045442
3.7428160535117057	7.769230769230769	1.7374259427151522	0.01020322062663663	0.6646536179622212	0.8748780993197204	1.4906977911062422	0.17964357651485452	7.753695533779099	83.60222284224042	1.8044893192864224	0.993444473743349	27.346016388652302	248.38081004150143	-1.9387167097617979
3.7428160535117057	7.806020066889632	1.7318070200086175	0.010577422348646299	0.663149500247627	0.871550366473758	1.4811103491457145	0.18201370695465405	7.7432636260652545	82.8520012641826	1.7969155259509015	0.9933590662609437	27.26425295597204	248.60476955444736	-1.9404444790931374
3.7428160535117057	7.842809364548495	1.7261835270527375	0.010963917821145775	0.6617047444227965	0.8681538520651509	1.471688834691688	0.18434354887610901	7.732583559689039	82.11606306542411	1.7894292674152243	0.9932737201349864	27.183368430334607	248.8332543667699	-1.9422605296623026
3.7428160535117057	7.879598662207358	1.7205537914116436	0.011363120003914868	0.6603198178651981	0.8646873312825102	1.462432055256975	0.18663259002076749	7.721667980414329	81.39432355627899	1.7820294423263394	0.9931884586285255	27.10335437370559	249.06631340367576	-1.9441643683849923
3.7428160535117057	7.916387959866221	1.71491610041031	0.01177545974585614	0.6589952323148842	0.8611495455096331	1.4533387334427172	0.18888037264176927	7.710529514953343	80.68668807993953	1.7747149721191209	0.9931033051364064	27.02420250689756	249.30399655593948	-1.946155485391296
3.7428160535117057	7.953177257525083	1.7092686994826813	0.01220138677736849	0.6577315452666495	0.8575392020359313	1.4444075195640473	0.19108648897881536	7.699180736838743	79.99305321948012	1.7674848002988401	0.9930182832408269	26.945904707970975	249.5463546480918	-1.9482333692570017
3.7428160535117057	7.989966555183947	1.703609790283237	0.012641370775146979	0.6565293615059358	0.8538549736590597	1.4356370029445582	0.1932505771351574	7.687634136873524	79.31330789569188	1.760337891743445	0.9929334167617895	26.868453010314365	249.7934394057084	-1.9503975201383337
3.7428160535117057	8.02675585284281	1.6979375285610312	0.013095902505836969	0.6553893347994415	0.8500954981726768	1.427025721974879	0.19537231734051733	7.67590209769806	78.64733436187733	1.753273232026241	0.9928487298027259	26.791839600448135	250.04530342215955	-1.9526474610311313
3.7428160535117057	8.063545150501673	1.692250021793509	0.013565495055595674	0.6543121697521984	0.84625937773226	1.4185721730310215	0.19745142858101297	7.663996872040523	77.99500910209947	1.7462898267593943	0.9927642467915768	26.71605681559404	250.30200012514507	-1.954982747360358
3.7428160535117057	8.100334448160535	1.686545326575351	0.014050685153328697	0.6532986238438593	0.8423451780916209	1.4102748183463611	0.19948766557534922	7.651930564246579	77.3562036395244	1.7393867009583344	0.9926799925176192	26.641097141046686	250.5635837432553	-1.9574029750899145
3.7428160535117057	8.137123745819398	1.6808214457555268	0.014552034596171999	0.6523495096581376	0.8383514277022913	1.4021320929284427	0.20148081607526278	7.63971511471479	76.73078526152726	1.7325628984270243	0.9925959921643273	26.566953207381534	250.83010927276902	-1.9599077875268944
3.7428160535117057	8.173913043478262	1.6750763253133856	0.015070131786704416	0.6514656973207029	0.8342766166672841	1.3941424106078826	0.20343069846761344	7.627362286895296	76.11861766812491	1.725817481163775	0.9925122713385456	26.493617787528006	251.10163244481996	-1.9624968809790786
3.7428160535117057	8.210702341137123	1.6693078509622261	0.015605593392407248	0.6506481171625046	0.8301191955398082	1.3863041693021882	0.20533715965537747	7.614883656539947	75.51956155011031	1.7191495287873537	0.992428856096244	26.42108379373553	251.37820969308117	-1.9651700094089095
3.7428160535117057	8.247491638795987	1.663513844466091	0.01615906613905975	0.6498977626273266	0.8258775739564359	1.37861575557249	0.207200073194943	7.60229060292163	74.93347510301915	1.7125581379828527	0.9923457729651081	26.34934427445494	251.65989812203443	-1.9679269882134471
3.7428160535117057	8.284280936454849	1.6576920596527431	0.01673122875108419	0.6492156934445349	0.8215501190929237	1.3710755485461605	0.20901933766757194	7.589594301768874	74.3602144827704	1.7060424219668877	0.9922630489642058	26.27839241115693	251.9467554759116	-1.9707676972462693
3.7428160535117057	8.321070234113712	1.6518401781026222	0.01732279405336767	0.6486030390904243	0.817135153929324	1.363681923273	0.21079487526361118	7.5768057196883705	73.79963420848607	1.6996015099715231	0.9921807116209532	26.208221515104842	252.2388401083424	-1.9736920831847493
3.7428160535117057	8.357859531772576	1.6459558044902671	0.01793451125079923	0.6480610025643418	0.8126309553093051	1.3564332535777697	0.21252663055876916	7.563935609873057	73.25158751767667	1.6932345467463636	0.9920987889855883	26.138825024097933	252.53621095274497	-1.9767001613351511
3.7428160535117057	8.394648829431437	1.6400364615509717	0.018567168403714616	0.6475908645089744	0.8080357517765163	1.3493279144667891	0.2142145694627439	7.55099450891642	72.71592667862332	1.6869406920782515	0.992017309643345	26.070196499199298	252.83892749349158	-1.9797920169572156
3.7428160535117057	8.431438127090301	1.6340795846412774	0.019221595119681845	0.6471939877077759	0.8033477211685487	1.3423642841415118	0.21585867832146272	7.5379927345749085	72.19250326444423	1.6807191203279241	0.9919363027245031	26.002329621459563	253.14704973784293	-1.982967806180797
3.7428160535117057	8.468227424749164	1.6280825158574244	0.019898665484601733	0.6468718219966717	0.7985649879463824	1.3355407456675363	0.21745896315518812	7.5249403843397165	71.68116839300319	1.6745690199830827	0.9918557979124781	25.93521818864743	253.46063818866955	-1.9862277565785769
3.7428160535117057	8.505016722408026	1.6220424976706829	0.020599301259037982	0.6466259096319098	0.7936856202341609	1.32885568834309	0.21901544901583794	7.5118473346969585	71.18177293648029	1.6684895932272905	0.991775825450099	25.868856111995644	253.7797538179618	-1.9895721674511684
3.7428160535117057	8.54180602006689	1.6159566660327205	0.021324475369051712	0.6464578911613398	0.7887076265406863	1.3223075088070164	0.2205281794478776	7.498723240970983	70.69416770411546	1.6624800555240973	0.9916964161442072	25.80323741296967	254.10445804110702	-1.9930014098743978
3.7428160535117057	8.578595317725753	1.6098220428976189	0.022075215724695178	0.6463695118526626	0.7836289521300178	1.3158946119225192	0.22199721603819866	7.485577537660166	70.21820360133475	1.6565396352158848	0.9916176013687048	25.73835622006613	254.43481269194663	-1.996515926552266
3.7428160535117057	8.615384615384615	1.6036355280996508	0.022852609403804455	0.6463626287393536	0.7784474750040011	1.3096154114693643	0.2234226380414141	7.472419439187256	69.75373176818371	1.650667573136878	0.9915394130661603	25.674206765646055	254.7708799985915	-2.0001162315140544
3.7428160535117057	8.652173913043478	1.5973938905173433	0.02365780724392363	0.6464392183532734	0.7731610014542518	1.303468330673938	0.22480454206801745	7.459257940997802	69.30060369972132	1.6448631222398022	0.9914618837480785	25.610783382807604	255.1127225599874	-2.0038029096891443
3.7428160535117057	8.688963210702342	1.5910937584445168	0.02449202889122748	0.6466013852226061	0.7677672611349907	1.2974518026035748	0.22614304182381048	7.4461018209504966	68.85867135077997	1.6391255472357003	0.991385046493926	25.54808050230216	255.46040332321465	-2.0075766163890885
3.7428160535117057	8.725752508361204	1.5847316090775208	0.02535656836234766	0.6468513712249222	0.7622639016010399	1.2915642704487342	0.22743826788994898	7.432959640952149	68.42778722725875	1.6334541242464216	0.9913089349489994	25.486092649496882	255.81398556151257	-2.0114380767229822
3.7428160535117057	8.762541806020067	1.5783037570146727	0.02625280018322837	0.6471915658982301	0.7566484822469621	1.2858041877140394	0.22869036753387936	7.419839748798012	68.00780446589886	1.627848140469311	0.9912335833212149	25.42481444138615	256.173532853004	-2.0153880849688854
3.7428160535117057	8.799331103678929	1.5718063416484047	0.027182186178792072	0.6476245178281256	0.7509184675736317	1.2801700183367866	0.2298995045423173	7.40675028018506	67.59857690428326	1.6223068938536862	0.9911590263768918	25.364240583654272	256.5391090601197	-2.019427503921388
3.7428160535117057	8.836120401337793	1.5652353133124621	0.02814628299855644	0.6481529472470439	0.7450712196971415	1.2746602367493451	0.23106585906827046	7.393699160871869	67.19995914261311	1.6168296927885728	0.9910852994355955	25.30436586779004	256.91077830966935	-2.0235572642332906
3.7428160535117057	8.872909698996656	1.5585864180252902	0.029146750476754857	0.6487797600027998	0.7391039900014281	1.2692733278999584	0.23218962748489108	7.380694108963964	66.81180659864542	1.6114158558013933	0.9910124383641041	25.24518516825542	257.2886049735809	-2.0277783637669535
3.7428160535117057	8.909698996655518	1.5518551806453746	0.03018536094144973	0.6495080630785227	0.7330139098201147	1.264007787244398	0.23327102223980636	7.367742637307889	66.43397555699718	1.6060647112670592	0.9909404795695526	25.186693439707753	257.6726536502392	-2.0320918669695094
3.7428160535117057	8.946488294314381	1.5450368862245818	0.03126400960605833	0.6503411818758403	0.7267979800140627	1.2588621207195299	0.23431027170420782	7.354852055981237	66.06632321389448	1.6007755971271491	0.9908694599918114	25.128885714276606	258.06298914642787	-2.0364989042846044
3.7428160535117057	8.983277591973245	1.538126559309793	0.03238472619938431	0.6512826795085657	0.7204530592884623	1.2538348447079943	0.23530762001182953	7.342029474868807	65.70870771828343	1.5955478606186928	0.9907994170951473	25.071757098894544	258.4596764598207	-2.0410006716118554
3.7428160535117057	9.020066889632107	1.5311189409005364	0.03354968801745026	0.6523363783966064	0.7139758510660752	1.2489244860020643	0.23626332688351445	7.329281806317978	65.36098821011406	1.5903808580121968	0.9907303888592139	25.015302772681952	258.8627807619987	-2.0455984298245435
3.7428160535117057	9.05685618729097	1.524008462718947	0.03476123461325209	0.6535063845009046	0.7073628887004582	1.244129581773257	0.23717766743380023	7.316615767868371	65.02302485647755	1.5852739543584482	0.9906624137694164	24.959517984384302	259.2723673819374	-2.050293504354956
3.7428160535117057	9.093645484949834	1.5167892183863925	0.036021884380335725	0.654797114602075	0.7006105187731752	1.2394486795532214	0.2380509319565316	7.30403788505271	64.69467888618033	1.5802265232437178	0.9905955308066926	24.90439804986148	259.68850178992193	-2.0550872848561723
3.7428160535117057	9.130434782608695	1.509454931025654	0.037334353334569984	0.6562133271005799	0.6937148821705793	1.234880337230299	0.23888342568711968	7.291554494267222	64.37581262323789	1.575237946552938	0.9905297794367485	24.849938349627454	260.1112495818399	-2.059981224948412
3.7428160535117057	9.167224080267559	1.5019989167153847	0.03870157645785475	0.6577601569081447	0.6866718925764594	1.2304231230651912	0.23967546853960184	7.279171745710733	64.06628951968354	1.5703076142403862	0.9904651995987883	24.796134326438175	260.540676463771	-2.0649768420579035
3.7428160535117057	9.20401337792642	1.4944140431104418	0.04012673204060643	0.6594431551131844	0.6794772119436772	1.2260756157283776	0.2404273948171664	7.266895606392732	63.765974188015434	1.5654349241074985	0.9904018316937724	24.74298148292644	260.97684823682334	-2.070075717355465
3.7428160535117057	9.240802675585284	1.4866926824014757	0.04161326955049548	0.6612683342427003	0.6721262224173882	1.221836404360948	0.24113955289535205	7.254731863210743	63.47473243351797	1.560619281587298	0.9903397165722377	24.690475379280247	261.41983078211587	-2.075279495802046
3.7428160535117057	9.277591973244148	1.4788266576131837	0.04316494166784132	0.663242220117068	0.6646139940695667	1.2177040886600823	0.24181230487747649	7.242686126098027	63.19243128665193	1.5558600995350553	0.9902788955217137	24.63861163096323	261.8696900458416	-2.0805898863081365
3.7428160535117057	9.31438127090301	1.4708071810221237	0.04478584126993482	0.6653719115121002	0.656935247662693	1.2136772789895085	0.24244602622237768	7.230763831242453	62.91893903562878	1.5511567980246237	0.990219410253762	24.587385906472687	262.32649202428195	-2.0860086620139784
3.7428160535117057	9.351170568561873	1.462624783199805	0.04648044432581856	0.6676651491178757	0.6490843114812341	1.2097545965149321	0.24304110534484166	7.218970244377464	62.65412525925205	1.5465088041500448	0.9901613028906712	24.53679392513319	262.7903027486916	-2.0915376606971616
3.7428160535117057	9.387959866220736	1.4542692308364535	0.048253659891506887	0.6701303956335904	0.6410550710412706	1.20593467336382	0.24359794318948688	7.207310464145895	62.39786086005439	1.5419155518318615	0.990104615951829	24.486831454920992	263.26118826990677	-2.097178785314673
3.7428160535117057	9.424749163879598	1.4457294310520612	0.05011088868897874	0.6727769292863103	0.6328409101951149	1.2022161528085156	0.24411695277918263	7.19578942553702	62.15001809772199	1.537376481627685	0.9900493923398015	24.437494310316193	263.7392146425701	-2.1029340046859155
3.7428160535117057	9.461538461538462	1.4369933193208018	0.05205809213235066	0.6756149536414612	0.6244346417679678	1.1985976894713801	0.24459855873930592	7.184411903396974	61.910470622772884	1.5328910405464018	0.9899956753261385	24.388778350177073	264.22444790879086	-2.108805354323982
3.7428160535117057	9.498327759197325	1.4280477273773649	0.054101874161604405	0.6786557273302275	0.6158284253665767	1.1950779495502142	0.2450431967994685	7.1731825160122575	61.67909351041509	1.5284586818655692	0.9899435085369265	24.3406794756331	264.71695408111646	-2.114794937421937
3.7428160535117057	9.535117056856187	1.4188782264747182	0.05624957890067161	0.6819117183174815	0.6070136693435206	1.1916556110621	0.24545131327445743	7.162105728765477	61.45576329450146	1.524078864951369	0.9898929359381075	24.2931936279908	265.21679912462014	-2.120904926001541
3.7428160535117057	9.57190635451505	1.4094689400314788	0.058509408033073154	0.6853967886646812	0.5979809130245686	1.188329364103439	0.2458233645264032	7.151185857862229	61.24035800146463	1.5197510550805373	0.989844001820581	24.246316786646904	265.72404893791645	-2.127137562231966
3.7428160535117057	9.608695652173912	1.3998023179118173	0.06089056297212443	0.6891264175372186	0.5887196841224429	1.1850979111239852	0.24615981641023882	7.140427074127325	61.03275718411728	1.5154747232637036	0.9897967507850999	24.20004496700336	266.23876933290876	-2.133495159926058
3.7428160535117057	9.645484949832776	1.3898588621286634	0.06340341852230452	0.6931179726569917	0.5792183246411301	1.1819599672123504	0.24646114370471778	7.129833406868243	60.83284195517477	1.5112493460694885	0.9897512277269728	24.154374218377747	266.7610260130445	-2.1399801062223145
3.7428160535117057	9.68227424749164	1.3796167903655623	0.06605973697477575	0.6973910437959512	0.5694637763284027	1.1789142603905647	0.2467278295312535	7.119408747803271	60.640495020365535	1.5070744054487248	0.9897074778205811	24.10930062190242	267.2908845498395	-2.146594863461123
3.7428160535117057	9.719063545150501	1.369051618938924	0.0688729347433239	0.7019678566795005	0.5594413135708107	1.1759595319150367	0.24696036476299096	7.109156855051131	60.45560071097428	1.5029493885581415	0.9896655465037142	24.064820288405297	267.8284103574165	-2.153341971263743
3.7428160535117057	9.755852842809364	1.3581356399987592	0.07185841817588905	0.7068737924912648	0.5491342070969231	1.1730945365813963	0.24715924742647316	7.099081357178894	60.27804501567394	1.4988737875828146	0.9896254794617262	24.020929356264922	268.373668664785	-2.160224048823656
3.7428160535117057	9.792642140468228	1.3468372578322854	0.07503401178041239	0.7121380481042155	0.5385232952505968	1.1703180430306064	0.24732498209831713	7.089185757304184	60.10771561149427	1.4948470995566872	0.9895873226115126	23.977623989231724	268.92672448556397	-2.1672437974197543
3.7428160535117057	9.82943143812709	1.33512013437551	0.07842051193006677	0.7177944869210738	0.5275864297702375	1.1676288340537817	0.24745807929929703	7.079473437247777	59.9445018937791	1.4908688261804246	0.9895511220853023	23.934900374207253	269.4876425848405	-2.1744040031618375
3.7428160535117057	9.866220735785953	1.3229420716081957	0.08204241406912544	0.7238827526365073	0.516297748053331	1.1650257068932752	0.24755905488814842	7.0699476617321775	59.78829500499378	1.4869384736358409	0.9895169242142562	23.89275471897242	270.05648744281933	-2.1817075399793366
3.7428160535117057	9.903010033444817	1.3102535235392982	0.08592888479218884	0.7304497532000084	0.504626700534741	1.162507473537445	0.24762842945746483	7.060611582621547	59.638987862232725	1.4830555523960904	0.9894847755118631	23.85118324985509	270.6333232148974	-2.1891573728648117
3.7428160535117057	9.939799331103679	1.2969955743849313	0.0901150876921876	0.7375516783638514	0.4925367242837149	1.160072961006936	0.2476667277338263	7.051468243198437	59.49647518331073	1.4792195770308816	0.9894547226571148	23.810182209328122	271.21821368780473	-2.196756561384622
3.7428160535117057	9.976588628762542	1.2830971265059368	0.09464403418392414	0.7452568072327979	0.4799833916142301	1.1577210116300052	0.24767447798439246	7.0425205824723385	59.36065351129781	1.47543006600575	0.9894268124774431	23.76974785352585	271.8112222313539	-2.2045082634700703
3.7428160535117057	10.013377926421406	1.2684708814407417	0.09956923798349197	0.7536495224639026	0.46691175502884674	1.155450483304875	0.2476522114319405	7.0337714395152515	59.231421237393185	1.4716865414746212	0.9894010919313956	23.729876449669497	272.4124117453999	-2.212415739503072
3.7428160535117057	10.050167224080267	1.2530074089016632	0.10495864568739698	0.7628362362302342	0.4532524160532603	1.1532602497469193	0.24760046168035726	7.025223557819329	59.10867862202003	1.4679885290646886	0.989377608091022	23.690564273389093	273.0218446015175	-2.2204823567114667
3.7428160535117057	10.08695652173913	1.2365660513053278	0.1109006840383152	0.7729544803585697	0.4389154773756947	1.1511492007187893	0.2475197641523728	7.0168795896717295	58.99232781404756	1.464335557652643	0.9893564081239421	23.651807605929463	273.63958257888737	-2.228711593890446
3.7428160535117057	10.123745819397993	1.2189603052656777	0.11751400957017637	0.7841875191923001	0.4237807925990362	1.1491162422415888	0.24741065554127475	7.008742100541892	58.88227286804633	1.46072715913128	0.9893375392750564	23.61360273122782	274.26568679386344	-2.2371070464674596
3.7428160535117057	10.160535117056856	1.1999329046826581	0.12496417659132697	0.7967892605242068	0.40768129764799654	1.1471602967853598	0.2472736732781881	7.000813573476517	58.77841975949497	1.4571628681654432	0.9893210488478634	23.57594593284897	274.90021762264604	-2.245672431929556
3.7428160535117057	10.19732441471572	1.17911000095084	0.13349437707658676	0.811130069050263	0.3903722702618539	1.1452803034371315	0.2471093550164239	6.9930964134977	58.680676397856686	1.4536422219361362	0.9893069841853367	23.538833490763032	275.54323461641343	-2.254411595633618
3.7428160535117057	10.234113712374581	1.1559078163351462	0.1434882427153439	0.8277901062730358	0.3714685273254495	1.1434752180451586	0.24691823813415917	6.9855929519999425	58.5889526374727	1.450164759871754	0.9892953926503132	23.502261677951367	276.1947964082951	-2.263328517021505
3.7428160535117057	10.270903010033445	1.1293122897314618	0.15561850726173967	0.8477796776072057	0.3502957618946187	1.1417440133376329	0.24670085925677673	6.978305451141769	58.503160286192625	1.4467300233650957	0.9892863216053391	23.46622675682287	276.8549606114254	-2.2724273162639754
3.7428160535117057	10.307692307692308	1.0972207529575284	0.1712923835727203	0.8731975485129553	0.3254451655303373	1.140085679014662	0.24645775379986515	6.971236108228117	58.423213111702886	1.4433375554749501	0.9892798183919153	23.430724975424393	277.52378370734846	-2.2817122613594196
3.7428160535117057	10.34448160535117	1.0532801000809702	0.1947970497628417	0.9103927671178701	0.2926279415135478	1.1384992218120817	0.24618945553391317	6.964387060079835	58.349026845495395	1.4399869006108719	0.9892759303090766	23.395752563426228	278.20132092394476	-2.291187775715256
3.7428160535117057	10.381270903010034	0.9794682874646752	0.24026985731097505	0.9794682874656251	0.2402698573103014	1.1369811773932004	0.2458974925712443	6.957750448074776	58.280301875640525	1.4366769110114908	0.9892745581888441	23.361293676978303	278.8872985364545	-2.3008453445221297
3.7428160535117057	10.418060200668897	0.9844585893679993	0.235918943178803	0.9844585893679804	0.23591894317881573	1.135582970868319	0.24556092436550586	6.951235316277986	58.22046561659442	1.4334533474250586	0.9892731973295864	23.32789279497905	279.5987307359847	-2.310373462584589
3.7428160535117057	10.454849498327759	1.112903243736598	0.16120751696511054	1.1129032437365927	0.1612075169651132	1.1422565130355722	0.24199378948339997	6.95055118928846	58.770520684022195	1.4353313609460958	0.9892535239464441	23.3603690339016	282.29460016580043	-2.310373462584589
3.7428160535117057	10.491638795986622	1.1605449041582454	0.13874615246360802	1.1605449041582416	0.13874615246360975	1.150784895025157	0.23778489798397054	6.952574574021026	59.46299812238286	1.4384030891310218	0.9892542129779858	23.40859168768036	285.4898081036267	-2.310373462584589
3.7428160535117057	10.528428093645484	1.1940586680808627	0.12449049874954031	1.1940586680808665	0.12449049874953866	1.1601700659088845	0.23335922154040992	6.956026683548083	60.22014409582773	1.4421374109920684	0.9892673266754723	23.46543554064131	288.98186469961934	-2.310373462584589
3.7428160535117057	10.565217391304348	1.220760503192692	0.11400876748219106	1.2207605031926942	0.11400876748219023	1.1700002570781673	0.2288890687295433	6.96037783271493	61.00999344290449	1.4463125758022777	0.989289520441786	23.527917940110783	292.68773843019557	-2.310373462584589
3.7428160535117057	10.602006688963211	1.2431993217853905	0.10578127831453833	1.2431993217853907	0.10578127831453825	1.180014232576873	0.2244765044938287	6.965285312898918	61.81237802269752	1.4507792951562613	0.9893184422909613	23.594035901596076	296.5511279635838	-2.310373462584589
3.7428160535117057	10.638795986622073	1.2626075073420238	0.09907985957767654	1.262607507342025	0.09907985957767604	1.1900323618777122	0.22018484911329794	6.970506542966676	62.61351683625793	1.4554264321650705	0.9893522501908417	23.662305770078333	300.5293566862913	-2.310373462584589
3.7428160535117057	10.675585284280936	1.2796982816162963	0.09348842522230259	1.2796982816162943	0.09348842522230333	1.1999304963338062	0.21605193122368252	6.975867180751806	63.40395379448033	1.4601696314439712	0.989389472982534	23.73160878124525	304.58925412623245	-2.310373462584589
3.7428160535117057	10.7123745819398	1.2949357442451088	0.0887417900442427	1.2949357442451113	0.08874179004424182	1.2096250006522886	0.21209806815782403	6.981243283484728	64.17737533761085	1.4649453437015496	0.9894289445472332	23.801108772831316	308.7051180353379	-2.310373462584589
3.7428160535117057	10.749163879598662	1.3086472630896269	0.08465824182228426	1.308647263089626	0.08465824182228464	1.2190621532322983	0.20833161946995374	6.986548750102566	64.92977650639925	1.469706532268217	0.9894697549318264	23.870192768335336	312.85728243435983	-2.310373462584589
3.7428160535117057	10.785953177257525	1.3210771018660565	0.08110688537939283	1.321077101866056	0.08110688537939292	1.2282100720356899	0.2047529963449227	6.991725694906753	65.65882919417275	1.4744191672189073	0.9895112064406913	23.938422591831323	317.03093524147124	-2.310373462584589
3.7428160535117057	10.822742474916389	1.3324148158955775	0.07799001169887858	1.3324148158955789	0.0779900116988781	1.237052514540081	0.20135753799167652	6.996736966611759	66.36339964007328	1.479059303755195	0.9895527735873114	24.00549477094789	321.2151104124681	-2.310373462584589
3.7428160535117057	10.85953177257525	1.3428116454254635	0.07523274004555297	1.3428116454254633	0.07523274004555307	1.2455841846013935	0.1981375328973662	7.001560402466195	67.04318499112425	1.4836106881629088	0.9895940678243308	24.071207882829096	325.4018421283626	-2.310373462584589
3.7428160535117057	10.896321070234114	1.3523907069356371	0.07277651466261752	1.3523907069356362	0.07277651466261784	1.2538072485775829	0.19508360416623638	7.006184492534353	67.69844473964964	1.4880628429594815	0.989634807673055	24.13543659513643	329.58547287384073	-2.310373462584589
3.7428160535117057	10.933110367892976	1.3612537382119858	0.07057480313800696	1.3612537382119858	0.07057480313800694	1.2617287976570424	0.19218563378600853	7.010605163283885	68.32980596133795	1.4924095687793348	0.98967479423058	24.198111477084442	333.76210058830594	-2.310373462584589
3.7428160535117057	10.96989966555184	1.3694857975832295	0.06859013295220465	1.36948579758323	0.0685901329522046	1.2693590308541747	0.18943336087121962	7.014823426165588	68.93812448540477	1.4966477930590671	0.9897138915736124	24.259203574922335	337.9291451820076	-2.310373462584589
3.7428160535117057	11.006688963210703	1.3771586738056294	0.0667919839852098	1.3771586738056294	0.0667919839852098	1.2767099744626664	0.18681675448714835	7.018843679621396	69.52438752052555	1.5007766974061962	0.9897520113603548	24.31871279020085	342.0850134427412	-2.310373462584589
3.7428160535117057	11.043478260869565	1.3843334396191271	0.06515525168574192	1.3843334396191274	0.06515525168574177	1.2837945936501458	0.18432623373083387	7.022672496054505	70.08964646458297	1.5047970631994976	0.9897891008880045	24.376659217856233	346.22884268761743	-2.310373462584589
3.7428160535117057	11.080267558528428	1.39106241087469	0.06365910359276594	1.3910624108746905	0.06365910359276583	1.2906261866464037	0.18195278631199532	7.026317763983879	70.63497138370083	1.5087107849359778	0.9898251339169252	24.43307674657189	350.3603061327836	-2.310373462584589
3.7428160535117057	11.117056856187292	1.397390677920525	0.06228611436444079	1.3973906779205254	0.06228611436444071	1.2972179802635473	0.1796880210816627	7.02978808777135	71.16142087060678	1.5125205108333128	0.9898601036682655	24.488008366071686	354.47946593625994	-2.310373462584589
3.7428160535117057	11.153846153846153	1.403357320266222	0.06102160234139828	1.4033573202662222	0.06102160234139818	1.3035828674615884	0.1775241786527662	7.03309237273336	71.67002271012734	1.5162293790841874	0.9898940175070355	24.54150275060301	358.58666270017545	-2.310373462584589
3.7428160535117057	11.190635451505017	1.4089963813980866	0.05985311458374507	1.408996381398087	0.059853114583744996	1.3097332442204812	0.17545411633696736	7.036239542877308	72.16176206697908	1.5198408255463227	0.9899268929208362	24.593611790391154	362.68243267160835	-2.310373462584589
3.7428160535117057	11.22742474916388	1.4143376587160805	0.058770022949150603	1.41433765871608	0.05877002294915068	1.3156809151772888	0.17347127815836405	7.039238353013795	72.63757485624284	1.5233584445414439	0.9899587544888327	24.64438882394827	366.76744589606136	-2.310373462584589
3.7428160535117057	11.264214046822742	1.4194073489381211	0.05776320429276124	1.419407348938122	0.057763204292761036	1.3214370463485334	0.17156965697977117	7.04209726767073	73.09834464123463	1.5267858890076575	0.9899896316047211	24.6938873866665	370.84246017843833	-2.310373462584589
3.7428160535117057	11.301003344481606	1.4242285792083338	0.056824785115366865	1.4242285792083342	0.05682478511536674	1.3270121496315652	0.1697437532619564	7.044824387007757	73.54490189416717	1.530126799735836	0.9900195567724613	24.74216033856175	374.9082869511882	-2.310373462584589
3.7428160535117057	11.33779264214047	1.428821846951914	0.05594793608212254	1.428821846951914	0.05594793608212255	1.3324160883322378	0.1679885332921323	7.047427405551532	73.9780248045026	1.5333847560487042	0.9900485643364878	24.78925926961644	378.96576610370875	-2.310373462584589
3.7428160535117057	11.37458193979933	1.4332053862763423	0.05512670547990293	1.4332053862763414	0.055126705479903164	1.3376580962037021	0.16629938860021912	7.049913593621277	74.3984410676754	1.5365632422477769	0.9900766895412069	24.835234107671265	383.01574755223	-2.310373462584589
3.7428160535117057	11.411371237458194	1.4373954748229123	0.054355883328170936	1.4373954748229114	0.05435588332817116	1.3427468047757738	0.1646720975466318	7.052289794223549	74.80683026196846	1.5396656256182637	0.9901039678398958	24.8801328734707	387.0590778773649	-2.310373462584589
3.7428160535117057	11.448160535117056	1.4414066920317952	0.05363088980428823	1.441406692031795	0.05363088980428819	1.347690275376184	0.1631027895884115	7.054562430282423	75.20382654471133	1.5426951428704396	0.9901304343923811	24.924001542006906	391.09659076918933	-2.310373462584589
3.7428160535117057	11.48494983277592	1.4452521375345833	0.052947683091244355	1.4452521375345837	0.05294768309124422	1.352496033388658	0.16158791242611972	7.056737518567291	75.59002148569402	1.5456548927033655	0.990156123705473	24.96688398004604	395.12910032988157	-2.310373462584589
3.7428160535117057	11.521739130434783	1.4489436166501402	0.0523026828423858	1.4489436166501402	0.05230268284238583	1.3571711030977094	0.1601242020442493	7.058820687753428	75.96596691651133	1.5485478327763964	0.9901810693812166	25.008821937661445	399.1573965174201	-2.310373462584589
3.7428160535117057	11.558528428093645	1.4524917986032384	0.05169270628122962	1.4524917986032386	0.05169270628122953	1.3617220420343112	0.15870865554420185	7.060817198818421	76.33217771702171	1.5513767798184224	0.9902053039463988	25.04985507745883	403.1822421891635	-2.310373462584589
3.7428160535117057	11.595317725752508	1.4559063520187403	0.05111491458373491	1.45590635201874	0.051114914583734995	1.3661549741304697	0.157338506604959	7.062731966527007	76.6891344896098	1.5541444119349401	0.990228858743109	25.09002102951186	407.20437133617	-2.310373462584589
3.7428160535117057	11.632107023411372	1.4591960614004558	0.05056676767473448	1.459196061400455	0.05056676767473459	1.3704756212652764	0.15601120337455224	7.0645695811512335	77.0372860923995	1.5568532724191437	0.9902517638649811	25.129355463240326	411.2244881989863	-2.310373462584589
3.7428160535117057	11.668896321070234	1.462368927630401	0.05004598594602	1.462368927630401	0.05004598594601998	1.3746893329729992	0.1547243885841874	7.066334329852491	77.37705201647516	1.5595057745554735	0.9902740481274045	25.167892169831106	415.2432670306187	-2.310373462584589
3.7428160535117057	11.705685618729097	1.4654322549854546	0.049550517696774994	1.4654322549854546	0.049550517696774946	1.3788011142126686	0.15347588167803514	7.068030217352228	77.70882460162902	1.5621042070404982	0.9902957390627815	25.205663150564984	419.2613523295069	-2.310373462584589
3.7428160535117057	11.74247491638796	1.468392726734134	0.04907851132741338	1.4683927267341335	0.0490785113274135	1.382815651184759	0.1522636627604294	7.0696609856596035	78.03297109140331	1.5646507397473943	0.9903168629340398	25.242698707714407	423.2793594084404	-2.310373462584589
3.7428160535117057	11.779264214046822	1.4712564710245593	0.048628291499943944	1.471256471024559	0.04862829149994402	1.3867373352367258	0.1510858581751258	7.071230132723586	78.34983553220599	1.5671474296358012	0.9903374447612241	25.279027535640473	427.2978751980866	-2.310373462584589
3.7428160535117057	11.816053511705686	1.4740291184891174	0.04819833862258265	1.4740291184891172	0.048198338622582645	1.3905702849350312	0.14994072754602164	7.0727409299470185	78.65974052378131	1.569596226665479	0.9903575083572419	25.31467681043476	431.31745920888386	-2.310373462584589
3.7428160535117057	11.852842809364548	1.4767158527573716	0.04778727113199157	1.476715852757372	0.047787271131991486	1.3943183664018248	0.14882665212424237	7.074196438547068	78.96298882968598	1.5719989796137737	0.9903770763697778	25.34967227697334	435.33864459381476	-2.310373462584589
3.7428160535117057	11.889632107023411	1.4793214548776483	0.047393830139261565	1.479321454877648	0.04739383013926161	1.3979852120258662	0.14774212430156755	7.075599524779401	79.25986485712329	1.574357441728396	0.990396170327129	25.384038332642017	439.3619392692323	-2.310373462584589
3.7428160535117057	11.926421404682275	1.4818503424897662	0.04701686608069772	1.4818503424897658	0.047016866080697856	1.4015742376612992	0.14668573816460398	7.076952874064078	79.55063601565337	1.5766732761700288	0.9904148106862695	25.41779810727459	443.3878270618869	-2.310373462584589
3.7428160535117057	11.963210702341136	1.4843066044609665	0.04665532707519458	1.4843066044609665	0.04665532707519465	1.4050886584275248	0.14565618097749813	7.07825900406434	79.83555396414857	1.5789480612162385	0.9904330168818752	25.450973539051343	447.41676885866474	-2.310373462584589
3.7428160535117057	12.	1.4866940315888784	0.046308248739449526	1.4866940315888786	0.04630824873944952	1.4085315032201724	0.1446522254932188	7.079520276776967	80.11485575501273	1.5811832952107583	0.9904508073753799	25.48358544625512	451.4492037420196	-2.310373462584589