2.5205	3.94314381270903	2.26982501202156	0.05890318875761291	1.3878016190299336	0.7148078387999721	2.1216077744687807	0.344123522668344	9.262552155276945	71.76049356422918	3.553436022736723	0.9788327935498693	33.24516089964069	246.00744572234547	0.19974869074285717
2.524714882943144	3.94314381270903	2.2741573928246943	0.05702461332557524	1.3831943676409293	0.7205584268406717	2.1214679123701736	0.3434604963373109	9.268554374664918	71.9472388433304	3.551247134223821	0.9790317269750242	33.270686296696965	245.75747190978495	0.19573877239969362
2.528929765886288	3.94314381270903	2.2783441052107873	0.055221988769910045	1.3787415896932997	0.7261607797485189	2.121421106101166	0.34276259295157074	9.274650006724025	72.14092799092454	3.549114670393754	0.9792299417149569	33.296582345746465	245.51489859474933	0.191681150349416
2.5331446488294316	3.94314381270903	2.282392542059681	0.053491142387944994	1.3744359134652548	0.7316205550997016	2.121466505964223	0.3420299650799147	9.280832368325116	72.34154159070737	3.547037267132946	0.9794273940048281	33.322839184596454	245.2795250385802	0.18757706453083328
2.5373595317725752	3.94314381270903	2.286309576444654	0.05182821526473131	1.3702704764115297	0.7369430625291221	2.121603266369329	0.34126277711706887	9.287094804554878	72.54905977873376	3.5450135937546485	0.9796240421221759	33.34944719305782	245.05115613795456	0.1834277244844129
2.5415744147157193	3.94314381270903	2.2901016104788203	0.050229631329594945	1.3662388770815093	0.7421332957225681	2.121830545639185	0.3404612050549938	9.293430689931078	72.76346222013152	3.5430423520462506	0.9798198463282729	33.376396986888416	244.82960223974334	0.17923430914728675
2.545789297658863	3.94314381270903	2.2937746183666934	0.048692070202756545	1.3623351327939037	0.7471959605705134	2.1221475058643513	0.3396254362303401	9.299833429681687	72.98472808962215	3.5411222753577154	0.9800147688110625	33.403679411971886	244.61467896427627	0.17499796666111728
2.550004180602007	3.94314381270903	2.297334184489688	0.04721244328007436	1.3585536422410287	0.752135500038042	2.1225533128058607	0.3387556690493314	9.306296461076423	73.21283605571129	3.5392521277289033	0.9802087736295937	33.43128553871793	244.40620703654778	0.17071981419515692
2.5542190635451507	3.94314381270903	2.300785537216596	0.04578787259658801	1.3548891523333446	0.7569561162126065	2.1230471358426524	0.3378521126914547	9.312813254799435	73.44776426839462	3.537430703053486	0.9804018266598743	33.459206656669295	244.20401212489975	0.16640093778658505
2.5584339464882944	3.94314381270903	2.3041335790183353	0.044415672084639646	1.3513367287065823	0.7616617899161832	2.12362814796135	0.336914986793336	9.319377316352476	73.68949035023387	3.5356568242774506	0.9805938955420735	33.48743426930318	244.00792468676988	0.1620423921997742
2.5626488294314385	3.94314381270903	2.3073829133748256	0.043093330903641855	1.3478917294050503	0.7662562982069457	2.124295525785515	0.3359445211143768	9.325982187477821	73.93799139062406	3.5339293426300875	0.9807849496290046	33.51596008901387	243.8177798210882	0.1576452008060018
2.566863712374582	3.94314381270903	2.3105378688868763	0.04181849856881025	1.3445497813296894	0.7707432300452355	2.1250484496416533	0.3349409551857309	9.332621447590991	74.19324394307849	3.5322471368856685	0.9809749599358274	33.54477603226543	243.63341712695257	0.1532103554849446
2.5710785953177258	3.94314381270903	2.3136025209439754	0.04058897164761707	1.3413067591012495	0.7751260003571206	2.1258861036590346	0.33390453794430996	9.339288715213513	74.45522402533824	3.530609112653966	0.9811638990909145	33.57387421490328	243.4546805682187	0.14873881654888085
2.57529347826087	3.94314381270903	2.3165807112475214	0.03940268182704339	1.338158766040378	0.7794078626943292	2.1268076759005083	0.33283552735350247	9.345977649396632	74.72390712211647	3.5290142016979247	0.9813517412878283	33.603246947614316	243.2814183436657	0.14423151269044787
2.5795083612040135	3.94314381270903	2.319476065446098	0.03825768518329937	1.3351021170091422	0.7835919206607417	2.1278123585213096	0.33173419001238824	9.352681951127405	74.99926819027	3.5274613612769237	0.981538462238362	33.63288673152636	243.1134827624251	0.1396893409545166
2.583723244147157	3.94314381270903	2.322292009103541	0.037152152509561456	1.3321333228943435	0.7876811382516338	2.1288993479528022	0.330600800755272	9.35939536470898	75.28128166618133	3.5259495735140054	0.9817240391266023	33.66278625393697	242.95073012435583	0.1351131667345494
2.5879381270903012	3.94314381270903	2.3250317821904067	0.036084360577332365	1.3292490765431426	0.7916783492317095	2.1300678451082797	0.32943564224330957	9.366111679107885	75.56992147514387	3.5244778447857743	0.9819084505639732	33.69293838416444	242.79302060510364	0.13050382379363984
2.592153010033445	3.94314381270903	2.3276984522638964	0.03505268422395264	1.3264462399869459	0.7955862656609244	2.131317055607716	0.3282390045501066	9.372824729261398	75.86516104251942	3.5230452051335863	0.9820916765452288	33.72333616951276	242.64021814557026	0.12586211431032376
2.596367892976589	3.94314381270903	2.330294926479695	0.034055589173093315	1.3237218328109877	0.7994074856628417	2.132646190018503	0.32701118474308755	9.37952839733901	76.16697330644702	3.521650707694631	0.9822736984053593	33.753972831342494	242.49219034552644	0.12118880894877301
2.6005827759197326	3.94314381270903	2.332823962560841	0.03309162550722211	1.3210730215455402	0.803144500517837	2.1340544641091084	0.3257524864625299	9.386216613952556	76.47533073186483	3.5202934281519798	0.9824544987773873	33.7848417612427	242.34880836117026	0.11648464695347177
2.6047976588628763	3.94314381270903	2.3352881788330198	0.032159421721385875	1.3184971099701666	0.806799701153228	2.135541099112782	0.3244632195000103	9.392883359310417	76.79020532562306	3.5189724642022266	0.9826340615510245	33.815936517296	242.20994680637287	0.11175033626755
2.6090125418060204	3.94314381270903	2.3376900634221625	0.03125767929653991	1.3159915302359975	0.8103753840933006	2.137105321998272	0.32314369937811577	9.399522664311855	77.11156865244443	3.5176869350398965	0.9828123718321697	33.84725082043247	242.07548365743807	0.10698655367452992
2.613227424749164	3.94314381270903	2.3400319826988483	0.030385167738200092	1.313553834722433	0.8138737569246673	2.1387463657446526	0.32179424693317926	9.406128611578243	77.43939185149769	3.516435980857498	0.9829894159032261	33.878778550866286	241.94530016115854	0.10219394496275734
2.6174423076923077	3.94314381270903	2.3423161890437703	0.0295407200328255	1.3111816885546872	0.8172969433256726	2.1404634696174796	0.32041518790273155	9.412695336418961	77.77364565335603	3.5152187623604254	0.9831651811842224	33.91051374461112	241.81928074600697	0.09737312511175433
2.6216571906354518	3.94314381270903	2.3445448280001235	0.02872322847990617	1.3088728627171462	0.8206469877029133	2.1422558794433115	0.31900685251942773	9.419217027730031	78.11430039709052	3.5140344602958002	0.9833396561947205	33.94245059006939	241.69731293628197	0.09252467849987442
2.6258720735785954	3.94314381270903	2.3467199448712273	0.027931640862661294	1.3066252277049841	0.8239258594729667	2.1441228478800216	0.31756957511301004	9.425687928824944	78.46132604728076	3.5128822749945487	0.983512830516497	33.97458342469206	241.57928726906448	0.08764915913228084
2.6300869565217395	3.94314381270903	2.348843490815105	0.02716495692449717	1.3044367476629544	0.8271354570230998	2.146063634680055	0.3161036937219479	9.432102338197204	78.81469221069703	3.5117614259259096	0.9836846947569853	34.00690673170486	241.46509721382495	0.0827470908885311
2.634301839464883	3.94314381270903	2.3509173284821774	0.026422225122057708	1.302305474965939	0.8302776113809948	2.148077506944078	0.31460954971625804	9.438454610215443	79.17436815242918	3.510671151263763	0.9838552405134696	34.03941513689813	241.35463909455586	0.07781896778883553
2.638516722408027	3.94314381270903	2.352943237237186	0.025702539628931115	1.3002295452007677	0.8333540896202455	2.1501637393624544	0.3130874874329701	9.444739155752382	79.5403228112344	3.509610707464142	0.9840244603380175	34.07210340547705	241.2478120142975	0.07286525427814691
2.642731605351171	3.94314381270903	2.3549229180021563	0.025005037566895094	1.2982071725131603	0.836366598025492	2.1523216144420374	0.31153785382564386	9.450950442749727	79.912524813877	3.5085793688533817	0.9841923477031451	34.104966438970145	241.1445177819447	0.06788638552727079
2.6469464882943146	3.94314381270903	2.3568579977533206	0.02432889644405739	1.2962366452874448	0.8393167850385417	2.1545504227158223	0.3099609981292936	9.457082996721867	80.29094248823608	3.507576427226345	0.984358896968206	34.137999272193014	241.04466084121867	0.06288276775017865
2.651161371237458	3.94314381270903	2.3587500337016274	0.023673331781415723	1.2943163221300427	0.8422062440046202	2.156849462933208	0.308357271541935	9.463131401201839	80.67554387497118	3.5066011914542616	0.9845241033464948	34.171197070265755	240.94814820170515	0.05785477853666955
2.6553762541806023	3.94314381270903	2.360600517183403	0.023037594911283	1.2924446281306945	0.8450365157358916	2.159218042228404	0.3067270269240382	9.469090298133827	81.066296737517	3.505652987101736	0.9846879628730593	34.20455512568161	240.8548893718638	0.05280276719985986
2.659591137123746	3.94314381270903	2.362410877285189	0.022420970932703666	1.2906200513779869	0.8478090909077052	2.161655476264951	0.3050706185169407	9.47495438821713	81.46316857021147	3.5047311560525456	0.9848504723732133	34.238068855425844	240.76479629392537	0.0477270551376887
2.6638060200668896	3.94314381270903	2.364182484224326	0.021822776810488755	1.2888411397080632	0.8505254123014501	2.16416108935403	0.30338840168135245	9.48071843120708	81.8661266043372	3.5038350561437954	0.9850116294317441	34.271733798142385	240.67778328058563	0.042627936207997805
2.6680209030100337	3.94314381270903	2.365916652504881	0.021242359605815327	1.2871064976674662	0.8531868769065539	2.1667342145445008	0.3016807326569403	9.486377246179217	82.27513781187642	3.5029640608081403	0.9851714323628054	34.30554561134739	240.59376695342738	0.037505677116737725
2.6722357859531773	3.94314381270903	2.3676146438666072	0.02067909482751212	1.285414783672873	0.8557948378929457	2.1693741936826667	0.29994796834390947	9.491925711763498	82.69016890678351	3.502117558723754	0.9853298801804895	34.33950006868845	240.51266618300082	0.03236051781889785
2.6764506688963214	3.94314381270903	2.3692776700429716	0.02013238489419931	1.2837647073521254	0.8583506064642168	2.1720803774396376	0.29819046610751326	9.497358766356108	83.11118634356926	3.5012949534717035	0.9854869725700719	34.373593057247504	240.43440203048465	0.02719267193202177
2.680665551839465	3.94314381270903	2.3709068953428534	0.019601657698380532	1.282155027052406	0.8608554536007509	2.1748521253044317	0.2964085836062712	9.502671408316804	83.53815631301113	3.500495663200573	0.9856427098599172	34.40782057488749	240.35889769088612	0.022002327162206396
2.6848804347826087	3.94314381270903	2.3725034390691224	0.019086365264415876	1.2805845475027087	0.8633106117012386	2.177688805540814	0.2946026786446864	9.507858696160662	83.97104473479601	3.4997191202979767	0.9857970929940416	34.44217872764062	240.28607843770268	0.01678964574262346
2.689095317725753	3.94314381270903	2.3740683777861866	0.01858598249304942	1.279052117618917	0.8657172761302139	2.180589795105958	0.2927731090511845	9.512915748753258	84.40981724690523	3.4989647710688345	0.9859501235053192	34.47666372713791	240.21587156900733	0.01155476488479971
2.6933102006688965	3.94314381270903	2.3756027474474615	0.01810000598582831	1.277556628440855	0.8680766066785389	2.18355447952909	0.29092023258191696	9.517837745519245	84.85443919156253	3.4982320754201037	0.9861018034893245	34.51127188807834	240.14820635489096	0.006297797243029217
2.69752508361204	3.94314381270903	2.3771075453928425	0.01762795294334651	1.2760970111916135	0.8703897289431819	2.1865822527482193	0.28904440685107463	9.52261992667467	85.30487559755946	3.4975205065519392	0.986252135578801	34.54599962573802	240.08301398623948	0.001018831392525984
2.7017399665551842	3.94314381270903	2.3785837322252634	0.01716936013178628	1.27467223545027	0.8726577356320292	2.189672516903072	0.2871459892882703	9.527257593493875	85.76109115877827	3.496829550654878	0.986401122918742	34.58084345351631	240.02022752476765	-0.004282067678086435
2.705954849498328	3.94314381270903	2.3800322335747754	0.01672378291270798	1.273281307429943	0.8748816877989964	2.192824682082423	0.2852253371235406	9.531746108622551	86.22305020873692	3.4961587066131288	0.9865487691420763	34.61579998052038	239.9597818543026	-0.009604858058842486
2.7101697324414715	3.94314381270903	2.381453941757762	0.016290794331475525	1.2719232683537318	0.8770626160142344	2.1960381660239436	0.2832828074004432	9.536080896448812	86.69071669098177	3.495507485713619	0.9866950783459416	34.65086590918518	239.90161363324995	-0.014949520394089158
2.7143846153846156	3.94314381270903	2.382849717338307	0.015869984260097635	1.2705971929217712	0.8792015214738274	2.1993123937646613	0.2813187570177494	9.540257443544913	87.16405412514966	3.494875411360751	0.9868400550685358	34.686038032929	239.84566124821848	-0.020316057340326585
2.7185994983277593	3.94314381270903	2.3842203905981543	0.015460958590616745	1.2693021878631734	0.8812993770529842	2.2026467972402446	0.27933354280011613	9.544271299192518	87.64302556853686	3.4942620187967366	0.9869837042665307	34.72131323384346	239.7918647687674	-0.025704493004654022
2.7228143812709034	3.94314381270903	2.385566762921126	0.01506333847549824	1.268037390567117	0.8833571283064249	2.206040814831148	0.2773275215981611	9.548118076005107	88.12759357300138	3.493666854827302	0.9871260312930336	34.7566884804164	239.74016590323217	-0.031114872362176835
2.727029264214047	3.94314381270903	2.3868896080974182	0.01467675961176539	1.2668019677878406	0.8853756944193243	2.2094938908537376	0.27530105041830977	9.55179345066157	88.61772013703316	3.4930894775527577	0.9872670418760807	34.79216082528729	239.69050795561094	-0.036547260650203896
2.7312441471571907	3.94314381270903	2.3881896735527044	0.014300871565884226	1.2655951144186819	0.8873559691119225	2.213005474994498	0.27325448658271584	9.555293164765374	89.11336665283436	3.4925294561041826	0.9874067420976488	34.827727403033364	239.64283578346365	-0.04200174273720271
2.7354590301003348	3.94314381270903	2.389467681506611	0.013935337136644573	1.264416052330702	0.8892988215006414	2.2165750216853155	0.2711881879196018	9.558613025844428	89.61449384824327	3.491986370384681	0.987545138373164	34.86338542798548	239.59709575680105	-0.04747842246387453
2.7396739130434784	3.94314381270903	2.390724330064747	0.013579831753498483	1.2632640292717892	0.8912050969183455	2.2202019894179728	0.26910251298424653	9.561748908506972	90.1210617233555	3.491459810815608	0.9876822374314944	34.899132192072784	239.55323571793764	-0.05297742195372468
2.743888795986622	3.94314381270903	2.391960294248088	0.013234042908017265	1.2621383178224161	0.8930756176961453	2.223885839995792	0.2669978213108865	9.564696755769429	90.63302948168511	3.4909493780875973	0.9878180462954055	34.93496506269445	239.51120494227072	-0.058498880890113604
2.748103678929766	3.94314381270903	2.393176226963263	0.012897669616304537	1.2610382144045522	0.8949111839089846	2.2276260377205666	0.26487447369568345	9.567452580572406	91.15035545573168	3.4904546829162943	0.9879525722624616	34.97088148061709	239.47095409995862	-0.06404295575665048
2.75231856187291	3.94314381270903	2.394372759916935	0.012570421910372312	1.2599630383404619	0.89671257408706	2.231422048512648	0.2627328325109786	9.570012467501664	91.67299702680216	3.4899753458026694	0.9880858228863532	35.00687895789632	239.43243521847046	-0.06960981903734217
2.7565334448160534	3.94314381270903	2.395550504477303	0.012252020356629213	1.258912130958392	0.8984805458949789	2.2352733389624566	0.2605732620508468	9.57237257473092	92.2009105389806	3.4895109967978857	0.988217805958631	35.04295507582188	239.39560164599067	-0.07519965837283786
2.7607483277591975	3.94314381270903	2.396710052485342	0.01194219559977699	1.2578848547423234	0.9002158367804096	2.2391793753112696	0.25839612890807906	9.574529136203846	92.73405120711007	3.4890612752724137	0.9883485294908257	35.079107482882876	239.36040801562328	-0.08081267566881335
2.764963210702341	3.94314381270903	2.397851977018376	0.011640687930525685	1.256880592523217	0.9019191645938621	2.243139622359597	0.25620180238251317	9.576478464072855	93.27237301869881	3.4886258296894943	0.9884780016969359	35.115333892753426	239.32681021040148	-0.08644908615218759
2.7691780936454853	3.94314381270903	2.3989768331081756	0.011347246875662836	1.2558987467093126	0.9035912281811076	2.247153542301174	0.2539906549206674	9.57821695141229	93.81582862965033	3.4882043173826345	0.9886062309762598	35.15163208229536	239.29476532904678	-0.09210911737076899
2.773392976588629	3.94314381270903	2.4000851584157554	0.011061630809108155	1.2549387385532624	0.9052327079496463	2.251220593481044	0.251763062586448	9.57974107522396	94.36436925376105	3.487796404337193	0.9887332258965537	35.18799988957778	239.26423165247525	-0.09779300813156185
2.7776078595317726	3.94314381270903	2.4011774738646867	0.010783606582689747	1.2540000074539632	0.9068442664105401	2.2553402290759155	0.2495194055627099	9.581047399752677	94.91794454592122	3.4874017649757074	0.988858995177495	35.224435211909594	239.23516861099534	-0.10350100737288148
2.7818227424749167	3.94314381270903	2.4022542842347905	0.010512949175458901	1.2530820102911777	0.9084265486968324	2.259511895695643	0.24726006868319741	9.582132580129633	95.47650247901613	3.4870200819470907	0.9889835476744296	35.26093600388555	239.20753675220323	-0.10923337296510367
2.7860376254180603	3.94314381270903	2.403316078717718	0.010249441360448034	1.252184220791086	0.9099801830596989	2.263735031904363	0.2449854419944071	9.582993366360872	96.03998921451554	3.486651045919359	0.9891068923623836	35.29750027544193	239.1812977095224	-0.11499037043470949
2.790252508361204	3.94314381270903	2.404363331435927	0.009992873387847384	1.2513061289210679	0.9115057813434134	2.268009066660417	0.242695921346658	9.583626607678028	96.60834896679958	3.4862943553758226	0.9892290383203198	35.334126089920716	239.15641417136854	-0.12077227160623491
2.794467391304348	3.94314381270903	2.4053965019264067	0.009743042683646112	1.2504472403121143	0.9130039394401397	2.272333417674416	0.24039190901349136	9.584029257267533	97.18152386130228	3.4859497164146114	0.9893499947156207	35.370811562140304	239.13284985091553	-0.12657935315652555
2.7986822742474917	3.94314381270903	2.4064160355903743	0.009499753562846203	1.2496070757073772	0.9144752377255051	2.2767074896850548	0.23807381433838298	9.584198377394126	97.75945378658975	3.4856168425514196	0.9894697707887783	35.40755485647111	239.11056945643864	-0.13241189507556392
2.8028971571906354	3.94314381270903	2.4074223641100714	0.009262816956416993	1.2487851704354218	0.9159202414758711	2.2811306726528153	0.23574205440745552	9.584131144932968	98.34207624054832	3.4852954545252453	0.9895883758382754	35.444354184913514	239.08953866219713	-0.13827017902828595
2.8071120401337795	3.94314381270903	2.4084159058337167	0.009032050151211356	1.2479810739068704	0.9173395012681623	2.2856023398721095	0.23339705474668487	9.583824857323796	98.92932617090986	3.4849852801070176	0.9897058192056417	35.48120780517668	239.0697240798357	-0.1441544866116627
2.811326923076923	3.94314381270903	2.4093970661295847	0.008807276542113322	1.2471943491331716	0.918733553363087	2.2901218460031143	0.2310392500417461	9.583276938958551	99.52113581041154	3.484686053910965	0.9898221102606698	35.518114018756464	239.05109323027906	-0.15006509750154715
2.815541806020067	3.94314381270903	2.410366237710139	0.008588325395733886	1.2464245722663252	0.9201029200725442	2.2946885250249887	0.22866908487842913	9.582484948012311	100.11743450694402	3.4843975172086146	0.9899372583867809	35.55507116901122	239.03361451609797	-0.15600228748371833
2.819756688963211	3.94314381270903	2.4113238009270472	0.008375031625013893	1.2456713321584132	0.9214481101119945	2.299301688113174	0.22628701450108044	9.581446583724661	100.71814854913985	3.4841194177451418	0.9900512729665274	35.592077639232826	239.01725719430578	-0.161966326364287
2.8239715719063545	3.94314381270903	2.412270124037923	0.008167235574131371	1.2449342299398922	0.9227696189385474	2.3039606214440664	0.22389350558627932	9.58015969413622	101.32320098791891	3.483851509558051	0.9901641633672272	35.62913185071286	239.00199134957532	-0.16795747575441022
2.8281864548494986	3.94314381270903	2.413205563445608	0.007964782813146479	1.2442128786156275	0.9240679290754981	2.3086645839315394	0.22148903702842368	9.578622284281645	101.93251145462261	3.483593552797996	0.9902759389267233	35.6662322608023	238.9877878678501	-0.17397598672519463
2.8324013377926422	3.94314381270903	2.4141304639107366	0.007767523941852753	1.2435069026776886	0.9253435104240454	2.3134128049006075	0.21907410073354772	9.576832524836778	102.54599597645161	3.4833453135515215	0.9903866089392662	35.70337736096345	238.97461841031313	-0.18002209732902955
2.836616220735786	3.94314381270903	2.4150451587384367	0.007575314402330676	1.2428159377339996	0.9265968205629127	2.318204481704955	0.21664920241712196	9.574788761213554	103.16356679005357	3.4831065636657166	0.9904961826415253	35.74056567481474	238.962455387713	-0.1860960299844354
2.84083110367893	3.94314381270903	2.41594996993993	0.007388014299731543	1.2421396301519352	0.9278283050365932	2.3230387772960914	0.2142148624011322	9.572489523091228	103.78513215420774	3.482877080574502	0.9906046691987292	35.77779575616698	238.9512719350042	-0.19219798872240287
2.8450459866220736	3.94314381270903	2.4168452083698986	0.007205488230844867	1.2414776367160265	0.9290383976329366	2.3279148177534483	0.21177161640515663	9.569933534367513	104.41059616269254	3.4826566471265146	0.9907120776909517	35.815066187051976	238.94104188629848	-0.19832815629318137
2.8492608695652173	3.94314381270903	2.417731173840529	0.007027605120025717	1.240829624298945	0.9302275206508188	2.332831689786268	0.20932001632554412	9.567119723506925	105.03985855855863	3.4824450514144454	0.9908184170995544	35.85237557574448	238.93173975010444	-0.20448669113390197
2.8534757525083614	3.94314381270903	2.418608155213165	0.006854238062084703	1.2401952695449678	0.9313960851586278	2.3377884382195573	0.20686063099628849	9.564047234257394	105.67281455115494	3.482242086605687	0.9909236962938093	35.889722554778004	238.92334068483862	-0.21067372419867347
2.857690635451505	3.94314381270903	2.4194764304686553	0.006685264171760776	1.239574258565162	0.9325444912443188	2.342784063478413	0.20439404692443996	9.560715436698633	106.30935463742499	3.48204755077424	0.9910279240177269	35.92710577895688	238.9158204745992	-0.21688935565458103
2.861905518394649	3.94314381270903	2.420336266757529	0.006520564439419761	1.2389662866435416	0.933673128257819	2.347817519086583	0.20192086899238187	9.557123938578465	106.94936442912152	3.4818612467338115	0.9911311088771239	35.96452392336742	238.90915550519753	-0.22313365144881614
2.8661204013377928	3.94314381270903	2.4211879204312488	0.00636002359263954	1.23837105795346	0.9347823750465565	2.3528877091970846	0.19944172111860606	9.553272596884353	107.59272448774257	3.4816829818719537	0.9912332593269677	36.001975681390256	238.90332274042726	-0.229406639754257
2.8703352842809364	3.94314381270903	2.422031637055993	0.006203529963358597	1.2377882852835491	0.9358726001849365	2.357993486174849	0.19695724686796556	9.549161529588865	108.23931016915976	3.481512567985358	0.9913343836590468	36.03945976271954	238.89829969859093	-0.2357083073031792
2.8745501672240805	3.94314381270903	2.422867651410478	0.006050975360284082	1.237217689772513	0.9369441621985766	2.3631336482530094	0.19446811000187134	9.544791127498268	108.88899148003023	3.481349821116175	0.9914344899900174	36.0769748913925	238.89406442927023	-0.24203859562117966
2.878765050167224	3.94314381270903	2.4236961874695604	0.005902254946269102	1.2366590006521019	0.9379974097841629	2.368306937286711	0.191974994958243	9.540162066123454	109.54163294824795	3.481194561389445	0.9915335862498902	36.114519803836096	238.89059549035463	-0.2483973971762821
2.882979933110368	3.94314381270903	2.4245174583755023	0.005757267120384316	1.2361119549976265	0.9390326820257768	2.373512036630097	0.18947860725057003	9.535275317482473	110.19709350980722	3.481046612851657	0.9916316801710223	36.15209324693674	238.88787192533837	-0.2547845514609341
2.887194816053512	3.94314381270903	2.4253316663990208	0.005615913404423878	1.2355762974853817	0.9400503086085905	2.3787475691641538	0.18697967377495578	9.530132161733603	110.85522641458033	3.480905803310576	0.9917287792776917	36.18969397614167	238.88587324090796	-0.26119984102795196
2.8914096989966556	3.94314381270903	2.4261390028923673	0.005478098333599544	1.2350517801563656	0.9410506100308034	2.3840120955045894	0.18447894301374607	9.524734198527668	111.51587915358971	3.4807719641764288	0.9918248908763351	36.22732075359998	238.88457938484135	-0.2676429875043858
2.895624581939799	3.94314381270903	2.4269396482369667	0.005343729351189346	1.2345381621857185	0.9420338978147339	2.3893041124207715	0.18197718512401723	9.51908335795807	112.17889341045282	3.4806449303046736	0.9919200220465407	36.2649723463536	238.88397072425465	-0.27411364761087104
2.8998394648829433	3.94314381270903	2.427733771788282	0.005212716706922085	1.2340352096573024	0.9430004747179533	2.394622051497779	0.17947519189921035	9.513181910977726	112.8441050396993	3.480524539840474	0.9920141796328867	36.302647524588146	238.88402802421976	-0.2806114092173786
2.904054347826087	3.94314381270903	2.428521531820821	0.005084973358891004	1.2335426953429058	0.9439506349453549	2.3999642780747985	0.17697377659222213	9.507032479142921	113.51134407468327	3.4804106340652865	0.992107370237731	36.340345059956384	238.88473242681718	-0.2871357874693962
2.908269230769231	3.94314381270903	2.429303075476367	0.0049604148788030674	1.2330603984855595	0.9448846643630273	2.405329090493665	0.17447377358853086	9.500638043536219	114.18043476777959	3.480303057245746	0.9921996002150519	36.378063723985925	238.88606543065572	-0.29368622102227165
2.9124841137123747	3.94314381270903	2.430078538718702	0.004838959360384376	1.2325881045864966	0.9458028407147724	2.410714719691462	0.1719760379184515	9.494001952714124	114.85119566547097	3.48020165648528	0.9922908756654509	36.4158022865848	238.8880088709244	-0.3002620684241719
2.9166989966555183	3.94314381270903	2.4308480462982507	0.004720527330773947	1.2321256051953349	0.9467054338420666	2.4161193291708467	0.16948144459828496	9.487127929519952	115.52343972081351	3.4801062815788764	0.9923812024324251	36.45355951465937	238.89054490004304	-0.3068626046912264
2.9209138795986624	3.94314381270903	2.4316117117301705	0.004605041664753474	1.231672697703087	0.9475927059082059	2.4215410153806824	0.16699088779114055	9.480020076599532	116.19697444557204	3.4800167848713923	0.9924705861000166	36.491334170858	238.89365596896832	-0.31348701812081553
2.925128762541806	3.94314381270903	2.4323696372895554	0.00449242750167189	1.2312291851376744	0.9484649116273005	2.4269778085381253	0.16450527977940116	9.47268288045651	116.8716021040872	3.479933021119977	0.9925590319919464	36.529125012456454	238.89732480924116	-0.32013440739099985
2.9293436454849497	3.94314381270903	2.4331219140274194	0.004382612164939215	1.2307948759616576	0.9493222984987102	2.4324276739209116	0.16202554974234762	9.465121213886086	117.54711995062152	3.4798548473611235	0.9926465451723334	36.56693079039932	238.90153441584843	-0.3268037789956317
2.933558528428094	3.94314381270903	2.4338686218111407	0.004275525083976602	1.2303695838719664	0.9501651070473861	2.4378885136555404	0.15955264233425379	9.457340336630669	118.2233205115608	3.4797821227829324	0.992733130448092	36.604750248512296	238.90626803098252	-0.3334940450653597
2.9377734113712375	3.94314381270903	2.434609829392965	0.004171097718524657	1.2299531276014635	0.9509935710704825	2.4433581690232264	0.15708751606034033	9.449345894109221	118.89999191341644	3.479714708603155	0.9928187923730922	36.6425821228995	238.9115091287775	-0.34020402162482166
2.941988294314381	3.94314381270903	2.435345594510097	0.004069263485224156	1.2295453307222732	0.9518079178904519	2.448834423300992	0.15463114145029425	9.441143914083323	119.57691825708345	3.4796524679537306	0.992903535254153	36.680425141540006	238.91724140111938	-0.3469324273353297
2.9462031772575252	3.94314381270903	2.436075964019592	0.003969957686399447	1.2291460214508267	0.9526083686146974	2.4543150051495934	0.152184499031716	9.432740801138195	120.25388003823777	3.4795952657723186	0.9929873631589254	36.718278024094715	238.9234487445956	-0.35367788277062046
2.950418060200669	3.94314381270903	2.4368009740711294	0.003873117440986095	1.2287550324547145	0.9533951384016698	2.459797592554149	0.14974857710859615	9.424143328875466	120.93065461316893	3.4795429687015904	0.9930702799257011	36.75613948193595	238.93011524868467	-0.3604389102700468
2.954632943143813	3.94314381270903	2.437520650320277	0.0037786816175589617	1.2283722006614524	0.9541684367331443	2.465279817316292	0.1473243693529385	9.415358629736739	121.60701670868298	3.4794954449967985	0.9931522891751631	36.794008218407974	238.93722518524999	-0.3672139344098941
2.9588478260869566	3.94314381270903	2.4382350081844977	0.0036865907694286133	1.2279973670693867	0.9549284676922004	2.4707592700892786	0.14491287222076374	9.406394182402648	122.28273897402354	3.47945256444226	0.9932333943240711	36.83188292932562	238.9447629994122	-0.37400128312794667
2.9630627090301003	3.94314381270903	2.438944053143622	0.0035967870717862143	1.227630376561003	0.9556754302462612	2.476233505939721	0.14251508220682518	9.397257796740876	122.95759257207149	3.4794141982772366	0.9933135986008484	36.86976230371537	238.9527133018583	-0.3807991895307214
2.9672775919732444	3.94314381270903	2.439647781085962	0.003509214260886957	1.2272710777190177	0.9564095185343298	2.481700050411243	0.14013199295558887	9.387957596308121	123.63134780635892	3.4793802191318086	0.9933929050630099	36.90764502480111	238.96106086264882	-0.3876057944046871
2.971492474916388	3.94314381270903	2.4403461787005587	0.0034238175752726472	1.2269193226456394	0.957130922157399	2.487156406056991	0.1377645922490512	9.378501998444833	124.3037747797415	3.4793505009729984	0.9934713166163414	36.945529771232025	238.96979060654527	-0.39441914944532946
2.975707357859532	3.94314381270903	2.4410392239154373	0.0033405436990407702	1.226574966785498	0.95783982647081	2.4926000593997135	0.135413858894841	9.368899692036637	124.9746440799157	3.4793249190615896	0.9935488360357146	36.98341521854892	238.97888760989437	-0.4012372212081028
2.9799222408026758	3.94314381270903	2.4417268863809807	0.003259340707174779	1.2262378687527666	0.9585364128771721	2.4980284882698442	0.13308075954074222	9.35915961305286	125.64372748633195	3.4793033499198263	0.993625465987388	37.02130004088033	238.9883370990734	-0.4080578957756903
2.9841371237458194	3.94314381270903	2.442409127996761	0.003180158012954473	1.2259078901630247	0.9592208591183227	2.503439169464466	0.13076624544401125	9.349290918008315	126.31079869251596	3.4792856713100284	0.9937012090526204	37.05918291285624	238.99812445047678	-0.4148789841257762
2.988352006688963	3.94314381270903	2.4430859034795005	0.0031029463174673784	1.2255848954704813	0.9598933395646584	2.5088295866630936	0.12847124922578393	9.339302955530092	126.97563403733787	3.4792717622242755	0.9937760677523962	37.09706251172555	239.0082351920374	-0.4216982281724857
2.992566889632107	3.94314381270903	2.4437571609689592	0.0030276575612439398	1.2252687518111292	0.9605540255000932	2.5141972385299685	0.12619668164225226	9.329205236244158	127.63801323839546	3.4792615028847913	0.993850044573035	37.134937519656745	239.01865500620397	-0.42851330744443167
2.996781772575251	3.94314381270903	2.444422842667977	0.0029542448780362877	1.2249593288524692	0.9612030854008247	2.5195396469277656	0.1239434284051418	9.31900740122769	128.297720120437	3.4792547747549607	0.993923141992441	37.17280662620178	239.02936973433765	-0.43532184635150595
3.000996655518395	3.94314381270903	2.445082885512107	0.0028826625507579855	1.2246564986503605	0.9618406852060644	2.5248543651637103	0.12171234708426606	9.308719189299458	128.95454333161277	3.4792514605604103	0.9939953625067284	37.21066853089692	239.04036538241746	-0.4421214219828946
3.0052115384615385	3.94314381270903	2.4457372218637743	0.002812865969595979	1.2243601355135767	0.9624669885788972	2.530138986186812	0.11950426412460562	9.298350403443811	129.6082770403548	3.479251444319698	0.9940667086569471	37.24852194597427	239.05162812796686	-0.44890957236942813
3.009426421404682	3.94314381270903	2.4463857802253273	0.0027448115922991028	1.224070115876561	0.963082157155485	2.5353911506541147	0.11731997200933095	9.287910876680769	130.25872160583177	3.47925461138389	0.9941371830556259	37.28636559915382	239.06314432807147	-0.45568380513556245
3.0136413043478263	3.94314381270903	2.4470284859649634	0.002678456906638258	1.2237863181808326	0.9636863507809149	2.5406085547845487	0.1151602265985797	9.277410437706552	130.90568421520697	3.4792608484841963	0.9942067884128463	37.32419823648494	239.07490052834675	-0.46244160645929383
3.01785618729097	3.94314381270903	2.447665262049226	0.0026137603950233514	1.2235086227654315	0.9642797277301152	2.5457889579212414	0.11302574467163228	9.266858876634853	131.54897948133862	3.4792700437868693	0.994275527561566	37.36201862520594	239.0868834727237	-0.46918045025290056
3.022071070234114	3.94314381270903	2.4482960297755603	0.0025506815012508316	1.2232369117666788	0.9648624449124272	2.550930189727039	0.11091720169730415	9.256265911167912	132.18842999510838	3.4792820869542354	0.9943434034819185	37.399825556588155	239.0990801138719	-0.4758978074740167
3.0262859531772577	3.94314381270903	2.448920709498407	0.002489180599343601	1.2229710690274629	0.965434658058603	2.556030156943176	0.1088352298542194	9.245641153520216	132.82386682720497	3.4792968692108825	0.9944104193242288	37.43761784873296	239.11147762410837	-0.4825911554741991
3.0305008361204013	3.94314381270903	2.449539221342351	0.0024292189644329744	1.2227109800161438	0.9659965218892206	2.56108684964766	0.10678041631893594	9.234994078403872	133.45512997494038	3.479314283413799	0.9944765784305033	37.475394349289466	239.12406340660718	-0.48925798729220976
3.034715719063545	3.94314381270903	2.4501514858961126	0.002370758745619795	1.2224565317550906	0.9665481902637457	2.5660983469576304	0.1047533018360197	9.224333992366777	134.08206875048927	3.479334224125403	0.9945418843541819	37.5131539380637	239.13682510675358	-0.4958958208006745
3.038930602006689	3.94314381270903	2.4507574248814046	0.0023137629407405684	1.222207612758727	0.9670898163097134	2.571062822128556	0.10275437957998353	9.21367000475004	134.7045421078154	3.479356587688165	0.9946063408779562	37.55089552948995	239.14975062345331	-0.5025022076181336
3.0431454849498327	3.94314381270903	2.451356961791185	0.002258195372952792	1.2219641129808898	0.9676215525317708	2.575978547012525	0.10078409431479685	9.203011000503267	135.322418906456	3.4793812722997397	0.9946699520295006	37.588618074939276	239.1628281202434	-0.5090747417033892
3.047360367892977	3.94314381270903	2.451950022492327	0.002204020669043991	1.2217259237711966	0.9681435509005746	2.5808438958476154	0.09884284185244908	9.192365615064169	135.93557811124097	3.4794081780874366	0.9947327220949881	37.62632056484209	239.17604603604187	-0.5156110675553508
3.0515752508361205	3.94314381270903	2.4525365357883375	0.0021512042393601765	1.221492937840021	0.9686559629217978	2.585657348360337	0.0969309688079207	9.181742211474223	136.54390892792492	3.4794372071809465	0.9947946556302988	37.664002030605076	239.1893930953893	-0.5221088879491456
3.055790133779264	3.94314381270903	2.453116433938407	0.0020997122592423673	1.221265049231605	0.9691589396857364	2.59041749217302	0.09504877264402747	9.171148859865648	137.14731087556876	3.4794682637822825	0.9948557574698658	37.7016615463063	239.202858318046	-0.5285659711478509
3.060005016722408	3.94314381270903	2.4536896531298105	0.0020495116518541813	1.2210421533047475	0.9696526318982437	2.595123024517761	0.09319650199595239	9.160593319417654	137.74569379732304	3.4795012542320083	0.994916032733136	37.73929823015598	239.21643102782548	-0.5349801575385559
3.064219899665552	3.94314381270903	2.4542561339013744	0.0020005700722798944	1.2208241467204741	0.9701371898939113	2.5997727532675485	0.09137435726205122	9.150083022842711	138.33897781199428	3.4795360870709104	0.9949754868286571	37.7769112457141	239.23010086056166	-0.5413493656511813
3.068434782608696	3.94314381270903	2.4548158215164873	0.0019528558927704924	1.2206109274360186	0.9706127636326074	2.604365597303805	0.08958249144462893	9.139625063427298	138.92709320944186	3.479572673096342	0.9950341254558349	37.8144998028595	239.24385777111848	-0.5476715975287363
3.0726496655518396	3.94314381270903	2.455368666284834	0.0019063381890152386	1.2204023947044345	0.9710795026806267	2.608900586247071	0.08782101122202306	9.129226184617089	139.50998029340695	3.479610925412668	0.9950919546044328	37.85206315850938	239.25769203938063	-0.5539449434275046
3.0768645484949833	3.94314381270903	2.455914623832715	0.0018609867273177635	1.2201984490791087	0.971537556177831	2.6133768595843065	0.08608997823138623	9.118892772104447	140.0875891758416	3.4796507594751778	0.9951489805519116	37.8896006170898	239.27159427515835	-0.5601675858357777
3.081079431438127	3.94314381270903	2.4564536553225254	0.0018167719525588176	1.2199989924224834	0.9719870727922463	2.617793665231993	0.0843894105401305	9.108630848346957	140.65987952717495	3.4796920931272584	0.9952052098587338	37.92711153076421	239.28555542199882	-0.5663378028088419
3.085294314381271	3.94314381270903	2.4569857276224467	0.0017736649768329757	1.219803927918232	0.9724282006636479	2.622150357578608	0.08271928428304867	9.098446069419836	141.22682028719765	3.4797348466303	0.9952606493617704	37.964595299425	239.29956675985176	-0.5724539706269098
3.0895091973244146	3.94314381270903	2.4575108134280943	0.0017316375686516898	1.2196131600862323	0.9728610873376873	2.6264463950537458	0.08107953544162726	9.088343724083163	141.7883893414214	3.479778942686445	0.9953153061659679	38.00205137046142	239.31361990662927	-0.5785145657904905
3.0937240802675587	3.94314381270903	2.458028891338156	0.0016906621426128672	1.2194265947996141	0.9732858796921264	2.6306813372733697	0.07947006174200147	9.078328734926377	142.34457316782644	3.479824306453841	0.9953691876344446	38.03947923831358	239.32770681863343	-0.5845181663751056
3.0979389632107024	3.94314381270903	2.4585399458866046	0.0016507117494441025	1.2192441393032778	0.9737027238567092	2.634854841812255	0.07789072464832286	9.0684056614379	142.895366458895	3.4798708655546693	0.9954223013771905	38.07687844382883	239.34181978991302	-0.5904634527730322
3.102153846153846	3.94314381270903	2.45904396753428	0.001611760066335622	1.2190657022332563	0.9741117651281664	2.6389666606549986	0.07634135142899806	9.05857870483748	143.44077172373173	3.4799185500759253	0.995474655238552	38.11424857343488	239.3559514505668	-0.5963492078553922
3.10636872909699	3.94314381270903	2.459540952622917	0.0015737813874874638	1.2188911936363773	0.97451314788178	2.643016636376613	0.0748217372742158	9.048851714501186	143.98079887490147	3.4799672925632077	0.9955262572836844	38.15158925814678	239.37009476404918	-0.6021743165918121
3.110583612040134	3.94314381270903	2.4600309032948964	0.0015367506148041227	1.2187205249897222	0.9749070154808426	2.6470046981025757	0.07333164744439953	9.039228195805762	144.51546480440436	3.480017028007841	0.9955771157841489	38.188900172425335	239.38424302354318	-0.6079377651681878
3.114798494983278	3.94314381270903	2.460513827382034	0.0015006432486792858	1.21855360921942	0.9752935101852706	2.650930857296262	0.07187081943064069	9.029711319217933	145.04479295292575	3.4800676938275728	0.9956272392028339	38.22618103290395	239.39838984745256	-0.6136386396454293
3.1190133779264215	3.94314381270903	2.460989738266843	0.0014654353788214332	1.218390360718398	0.9756727730605034	2.6547952034194644	0.07043896510971787	9.02030393045677	145.56881287620982	3.4801192298413146	0.9956766361783644	38.263431597002146	239.41252917409244	-0.6192761242034006
3.123228260869565	3.94314381270903	2.461458654719653	0.0014311036750797523	1.2182306953627362	0.9760449438877298	2.6585978995087616	0.06903577287796266	9.01100856156128	146.08755981206747	3.4801715782383362	0.9957253155091639	38.30065166144337	239.42665525565232	-0.6248494990148854
3.127443143812709	3.94314381270903	2.4619206007148877	0.0013976253782380054	1.2180745305263365	0.9764101610763526	2.6623391777073953	0.06766090974995319	9.001827442702089	146.60107425118463	3.480224683542276	0.9957732861373148	38.33784106069292	239.4407626514924	-0.6303581377943361
3.131658026755853	3.94314381270903	2.462375605229795	0.0013649782907507405	1.2179217850936972	0.9767685615794929	2.6660193347890027	0.06631402340972263	8.992762514584063	147.10940151455264	3.4802784925706236	0.9958205571323595	38.374999665334485	239.45484622087804	-0.6358015050652416
3.1358729096989966	3.94314381270903	2.462823702028646	0.0013331407674039798	1.2177723794705724	0.9771202808132213	2.6696387277059306	0.06499474420388902	8.98381544129596	147.61259133997908	3.4803329543899255	0.9958671376751671	38.412127380398225	239.46890111519403	-0.6411791531889413
3.1400877926421407	3.94314381270903	2.4632649294353977	0.001302091705888021	1.2176262355924123	0.9774654525800871	2.673197769191386	0.06370268706776955	8.974987623473714	148.11069747979911	3.480388020267363	0.9959130370419784	38.44922414365698	239.48292276973845	-0.6464907191956087
3.1443026755852843	3.94314381270903	2.4636993300975525	0.0012718105372757779	1.2174832769304877	0.9778042089974116	2.6766969234411397	0.06243745337711847	8.966280211654665	148.60377731157453	3.4804436436191657	0.9959582645887347	38.4862899239036	239.4969068951659	-0.6517359214562791
3.148517558528428	3.94314381270903	2.4641269507437222	0.0012422772164052424	1.217343428495616	0.9781366804307128	2.680136701896867	0.06119863271964523	8.957694119711284	149.0918914632373	3.4804997799561903	0.9960028297357751	38.52332471922092	239.51084946863105	-0.6569145562323596
3.152732441471572	3.94314381270903	2.4645478419372977	0.0012134722121683187	1.2172066168395153	0.9784629954325285	2.683517659150132	0.05998580458183878	8.949230038264503	149.57510345385583	3.480556386827292	0.9960467419529818	38.560328555256966	239.524746724722	-0.6620264941363354
3.1569473244147157	3.94314381270903	2.46496205782829	0.0011853764977124061	1.217072770053764	0.9787832806868229	2.686840388982562	0.05879853994793327	8.940888447987803	150.05347935090458	3.4806134237608077	0.9960900107454357	38.5973014835147	239.53859514623178	-0.6670716765348648
3.16116220735786	3.94314381270903	2.4653696559052953	0.0011579715405635456	1.2169418177664333	0.9790976609590861	2.690105520555006	0.05763640280897911	8.93266963272425	150.52708744468288	3.480670852204604	0.9961326456396384	38.63424357966566	239.55239145482935	-0.6720501119225373
3.1653770903010034	3.94314381270903	2.4657706967492308	0.0011312392926829714	1.2168136911364298	0.9794062590521534	2.693313714755505	0.05649895158106487	8.924573692349265	150.99599794028177	3.480728635465028	0.9961746561703404	38.67115494189472	239.56613260167885	-0.6769618722918582
3.169591973244147	3.94314381270903	2.466165243790387	0.0011051621804699038	1.216688322845664	0.9797091957677253	2.696465660713563	0.05538574043261533	8.916600555321928	151.46028266731307	3.4807867386452	0.9962160518680102	38.708035689283975	239.57981575806699	-0.6818070895222881
3.1738068561872907	3.94314381270903	2.4665533630700427	0.001079723094725767	1.2165656470891217	0.980006589873505	2.699562072485734	0.0542963205215318	8.908749990876961	151.9200148074144	3.480845128582913	0.9962568422469673	38.744885960240325	239.59343830607193	-0.686585951808333
3.178021739130435	3.94314381270903	2.4669351230077456	0.0010549053805951223	1.216445599562951	0.9802985580758232	2.7026036859155615	0.0532302411436014	8.901021620818304	152.3752686394007	3.480903773788405	0.9962970367941953	38.78170591097167	239.6069978293101	-0.6912987001444145
3.1822366220735785	3.94314381270903	2.4673105941752347	0.0010306928274996107	1.2163281174507103	0.9805852149975901	2.705591255669142	0.05218705079420528	8.893414930883347	152.82611930179573	3.4809626443824198	0.9963366449588426	38.81849571401673	239.6204921038146	-0.6959456248814347
3.1864515050167226	3.94314381270903	2.4676798490776943	0.0010070696590814333	1.2162131394078741	0.9808666731613744	2.7085255524457965	0.05116629814583439	8.885929281653954	153.2726425723541	3.4810217120346247	0.9963756761424118	38.855255556829974	239.6339190890521	-0.7005270623679609
3.1906663879598662	3.94314381270903	2.4680429619430213	0.0009840205231724495	1.2161006055447598	0.9811430429773849	2.7114073603622173	0.05016753294430396	8.878563918997314	153.7149146641064	3.481080949902753	0.9964141396896367	38.891985640425176	239.64727691912324	-0.7050433916866623
3.19488127090301	3.94314381270903	2.468400008519523	0.0009615304818052376	1.215990457407989	0.981414432736115	2.7142374745069957	0.049190306826885695	8.871317984025266	154.15301203736567	3.4811403325725405	0.9964520448800328	38.9286861780783	239.66056389415573	-0.7094950314946761
3.199096153846154	3.94314381270903	2.468751065882443	0.000939585001281355	1.2158826379606351	0.9816809486053919	2.7170166986617006	0.048234174065786006	8.864190522566176	154.58701122709024	3.4811998359987357	0.9964894009201131	38.965357394091576	239.67377847192162	-0.713882436974826
3.2033110367892976	3.94314381270903	2.4690962122495206	0.0009181699423119271	1.215777091561185	0.9819426946315638	2.719745843183688	0.047298692240584604	8.857180494147867	155.0169886849393	3.481259437447237	0.9965262169362492	39.0019995226184	239.68691925968218	-0.7182060969028881
3.2075259197324417	3.94314381270903	2.469435526805746	0.0008972715502443228	1.2156737639414497	0.9821997727445522	2.7224257230452618	0.04638342284333898	8.850286780494113	155.44302063533397	3.48131911543856	0.9965625019681584	39.038612806549615	239.69998500628634	-0.7224665308347173
3.2117408026755854	3.94314381270903	2.469769089537354	0.0008768764453884258	1.2155726021835493	0.9824522827664959	2.725057156023253	0.04548793182012333	8.8435081935406	155.86518294481144	3.4813788496926388	0.9965982649629963	39.07519749646029	239.7129745945153	-0.7266642864157327
3.215955685618729	3.94314381270903	2.4700969810750304	0.0008569716134544145	1.2154735546961022	0.9827003224237124	2.7276409610327197	0.044611790052776386	8.836843482979035	156.28355100394919	3.4814386210751467	0.9966335147700278	39.11175384961632	239.72588703369763	-0.7307999368139478
3.220170568561873	3.94314381270903	2.4704192825462736	0.0008375443961134	1.2153765711897373	0.9829439873617078	2.730177956598216	0.04375457378460402	8.830291343340582	156.69819962113738	3.4814984115453536	0.996668260135855	39.148282129040034	239.73872145259023	-0.7348740782769226
3.2243854515050168	3.94314381270903	2.4707360754367205	0.0008185824816911194	1.2152816026520354	0.9831833711629709	2.7326689594558644	0.04291586499372564	8.823850420631608	157.1092029274769	3.481558204105551	0.9967025097001722	39.18478260263269	239.75147709252795	-0.7388873278120278
3.2286003344481604	3.94314381270903	2.4710474414602905	0.0008000738960037405	1.2151886013220121	0.9834185653672938	2.735114783279406	0.04209525171766758	8.817519318536322	157.5166342920942	3.4816179827521223	0.9967362719920232	39.22125554235304	239.76415330084527	-0.742840320988586
3.2328152173913045	3.94314381270903	2.4713534624379085	0.0007820069933439195	1.2150975206642498	0.9836496594943751	2.73751623752345	0.041292328332693085	8.81129660420213	157.920566247184	3.4816777324282797	0.9967695554265332	39.25770122344971	239.77674952457195	-0.7467337098599359
3.237030100334448	3.94314381270903	2.471654220184529	0.0007643704476243339	1.2150083153427536	0.9838767410684646	2.7398741263770576	0.04050669579124663	8.805180813624304	158.32107042210154	3.4817374389784295	0.9968023683020876	39.29411992374561	239.78926530439136	-0.7505681610028754
3.241244983277592	3.94314381270903	2.471949796404209	0.0007471532436846561	1.2149209411946396	0.9840998956448254	2.7421892478210617	0.039737961820744815	8.79917045664728	158.7182174858581	3.4817970891042402	0.9968347187979305	39.330511922972356	239.80170026886853	-0.7543443536714589
3.245459866220736	3.94314381270903	2.4722402725929116	0.0007303446687673584	1.2148353552037265	0.9843192068377986	2.7444623927825527	0.038985741086805116	8.79326402160019	159.11207709739554	3.4818566703223772	0.996866614972159	39.36687750215304	239.8140541289413	-0.7580629780617547
3.2496747491638796	3.94314381270903	2.4725257299487153	0.0007139343041665533	1.2147515154740969	0.9845347563502678	2.746694344380202	0.0382496553238503	8.787459979584456	159.50271786304137	3.4819161709238378	0.9968980647600826	39.403216943030124	239.82632667265764	-0.7617247336840884
3.2538896321070236	3.94314381270903	2.4728062492891323	0.0006979120170534427	1.2146693812037148	0.9847466240043307	2.748885877254284	0.0375293334358777	8.781756788431244	159.89020730057717	3.481975579934976	0.9969290759729269	39.43953052753793	239.83851776017443	-0.7653303278386574
3.2581045150501673	3.94314381270903	2.473081910975179	0.0006822679524810124	1.214588912658145	0.9849548877730031	2.751037756975499	0.036824411570016494	8.77615289634645	160.27461180938099	3.4820348870801	0.9969596562968549	39.47581853731602	239.850627318992	-0.7688804741907871
3.262319397993311	3.94314381270903	2.4733527948418765	0.0006669925255700115	1.2145100711444365	0.9851596238127841	2.7531507395269372	0.03613453316534991	8.770646745260569	160.6559966461343	3.4820940827456353	0.9969898132922824	39.512081253262444	239.86265533942648	-0.7723758914414665
3.266534280936455	3.94314381270903	2.4736189801348623	0.0006520764138774331	1.2144328189852243	0.9853609064969308	2.755225570853785	0.035459348979319384	8.765236773900448	161.03442590561298	3.4821531579458465	0.9970195543934656	39.54831895512416	239.87460187031226	-0.7758173020891601
3.2707491638795987	3.94314381270903	2.4738805454527704	0.0006375105499482247	1.2143571194930853	0.9855588084492983	2.7572629864756566	0.03479851709388129	8.759921420599614	161.40996250611278	3.4822121042900616	0.9970488869083395	39.584531921123016	239.88646701492664	-0.7792054312786978
3.274964046822743	3.94314381270903	2.4741375686950526	0.0006232861140502982	1.214282936945195	0.9857534005786126	2.7592637111566263	0.03415170290343767	8.754699125862894	161.78266817908286	3.4822709139513144	0.9970778180185853	39.6207204276145	239.89825092712144	-0.7825410057329149
3.2791789297658864	3.94314381270903	2.474390127014957	0.0006093945270923918	1.2142102365583203	0.9859447521130537	2.7612284586284424	0.03351857908642351	8.749568334701204	162.1526034625789	3.482329579636468	0.9971063547799092	39.65688474877854	239.9099538076697	-0.7858247527631222
3.28339381270903	3.94314381270903	2.4746382967773206	0.0005958274437239332	1.2141389844641748	0.9861329306350399	2.7631579313624988	0.032898825562295925	8.744527498751008	162.51982769816112	3.482388094557657	0.9971345041225115	39.69302515633912	239.92157590080072	-0.7890573993541872
3.2876086956521737	3.94314381270903	2.4748821535209045	0.0005825767456155311	1.2140691476851682	0.986318002116111	2.7650528203865408	0.032292129435539656	8.739575078192864	162.8843990309005	3.4824464524050853	0.997162272851732	39.729141919311935	239.93311749093013	-0.7922396713203276
3.291823578595318	3.94314381270903	2.4751217719249765	0.0005696345349184396	1.2140006941105714	0.9865000309518155	2.7669138051422353	0.03169818492818657	8.73470954348262	163.24637441217214	3.482504647321113	0.9971896676488519	39.76523530377785	239.94457889957076	-0.7953722925276672
3.2960384615384615	3.94314381270903	2.4753572257798635	0.0005569931279009456	1.2139335924731127	0.9866790799965227	2.7687415533800515	0.03111669330221628	8.729929376908139	163.60580960494417	3.482562673875546	0.9972166950720398	39.80130557268027	239.95596048241245	-0.7984559841799235
3.3002533444816056	3.94314381270903	2.475588587961213	0.00054464504875933	1.2138678123260278	0.9868552105980806	2.7705367210880736	0.03054736277311104	8.725233073983883	163.9627591912891	3.482620527042154	0.9972433615574247	39.83735298564552	239.96726262657432	-0.8014914641634253
3.304468227424749	3.94314381270903	2.4758159304077174	0.000532583023600864	1.213803324020572	0.9870284826322541	2.7722999524516427	0.029989908415718514	8.720619144694947	164.31727658186946	3.4826782021763094	0.9972696734202844	39.873377798824	239.97848574801048	-0.8044794464481034
3.308683110367893	3.94314381270903	2.476039324102044	0.0005207999745959932	1.2137400986840086	0.9871989545368824	2.7740318798409027	0.029444052063490676	8.716086114601593	164.66941402716384	3.4827356949937407	0.9972956368563367	39.90938026475115	239.98963028907	-0.8074206405409627
3.312897993311037	3.94314381270903	2.476258839054757	0.0005092890142967483	1.213678108198076	0.9873666833457012	2.775733123823551	0.028909522202065316	8.711632525814576	165.01922263022445	3.482793001550311	0.9973212579431195	39.945360632226176	240.00069671619514	-0.8103157509889027
3.3171128762541806	3.94314381270903	2.4764745442910097	0.0004980434401181767	1.2136173251779452	0.9875317247217834	2.7774042932003087	0.028386053858076077	8.707256937851108	165.36675236077238	3.4828501182228386	0.9973465426414522	39.98131914620835	240.01168551776226	-0.8131654769277681
3.3213277591973247	3.94314381270903	2.476686507839801	0.0004870567289795784	1.2135577229516712	0.9876941329905565	2.7790459850607574	0.027873388484000443	8.702957928380618	165.71205207045014	3.482907041690873	0.9973714967969657	40.01725604772842	240.0225972020503	-0.8159705116746201
3.3255426421404684	3.94314381270903	2.476894796725601	0.00047632253210207887	1.2134992755401346	0.9878539611723591	2.7806587848574242	0.02737127383977153	8.698734093868913	166.05516950907258	3.4829637689194013	0.9973961261416929	40.05317157381487	240.0334322953329	-0.818731542360535
3.329757525083612	3.94314381270903	2.477099476962159	0.00046583466995911535	1.2134419576374764	0.9880112610145062	2.7822432664961023	0.026879463871818294	8.694584050128743	166.39615134172453	3.483020297142407	0.9974204362957111	40.0890659574333	240.04419134008432	-0.8214492496011885
3.3339724080267557	3.94314381270903	2.4773006135483233	0.0004555871273762971	1.2133857445920266	0.9881660830228365	2.783799992440617	0.026397718590135757	8.690506432784542	166.7350431665742	3.483076623847304	0.997444432768827	40.12493942743814	240.05487489330017	-0.8241243072027254
3.3381872909698997	3.94314381270903	2.4774982704657282	0.00044557404877695184	1.213330612387728	0.988318476492718	2.7853295138303475	0.025925803943917632	8.686499897658127	167.07188953327878	3.4831327467601896	0.9974681209622995	40.16079220853618	240.06548352492476	-0.8267573819004712
3.3424021739130434	3.94314381270903	2.477692510678162	0.000435789733569917	1.2132765376260406	0.9884684895394938	2.7868323706089293	0.02546349169624586	8.68256312108216	167.40673396186895	3.483188663831838	0.9974915061705909	40.19662452126018	240.07601781637564	-0.8293491331282808
3.3466170568561875	3.94314381270903	2.4778833961324764	0.00042622863167580955	1.2132234975083185	0.9886161691283522	2.7883090916627338	0.025010559298264637	8.678694800147367	167.73961896201376	3.4832443732243736	0.9975145935831419	40.23243658195157	240.08647835915318	-0.8319002128164176
3.350831939799331	3.94314381270903	2.478070987760966	0.0004168853391881553	1.2131714698186897	0.9887615611036087	2.789760194967898	0.024566789763230956	8.674893652889406	168.07058605257978	3.483299873298802	0.9975373882861649	40.26822860275338	240.09686575356372	-0.8344112652157488
3.355046822742475	3.94314381270903	2.4782553454849854	0.0004077545941658804	1.2131204329073746	0.9889047102173906	2.7911861877445654	0.02413197154078997	8.671158418420461	168.39967578139257	3.483355162603013	0.9975598952644492	40.3040007916096	240.10718060749844	-0.8368829267466246
3.359261705685619	3.94314381270903	2.47843652821978	0.0003988312725534086	1.213070365674487	0.9890456601577176	2.792587566617402	0.023705898391780573	8.667487857010737	168.72692774513732	3.483410239860545	0.9975821194031743	40.339753352272915	240.1174235353115	-0.8393158258704304
3.3634765886287625	3.94314381270903	2.478614593880382	0.00039011038422494406	1.2130212475542865	0.9891844535759726	2.793964817781311	0.02328836926384553	8.663880750124322	169.05238060932754	3.4834651039599187	0.9976040654897277	40.37548648431882	240.12759515676728	-0.8417105829822197
3.3676914715719066	3.94314381270903	2.4787895993884463	0.00038158706914934165	1.2129730584998661	0.9893211321137622	2.795318417171451	0.022879188168085124	8.660335900413639	169.3760721282836	3.4835197539444884	0.9976257382155211	40.411200383165365	240.13769609605285	-0.8440678103228829
3.3719063545150503	3.94314381270903	2.4789616006800004	0.0003732565936720966	1.2129257789682941	0.9894557364291643	2.796648830636794	0.022478164056965066	8.656852131676564	169.6980391650716	3.4835741890029226	0.9976471421778044	40.4468952400992	240.14772698086824	-0.8463881119092815
3.376121237458194	3.94314381270903	2.4791306527139394	0.0003651143469110744	1.2128793899061754	0.9895883062223649	2.7979565141163905	0.02208511070366354	8.653428288779674	170.01831771135173	3.4836284084601346	0.9976682818814715	40.482571242305895	240.15768844157077	-0.8486720834809628
3.3803361204013376	3.94314381270903	2.4792968094812564	0.00035715583726256777	1.2128338727356383	0.9897188802606881	2.799241913817761	0.02169984658301405	8.650063237551196	170.3369429071	3.4836824117687657	0.9976891617408576	40.518228572905336	240.16758111038823	-0.8509203124622313
3.3845510033444817	3.94314381270903	2.4794601240148513	0.00034937668901445637	1.2127892093407202	0.9898474964030198	2.8005054663966993	0.02132219475418218	8.646755864646522	170.6539490601607	3.483736198501011	0.9977097860815236	40.55386741099003	240.17740562067016	-0.8531333779383194
3.3887658862876253	3.94314381270903	2.47962064839996	0.00034177263906309536	1.2127453820541778	0.9899741916236335	2.801747599138069	0.020951982745193137	8.643505077389474	170.969369665607	3.4837897683410803	0.997730159142026	40.58948793166861	240.1871626062193	-0.8553118506443961
3.3929807692307694	3.94314381270903	2.4797784337849995	0.0003343395337309697	1.2127023736446583	0.9900990020354229	2.8029687301369384	0.02058904243940666	8.640309803591613	171.28323742487024	3.4838431210778573	0.9977502850756703	40.625090306110835	240.19685270064264	-0.8574562929666064
3.397195652173913	3.94314381270903	2.479933530392912	0.00032707332568179646	1.2126601673042847	0.9902219629125483	2.8041692684797854	0.020233209964022034	8.637168991352382	171.59558426462718	3.48389625659817	0.9977701679522468	40.66067470159694	240.2064765367774	-0.8595672589538247
3.4014105351170567	3.94314381270903	2.4800859875328225	0.0003199700709302617	1.2126187466365852	0.9903431087125059	2.8053496144251935	0.0198843255806809	8.634081608842052	171.90644135541126	3.4839491748802436	0.9977898117597451	40.69624128156799	240.2160347461352	-0.8616452943395089
3.405625418060201	3.94314381270903	2.480235853612064	0.00031302592594327597	1.2125780956448087	0.9904624730976256	2.806510159583848	0.019542233578217327	8.631046644069677	172.21583912994188	3.48400187598768	0.9978092204060486	40.7317902056799	240.22552795841085	-0.8636909365724771
3.4098403010033445	3.94314381270903	2.4803831761484454	0.00030623714482999305	1.212538198720575	0.9905800889560116	2.807651287097379	0.019206782167601997	8.628063104637913	172.5238073011477	3.4840543600636495	0.9978283977206055	40.76732162985803	240.23495680101223	-0.8657047148560967
3.4140551839464885	3.94314381270903	2.480528001782757	0.0002996000766177365	1.2124990406328757	0.9906959884219294	2.80877337181586	0.018877823379105037	8.625130017486452	172.83037487987764	3.484106627325451	0.9978473474560774	40.80283570635402	240.24432189863282	-0.8676871501949299
3.418270066889632	3.94314381270903	2.4806703762914877	0.00029311116261109335	1.212460606517417	0.9908102028956525	2.8098767804736915	0.018555212961702112	8.622246428625665	173.13557019228773	3.484158678059419	0.9978660732899624	40.838332583804174	240.2536238728655	-0.8696387554481595
3.422484949832776	3.94314381270903	2.480810344599662	0.00028676693383162415	1.2124228818662741	0.9909227630627809	2.8109618718636167	0.018238810284734796	8.619411402861882	173.43942089689327	3.484210512616051	0.997884578826193	40.87381240728863	240.26286334183752	-0.8715600353892188
3.4266998327759195	3.94314381270903	2.4809479507938197	0.0002805640085354832	1.2123858525178686	0.9910336989130369	2.8120289970087238	0.0179284782418275	8.616624023515708	173.74195400128468	3.484262131405444	0.9979028675967097	40.90927531839152	240.2720409198827	-0.8734514867710192
3.4309147157190636	3.94314381270903	2.4810832381350627	0.00027449908980659043	1.2123495046472463	0.9911430397585542	2.8130784993322253	0.017624083157062022	8.613883392134468	174.04319587849605	3.4843135348929573	0.997920943063006	40.94472145526169	240.28115721723492	-0.8753135983960855
3.4351295986622072	3.94314381270903	2.4812162490721903	0.000268568963222804	1.212313824756664	0.991250814251668	2.814110714824932	0.017325494693398204	8.611188628200116	174.34317228303127	3.4843647235951987	0.997938808617649	40.98015095267484	240.29021283976178	-0.877146851191209
3.4393444816053513	3.94314381270903	2.4813470252548404	0.0002627704945928346	1.212278799666452	0.991357050402218	2.8151259722102244	0.01703258576332708	8.608538868833342	174.64190836653833	3.4844156980761456	0.9979564675857708	41.015563942094936	240.29920838870743	-0.8789517182861133
3.443559364548495	3.94314381270903	2.4814756075466526	0.00025710062776158264	1.212244416506165	0.9914617755943769	2.816124593106475	0.016745232441739463	8.605933268495022	174.9394286931351	3.484466458943559	0.9979739232265344	41.050960551736715	240.3081444604696	-0.88072866509559
3.4477742474916386	3.94314381270903	2.4816020360384092	0.0002515563824817029	1.2122106627059928	0.9915650166030132	2.817106892186785	0.016463313880986347	8.603370998685726	175.23575725438494	3.484517006845528	0.9979911787345711	41.08634090662761	240.3170216463888	-0.8824781494048564
3.4519891304347827	3.94314381270903	2.4817263500611726	0.00024613485234921206	1.21217752598846	0.9916667996096014	2.8180731773360512	0.01618671222810396	8.60085124764413	175.53091748392825	3.4845673424673427	0.9980082372413913	41.12170512867083	240.32584053257398	-0.8842006214575214
3.4562040133779264	3.94314381270903	2.48184858819933	0.00024083320280116202	1.212144994360346	0.991767150217689	2.8190237498051665	0.015915312544176396	8.598373220044904	175.82493227176178	3.484617466528392	0.9980251018167667	41.15705333670688	240.33460169972733	-0.8858965240460671
3.4604188963210705	3.94314381270903	2.4819687883036132	0.0002356486691732516	1.2121130561048843	0.9918660934679339	2.81995890436246	0.01564900272580056	8.595936136696784	176.11782397818078	3.4846673797793795	0.9980417754700862	41.19238564657621	240.34330572300468	-0.887566292604241
3.464633779264214	3.94314381270903	2.482086987504012	0.0002305785548155398	1.2120816997741795	0.9919636538527199	2.820878929442226	0.015387673428624174	8.593539234241419	176.4096144473775	3.4847170829996084	0.9980582611516836	41.22770217118066	240.3519531718803	-0.889210355301347
3.4688486622073578	3.94314381270903	2.4822032222225983	0.0002256202292643083	1.2120509141818654	0.992059855330364	2.821784107290369	0.015131217992915105	8.59118176485332	176.70032502070413	3.4847665769944567	0.9980745617541389	41.26300302054479	240.36054461003135	-0.8908291331378732
3.4730635451505014	3.94314381270903	2.482317528186265	0.00022077112646828848	1.2120206883959936	0.9921547213389242	2.8226747141071886	0.014879532371128885	8.588862995941644	176.98997654960772	3.4848158625930568	0.9980906801135521	41.298288301877314	240.3690805952442	-0.8924230400423898
3.4772784280936455	3.94314381270903	2.48242994043931	0.00021602874306750474	1.2119910117321222	0.992248274809621	2.8235510201871823	0.014632515057433702	8.586582209853885	177.27858940823202	3.4848649406459877	0.9981066190107897	41.33355811963088	240.37756167931744	-0.8939924829694561
3.481493311036789	3.94314381270903	2.4825404933559527	0.000211390636722972	1.2119618737466433	0.9923405381798779	2.824413290056027	0.01439006701915313	8.584338703582144	177.5661835057043	3.4849138120232785	0.9981223811727065	41.36881257556279	240.38598840800108	-0.8955378619981172
3.4857081939799333	3.94314381270903	2.482649220652644	0.0002068544244957092	1.2119332642302787	0.9924315334059981	2.825261782604573	0.014152091630086532	8.582131788472058	177.85277829810002	3.484962477612331	0.9981379692733389	41.404051768793295	240.39436132091993	-0.8970595704312048
3.489923076923077	3.94314381270903	2.482756155400314	0.0002024177812733557	1.2119051732018125	0.9925212819754821	2.8260967512200406	0.013918494605665481	8.57996078993482	178.13839280010157	3.4850109383161745	0.998153385935074	41.43927579586511	240.40268095153638	-0.8985579948947365
3.4941379598662206	3.94314381270903	2.482861330036406	0.00019807843824296345	1.211877590901982	0.9926098049189972	2.8269184439142765	0.013689183939905038	8.577825047162444	178.42304559634806	3.4850591950516545	0.9981686337297923	41.474484750800656	240.41094782709973	-0.9000335154377113
3.4983528428093646	3.94314381270903	2.482964776376801	0.00019383418140839583	1.211850507787574	0.9926971228220117	2.8277271034492255	0.013464069844107567	8.575723912846575	178.70675485249	3.4851072487478483	0.9981837151799853	41.509678725159574	240.41916246862112	-0.9014865056318396
3.5025677257525083	3.94314381270903	2.483066525627567	0.0001896828501509686	1.211823914525693	0.9927832558360976	2.828522967459557	0.013243064687278995	8.573656752900963	178.9895383259481	3.4851551003445205	0.9981986327598487	41.54485780809488	240.42732539084855	-0.9029173326712128
3.5067826086956524	3.94314381270903	2.483166608396551	0.00018562233583188035	1.2117978019882054	0.9928682236899166	2.8293062685725245	0.013026082938213144	8.571622946187782	179.27141337638753	3.485202750790709	0.9982133888963501	41.580022086408725	240.43543710225543	-0.9043263574717069
3.510997491638796	3.94314381270903	2.483265054704798	0.00018165058043515924	1.2117721612463443	0.9929520456998956	2.8300772345250653	0.012813041109205127	8.569621884247962	179.55239697591028	3.485250201043339	0.9982279859702744	41.615171644606704	240.44349810502854	-0.9057139347701267
3.5152123745819397	3.94314381270903	2.4833618939978193	0.00017776557524976693	1.2117469835654937	0.993034740780601	2.8308360882782195	0.012603857701350897	8.567652971035628	179.83250571897582	3.4852974520660323	0.9982424263172429	41.65030656495227	240.45150889507673	-0.9070804132227404
3.5194272575250833	3.94314381270903	2.483457155156684	0.00017396535958965663	1.2117222604001132	0.9931163274548204	2.831583048128857	0.012398453151392987	8.565715622656754	180.11175583205252	3.485344504827913	0.9982567122287119	41.68542692751966	240.4594699620367	-0.9084261355034174
3.5236421404682274	3.94314381270903	2.4835508665089163	0.0001702480195505789	1.211697983388819	0.9931968238633607	2.832318327818765	0.012196749780072137	8.563809267112058	180.39016318300665	3.485391360302472	0.998270845952947	41.72053281024557	240.46738178928072	-0.9097514384010609
3.5278570234113715	3.94314381270903	2.483643055839255	0.0001666116868024192	1.2116741443496186	0.9932762477745702	2.833042136641185	0.011998671741943386	8.561933344044292	180.6677432902384	3.4854380194665837	0.9982848296959745	41.75562428898083	240.47524485394177	-0.9110566529162789
3.532071906354515	3.94314381270903	2.4837337504002126	0.0001630545374160042	1.2116507352752806	0.9933546165935936	2.8337546795447874	0.011804144976619822	8.560087304489944	180.94451133156858	3.485484483299525	0.9982986656225126	41.79070143754059	240.48305962693448	-0.9123421043573703
3.536286789297659	3.94314381270903	2.483822976922485	0.0001595747907232285	1.2116277483288536	0.9934319473713658	2.8344561572351776	0.011613097161402283	8.558270610635327	181.22048215288368	3.4855307527821244	0.9983123558568789	41.825764327754044	240.4908265729903	-0.9136081124353143
3.5405016722408025	3.94314381270903	2.4839107616251455	0.00015617070820952048	1.2116051758392998	0.9935082568133552	2.8351467662739047	0.011425457665260067	8.556482735577127	181.49567027654058	3.4855768288958733	0.9983259024838789	41.860813029512514	240.49854615068318	-0.9148549913579906
3.5447165551839466	3.94314381270903	2.4839971302257	0.00015284059243755518	1.211583010297273	0.9935835612880611	2.8358266991751244	0.011241157504122792	8.554723163087454	181.77008990954576	3.4856227126221753	0.9983393075496718	41.8958476108173	240.5062188124703	-0.9160830499233583
3.54893143812709	3.94314381270903	2.484082107949961	0.00014958278600128757	1.2115612443510217	0.9936578768352731	2.8364961444998875	0.011060129297447862	8.552991387383333	182.04375495150776	3.4856684049416464	0.9983525730626177	41.93086813782652	240.51384500473642	-0.9172925916116055
3.5531463210702343	3.94314381270903	2.48416571954173	0.00014639567050934025	1.2115398708024028	0.9937312191741006	2.837155286948122	0.010882307226027618	8.551286912900666	182.31667900237153	3.4857139068334213	0.9983657009941038	41.96587467490078	240.52142516783482	-0.9184839146763178
3.557361204013378	3.94314381270903	2.484247989272327	0.00014327766559682972	1.211518882603022	0.9938036037107789	2.837804307448367	0.010707626991000946	8.54960925407263	182.58887536993967	3.485759219274548	0.9983786932793517	42.000867284648145	240.5289597361375	-0.9196573122345086
3.5615760869565216	3.94314381270903	2.484328940949926	0.00014022722796475123	1.2114982728504793	0.9938750455462568	2.8384433832452913	0.01053602577403439	8.547957935112501	182.8603570771882	3.4858043432393795	0.9983915518182058	42.035846027967914	240.53644913808108	-0.9208130723555976
3.5657909698996653	3.94314381270903	2.4844085979287476	0.00013724285044605834	1.211478034784735	0.9939455594835748	2.8390726879850696	0.01036744219864049	8.54633248980087	183.1311368693794	3.4858492796990994	0.9984042784759029	42.07081096409417	240.5438937962279	-0.9219514781491336
3.5700058528428094	3.94314381270903	2.484486983118049	0.0001343230610976368	1.211458161784568	0.9940151600350371	2.8396923917986197	0.01020181629259939	8.544732461277208	183.4012272209792	3.485894029621177	0.9984168750838234	42.10576215063761	240.551294127314	-0.9230728078514958
3.5742207357859535	3.94314381270903	2.484564118990977	0.0001314664223173358	1.2114386473641505	0.9940838614291881	2.8403026613828133	0.010039089451451684	8.54315740183577	183.67064034238567	3.4859385939689402	0.9984293434402254	42.14069964362705	240.55865054231043	-0.9241773349113185
3.578435618729097	3.94314381270903	2.4846400275932283	0.00012867152998532805	1.2114194851697104	0.994151677617593	2.8409036600796362	0.009879204403032391	8.54160687272575	183.93938818647004	3.4859829737011476	0.9984416853109607	42.175623497549836	240.565963446481	-0.9252653280737562
3.5826505016722408	3.94314381270903	2.4847147305515707	0.00012593701262902013	1.211400668976302	0.9942186222814338	2.8414955479534143	0.009722105173014275	8.540080443955663	184.2074824549402	3.486027169771637	0.9984539024301746	42.2105337653918	240.57323323944775	-0.9263370514635121
3.5868653846153844	3.94314381270903	2.484788249082162	0.00012326153061083007	1.2113821926846504	0.9942847088379234	2.842078481866062	0.009567737051432103	8.538577694101878	184.47493460452546	3.486071183128902	0.9984659965009884	42.24543049867519	240.58046031524322	-0.92739276466672
3.5910802675585285	3.94314381270903	2.4848606039987655	0.0001206437753380845	1.2113640503181144	0.9943499504465442	2.8426526155505383	0.009416046560157786	8.537098210121354	184.74175585299727	3.486115014715859	0.998477969196166	42.28031374749756	240.58764506238703	-0.9284327228114996
3.595295150501672	3.94314381270903	2.4849318157207474	0.00011808246849442815	1.2113462360197083	0.9944143600151155	2.8432180996823817	0.009266981421299404	8.53564158716828	185.0079571850182	3.48615866546949	0.9984898221587653	42.31518356056817	240.5947878639414	-0.9294571766473709
3.5995100334448162	3.94314381270903	2.4850019042809532	0.00011557636129204135	1.211328744049223	0.9944779502056957	2.8437750819495156	0.009120490526495741	8.534207428414852	185.27354935783453	3.4862021363205855	0.9985015570027727	42.35003998524433	240.60188909757832	-0.9304663726233945
3.60372491638796	3.94314381270903	2.485070889333428	0.00011312423374406943	1.2113115687804321	0.9945407334403243	2.844323707120294	0.00897652390708121	8.532795344875924	185.53854290681184	3.486245428193542	0.9985131753137241	42.384883067567195	240.6089491356517	-0.9314605529650646
3.6079397993311035	3.94314381270903	2.485138790160966	0.00011072489395664301	1.2112947046983649	0.9946027219066068	2.8448641171098497	0.008835032705092906	8.53140495523754	185.80294815081965	3.486288542006104	0.9985246786493106	42.419712852296115	240.61596834525935	-0.9324399557500308
3.612154682274247	3.94314381270903	2.4852056256825263	0.0001083771774399142	1.2112781463966655	0.9946639275631501	2.8453964510447696	0.008695969145097921	8.53003588568925	186.0667751974669	3.4863314786691775	0.9985360685399693	42.454529382942454	240.62294708831175	-0.9334048149825357
3.6163695652173913	3.94314381270903	2.4852714144604993	0.00010607994643752614	1.2112618885750248	0.99472436214485	2.8459208453261806	0.0085592865068131	8.52868776976021	186.33003394819747	3.48637423908668	0.9985473464894611	42.48933270180304	240.62988572160427	-0.9343553606666448
3.6205844481605354	3.94314381270903	2.485336174707812	0.00010383208927398796	1.2112459260366766	0.9947840371680364	2.846437433691226	0.00842493909849665	8.527360248158917	186.5927341032436	3.48641682415534	0.9985585139754336	42.524122849991976	240.6367845968798	-0.9352918188782973
3.624799331103679	3.94314381270903	2.4853999242949154	0.00010163251971940302	1.2112302536859765	0.994842963935481	2.846946347273042	0.008292882231086039	8.526052968616575	186.8548851664479	3.4864592347646037	0.998569572449972	42.55889986747265	240.6436440609029	-0.9362144118360956
3.6290142140468227	3.94314381270903	2.485462680756614	0.00009948017637104981	1.211214866526038	0.9949011535412697	2.8474477146592125	0.008163072193061222	8.52476558573399	187.11649644995245	3.4865014717964966	0.9985805233401363	42.593663793088446	240.65046445552727	-0.9371233579709033
3.6332290969899663	3.94314381270903	2.4855244612987586	0.0000973740220513245	1.2111997596564372	0.9949586168755471	2.8479416619487683	0.00803546622601181	8.523497760831907	187.3775770787599	3.486543536125523	0.9985913680484854	42.628414664592846	240.6572461177651	-0.9380188719942825
3.6374439799331104	3.94314381270903	2.485585282804813	0.00009531304322154989	1.2111849282709821	0.9950153646291318	2.8484283128077834	0.007910022500885426	8.522249161804838	187.6381359951747	3.4865854286185827	0.9986021079535896	42.66315251867893	240.66398937985676	-0.9389011649657214
3.641658862876254	3.94314381270903	2.485645161842265	0.00009329624941120665	1.2111703676555368	0.9950714072980116	2.8489077885235514	0.007786700094899037	8.52101946297809	187.89818196311955	3.4866271501348716	0.9986127444105309	42.697877391007815	240.67069456933652	-0.9397704443587186
3.645873745819398	3.94314381270903	2.4857041146689474	0.00009132267266210781	1.2111560731859197	0.9951267551877185	2.8493802080574655	0.007665458969091402	8.519808344968194	188.15772357234067	3.4866687015258813	0.9986232787513909	42.732589316237345	240.67736200911014	-0.9406269141256365
3.650088628762542	3.94314381270903	2.485762157239179	0.0000893913669871232	1.2111420403258388	0.9951814184175893	2.849845688096524	0.007546259946499173	8.518615494546449	188.4167692424955	3.486710083635277	0.9986337122857275	42.76728832804869	240.683992017513	-0.941470774761543
3.6543035117056855	3.94314381270903	2.4858193052098203	0.00008750140784299396	1.2111282646249024	0.9952354069249122	2.8503043431036112	0.007429064690936538	8.517440604505618	188.67532722713398	3.486751297298921	0.9986440463010413	42.80197445917369	240.6905849083871	-0.9423022233667439
3.658518394648829	3.94314381270903	2.4858755739461866	0.00008565189161685553	1.211114741716669	0.9952887304689668	2.8507562853664954	0.007313835686361425	8.51628337352971	188.93340561757148	3.4867923433448134	0.9986542820632295	42.83664774142057	240.69714099114472	-0.943121453708374
3.662733277591973	3.94314381270903	2.485930978527842	0.00008384193512606236	1.2111014673167606	0.9953413986349576	2.851201625045633	0.007200536216810048	8.515143506066737	189.1910123466593	3.486833222593104	0.9986644208170302	42.871308205699684	240.70366057083996	-0.9439286562807108
3.6669481605351173	3.94314381270903	2.485985533754274	0.00008207067513094353	1.2110884372210167	0.9953934208378445	2.851640470220781	0.007089130346883232	8.51402071220444	189.44815519245387	3.4868739358560523	0.9986744637864561	42.90595588204802	240.7101439482311	-0.9447240183645815
3.671163043478261	3.94314381270903	2.4860392541504543	0.00008033726786010865	1.2110756473037065	0.9954448063260745	2.852072926936465	0.006979582902767916	8.512914707548823	189.70484178178913	3.4869144839380652	0.9986844121752179	42.940590799653755	240.71659141985293	-0.9455077240854824
3.6753779264214046	3.94314381270903	2.4860921539722853	0.00007864088854795283	1.2110630935157847	0.9954955641852166	2.8524990992463257	0.0068718594537776805	8.511825213105592	189.96107959375422	3.4869548676356943	0.998694267167138	42.97521298687974	240.7230032780809	-0.9462799544708268
3.6795928093645482	3.94314381270903	2.486144247211922	0.000076980730984021	1.2110507718831904	0.9955457033415028	2.852919089256369	0.006765926294397241	8.510751955164233	190.21687596307862	3.4869950877376454	0.9987040299265547	43.00982247128653	240.72937981119554	-0.9470408875060219
3.6838076923076923	3.94314381270903	2.4861955476030047	0.00007535600707387975	1.2110386785051988	0.9955952325652778	2.8533329971671635	0.0066617504268153705	8.50969466518487	190.472238083429	3.487035145024826	0.9987137015987164	43.044419279655095	240.73572130345113	-0.9477906981895822
3.688022575250836	3.94314381270903	2.486246068625767	0.00007376594641119247	1.2110268095528085	0.9956441604743608	2.8537409213149947	0.0065592995439324895	8.508653079687654	190.72717301061797	3.487075040270361	0.9987232833101669	43.079003438008485	240.74202803513853	-0.9485295585871377
3.69223745819398	3.94314381270903	2.486295823512041	0.00007220979586066303	1.2110151612671767	0.9956924955373206	2.8541429582120235	0.006458542012827757	8.507626940144823	190.98168766573116	3.4871147742396458	0.9987327761691229	43.11357497163352	240.74830028265004	-0.9492576378845841
3.6964523411371237	3.94314381270903	2.486344825250165	0.00007068681915156474	1.2110037299580898	0.9957402460766679	2.8545392025854435	0.006359446858673505	8.506615992875137	191.23578883816853	3.4871543476903737	0.9987421812658405	43.14813390510142	240.75453831854205	-0.9499751024400933
3.7006672240802674	3.94314381270903	2.486393086589786	0.00006919629648153746	1.210992512002482	0.9957874202719663	2.854929747415718	0.006261983749081891	8.505619988940882	191.48948318861136	3.4871937613726116	0.9987514996729755	43.18268026228841	240.7607424116004	-0.9506821158352501
3.704882107023411	3.94314381270903	2.486440620046558	0.00006773752413038795	1.2109815038429823	0.9958340261628643	2.8553146839738486	0.006166122978873144	8.504638684047185	191.74277725190728	3.4872330160288305	0.998760732445934	43.21721406639541	240.76691282689964	-0.9513788389251888
3.709096989966555	3.94314381270903	2.486487437906751	0.00006630981408359889	1.210970701986507	0.9958800716520516	2.8556941018577735	0.006071835455250812	8.503671838443701	191.9956774398847	3.4872721123939834	0.9987698806232154	43.25173533996749	240.77304982586713	-0.9520654298878346
3.713311872909699	3.94314381270903	2.486533552231755	0.00006491249366529387	1.2109601030028818	0.99592556450814	2.8560680890278514	0.005979092683374079	8.502719216828547	192.24819004409014	3.487311051195544	0.9987789452267476	43.28624410491255	240.77915366634045	-0.9527420442721741
3.717526755852843	3.94314381270903	2.4865789748625042	0.00006354490518038044	1.2109497035235075	0.9959705123684732	2.8564367318415305	0.005887866752313419	8.501780588254505	192.50032123845972	3.4873498331536097	0.9987879272622144	43.320740382520086	240.7852246026324	-0.9534088350456298
3.7217416387959865	3.94314381270903	2.4866237174237926	0.00006220640556563885	1.2109395002400498	0.9960149227418659	2.856800115087136	0.005798130321380317	8.500855726037356	192.75207708191786	3.487388458980939	0.9987968277193754	43.35522419347879	240.79126288558564	-0.9540659526405649
3.72595652173913	3.94314381270903	2.486667791328515	0.00006089636604949373	1.2109294899031715	0.9960588030112739	2.8571583220168795	0.005709856606818599	8.499944407666366	193.0034635209118	3.4874269293830453	0.9988056475723784	43.389695557894214	240.79726876263405	-0.9547135449998834
3.7301714046822743	3.94314381270903	2.486711207781813	0.00005961417182024513	1.2109196693212916	0.9961021604364008	2.8575114343790644	0.005623019368847276	8.499046414716819	193.2544863918812	3.4874652450582757	0.9988143877800659	43.42415449530593	240.80324247786135	-0.9553517576217734
3.734386287625418	3.94314381270903	2.486753977785132	0.000058359221702522126	1.2109100353593742	0.9961450021562364	2.857859532449514	0.005537592899045283	8.498161532764605	193.50515142366305	3.4875034066978707	0.9988230492862723	43.458601024703846	240.80918427205498	-0.9559807336036255
3.738601170568562	3.94314381270903	2.4867961121401985	0.00005713092784173806	1.2109005849377517	0.9961873351915358	2.8582026950622583	0.005453552008066909	8.497289551302726	193.7554642398377	3.4875414149860537	0.9988316330201168	43.493035164544594	240.815094382764	-0.9566006136851006
3.7428160535117057	3.94314381270903	2.486837621452919	0.00005592871539632835	1.210891315030977	0.9962291664472357	2.858540999639491	0.005370872013679438	8.496430263659798	194.00543036101453	3.4875792706001225	0.9988401398962882	43.527456932767336	240.82097304435524	-0.9572115362903726
3.7470309364548493	3.94314381270903	2.4868785161371934	0.000054752022237567304	1.2108822226667053	0.9962705027148133	2.858874522220814	0.005289528729113039	8.49558346692038	194.25505520706008	3.487616974210546	0.9988485708153237	43.56186634680927	240.8268204880701	-0.9578136375695644
3.751245819397993	3.94314381270903	2.486918806418642	0.00005360029865675618	1.2108733049245939	0.9963113506745858	2.859203337491775	0.005209498451714025	8.494748961847145	194.5043440992693	3.4876545264810095	0.9988569266638821	43.596263423620265	240.83263694207272	-0.9584070514394456
3.755460702341137	3.94314381270903	2.4869585023382643	0.0000524730070795843	1.2108645589352418	0.9963517168979554	2.859527518811748	0.005130757951892632	8.493926552804858	194.75330226248346	3.4876919280685232	0.998865208315009	43.630648179677614	240.83842263150572	-0.9589919096233245
3.759675585284281	3.94314381270903	2.4869976137560377	0.000051369621787471746	1.210855981879154	0.9963916078496001	2.859847138241168	0.00505328446235709	8.493116047686124	195.0019348271561	3.4877291796235514	0.9988734166283985	43.66502063100072	240.8441777785486	-0.9595683416901267
3.763890468227425	3.94314381270903	2.487036150354404	0.00005028962864571536	1.2108475709857212	0.9964310298896103	2.860162266568082	0.0049770556676254725	8.492317257838753	195.25024683136408	3.4877662817900426	0.9988815524506468	43.69938079316434	240.84990260246062	-0.9601364750928261
3.7681053511705684	3.94314381270903	2.487074121641714	0.00004923252483824493	1.2108393235322314	0.9964699892755758	2.860472973334119	0.004902049693807394	8.491529997994888	195.49824322277212	3.4878032352055506	0.9988896166155021	43.73372868131244	240.85559731963616	-0.960696435206106
3.772320234113712	3.94314381270903	2.487111536955584	0.00004819781860882758	1.2108312368429042	0.9965084921646215	2.8607793268598245	0.00482824509864812	8.490754086201678	195.74592886054575	3.4878400405013035	0.9988976099441077	43.7680643101711	240.8612621436513	-0.961248345363282
3.776535117056856	3.94314381270903	2.487148405466217	0.000047185029008533114	1.2108233082879578	0.9965465446153952	2.8610813942694517	0.004755620861827081	8.489989343753635	195.99330851722218	3.487876698302362	0.9989055332452396	43.80238769406204	240.86689728532266	-0.9617923268925105
3.78075	3.94314381270903	2.487184736179594	0.000046193685649323155	1.210815535282675	0.9965841525900078	2.861379241515093	0.004684156375504081	8.489235595126376	196.24038688052696	3.487913209227618	0.9989133873155398	43.83669884691415	240.8725029527422	-0.962328499152395