2.5205	5.083612040133779	2.10996257206067	0.10051200325913709	2.1099625720606707	0.10051200325913669	2.218959910072202	0.24114384053996324	8.87284253649455	84.33321108531199	3.37384829005831	0.9720759805903512	32.5842144233714	362.1610404750421	-0.04341288711442112
2.524714882943144	5.083612040133779	2.117028927319457	0.09778166571105314	2.1170289273194567	0.0977816657110533	2.2211658973132526	0.24017664799590066	8.878286733328846	84.65709072026996	3.37572486229661	0.972344799701338	32.63948251445679	362.69696064625015	-0.04341288711442112
2.528929765886288	5.083612040133779	2.124194363324385	0.09506718733387252	2.124194363324384	0.0950671873338727	2.223518544935875	0.2391803434906141	8.883925005635101	84.99089987517846	3.3777718122866167	0.9726139617873218	32.696093184895275	363.2697126891649	-0.04341288711442112
2.5331446488294316	5.083612040133779	2.131450704400832	0.092372423744088	2.131450704400833	0.09237242374408773	2.226020856141396	0.2381545467425829	8.889759442224786	85.33487947066043	3.379993374039746	0.9728835210389369	32.754083325450196	363.88033726866723	-0.04341288711442112
2.5373595317725752	5.083612040133779	2.1387895275085564	0.08970114166142826	2.1387895275085578	0.08970114166142781	2.228675608582973	0.23709893954732272	8.895791594910227	85.68925754058813	3.3823935331357324	0.9731535229644879	32.81348783707349	364.52982772143685	-0.04341288711442112
2.5415744147157193	5.083612040133779	2.146202230392125	0.08705698834531876	2.1462022303921247	0.08705698834531897	2.231485328796692	0.23601327078857415	8.902022440076475	86.05424746739689	3.3849759952962084	0.9734240039125346	32.87433936787692	365.21912329929023	-0.04341288711442112
2.545789297658863	5.083612040133779	2.153680100626079	0.08444346312900353	2.153680100626078	0.08444346312900375	2.234452268075855	0.23489736096752006	8.908452344430826	86.43004628960169	3.3877441563612605	0.9736949906568216	32.9366680610586	365.9491026527641	-0.04341288711442112
2.550004180602007	5.083612040133779	2.1612143840825984	0.0818638915961777	2.161214384082598	0.08186389159617784	2.2375783802123275	0.23375110615520164	8.915081035647624	86.816833109661	3.390701074166124	0.9739665000536505	33.0005013179558	366.72057765801094	-0.04341288711442112
2.5542190635451507	5.083612040133779	2.168796351433656	0.07932140284625377	2.1687963514336555	0.07932140284625402	2.240865301501891	0.2325744812827025	8.921907578543106	87.2147676290374	3.3938494427895347	0.9742385387806116	33.06586358019976	367.53428768560474	-0.04341288711442112
2.5584339464882944	5.083612040133779	2.1764173614350364	0.07681891018313312	2.176417361435036	0.07681891018313321	2.2443143333718067	0.231367542695871	8.92893035731156	87.62398883523687	3.3971915696061936	0.9745111031641291	33.13277613463776	368.3908944026425	-0.04341288711442112
2.5626488294314385	5.083612040133779	2.184068919914752	0.07435909544524442	2.184068919914752	0.0743590954452444	2.2479264279389155	0.23013042991610594	8.936147064232841	88.0446138627836	3.4007293555239366	0.974784179101563	33.20125694427089	369.29097718967887	-0.04341288711442112
2.566863712374582	5.083612040133779	2.1917427335921733	0.07194439707769922	2.1917427335921738	0.07194439707769922	2.2517021767485197	0.22886336656527162	8.943554695128412	88.47673704668735	3.4044642787247157	0.9750577420817095	33.27132050795323	370.23502924221106	-0.04341288711442112
2.5710785953177258	5.083612040133779	2.1994307580723103	0.06957700193669195	2.1994307580723103	0.06957700193669204	2.2556418028787983	0.22756666043079923	8.951149551701462	88.92042918302121	3.4083973821581868	0.9753317573055301	33.34297775102037	371.2234544127336	-0.04341288711442112
2.57529347826087	5.083612040133779	2.2071252395807024	0.0672588407162358	2.2071252395807024	0.06725884071623592	2.259745156525975	0.22624070266559554	8.958927250752668	89.37573700695968	3.4125292649610244	0.9756061799068586	33.416235948388504	372.25656483452934	-0.04341288711442112
2.5795083612040135	5.083612040133779	2.214818750216525	0.06499158680159978	2.214818750216526	0.06499158680159946	2.264011714113533	0.22488596613603146	8.966882740120953	89.84268289412657	3.4168600778959926	0.9758809552707772	33.49109868100655	373.33457935270746	-0.04341288711442112
2.583723244147157	5.083612040133779	2.2225042166963025	0.06277665828448399	2.222504216696301	0.06277665828448437	2.268440580897575	0.22350300294920572	8.975010321063662	90.32126478657051	3.421389522825445	0.9761560194453793	33.56756582587934	374.45762277217824	-0.04341288711442112
2.5879381270903012	5.083612040133779	2.2301749427312743	0.06061522282299882	2.230174942731273	0.06061522282299908	2.273030496971981	0.22209244120734772	8.983303676667022	90.81145634025332	3.4261168561567805	0.9764312996408059	33.64563357923096	375.62572591676184	-0.04341288711442112
2.592153010033445	5.083612040133779	2.2378246253231846	0.058508204994793755	2.237824625323186	0.05850820499479337	2.2777798465128627	0.220654981052216	8.991755905768024	91.31320728669942	3.4310408961237386	0.9767067148078012	33.72529451175504	376.8388264786792	-0.04341288711442112
2.596367892976589	5.083612040133779	2.2454473653756533	0.05645629577290855	2.245447365375653	0.056456295772908685	2.282686670045284	0.21919139007492514	9.000359561778582	91.82644399764611	3.436160033701533	0.9769821762866557	33.8065376543387	378.0967706241936	-0.04341288711442112
2.6005827759197326	5.083612040133779	2.253037673099872	0.05445996374957441	2.2530376730998714	0.054459963749574444	2.287748679466041	0.21770249817681914	9.009106695730845	92.35107023813009	3.441472246894844	0.9772575885162794	33.88934861214374	379.39931530892295	-0.04341288711442112
2.6047976588628763	5.083612040133779	2.2605904687467206	0.052519467740987855	2.2605904687467215	0.0525194677409876	2.292963275516173	0.21618919197449554	9.017988902811474	92.88696809058031	3.446975118088227	0.9775328497923391	33.97370970450314	380.7461312458895	-0.04341288711442112
2.6090125418060204	5.083612040133779	2.2681010792259935	0.05063487042354161	2.2681010792259935	0.05063487042354165	2.2983275673675037	0.2146524088465424	9.026997371623999	93.4339990302675	3.4526658541100215	0.9778078530628803	34.05960012775768	382.1368064610439	-0.04341288711442112
2.613227424749164	5.083612040133779	2.275565231179358	0.04880605267698476	2.2755652311793586	0.04880605267698467	2.3038383939668505	0.21309313072151884	9.036122935408411	93.99200513078165	3.4585413086317573	0.9780824867496501	34.14699613790229	383.5708503644431	-0.04341288711442112
2.6174423076923077	5.083612040133779	2.282979041062533	0.04703272833998802	2.2829790410625335	0.04703272833998794	2.309492346771697	0.21151237770583328	9.045356124457548	94.56081037720458	3.464598006507439	0.9783566355834228	34.23587124975359	385.047698260955	-0.04341288711442112
2.6216571906354518	5.083612040133779	2.290339002766746	0.04531445911678882	2.290339002766746	0.045314459116788816	2.315285793509998	0.20991120164706029	9.05468721899714	95.1402220642017	3.470832169649254	0.9786301814419813	34.32619644927377	386.5667162219677	-0.04341288711442112
2.6258720735785954	5.083612040133779	2.297641973274403	0.04365066940809765	2.297641973274403	0.0436506694080976	2.3212149026046305	0.20829067972290308	9.06410630183879	95.73003225639849	3.477239744038224	0.9789030041800045	34.41794041569409	388.12720623913884	-0.04341288711442112
2.6300869565217395	5.083612040133779	2.3048851568018915	0.04204066087395607	2.3048851568018915	0.042040660873956054	2.327275667918148	0.20665190813902384	9.073603310170004	96.33001928903641	3.4838164274788914	0.9791749824408981	34.51106975016178	389.72841158249855	-0.04341288711442112
2.634301839464883	5.083612040133779	2.312066087836536	0.04048362656961745	2.3120660878365356	0.04048362656961759	2.333463933494928	0.20499599601061094	9.08316808590968	96.93994928795787	3.4905576977250186	0.9794459944415712	34.60554920777751	391.3695222879992	-0.04341288711442112
2.638516722408027	5.083612040133779	2.3191826134276803	0.03897866452688647	2.3191826134276807	0.038978664526886427	2.339775418004744	0.2033240594931347	9.092790424128738	97.55957768941775	3.497458840627859	0.9797159187222346	34.701341930091935	393.0496807037596	-0.04341288711442112
2.642731605351171	5.083612040133779	2.326232875044909	0.03752479068226904	2.3262328750449086	0.037524790682269125	2.346205738622008	0.20163721621786804	9.102460119110821	98.18865074190659	3.504514977987617	0.9799846348544591	34.798409675369356	394.76798702936964	-0.04341288711442112
2.6469464882943146	5.083612040133779	2.3332152902714802	0.03612095107930984	2.3332152902714802	0.03612095107930985	2.35275043410826	0.19993658007747506	9.112167007704759	98.82690697410268	3.5117210948218824	0.980252024101934	34.896713044202286	396.523504788653	-0.04341288711442112
2.651161371237458	5.083612040133779	2.3401285345588656	0.03476603329550455	2.3401285345588665	0.03476603329550439	2.3594049868998677	0.19822325639687033	9.121901009696815	99.47407861510708	3.5190720658000343	0.9805179700295695	34.99621169835438	398.3152661827818	-0.04341288711442112
2.6553762541806023	5.083612040133779	2.3469715232292834	0.03345887706420422	2.3469715232292834	0.0334588770642042	2.3661648440375562	0.19649833751477655	9.131652165003864	100.12989295521233	3.526562680629119	0.980782359057768	35.096864571015146	400.1422772775108	-0.04341288711442112
2.659591137123746	5.083612040133779	2.3537433938781676	0.032198284078947224	2.3537433938781676	0.032198284078947155	2.373025436808688	0.19476289879215192	9.141410667558059	100.7940736375656	3.5341876682133866	0.981045080959812	35.19863006695719	402.0035229852961	-0.04341288711442112
2.6638060200668896	5.083612040133779	2.360443489297248	0.030983026981935013	2.3604434892972486	0.03098302698193499	2.379982199005938	0.19301799505518144	9.151166895817406	101.46634187313362	3.541941719445618	0.9813060293013657	35.301466251389584	403.8979718099949	-0.04341288711442112
2.6680209030100337	5.083612040133779	2.3670713410112896	0.029811857550081998	2.3670713410112896	0.02981185755008196	2.3870305837364514	0.19126465747294324	9.160911439893583	102.1464175733078	3.5498195085223996	0.9815651018220383	35.405331026587646	405.82458032849644	-0.04341288711442112
2.6722357859531773	5.083612040133779	2.3736266534979005	0.0286835141014103	2.3736266534979005	0.028683514101410266	2.394166078743912	0.18950389086315603	9.170635125339196	102.8340203963144	3.557815712707836	0.9818222007598086	35.510182295651596	407.782297390021	-0.04341288711442112
2.6764506688963214	5.083612040133779	2.380109289139333	0.02759672815185708	2.380109289139333	0.027596728151857094	2.4013842202311344	0.18773667141373335	9.180329033679644	103.5288707052419	3.565925030499608	0.9820772331198433	35.615978112995904	409.7700680197112	-0.04341288711442112
2.680665551839465	5.083612040133779	2.386519253937805	0.026550230358021124	2.3865192539378053	0.026550230358021128	2.408680605192934	0.18596394480317732	9.189984519810885	104.23069043697073	3.5741421981776846	0.9823301108898639	35.72267682139381	411.78683701848877	-0.04341288711442112
2.6848804347826087	5.083612040133779	2.3928566840114756	0.025542755785244224	2.392856684011475	0.025542755785244266	2.416050902288207	0.18418662469907351	9.199593226413382	104.93920388259026	3.5824620047396274	0.9825807512047243	35.830237175601695	413.8315522560052	-0.04341288711442112
2.689095317725753	5.083612040133779	2.399121832876116	0.024573048542954376	2.3991218328761166	0.024573048542954324	2.423490861296086	0.1824055916110989	9.209147095555	105.65413838099106	3.59087930524644	0.9828290764632572	35.93861845275747	415.9031676576878	-0.04341288711442112
2.6933102006688965	5.083612040133779	2.4053150595076986	0.023639865830595633	2.405315059507698	0.02363986583059567	2.430996321213995	0.1806216920729355	9.218638377671773	106.37522492824264	3.5993890326200986	0.98307501440074	36.04778054989286	418.00064589054233	-0.04341288711442112
2.69752508361204	5.083612040133779	2.4114368171733482	0.02274198143790978	2.411436817173348	0.022741981437909807	2.438563217065863	0.178835738126162	9.228059638126574	107.10219870613281	3.6079862079481018	0.9833184981205334	36.15768406901992	420.1229607554473	-0.04341288711442112
2.7017399665551842	5.083612040133779	2.4174876430115626	0.021878188743061314	2.4174876430115626	0.02187818874306132	2.446187585495885	0.17704850707865508	9.23740376155094	107.8347995337981	3.6166659493611255	0.983559466088555	36.26829039034308	422.26909929610247	-0.04341288711442112
2.705954849498328	5.083612040133779	2.4234681483381713	0.02104730325114357	2.4234681483381713	0.02104730325114356	2.4538655692291416	0.17526074150984947	9.246663954177722	108.57277224685923	3.6254234795590534	0.9837978620942909	36.37956173422638	424.43806363689083	-0.04341288711442112
2.7101697324414715	5.083612040133779	2.4293790096505608	0.020248164714252167	2.429379009650561	0.02024816471425214	2.461593420483104	0.1734731494957202	9.255833744369674	109.31586700874308	3.634254132066366	0.9840336351820224	36.491461212593755	426.62887256336285	-0.04341288711442112
2.7143846153846156	5.083612040133779	2.435220960300142	0.019479638872563806	2.435220960300142	0.01947963887256382	2.4693675034155786	0.17168640502712065	9.264906981544126	110.06383955906524	3.6431533563019403	0.9842667395558614	36.60395287047515	428.8405628601198	-0.04341288711442112
2.7185994983277593	5.083612040133779	2.4409947828014267	0.018740618853853613	2.440994782801427	0.018740618853853617	2.4771842956948156	0.16990114859617644	9.273877833687084	110.81645140405179	3.652116721550869	0.9844971344620678	36.7170017184325	431.07219042169004	-0.04341288711442112
2.7228143812709034	5.083612040133779	2.446701301744838	0.01803002626673298	2.446701301744838	0.018030026266732977	2.4850403892757575	0.1681179879268291	9.282740783640199	111.57346995394735	3.661139919926031	0.984724784051955	36.83057375660151	433.3228311522669	-0.04341288711442112
2.727029264214047	5.083612040133779	2.452341377280036	0.017346812020612935	2.452341377280036	0.017346812020612938	2.492932490464367	0.16633749882708163	9.291490624334171	112.33466861230595	3.6702187684068512	0.9849496572285138	36.94463599108173	435.59158167038544	-0.04341288711442112
2.7312441471571907	5.083612040133779	2.457915899136367	0.01668995690309743	2.457915899136367	0.01668995690309744	2.5008574193483506	0.16456022614216015	9.300122453129935	113.09982682190122	3.679349210040312	0.9851717274796661	37.059156443388325	437.8775598343711	-0.04341288711442112
2.7354590301003348	5.083612040133779	2.4634257811477487	0.016058471943179043	2.4634257811477487	0.016058471943179026	2.5088121086694004	0.16278668478938793	9.308631665417767	113.86873007185311	3.688527314387299	0.9853909727008554	37.17410415366151	440.1799051042394	-0.04341288711442112
2.7396739130434784	5.083612040133779	2.468871956249551	0.015451398586366143	2.4688719562495507	0.015451398586366134	2.5167936022070996	0.16101736085737026	9.317013947611276	114.64116987030596	3.6977492772930933	0.9856073750094476	37.289449178293495	442.49777875505754	-0.04341288711442112
2.743888795986622	5.083612040133779	2.474255371916364	0.014867808705636606	2.474255371916364	0.014867808705636603	2.5247990527407596	0.15925271275364714	9.325265269661626	115.41694368680042	3.7070114200576656	0.9858209205531958	37.40516258260664	444.83036395635844	-0.04341288711442112
2.748103678929766	5.083612040133779	2.4795769860103607	0.014306804470013633	2.4795769860103603	0.01430680447001366	2.532825719650329	0.15749317238667704	9.333381877204742	116.19585486819413	3.716310188076679	0.9860315993147978	37.5212164291754	447.1768657314096	-0.04341288711442112
2.75231856187291	5.083612040133779	2.4848377630113183	0.013767518090532224	2.4848377630113188	0.013767518090532215	2.54087096621295	0.15573914636953604	9.341360283442743	116.97771253173744	3.725642149019729	0.9862394049143576	37.63758376234829	449.5365108094111	-0.04341288711442112
2.7565334448160534	5.083612040133779	2.4900386706007103	0.013249111461461495	2.4900386706007103	0.013249111461461493	2.54893225664712	0.15399101723419248	9.349197260849646	117.76233143864782	3.7350039906079395	0.9864443344113584	37.75423858948857	451.90854738297446	-0.04341288711442112
2.7607483277591975	5.083612040133779	2.4951806765735434	0.012750775712870494	2.495180676573543	0.012750775712870512	2.5570071529515546	0.1522491446466478	9.356889832780531	118.54953185124363	3.744392518048042	0.986646388107549	37.8711558594098	454.2922447823287	-0.04341288711442112
2.764963210702341	5.083612040133779	2.500264746053199	0.012271730688950355	2.500264746053199	0.012271730688950351	2.5650933115817565	0.15051386661446678	9.364435265053617	119.33913937646106	3.7538046511759027	0.9868455693519689	37.98831143844756	456.68689307700305	-0.04341288711442112
2.7691780936454853	5.083612040133779	2.5052918389857526	0.011811224364976607	2.5052918389857526	0.01181122436497662	2.57318848000265	0.14878550067948	9.371831057565041	120.13098479830145	3.763237421357466	0.9870418843491521	38.10568208456655	459.0918026147922	-0.04341288711442112
2.773392976588629	5.083612040133779	2.5102629078919665	0.011368532214369032	2.5102629078919665	0.01136853221436903	2.5812904931522525	0.14706434508943556	9.3790749359882	120.92490390155628	3.7726879681916734	0.9872353419714055	38.22324541987263	461.5063035072585	-0.04341288711442112
2.7776078595317726	5.083612040133779	2.515178895856164	0.010942956535991605	2.5151788958561636	0.010942956535991621	2.5893972698467045	0.14535067994349676	9.38616484360054	121.72073728886808	3.782153536054503	0.9874259535758914	38.340979901854936	463.92974506994494	-0.04341288711442112
2.7818227424749167	5.083612040133779	2.520040734732941	0.010533825750674968	2.520040734732941	0.010533825750674965	2.597506809154557	0.14364476830721346	9.393098933274752	122.51833019304858	3.7916314705208984	0.9876137328271275	38.458864793661775	466.3614952251186	-0.04341288711442112
2.7860376254180603	5.083612040133779	2.5248493435536927	0.010140493674824632	2.5248493435536927	0.01014049367482462	2.6056171867640474	0.14194685729353376	9.399875559663759	123.31753228630762	3.801119214696435	0.9877986955253856	38.576880133673725	468.80093987387795	-0.04341288711442112
2.790252508361204	5.083612040133779	2.5296056271164336	0.00976233877801412	2.5296056271164336	0.009762338778014112	2.613726551364811	0.1402571791070262	9.406493271603697	124.11819748791115	3.810614305488077	0.9879808594413683	38.69500670461548	471.2474822440323	-0.04341288711442112
2.794467391304348	5.083612040133779	2.5343104747434038	0.009398763430572464	2.5343104747434038	0.00939876343057246	2.621833121062306	0.1385759520491724	9.412950804753306	124.92018377158418	3.820114369839554	0.9881602441574401	38.81322600241643	473.7005422193935	-0.04341288711442112
2.7986822742474917	5.083612040133779	2.538964759192283	0.009049193146370453	2.538964759192283	0.009049193146370453	2.6299351798410933	0.1369033814831	9.419247074483861	125.72335297383921	3.8296171209545298	0.9883368709156127	38.931520205009534	476.15955565570954	-0.04341288711442112
2.8028971571906354	5.083612040133779	2.5435693357079296	0.008713075825291268	2.5435693357079296	0.00871307582529126	2.638031074090895	0.1352396607565911	9.425381169029484	126.52757060427206	3.8391203545278985	0.9885107624724009	39.049872141234886	478.6239736879023	-0.04341288711442112
2.8071120401337795	5.083612040133779	2.548125041202403	0.00838988099923701	2.548125041202403	0.008389880999237001	2.646119209206968	0.1335849720826838	9.43135234290373	127.33270565870578	3.8486219450027903	0.9886819429606054	39.168265259990946	481.0932620327274	-0.04341288711442112
2.811326923076923	5.083612040133779	2.5526326935523285	0.008079099084935575	2.5526326935523285	0.008079099084935574	2.6541980462751646	0.13193948737743058	9.437160010585535	128.13863043599648	3.85811984186928	0.9888504377580205	39.286683599762846	483.5669002906892	-0.04341288711442112
2.815541806020067	5.083612040133779	2.557093091003351	0.007780240646312704	2.557093091003351	0.00778024064631269	2.662266098850017	0.13030336905476694	9.442803740474567	128.94522035917157	3.8676120660183617	0.989016273363017	39.40511175863767	486.0443812505523	-0.04341288711442112
2.819756688963211	5.083612040133779	2.5615070116723713	0.007492835668736671	2.5615070116723717	0.007492835668736668	2.670321929832903	0.12867677077865491	9.448283249113487	129.75235380149238	3.8770967061630515	0.9891794772769097	39.52353486490141	488.5252101994492	-0.04341288711442112
2.8239715719063545	5.083612040133779	2.5658752131391123	0.0072164328470427225	2.5658752131391123	0.007216432847042728	2.678364148456235	0.12705983817287922	9.453598395672781	130.5599119179537	3.886571915337017	0.9893400778929844	39.64193854830108	491.00890424130836	-0.04341288711442112
2.8281864548494986	5.083612040133779	2.5701984321192466	0.006950598888893081	2.5701984321192466	0.006950598888893081	2.686391407378363	0.12545270948906387	9.458749176691812	131.36777848264902	3.8960359074795785	0.9894981043920307	39.760308912041815	493.4949916260059	-0.04341288711442112
2.8324013377926422	5.083612040133779	2.574477384212085	0.006694917834717211	2.574477384212085	0.0066949178347172145	2.694402399893056	0.12385551623360305	9.463735721068284	132.17583973237132	3.9054869541146826	0.9896535866442047	39.87863250557896	495.9830110913939	-0.04341288711442112
2.836616220735786	5.083612040133779	2.578712763716435	0.006448990395205635	2.5787127637164353	0.006448990395205622	2.702395857256513	0.12226838375432675	9.468558285286967	132.9839842167564	3.914923381130326	0.9898065551170279	39.99689629825571	498.4725112201362	-0.04341288711442112
2.84083110367893	5.083612040133779	2.582905243508882	0.006212433307093735	2.5829052435088817	0.006212433307093741	2.71037054613424	0.12069143178780252	9.47321724887765	133.79210265522943	3.924343565663992	0.9899570407893111	40.115087653829164	500.96304981309385	-0.04341288711442112
2.8450459866220736	5.083612040133779	2.5870554749792674	0.0059848787077664495	2.587055474979268	0.005984878707766444	2.718325266169369	0.1191247749682587	9.477713110091115	134.6000878009606	3.933745933098574	0.9901050750707872	40.23319430591913	503.4541932807704	-0.04341288711442112
2.8492608695652173	5.083612040133779	2.591164088018699	0.0057659735290349744	2.591164088018699	0.005765973529034963	2.7262588476736163	0.11756852329914574	9.482046481781511	135.4078343120076	3.943128954172794	0.9902506897272231	40.35120433440987	505.9455160542524	-0.04341288711442112
2.8534757525083614	5.083612040133779	2.595231691055857	0.0055553789102842695	2.595231691055857	0.005555378910284269	2.7341701494415	0.11602278258840981	9.486218087482763	136.21523862977543	3.9524911422091327	0.9903939168107819	40.469106142827115	508.4366000168425	-0.04341288711442112
2.857690635451505	5.083612040133779	2.599258871137813	0.005352769631058523	2.599258871137813	0.0053527696310585295	2.7420580566880344	0.1144876548485784	9.49022875766637	137.02219886489618	3.961831050461908	0.9905347885954005	40.586888436709366	510.92703395752886	-0.04341288711442112
2.861905518394649	5.083612040133779	2.6032461940520086	0.005157833563036172	2.6032461940520086	0.0051578335630361755	2.749921479109937	0.11296323866274721	9.494079426167586	137.8286146906107	3.9711472695875982	0.9906733375169485	40.70454020298863	513.4164130473088	-0.04341288711442112
2.8661204013377928	5.083612040133779	2.6071942044863183	0.004970271141255904	2.607194204486319	0.004970271141255901	2.7577593490698105	0.11144962951760998	9.497771126766814	138.63438724369195	3.980438425238855	0.9908095961179367	40.82205069039005	515.9043383392326	-0.04341288711442112
2.8703352842809364	5.083612040133779	2.61110342622454	0.004789794854369961	2.6111034262245396	0.00478979485436997	2.7655706199027854	0.10994692010463558	9.50130498991302	139.43941903294447	3.9897031757835717	0.9909435969965448	40.93940939085958	518.3904162930364	-0.04341288711442112
2.8745501672240805	5.083612040133779	2.6149743623749138	0.004616128753636608	2.6149743623749138	0.004616128753636594	2.7733542643447375	0.10845520059051303	9.504682239576006	140.24361385528576	3.998940210149745	0.9910753727597427	41.056606022023864	520.8742583250726	-0.04341288711442112
2.878765050167224	5.083612040133779	2.6188074956294463	0.004449007980309967	2.6188074956294463	0.004449007980309968	2.7811092730808586	0.10697455885799331	9.507904190214127	141.04687671938353	4.008148245796517	0.9912049559802831	41.17363051068362	523.3554803841698	-0.04341288711442112
2.882979933110368	5.083612040133779	2.622603288552269	0.0042881783110358205	2.622603288552269	0.004288178311035819	2.788834653413591	0.10550508071821052	9.510972243844979	141.84911377683787	4.017326026811931	0.9913323791573535	41.290472977343335	525.8337025540957	-0.04341288711442112
2.887194816053512	5.083612040133779	2.626362183895221	0.004133395720831391	2.626362183895221	0.004133395720831396	2.796529428048264	0.104046850095603	9.51388788720591	142.65023226084043	4.026472322137058	0.991457674680673	41.407123721772955	528.3085486830655	-0.04341288711442112
2.8914096989966556	5.083612040133779	2.630084604939181	0.00398442596319576	2.630084604939181	0.003984425963195759	2.8041926339949623	0.10259994918651656	9.516652688992144	143.45014043225518	4.035585923916357	0.9915808747978376	41.5235732095991	530.7796460408097	-0.04341288711442112
2.895624581939799	5.083612040133779	2.633770955859791	0.003841044166876604	2.633770955859791	0.0038410441668766016	2.81182332158487	0.1011644585925726	9.519268297160375	144.24874753303598	4.044665645973702	0.9917020115847125	41.63981205992014	533.2466250035731	-0.04341288711442112
2.8998394648829433	5.083612040133779	2.6374216221163387	0.003703034448804522	2.6374216221163387	0.0037030344488045218	2.8194205535991794	0.09974045742988431	9.521736436286226	145.0459637468836	4.0537103224134	0.9918211169186878	41.75583103393844	535.7091187674163	-0.04341288711442112
2.904054347826087	5.083612040133779	2.6410369708627033	0.0035701895426943483	2.6410369708627033	0.0035701895426943544	2.826983404508595	0.09832802341518238	9.524058904964367	145.84170016703354	4.0627188063452015	0.9919382224546137	41.871621024601026	538.1667630900736	-0.04341288711442112
2.908269230769231	5.083612040133779	2.644617351379291	0.0034423104428081544	2.6446173513792908	0.0034423104428081583	2.8345109598211047	0.09692723292993385	9.526237573240493	146.63586877103566	4.071689968732118	0.9920533596032434	41.98717304723812	540.6191960615836	-0.04341288711442112
2.9124841137123747	5.083612040133779	2.6481630955250948	0.0033192060623701554	2.6481630955250948	0.003319206062370157	2.8420023155358485	0.09553816106350009	9.528274380065222	147.42838240239476	4.080622697359769	0.992166559512015	42.10247823118891	543.0660579038623	-0.04341288711442112
2.9166989966555183	5.083612040133779	2.65167451820889	0.003200692906127005	2.65167451820889	0.003200692906127	2.8494565777003906	0.0941608816364224	9.530171330760165	148.21915475889733	4.0895158959255555	0.9922778530480175	42.21752781240006	545.5069907992743	-0.04341288711442112
2.9209138795986624	5.083612040133779	2.6551519178787726	0.003086594756547683	2.6551519178787726	0.0030865947565476798	2.856872862068831	0.09279546720488588	9.531930494487392	149.00810038745664	4.098368483245895	0.9923872707829837	42.332313126982704	547.9416387482185	-0.04341288711442112
2.925128762541806	5.083612040133779	2.6585955770292014	0.002976742373164015	2.6585955770292014	0.0029767423731640093	2.864250293857903	0.0914419890474362	9.533554001714029	149.79513468528106	4.107179392579558	0.9924948429801705	42.446825605711766	550.3696474556922	-0.04341288711442112
2.9293436454849497	5.083612040133779	2.6620057627246414	0.0028709732045609083	2.6620057627246414	0.002870973204560911	2.871588007597861	0.09010051713504136	9.535044041664381	150.58017390714625	4.115947571064629	0.9926005995829862	42.56105676944763	552.7906642466294	-0.04341288711442112
2.933558528428094	5.083612040133779	2.6653827271390895	0.002769131112531732	2.6653827271390895	0.0027691311125317285	2.87888514707516	0.0887711200855554	9.536402859752945	151.36313517855743	4.124671979266817	0.9927045702052328	42.67499822546202	555.2043380098506	-0.04341288711442112
2.9377734113712375	5.083612040133779	2.6687267081105097	0.0026710661079274688	2.6687267081105097	0.002671066107927463	2.8861408653632727	0.087453865103699	9.537632754992055	152.14393651454156	4.133351590836133	0.992806784122842	42.78864166464423	557.61031917026	-0.04341288711442112
2.941988294314381	5.083612040133779	2.672037929709391	0.0025766340977366113	2.672037929709391	0.002576634097736612	2.8933543249381932	0.08614881790763945	9.538736077369226	152.92249684382028	4.141985392269087	0.9929072702669833	42.901978859565006	560.0082596889306	-0.04341288711442112
2.9462031772575252	5.083612040133779	2.6753166028204385	0.0024856966429464495	2.6753166028204385	0.0024856966429464434	2.900524697874652	0.08485604264329007	9.539715225189514	153.6987360380724	4.1505723827729755	0.993006057218435	43.01500166337114	562.3978130905435	-0.04341288711442112
2.950418060200669	5.083612040133779	2.678562925736451	0.0023981207267477615	2.6785629257364505	0.0023981207267477693	2.9076511661190816	0.08357560178743575	9.540572642379411	154.47257494599583	4.159111574228726	0.9931031732031091	43.127702009482505	564.778634517595	-0.04341288711442112
2.954632943143813	5.083612040133779	2.6817770847634015	0.002313778532657701	2.681777084763402	0.002313778532657694	2.914732921835115	0.0823075560408097	9.541310815749636	155.2439354318581	4.167601991248633	0.9931986460886331	43.24007191206308	567.150380810731	-0.04341288711442112
2.9588478260869566	5.083612040133779	2.6849592548355563	0.0022325472321497327	2.6849592548355563	0.0022325472321497344	2.9217691678170383	0.08105196421226188	9.541932272214718	156.01274041819514	4.17604267132452	0.9932925033818891	43.35210346723037	569.5127106143105	-0.04341288711442112
2.9630627090301003	5.083612040133779	2.6881096001396143	0.00215430878139093	2.6881096001396143	0.002154308781390927	2.928759117966783	0.07980888309513522	9.542439575968652	156.77891393233298	4.184432665062469	0.9933847722274276	43.46378885497303	571.8652845064527	-0.04341288711442112
2.9672775919732444	5.083612040133779	2.691228274746513	0.00207894972670264	2.691228274746513	0.002078949726702644	2.9357019978293253	0.07857836733701527	9.54283532561609	157.54238115634976	4.192771036498896	0.993475479406663	43.575120341735754	574.2077651524098	-0.04341288711442112
2.971492474916388	5.083612040133779	2.6943154232497633	0.0020063610183712753	2.694315423249763	0.002006361018371289	2.942597045181753	0.07736046930397128	9.543122151260093	158.30306848012728	4.201056863493551	0.9935646513377787	43.68609028363611	576.5398174803088	-0.04341288711442112
2.975707357859532	5.083612040133779	2.697371181408914	0.0019364378324508403	2.6973711814089145	0.0019364378324508366	2.9494435106706964	0.07615523894043451	9.54330271154779	159.06090355709935	4.209289238194024	0.9936523140762625	43.796691130271405	578.8611088779903	-0.04341288711442112
2.9799222408026758	5.083612040133779	2.7003956767967146	0.001869079400211908	2.7003956767967146	0.0018690794002119105	2.9562406584927006	0.0749627236258608	9.543379690676218	159.81581536229476	4.217467267566354	0.9937384933160043	43.90691542907231	581.1713094096482	-0.04341288711442112
2.9841371237458194	5.083612040133779	2.7033890294486196	0.0018041888449029672	2.70338902944862	0.0018041888449029625	2.962987767112333	0.07378296802927099	9.543355795361684	160.56773425229267	4.225590073986341	0.9938232143908902	44.016755830161216	583.4700920509528	-0.04341288711442112
2.988352006688963	5.083612040133779	2.7063513525130323	0.0017416730255049825	2.7063513525130327	0.0017416730255049755	2.969684130012199	0.07261601396281159	9.543233751776347	161.31659202666066	4.233656795885472	0.9939065022768299	44.12620509166703	585.7571329411031	-0.04341288711442112
2.992566889632107	5.083612040133779	2.7092827529007195	0.001681442387170877	2.7092827529007195	0.0016814423871708754	2.9763290564692717	0.07146190023541492	9.543016302456612	162.06232199046534	4.241666588445541	0.993988381594163	44.23525608544965	588.0321116502785	-0.04341288711442112
2.996781772575251	5.083612040133779	2.712183331931894	0.0016234108180537869	2.7121833319318944	0.0016234108180537825	2.982921872351942	0.07032066250762373	9.54270620318881	162.80485901744987	4.2496186243359615	0.9940688766103887	44.343901803186924	590.294711460899	-0.04341288711442112
3.000996655518395	5.083612040133779	2.7150531859791878	0.0015674955122408991	2.7150531859791878	0.0015674955122409035	2.9894619209318	0.06919233314864344	9.542306219877817	163.54413961344113	4.257512094487172	0.9941480112431702	44.452135362771514	592.544619660909	-0.04341288711442112
3.0052115384615385	5.083612040133779	2.7178924071049573	0.001513616838519827	2.717892407104957	0.001513616838519827	2.995948563704584	0.0680769410966174	9.541819125405299	164.28010197958682	4.265346208894015	0.994225809063569	44.5599500149696	594.7815278473984	-0.04341288711442112
3.009426421404682	5.083612040133779	2.720701083691173	0.0014616982147166203	2.720701083691173	0.0014616982147166255	3.002381181214398	0.06697451172311254	9.541247696484396	165.01268607499858	4.273120197442429	0.9943022932994656	44.66733915028812	597.0051322386907	-0.04341288711442112
3.0136413043478263	5.083612040133779	2.7234793010602503	0.0014116659873549251	2.7234793010602503	0.0014116659873549282	3.008759173875625	0.06588506670274297	9.540594710518402	165.74183367840422	4.280833310753107	0.9943774868391295	44.77429630600058	599.2151339930903	-0.04341288711442112
3.01785618729097	5.083612040133779	2.726227142085093	0.0013634493163966067	2.726227142085093	0.001363449316396605	3.015081962786847	0.06480862388882352	9.539862942471114	166.46748844840576	4.288484821035484	0.9944514122349031	44.88081517327811	601.4112395323607	-0.04341288711442112
3.022071070234114	5.083612040133779	2.7289446877867434	0.0013169800648341187	2.7289446877867434	0.0013169800648341209	3.021348990531363	0.06374519719588866	9.539055161757137	167.1895959819654	4.296074022945772	0.9945240917069662	44.98688960437615	603.5931608680905	-0.04341288711442112
3.0262859531772577	5.083612040133779	2.731632017917949	0.001272192692914991	2.731632017917949	0.0012721926929149892	3.027559721958949	0.06269479648985232	9.538174129160241	167.90810387074416	4.303600234442504	0.9945955471471554	45.09251361982415	605.7606159289777	-0.04341288711442112
3.0305008361204013	5.083612040133779	2.73428921153107	0.0012290241567886296	2.73428921153107	0.0012290241567886333	3.0337136449436772	0.06165742748654231	9.537222593788433	168.62296175493793	4.311062797633397	0.9946658001228093	45.197681415569036	607.9133288871776	-0.04341288711442112
3.034715719063545	5.083612040133779	2.73691634752882	0.001187413811373974	2.73691634752882	0.0011874138113739747	3.0398102711130215	0.06063309165924476	9.536203290074246	169.3341213742853	4.318461079607537	0.9947348718806189	45.30238737002396	610.051030481837	-0.04341288711442112
3.038930602006689	5.083612040133779	2.739513505196297	0.0011473033172568327	2.739513505196297	0.0011473033172568305	3.0458491365433944	0.05962178615587085	9.535118934828729	170.0415366159188	4.325794473246805	0.9948027833504637	45.4066260509739	612.1734583379399	-0.04341288711442112
3.0431454849498327	5.083612040133779	2.7420807647129535	0.001108636551433196	2.7420807647129535	0.0011086365514331928	3.051829802417859	0.058623503726249006	9.533972224357704	170.74516355877873	4.333062398010978	0.9948695551492119	45.51039222229265	614.2803572786765	-0.04341288711442112
3.047360367892977	5.083612040133779	2.74461820764318	0.0010713595217237662	2.74461820764318	0.0010713595217237658	3.0577518556418846	0.05763823265999562	9.532765831648547	171.44496051431904	4.340264300691123	0.9949352075844768	45.61368085042836	616.3714796296128	-0.04341288711442112
3.0515752508361205	5.083612040133779	2.7471259174042757	0.001035420284692732	2.747125917404276	0.0010354202846927338	3.063614909413391	0.05666595673533341	9.531502403635557	172.14088806326464	4.347399656126127	0.99499976065831	45.71648711061486	618.4465855129552	-0.04341288711442112
3.055790133779264	5.083612040133779	2.749603979710652	0.0010007688669120274	2.7496039797106517	0.0010007688669120317	3.0694186037435824	0.055706655179166564	9.530184558551696	172.83290908820047	4.354467967877498	0.9950632340708252	45.81880639277012	620.5054431303009	-0.04341288711442112
3.060005016722408	5.083612040133779	2.7520524829933812	0.0009673571894186541	2.7520524829933812	0.0009673571894186554	3.0751626059257458	0.05476030263860979	9.52881488337423	173.52098880182461	4.3614687688583125	0.9951256472237439	45.92063430704729	622.5478290324442	-0.04341288711442112
3.064219899665552	5.083612040133779	2.7544715187940443	0.0009351389952214715	2.7544715187940443	0.0009351389952214688	3.0808466109490222	0.05382686916414758	9.527395931371014	174.20509477068452	4.368401621911839	0.9951870192238548	46.021966689001935	624.5735283747117	-0.04341288711442112
3.068434782608696	5.083612040133779	2.7568611821322677	0.0009040697797190595	2.7568611821322677	0.0009040697797190595	3.0864703418551755	0.05290632020446613	9.525930219754192	174.88519693429507	4.375266120336592	0.9952473688863855	46.1227996043485	626.5823351566387	-0.04341288711442112
3.0726496655518396	5.083612040133779	2.759221571846249	0.0008741067238980531	2.759221571846249	0.0008741067238980529	3.0920335500363345	0.05199861661296804	9.524420227447132	175.56126761952927	4.3820618883544125	0.9953067147382814	46.22312935327748	628.5740524447483	-0.04341288711442112
3.0768645484949833	5.083612040133779	2.761552790905758	0.0008452086301873568	2.761552790905758	0.0008452086301873555	3.097536015472168	0.05110371466589915	9.522868392969983	176.2332815502149	4.3887885815187	0.9953650750213915	46.32295247430933	630.5484925773493	-0.04341288711442112
3.081079431438127	5.083612040133779	2.7638549466973457	0.0008173358608493282	2.7638549466973465	0.0008173358608493245	3.102977546905636	0.050221566091924644	9.52127711244882	176.90121585191434	4.395445887060758	0.995422467695562	46.42226574766714	632.5054773505007	-0.04341288711442112
3.085294314381271	5.083612040133779	2.76612815128143	0.0007904502787956959	2.76612815128143	0.0007904502787956952	3.1083579819564067	0.049352118112961765	9.519648737752256	177.56505005186602	4.402033524171954	0.9954789104416379	46.52106619814892	634.4448381842278	-0.04341288711442112
3.0895091973244146	5.083612040133779	2.7683725216212727	0.0007645151907206942	2.7683725216212727	0.0007645151907206927	3.1136771871718616	0.04849531349598147	9.517985574759322	178.22476607412392	4.4085512442206305	0.9955344206643764	46.61935109748874	636.3664162684258	-0.04341288711442112
3.0937240802675587	5.083612040133779	2.7705881797838154	0.0007394952924498522	2.7705881797838154	0.0007394952924498536	3.1189350580156505	0.04765109061545393	9.51628988176114	178.88034822993563	4.414998830902472	0.9955890154952745	46.71711796619577	638.2700626878367	-0.04341288711442112
3.0979389632107024	5.083612040133779	2.772775253112627	0.0007153566164077255	2.772775253112627	0.0007153566164077246	3.124131518794387	0.04681938352604391	9.51456386799871	179.53178320344267	4.4213761003239345	0.9956427117953166	46.81436457486591	640.1556385257452	-0.04341288711442112
3.102153846153846	5.083612040133779	2.7749338743732253	0.0006920664811126407	2.7749338743732253	0.0006920664811126416	3.129266522523267	0.04600012204512231	9.512809692338218	180.17906003280223	4.427682901018551	0.9956955261576458	46.91108894496315	642.023014946109	-0.04341288711442112
3.10636872909699	5.083612040133779	2.7770641818712063	0.0006695934426115148	2.7770641818712063	0.0006695934426115147	3.1343400507317756	0.04519323184460898	9.511029462084476	180.82217008685487	4.433919113896333	0.9957474749101655	47.00728934907102	643.8720732539825	-0.04341288711442112
3.110583612040134	5.083612040133779	2.7791663195437613	0.0006479072477717331	2.7791663195437613	0.000647907247771732	3.139352113211024	0.04439863455162718	9.509225231932868	181.46110703748937	4.440084652127072	0.9957985741180769	47.10296431061878	645.7027049342522	-0.04341288711442112
3.114798494983278	5.083612040133779	2.7812404370252195	0.0006269787893516189	2.7812404370252195	0.0006269787893516183	3.144302747704485	0.04361624785740634	9.507399003058962	182.0958668278698	4.446179460958505	0.9958488395863603	47.1981126030884	647.5148116687863	-0.04341288711442112
3.1190133779264215	5.083612040133779	2.7832866896873556	0.0006067800627750393	2.783286689687355	0.00060678006277504	3.149192019544155	0.04284598563385592	9.505552722344758	182.72644763670903	4.452203517470758	0.9958982868622033	47.29273324871234	649.3083053322267	-0.04341288711442112
3.123228260869565	5.083612040133779	2.7853052386553534	0.0005872841245390944	2.785305238655354	0.0005872841245390947	3.154020021234484	0.042087758057194176	9.503688281739764	183.35284983879245	4.458156830268854	0.9959469312373879	47.38682551667467	651.0831079667973	-0.04341288711442112
3.127443143812709	5.083612040133779	2.7872962508003303	0.0005684650521878741	2.78729625080033	0.000568465052187874	3.158786871986576	0.041341471738006466	9.501807517754472	183.9750759619649	4.464039439115294	0.9959947877506389	47.48038892082994	652.8391517365594	-0.04341288711442112
3.131658026755853	5.083612040133779	2.789259898709457	0.0005502979057883293	2.789259898709457	0.0005502979057883268	3.163492717205391	0.040607029857092795	9.499912211083487	184.59313064081044	4.469851414505089	0.9960418711899427	47.573423216957636	654.5763788616974	-0.04341288711442112
3.1358729096989966	5.083612040133779	2.7911963606347343	0.0005327586908476276	2.7911963606347343	0.0005327586908476275	3.168137727932776	0.03988433230645378	9.498004086354731	185.20702056725693	4.475592857185728	0.9960881960948426	47.665928399570326	656.2947415334404	-0.04341288711442112
3.1400877926421407	5.083612040133779	2.793105820421565	0.000515824322614449	2.793105820421565	0.0005158243226144491	3.1727221002493877	0.03917327583476711	9.49608481200109	185.816754438354	4.481263897624955	0.9961337767587172	47.7579046982973	657.9942018103808	-0.04341288711442112
3.1443026755852843	5.083612040133779	2.794988467418324	0.0004994725917092771	2.7949884674183245	0.0004994725917092756	3.1772460546386108	0.03847375419669902	9.494156000250175	186.4223429014728	4.486864695429327	0.9961786272310476	47.84935257386602	659.6747314969771	-0.04341288711442112
3.148517558528428	5.083612040133779	2.7968444963680903	0.00048368213103183505	2.7968444963680903	0.00048368213103183456	3.181709835315606	0.03778565830541432	9.492219207227544	187.02379849717647	4.492395438716598	0.9962227613196805	47.94027271370433	661.3363120050863	-0.04341288711442112
3.152732441471572	5.083612040133779	2.798674107283869	0.00046843238389581067	2.798674107283869	0.0004684323838958106	3.186113709524881	0.03710887638764253	9.490275933168668	187.62113560002584	4.4978563434453855	0.9962661925930912	48.03066602719019	662.9789341994887	-0.04341288711442112
3.1569473244147157	5.083612040133779	2.800477505308472	0.00045370357334399795	2.800477505308472	0.0004537035733439976	3.190457966809476	0.03644329414069041	9.48832762273418	188.21437035756082	4.5032476527052205	0.9963089343826532	48.12053364057221	664.6025982283038	-0.04341288711442112
3.16116220735786	5.083612040133779	2.8022549005604005	0.00043947667259862513	2.8022549005604005	0.0004394766725986254	3.1947429182552125	0.035788794890790177	9.486375665423235	188.8035206277234	4.50856963597065	0.9963509997849173	48.20987689158952	666.2073133393575	-0.04341288711442112
3.1653770903010034	5.083612040133779	2.8040065079670073	0.00042573337660412145	2.8040065079670073	0.00042573337660412226	3.198968895713238	0.035145259752206164	9.484421396079398	189.38860591496712	4.513822588322828	0.9963924016639065	48.298697323817365	667.7930976835232	-0.04341288711442112
3.169591973244147	5.083612040133779	2.8057325470861323	0.00041245607462149367	2.8057325470861323	0.00041245607462149194	3.203136251004004	0.03451256778654203	9.482466095483103	189.9696473052918	4.519006829641918	0.9964331526534294	48.38699668076412	669.359978106036	-0.04341288711442112
3.1738068561872907	5.083612040133779	2.8074332419175483	0.00039962782383516106	2.8074332419175483	0.00039962782383516133	3.207245355105978	0.033890596161714616	9.48051099102517	190.54666740044985	4.524122703774027	0.9964732651594147	48.47477689974874	670.9079899269066	-0.04341288711442112
3.178021739130435	5.083612040133779	2.809108820705417	0.0003872323239349625	2.809108820705417	0.0003872323239349617	3.211296597332144	0.033279220310086025	9.478557257455344	191.11969025155238	4.529170577676017	0.9965127513622718	48.56204010558443	672.4371767114748	-0.04341288711442112
3.1822366220735785	5.083612040133779	2.810759515732957	0.0003752538926376993	2.810759515732957	0.0003752538926376989	3.2152903844972895	0.03267831408528413	9.476606017700057	191.68874129229567	4.534150840541617	0.9965516232192775	48.64878860409558	673.9475900321643	-0.04341288711442112
3.1864515050167226	5.083612040133779	2.812385563110486	0.0003636774421140443	2.812385563110486	0.0003636774421140446	3.2192271400789796	0.03208774991726138	9.474658343743467	192.25384727202194	4.53906390291215	0.9965898924669921	48.73502487549367	675.4392892224912	-0.04341288711442112
3.1906663879598662	5.083612040133779	2.8139872025580237	0.0003524884562880315	2.8139872025580237	0.0003524884562880314	3.2231073033750803	0.03150739896517697	9.472715257566152	192.8150361888215	4.543910195775219	0.9966275706237071	48.820751567638546	676.9123411243928	-0.04341288711442112
3.19488127090301	5.083612040133779	2.8155646771834952	0.0003416729689778294	2.8155646771834952	0.00034167296897782826	3.2269313286604375	0.030937131267721425	9.470777732135605	193.3723372228645	4.548690169654437	0.9966646689919225	48.90597148920922	678.3668198298802	-0.04341288711442112
3.199096153846154	5.083612040133779	2.817118233257598	0.00033121754284766593	2.8171182332575975	0.00033121754284766723	3.2306996843452214	0.030376815890534304	9.46884669244291	193.92578067014296	4.553404293693202	0.9967011986608583	48.990687602808066	679.8028064179854	-0.04341288711442112
3.2033110367892976	5.083612040133779	2.8186481199863427	0.00032110924914198924	2.8186481199863427	0.00032110924914198984	3.234412852137405	0.029826321070394544	9.466923016580276	194.4753978767969	4.5580530547355105	0.9967371705089966	49.07490301802182	681.220388688013	-0.04341288711442112
3.2075259197324417	5.083612040133779	2.820154589282235	0.00031133564817397655	2.8201545892822355	0.00031133564817397623	3.2380713262116045	0.02928551435589561	9.465007536854097	195.02122117418398	4.562636956406593	0.9967725952066578	49.15862098446183	682.6196608900096	-0.04341288711442112
3.2117408026755854	5.083612040133779	2.8216378955349133	0.00030188477054185855	2.8216378955349133	0.00030188477054185866	3.2416756123862647	0.02875426274435958	9.46310104092821	195.56328381482646	4.567156518195838	0.9968074832186071	49.24184488480286	684.0007234533078	-0.04341288711442112
3.215955685618729	5.083612040133779	2.8230982953821964	0.00029274509904705123	2.8230982953821964	0.00029274509904705085	3.245226227311336	0.02823243281475279	9.461204272992786	196.10161990939	4.571612274544715	0.996841844806692	49.324578227842366	685.3636827140616	-0.04341288711442112
3.220170568561873	5.083612040133779	2.824536047482237	0.00028390555128950134	2.824536047482237	0.000283905551289502	3.2487236976680403	0.027719890856423776	9.459317934953846	196.63626436479794	4.5760047739418495	0.9968756900325101	49.40682464159729	686.708650642533	-0.04341288711442112
3.2243854515050168	5.083612040133779	2.8259514122875236	0.00027535546291627066	2.825951412287523	0.000275355462916272	3.2521685593824343	0.02721650299348951	9.457442687638936	197.1672528235989	4.580334578027419	0.9969090287601046	49.48858786645596	688.0357445708984	-0.04341288711442112
3.2286003344481604	5.083612040133779	2.82734465182146	0.00026708457150020974	2.8273446518214596	0.0002670845715002102	3.255561356854313	0.026722135304736983	9.455579152014923	197.69462160469098	4.584602260709028	0.9969418706586868	49.569871748402406	689.3450869223393	-0.04341288711442112
3.2328152173913045	5.083612040133779	2.8287160294580627	0.0002590830010266095	2.8287160294580627	0.00025908300102660975	3.258902642202677	0.026236653938930515	9.453727910413546	198.21840764548216	4.588808407290692	0.9969742252053831	49.65068023232651	690.6368049420273	-0.04341288711442112
3.237030100334448	5.083612040133779	2.8300658097053892	0.00025134124696622387	2.8300658097053897	0.0002513412469662236	3.2621929745290306	0.025759925225439365	9.451889507761159	198.73864844556758	4.592953613616792	0.9970061016880049	49.73101735543485	691.9110304306845	-0.04341288711442112
3.241244983277592	5.083612040133779	2.8313942579931703	0.00024385016191396942	2.83139425799317	0.00024385016191396977	3.265432919199489	0.025291815780128707	9.450064452808993	199.25538201198694	4.59703848523235	0.9970375092078385	49.810887240773646	693.1678994812402	-0.04341288711442112
3.245459866220736	5.083612040133779	2.8327016404651593	0.0002366009417731425	2.8327016404651593	0.00023660094177314298	3.2686230471467326	0.024832192606468656	9.44825321936076	199.76864680612718	4.601063636561287	0.997068456682454	49.89029409087712	694.4075522192113	-0.04341288711442112
3.2496747491638796	5.083612040133779	2.833988223776507	0.00022958511246591202	2.833988223776507	0.00022958511246591202	3.2717639341923523	0.024380923191856748	9.446456247494224	200.27848169229674	4.605029690103419	0.9970989528485289	49.969242181548104	695.6301325471468	-0.04341288711442112
3.2538896321070236	5.083612040133779	2.8352542748966245	0.00022279451715112272	2.835254274896624	0.00022279451715112334	3.2748561603905126	0.02393787559914272	9.444673944774303	200.7849258880336	4.608937275651815	0.9971290062646857	50.047735855783856	696.8357878937428	-0.04341288711442112
3.2581045150501673	5.083612040133779	2.8365000609177664	0.0002162213039314512	2.8365000609177664	0.00021622130393145151	3.2779003093932246	0.023502918553389037	9.442906687454718	201.28801891615274	4.612787029530975	0.9971586253143397	50.12577951785138	698.0246689678825	-0.04341288711442112
3.262319397993311	5.083612040133779	2.837725848869614	0.00020985791403224378	2.837725848869614	0.00020985791403224405	3.2808969678377604	0.02307592152389736	9.441154821666023	201.78780055856512	4.616579593856876	0.9971878182085546	50.20337762752127	699.1969295180279	-0.04341288711442112
3.266534280936455	5.083612040133779	2.8389319055401327	0.0002036970704350637	2.8389319055401327	0.00020369707043506338	3.283846724756549	0.022656754801553887	9.439418664587848	202.2843108118825	4.620315615819593	0.9972165929889033	50.28053469446597	700.3527260972868	-0.04341288711442112
3.2707491638795987	5.083612040133779	2.840118497302789	0.00019773176694957054	2.840118497302789	0.00019773176694957078	3.286750171009623	0.02224528957156505	9.437698505603247	202.77758984480096	4.623995746988805	0.9972449575303324	50.35725527282533	701.4922178343548	-0.04341288711442112
3.274964046822743	5.083612040133779	2.8412858899503446	0.0001919552577077641	2.8412858899503446	0.0001919552577077643	3.289607898739844	0.02184139798165578	9.435994607433548	203.26767795727312	4.627620642642809	0.9972729195440246	50.4335439559454	702.61556621062	-0.04341288711442112
3.2791789297658864	5.083612040133779	2.842434348535314	0.00018636104706521846	2.842434348535314	0.00018636104706521838	3.2924205008509064	0.021444953205823784	9.434307207252163	203.75461554145826	4.631190961121327	0.9973004865802614	50.50940537129292	703.7229348436248	-0.04341288711442112
3.28339381270903	5.083612040133779	2.8435641372171556	0.0001809428798944171	2.843564137217156	0.0001809428798944162	3.295188570508049	0.021055829503746255	9.432636517775888	204.23844304443585	4.634707363202303	0.9973276660312773	50.58484417554765	704.8144892770264	-0.04341288711442112
3.2876086956521737	5.083612040133779	2.844675519116212	0.00017569473225580108	2.844675519116212	0.00017569473225580154	3.297912700661298	0.02067390227594981	9.430982728332562	204.7192009326619	4.638170511502685	0.9973544651341095	50.65986504987311	705.8903967771594	-0.04341288711442112
3.291823578595318	5.083612040133779	2.84576875617449	0.00017061080243251637	2.84576875617449	0.00017061080243251615	3.3005934835911916	0.020299048114852773	9.429346005904177	205.19692965815656	4.641581069903555	0.997380890973435	50.73447269536935	706.9508261363928	-0.04341288711442112
3.2960384615384615	5.083612040133779	2.8468441090231615	0.00016568550231546618	2.846844109023161	0.00016568550231546618	3.3032315104765098	0.019931144851807008	9.427726496144347	205.6716696263777	4.6449397029990935	0.9974069504843966	50.80867182870371	707.9959474832035	-0.04341288711442112
3.3002533444816056	5.083612040133779	2.847901836856849	0.00016091344912554028	2.847901836856849	0.00016091344912554098	3.3058273709839088	0.019570071600257977	9.42612432436968	206.1434611657699	4.6482470755696745	0.9974326504554144	50.88246717792314	709.0259320991469	-0.04341288711442112
3.304468227424749	5.083612040133779	2.8489421973145905	0.0001562894574604384	2.84894219731459	0.0001562894574604382	3.3083816528789853	0.019215708795156626	9.424539596524385	206.61234449894286	4.651503852078682	0.9974579975309791	50.95586347844481	710.0409522426712	-0.04341288711442112
3.308683110367893	5.083612040133779	2.849965446367368	0.0001518085316539237	2.849965446367368	0.0001518085316539238	3.310894941658312	0.018867938228757628	9.422972400117557	207.07835971544122	4.6547106961927085	0.9974829982144269	51.028865469223014	711.0411809797374	-0.04341288711442112
3.312897993311037	5.083612040133779	2.8509718382122133	0.00014746585843562767	2.8509718382122133	0.0001474658584356274	3.3133678202021817	0.018526643082931244	9.421422805133108	207.54154674608043	4.6578682703251175	0.9975076588706943	51.10147788909295	712.0267920213229	-0.04341288711442112
3.3171128762541806	5.083612040133779	2.8519616251726516	0.0001432567998801077	2.8519616251726516	0.0001432567998801077	3.3158008684473663	0.018191707958134767	9.419890864911862	208.00194533879068	4.660977235202231	0.9975319857290486	51.17370547328566	712.9979595676269	-0.04341288711442112
3.3213277591973247	5.083612040133779	2.8529350576054635	0.00013917688663406738	2.852935057605463	0.00013917688663406808	3.318194663079566	0.017863018899172325	9.41837661700591	208.45959503594068	4.6640382494520685	0.9975559848857944	51.24555295011442	713.9548581590379	-0.04341288711442112
3.3255426421404684	5.083612040133779	2.853892383813574	0.00013522181141114618	2.853892383813574	0.00013522181141114662	3.320549777244909	0.017540463417886003	9.41688008400515	208.9145351530891	4.667051969214979	0.9975796623069543	51.31702503782743	714.8976625336985	-0.04341288711442112
3.329757525083612	5.083612040133779	2.854833849964914	0.00013138742274400162	2.8548338499649146	0.00013138742274400135	3.322866780279973	0.017223930512911836	9.415401274336059	209.36680475911993	4.670019047775713	0.9976030238309205	51.388126441623974	715.8265474915959	-0.04341288711442112
3.3339724080267557	5.083612040133779	2.8557597000171255	0.0001276697189837643	2.855759700017126	0.00012766971898376395	3.3251462374597685	0.01691331068663947	9.413940183032901	209.816442657716	4.672940135216438	0.9976260751710779	51.45886185083058	716.741687765069	-0.04341288711442112
3.3381872909698997	5.083612040133779	2.8566701756479733	0.00012406484253725972	2.8566701756479733	0.00012406484253726002	3.3273887097631913	0.016608495959504258	9.412496792481761	210.26348737013265	4.675815878090313	0.997648821918397	51.52923593623432	717.643257895661	-0.04341288711442112
3.3424021739130434	5.083612040133779	2.8575655161911886	0.00012056907433284145	2.8575655161911886	0.0001205690743328413	3.329594753655149	0.016309379881751265	9.41107107313728	210.7079771192057	4.6786469191146836	0.9976712695439937	51.59925334756636	718.5314321170752	-0.04341288711442112
3.3466170568561875	5.083612040133779	2.8584459585776933	0.0001171788285058346	2.8584459585776933	0.00011717882850583427	3.3317649208849973	0.01601585754279662	9.409662984212977	211.14994981456795	4.681433896883723	0.9976934234016566	51.66891871113494	719.4063842442182	-0.04341288711442112
3.350831939799331	5.083612040133779	2.859311737281957	0.00011389064729505424	2.8593117372819568	0.00011389064729505433	3.333899758300559	0.015727825578313936	9.408272474345164	211.5894430390144	4.684177445599703	0.9977152887303413	51.73823662760148	720.2682875681147	-0.04341288711442112
3.355046822742475	5.083612040133779	2.8601630842732932	0.00011070119614211666	2.8601630842732932	0.00011070119614211681	3.335999807677132	0.015445182175173492	9.40689948223106	212.02649403597226	4.686878194822297	0.9977368706566278	51.80721166989542	721.117314756548	-0.04341288711442112
3.359261705685619	5.083612040133779	2.8610002289719856	0.00010760725898550476	2.861000228971986	0.00010760725898550455	3.3380656055609865	0.015167827074351346	9.405543937241658	212.46113969803514	4.689536769235471	0.9977581741971436	51.87584838126502	721.9536377603192	-0.04341288711442112
3.3634765886287625	5.083612040133779	2.8618233982099612	0.00010460573374177186	2.861823398209961	0.00010460573374177217	3.3400976831266185	0.014895661571931883	9.404205760009681	212.8934165565053	4.692153788431102	0.9977792042609503	51.94415127345697	722.7774277248825	-0.04341288711442112
3.3676914715719066	5.083612040133779	2.862632816195915	0.00010169362796640358	2.8626328161959154	0.00010169362796640315	3.3420965660473216	0.014628588518312812	9.402884862993396	213.32336077191226	4.6947298667089585	0.9977999656518923	52.01212482502306	723.588854907283	-0.04341288711442112
3.3719063545150503	5.083612040133779	2.8634287044846425	0.00009886805468724059	2.8634287044846425	0.00009886805468724082	3.344062774378374	0.01436651231572934	9.401581151016654	213.75100812545048	4.697265612892222	0.9978204630709081	52.079773479746926	724.3880885981508	-0.04341288711442112
3.376121237458194	5.083612040133779	2.8642112819504284	0.0000961262284035813	2.8642112819504284	0.00009612622840358114	3.3459968224523666	0.01410933891420052	9.40029452178592	214.1763940113032	4.699761630158114	0.9978407011183039	52.14710164518839	725.1752970486533	-0.04341288711442112
3.3803361204013376	5.083612040133779	2.8649807647643004	0.00009346546124433849	2.864980764764301	0.00009346546124433826	3.3478992187860523	0.013856975806004822	9.399024866384803	214.59955342980413	4.702218515882887	0.9978606842959886	52.214113691339236	725.9506474021855	-0.04341288711442112
3.3845510033444817	5.083612040133779	2.865737366374979	0.00009088315927889258	2.865737366374979	0.00009088315927889246	3.3497704659982244	0.013609332018782217	9.397772069746777	215.0205209814001	4.704636861500691	0.9978804170096698	52.280813949387216	726.7143056306654	-0.04341288711442112
3.3887658862876253	5.083612040133779	2.8664812974933205	0.00008837681897453235	2.866481297493321	0.00008837681897453175	3.351611060738002	0.01336631810736187	9.396536011106596	215.4393308613664	4.707017252375599	0.9978999035710107	52.347206710582746	727.4664364752368	-0.04341288711442112
3.3929807692307694	5.083612040133779	2.867212766080133	0.00008594402379455182	2.867212766080133	0.00008594402379455192	3.3534214936231272	0.013127846144403524	9.395316564431253	215.85601685524924	4.709360267686389	0.9979191481997486	52.41329622520527	728.2072033912548	-0.04341288711442112
3.397195652173913	5.083612040133779	2.867931977337146	0.00008358244093138795	2.867931977337146	0.00008358244093138778	3.355202249187657	0.012893829709945405	9.394113598830927	216.27061233498372	4.711666480323333	0.9979381550257731	52.47908670162368	728.9367684973435	-0.04341288711442112
3.4014105351170567	5.083612040133779	2.8686391337009773	0.00008128981816932316	2.868639133700977	0.00008128981816932313	3.3569538058385597	0.012664183879940973	9.392926978950578	216.683150255655	4.71393645679651	0.9979569280911663	52.54458230544703	729.655292528384	-0.04341288711442112
3.405625418060201	5.083612040133779	2.8693344348399874	0.00007906398087151571	2.869334434839988	0.00007906398087151557	3.35867663582087	0.012438825213863785	9.391756565343051	217.0936631528759	4.716170757155178	0.9979754713522025	52.60978715876233	730.3629347922905	-0.04341288711442112
3.4098403010033445	5.083612040133779	2.870018077653792	0.00007690282908635047	2.8700180776537914	0.00007690282908635079	3.360371205190741	0.012217671741461624	9.390602214823966	217.50218314073032	4.718369934917516	0.9979937886813098	52.67470533945395	731.05985313038	-0.04341288711442112
3.4140551839464885	5.083612040133779	2.870690256275337	0.00007480433476825128	2.870690256275337	0.0000748043347682514	3.3620379737961286	0.012000642948729073	9.38946378080938	217.90874191026572	4.720534537010368	0.9980118838689924	52.73934088060183	731.7462038812154	-0.04341288711442112
3.418270066889632	5.083612040133779	2.8713511620753422	0.0000727665391083423	2.8713511620753422	0.00007276653910834241	3.363677395264491	0.011787659763172559	9.388341113636493	218.3133707284858	4.7226651037183185	0.9980297606257138	52.803697769953544	732.422141847723	-0.04341288711442112
3.422484949832776	5.083612040133779	2.872000983669037	0.00007078754997045684	2.872000983669037	0.00007078754997045688	3.3652899169973	0.01157864453843001	9.387234060868398	218.7161004378327	4.72476216864184	0.998047422583742	52.86777994946837	733.0878202675129	-0.04341288711442112
3.4266998327759195	5.083612040133779	2.8726399069249786	0.00006886553942825673	2.8726399069249786	0.00006886553942825684	3.3668759801707684	0.0113735210383112	9.38614246758313	219.1169614561108	4.72682625866382	0.9980648732989562	52.93159131492757	733.7433907861748	-0.04341288711442112
3.4309147157190636	5.083612040133779	2.873268114975853	0.00006699874139932454	2.873268114975853	0.00006699874139932454	3.3684360197424894	0.011172214420317975	9.385066176647769	219.51598377683166	4.728857893924071	0.9980821162526152	52.99513571560859	734.3890034334461	-0.04341288711442112
3.4351295986622072	5.083612040133779	2.8738857882311644	0.00006518544937228182	2.8738857882311644	0.00006518544937228178	3.3699704644636603	0.010974651218699338	9.384005028978265	219.91319696995885	4.730857587801536	0.9980991548530894	53.05841695402031	735.0248066021446	-0.04341288711442112
3.4393444816053513	5.083612040133779	2.874493104391614	0.00006342401422316116	2.874493104391614	0.00006342401422316093	3.371479736896431	0.010780759327096255	9.382958863785317	220.30863018301343	4.7328258469034905	0.9981159924375536	53.12143878569451	735.6509470296647	-0.04341288711442112
3.443559364548495	5.083612040133779	2.875090238465109	0.00006171284211738881	2.875090238465109	0.00006171284211738897	3.3729642534360957	0.010590467980826797	9.381927518807052	220.7023121425244	4.734763171061524	0.998132632273645	53.184204919031494	736.2675697819554	-0.04341288711442112
3.4477742474916386	5.083612040133779	2.8756773627842986	0.0000600503924938772	2.8756773627842986	0.00006005039249387721	3.374424424337854	0.010403707738856413	9.380910830529082	221.0942711558041	4.736670053333934	0.9981490775610836	53.24671901519741	736.8748182398717	-0.04341288711442112
3.4519891304347827	5.083612040133779	2.8762546470254406	0.00005843517612791143	2.8762546470254406	0.000058435176127911265	3.3758606537476576	0.010220410465502164	9.37990863439216	221.4845351130092	4.73854698001387	0.9981653314332574	53.3089846880679	737.472834087688	-0.04341288711442112
3.4562040133779264	5.083612040133779	2.8768222582286236	0.00005686575326958597	2.8768222582286236	0.000056865753269585866	3.377273339737062	0.01004050931190936	9.378920764988402	221.8731314894875	4.740394430643293	0.9981813969587708	53.37100550421877	738.0617573037922	-0.04341288711442112
3.4604188963210705	5.083612040133779	2.877380360819118	0.00005534073185474186	2.877380360819118	0.0000553407318547418	3.378662874341601	0.00986393869734183	9.377947056246137	222.26008734837077	4.742212878031949	0.9981972771429608	53.43278498295735	738.6417261533034	-0.04341288711442112
3.464633779264214	5.083612040133779	2.8779291166298804	0.00005385876578542301	2.8779291166298804	0.0000538587657854231	3.3800296436025943	0.009690634290321468	9.376987341604268	222.64542934341077	4.74400278828144	0.9982129749293756	53.49432659639543	739.2128771826431	-0.04341288711442112
3.4688486622073578	5.083612040133779	2.878468684924983	0.000052418553277054704	2.878468684924983	0.00005241855327705468	3.3813740276119018	0.009520532989654168	9.376041454176153	223.0291837220205	4.745764620813613	0.998228493201221	53.55563376955739	739.7753452158021	-0.04341288711442112
3.4730635451505014	5.083612040133779	2.8789992224240417	0.00005101883526959039	2.8789992224240413	0.000051018835269590464	3.382696400559655	0.009353572905370706	9.375109226904014	223.41137632852644	4.747498828403481	0.9982438347827741	53.61670988052558	740.3292633523749	-0.04341288711442112
3.4772784280936455	5.083612040133779	2.8795208833274177	0.00004965839390005292	2.8795208833274177	0.000049658393900052906	3.3839971307844805	0.009189693339615786	9.374190492703777	223.7920326075928	4.749205857215889	0.9982590024407626	53.677558260616635	740.8747629671053	-0.04341288711442112
3.481493311036789	5.083612040133779	2.8800338193421995	0.0000483360510339631	2.8800338193421995	0.000048336051033963086	3.3852765808261434	0.009028834767512543	9.373285084601147	224.17117760781653	4.750886146845965	0.9982739988857124	53.73818219458891	741.4119737109509	-0.04341288711442112
3.4857081939799333	5.083612040133779	2.880538179708867	0.00004705066685325885	2.8805381797088665	0.000047050666853258857	3.3865351074803507	0.008870938818027297	9.372392835859152	224.54883598547258	4.752540130362966	0.9982888267732647	53.7985849208785	741.941023513541	-0.04341288711442112
3.489923076923077	5.083612040133779	2.881034111228554	0.00004580113849841844	2.881034111228554	0.00004580113849841852	3.387773061855512	0.00871594825486097	9.371513580097588	224.9250320083952	4.754168234357252	0.9983034887054598	53.858769631861016	742.462038586939	-0.04341288711442112
3.4941379598662206	5.083612040133779	2.881521758290865	0.00004458639876258783	2.881521758290865	0.00004458639876258793	3.388990789431273	0.008563806957387437	9.370647151404736	225.29978955998237	4.755770878990197	0.9983179872319928	53.918739474138484	742.97514343064	-0.04341288711442112
3.4983528428093646	5.083612040133779	2.8820012629021643	0.000043405414835598187	2.882001262902164	0.000043405414835598187	3.3901886301186392	0.008414459901661928	9.369793384441751	225.6731321433111	4.7573484780467306	0.9983323248514373	53.97849754884826	743.4804608377056	-0.04341288711442112
3.5025677257525083	5.083612040133779	2.882472764714304	0.0000422571870958602	2.882472764714304	0.00004225718709586034	3.3913669183215607	0.008267853141515947	9.368952114540086	226.0450828853531	4.7589014389904305	0.9983465040124412	54.03804691199372	743.978111902004	-0.04341288711442112
3.5067826086956524	5.083612040133779	2.882936401053685	0.00004114074794820274	2.882936401053685	0.00004114074794820265	3.392525982999719	0.008123933789759008	9.368123177792171	226.41566454127357	4.760430163020718	0.9983605271148929	54.09739057479321	744.4682160264078	-0.04341288711442112
3.510997491638796	5.083612040133779	2.883392306950662	0.00004005516070578647	2.883392306950662	0.00004005516070578644	3.3936661477324903	0.007982649999501663	9.367306411135852	226.78489949881114	4.761935045132227	0.9983743965110596	54.156531504047564	744.9508909319643	-0.04341288711442112
3.5152123745819397	5.083612040133779	2.8838406151691784	0.00003899951851433125	2.8838406151691784	0.00003899951851433129	3.394787730783828	0.007843950945615701	9.36650165243276	227.1528097827206	4.76341647417594	0.9983881145066981	54.21547262252345	745.426252667911	-0.04341288711442112
3.5194272575250833	5.083612040133779	2.8842814562366397	0.000037972943316940757	2.8842814562366397	0.00003797294331694067	3.3958910451680246	0.007707786806344135	9.365708740540988	227.51941705927567	4.764874832922037	0.9984016833621381	54.274216809351486	745.8944156225014	-0.04341288711442112
3.5236421404682274	5.083612040133779	2.8847149584739435	0.000036974584857895535	2.8847149584739435	0.00003697458485789559	3.3969763987161605	0.007574108745074135	9.364927515382341	227.88474264081938	4.766310498124259	0.99841510529334	54.33276690043832	746.3554925345857	-0.04341288711442112
3.5278570234113715	5.083612040133779	2.8851412480256373	0.000036003619723853304	2.885141248025637	0.000036003619723853365	3.3980440941431644	0.007442868892284128	9.364157818004442	228.24880749035424	4.767723840585592	0.9984283824729253	54.39112568889038	746.8095945058672	-0.04341288711442112
3.532071906354515	5.083612040133779	2.8855604488901494	0.00003505925042095387	2.885560448890149	0.00003505925042095396	3.3990944291153107	0.0073140203276753	9.363399490637876	228.6116322261626	4.76911522522512	0.9984415170311837	54.449295925448666	747.2568310137889	-0.04341288711442112
3.536286789297659	5.083612040133779	2.885972682950115	0.00003414070448638233	2.8859726829501144	0.00003414070448638241	3.400127696318179	0.00718751706249499	9.362652376748878	228.97323712645874	4.770485011146021	0.9984545110570531	54.50728031893424	747.6973099250347	-0.04341288711442112
3.5405016722408025	5.083612040133779	2.886378070002659	0.00003324723363303541	2.8863780700026593	0.000033247233633035324	3.4011441835248046	0.007063314022063377	9.361916321087428	229.33364213405142	4.771833551704369	0.9984673665990775	54.565081536701605	748.1311375095265	-0.04341288711442112
3.5447165551839466	5.083612040133779	2.8867767277896954	0.00003237811292594993	2.886776727789695	0.00003237811292594995	3.4021441736640483	0.0069413670285081224	9.361191169731285	229.69286686102114	4.77316119457874	0.9984800856663401	54.62270220509979	748.558418454916	-0.04341288711442112
3.54893143812709	5.083612040133779	2.8871687720281964	0.00003153263998923483	2.887168772028196	0.00003153263998923499	3.4031279448891247	0.006821632783713775	9.360476770126164	230.05093059340822	4.774468281840584	0.9984926702293733	54.68014490994166	748.9792558815567	-0.04341288711442112
3.5531463210702343	5.083612040133779	2.8875543164403426	0.000030710134242303636	2.8875543164403426	0.000030710134242303636	3.404095770646054	0.0067040688524933915	9.359772971122018	230.4078522958932	4.775755150025018	0.9985051222210466	54.73741219697761	749.3937513578319	-0.04341288711442112
3.557361204013378	5.083612040133779	2.8879334727836077	0.00002990993616423218	2.887933472783608	0.000029909936164232124	3.4050479197421413	0.006588633645985101	9.359079623005936	230.7636506164782	4.777022130202124	0.9985174435374323	54.794506572374935	749.8020049158633	-0.04341288711442112
3.5615760869565216	5.083612040133779	2.8883063508807094	0.00002913140658513718	2.8883063508807094	0.00002913140658513721	3.4059846564143093	0.006475286405279313	9.358396577531673	231.11834389115836	4.778269548048621	0.9985296360386494	54.851430503202025	750.2041150675592	-0.04341288711442112
3.5657909698996653	5.083612040133779	2.8886730586494087	0.000028373926003504765	2.8886730586494087	0.0000283739260035047	3.4069062403972468	0.006363987185279584	9.357723687946018	231.47195014857775	4.779497723919735	0.9985417015496866	54.908186417915275	750.6001788209308	-0.04341288711442112
3.5700058528428094	5.083612040133779	2.8890337021321404	0.000027636893928449555	2.8890337021321404	0.000027636893928449555	3.4078129269913027	0.006254696838800875	9.357060809012218	231.82448711466756	4.7807069729212595	0.9985536418612048	54.964776706849236	750.9902916966728	-0.04341288711442112
3.5742207357859535	5.083612040133779	2.889388385525469	0.000026919728245919237	2.8893883855254687	0.00002691972824591922	3.408704967130118	0.006147377000906354	9.356407797030617	232.17597221726518	4.781897604981721	0.9985654587303202	55.02120372270918	751.3745477449798	-0.04341288711442112
3.578435618729097	5.083612040133779	2.889737211209313	0.00002622186460791043	2.889737211209313	0.000026221864607910486	3.40958260744785	0.006041990073486546	9.355764509856591	232.5264225907037	4.783069924924472	0.9985771538813665	55.07746978106443	751.7530395625297	-0.04341288711442112
3.5826505016722408	5.083612040133779	2.89008027977599	0.000025542755843787756	2.89008027977599	0.00002554275584378773	3.4104460903460763	0.00593849921008008	9.355130806916128	232.8758550803791	4.784224232539857	0.9985887290066392	55.13357716084389	752.1258583096792	-0.04341288711442112
3.5868653846153844	5.083612040133779	2.890417690058979	0.00002488187139285408	2.890417690058979	0.00002488187139285408	3.4112956540601753	0.005836868300939581	9.354506549218904	233.2242862472799	4.785360822657072	0.9986001857671211	55.18952810483064	752.4930937277459	-0.04341288711442112
3.5910802675585285	5.083612040133779	2.890749539161466	0.00002423869675733068	2.8907495391614657	0.000024238696757330764	3.4121315327252972	0.005737061958341026	9.353891599369305	233.57173237248722	4.786479985215992	0.998611525793189	55.245324820157606	752.8548341564549	-0.04341288711442112
3.595295150501672	5.083612040133779	2.891075922484611	0.00002361273297496594	2.8910759224846108	0.00002361273297496595	3.4129539564417692	0.005639045502138472	9.353285821575268	233.9182094616357	4.787582005338624	0.9986227506853039	55.30096947880186	753.2111665514423	-0.04341288711442112
3.5995100334448162	5.083612040133779	2.8913969337555545	0.000023003496110501062	2.891396933755555	0.000023003496110500984	3.413763151339997	0.005542784945562637	9.352689081655274	234.26373324933925	4.788667163400338	0.9986338620146827	55.356464218078514	753.5621765018527	-0.04341288711442112
3.60372491638796	5.083612040133779	2.8917126650551133	0.00002241051676527512	2.8917126650551137	0.000022410516765275134	3.4145593396447187	0.005448246981264722	9.3521012470434	234.60831920356975	4.789735735100651	0.9986448613239539	55.411811141132475	753.907948247961	-0.04341288711442112
3.6079397993311035	5.083612040133779	2.8920232068452307	0.000021833339604254863	2.8920232068452307	0.00002183333960425494	3.415342739738747	0.005355398967602267	9.351522186792822	234.9519825300021	4.790787991533757	0.9986557501277968	55.4670123174297	754.2485646988674	-0.04341288711442112
3.612154682274247	5.083612040133779	2.8923286479960693	0.000021271522899834414	2.8923286479960697	0.000021271522899834404	3.4161135662259814	0.005264208915168446	9.350951771577515	235.2947381763055	4.791824199258423	0.9986665299135646	55.5220697832446	754.5841074501468	-0.04341288711442112
3.6163695652173913	5.083612040133779	2.892629075812843	0.00002072463809174872	2.892629075812843	0.00002072463809174868	3.41687202999384	0.0051746454735618775	9.350389873692649	235.6366008363974	4.792844620367562	0.9986772021418917	55.576985542146474	754.9146568015432	-0.04341288711442112
3.6205844481605354	5.083612040133779	2.8929245760622897	0.000020192269362492837	2.89292457606229	0.000020192269362492874	3.4176183382749485	0.005086677918396518	9.349836367053383	235.977584954642	4.79384951255716	0.9986877682472866	55.631761565481874	755.2402917746055	-0.04341288711442112
3.624799331103679	5.083612040133779	2.893215232998873	0.000019674013227646993	2.8932152329988727	0.000019674013227647007	3.4183526947082132	0.00500027613854862	9.349291127192535	236.31770473000924	4.794839129194766	0.998698229638709	55.686399792855156	755.5610901303199	-0.04341288711442112
3.6290142140468227	5.083612040133779	2.8935011293906188	0.00001916947814054569	2.8935011293906188	0.000019169478140545663	3.4190752993991325	0.0049154106236402074	9.348754031256922	236.65697412017897	4.795813719387332	0.9987085877001335	55.740902132604965	755.8771283866768	-0.04341288711442112
3.6332290969899663	5.083612040133779	2.8937823465446275	0.000018678284110746935	2.8937823465446275	0.000018678284110746946	3.4197863489793803	0.004832052451756478	9.348224958002533	236.9954068455942	4.796773528048411	0.9987188437910984	55.795270462276946	756.1884818361609	-0.04341288711442112
3.6374439799331104	5.083612040133779	2.8940589643322747	0.00001820006233577155	2.894058964332275	0.000018200062335771502	3.420486036665695	0.00475017327739432	9.34770378778872	237.33301639346783	4.797718795964808	0.9987289992472417	55.84950662909342	756.4952245631972	-0.04341288711442112
3.641658862876254	5.083612040133779	2.8943310612140523	0.0000177344548456201	2.8943310612140523	0.000017734454845620074	3.421174552317991	0.004669745319640335	9.347190402571352	237.66981602173394	4.7986497598625055	0.9987390553808229	55.90361245041845	756.7974294614902	-0.04341288711442112
3.645873745819398	5.083612040133779	2.8945987142640726	0.000017281114159581056	2.8945987142640726	0.000017281114159581066	3.421852082496722	0.004590741350575623	9.34668468589504	238.0058187629478	4.7995666524719045	0.9987490134812322	55.95758971421891	757.095168251265	-0.04341288711442112
3.650088628762542	5.083612040133779	2.8948619991942532	0.000016839702954868996	2.8948619991942532	0.00001683970295486904	3.4225188105194997	0.004513134683904354	9.346186522884576	238.34103742813514	4.800469702592452	0.998758874815488	56.01144017952168	757.3885114964286	-0.04341288711442112
3.6543035117056855	5.083612040133779	2.8951209903781265	0.000016409893746652775	2.8951209903781265	0.000016409893746652768	3.42317491651691	0.00443689916380381	9.345695800235468	238.67548461058428	4.801359135156421	0.9987686406287198	56.06516557686531	757.6775286215748	-0.04341288711442112
3.658518394648829	5.083612040133779	2.895375760874333	0.00001599136857904426	2.895375760874333	0.000015991368579044306	3.423820577487597	0.0043620091539929295	9.345212406203876	239.00917268958952	4.802235171292081	0.998778312144642	56.11876760874819	757.9622879289069	-0.04341288711442112
3.662733277591973	5.083612040133779	2.8956263824497626	0.000015583818726642583	2.8956263824497626	0.000015583818726642617	3.424455967352546	0.004288439527016351	9.344736230595789	239.34211383413776	4.803098028386086	0.9987878905660134	56.17224795007152	758.2428566150112	-0.04341288711442112
3.6669481605351173	5.083612040133779	2.895872925602344	0.000015186944406241017	2.895872925602344	0.00001518694440624103	3.4250812570085882	0.004216165653741238	9.344267164755609	239.67432000654276	4.803947920145073	0.9987973770750872	56.22560824857709	758.5193007874894	-0.04341288711442112
3.671163043478261	5.083612040133779	2.8961154595835046	0.000014800454498319779	2.8961154595835046	0.000014800454498319848	3.4256966143811467	0.0041451633930633894	9.343805101554196	240.0058029660264	4.804785056656561	0.998806772834049	56.27885012528077	758.7916854814606	-0.04341288711442112
3.6753779264214046	5.083612040133779	2.896354052420276	0.000014424066277963924	2.8963540524202767	0.000014424066277963868	3.4263022044761704	0.004075409081820206	9.343349935376327	240.33657427224378	4.805609644449034	0.9988160789854443	56.331975174900464	759.0600746759035	-0.04341288711442112
3.6795928093645482	5.083612040133779	2.8965887709370595	0.000014057505154860244	2.8965887709370595	0.000014057505154860263	3.4268981894313058	0.004006879524906859	9.342901562107725	240.66664528875643	4.806421886551252	0.9988252966525958	56.384984966279085	759.3245313098449	-0.04341288711442112
3.6838076923076923	5.083612040133779	2.896819680777077	0.000013700504422037164	2.8968196807770776	0.000013700504422037096	3.4274847285663332	0.0039395519855925515	9.342459879121744	240.99602718645613	4.807221982550864	0.9988344269400092	56.43788104280309	759.5851172984176	-0.04341288711442112
3.688022575250836	5.083612040133779	2.8970468464234322	0.000013352805013032802	2.8970468464234322	0.000013352805013032778	3.4280619784327264	0.0038734041760342896	9.342024785265442	241.32473094692534	4.808010128652068	0.9988434709337712	56.49066492281423	759.8418935486985	-0.04341288711442112
3.69223745819398	5.083612040133779	2.89727033121988	0.000013014155267178884	2.89727033121988	0.000013014155267178857	3.428630092862532	0.003808414247984106	9.341596180845505	241.6527673657543	4.808786517732631	0.9988524297019357	56.54333810001755	760.0949199754303	-0.04341288711442112
3.6964523411371237	5.083612040133779	2.8974901973912495	0.000012684310702706814	2.8974901973912495	0.000012684310702706818	3.42918922301645	0.0037445607836869964	9.341173967613791	241.98014705580152	4.80955133940007	0.9988613042949017	56.595902043883484	760.3442555165572	-0.04341288711442112
3.7006672240802674	5.083612040133779	2.8977065060635208	0.000012363033797394139	2.8977065060635208	0.000012363033797394166	3.4297395174311287	0.0036818227869665427	9.34075804875255	242.30688045040097	4.810304780047013	0.9988700957457822	56.64835820004455	760.5899581485797	-0.04341288711442112
3.704882107023411	5.083612040133779	2.8979193172835847	0.000012050093776476962	2.8979193172835847	0.00001205009377647699	3.4302811220657246	0.003620179674494457	9.340348328859427	242.63297780651865	4.811047022905787	0.9988788050707632	56.70070799068676	760.8320849017333	-0.04341288711442112
3.709096989966555	5.083612040133779	2.898128690038685	0.000011745266407565465	2.898128690038685	0.000011745266407565447	3.43081418034771	0.0035596112672412494	9.339944713932281	242.95844920785876	4.8117782481022635	0.9988874332694548	56.752952814936144	761.0706918750172	-0.04341288711442112
3.713311872909699	5.083612040133779	2.8983346822755043	0.000011448333802314892	2.8983346822755043	0.000011448333802314897	3.4313388332178936	0.003500097782104912	9.339547111353705	243.28330456791318	4.81249863270879	0.9988959813252333	56.80509404923882	761.3058342509902	-0.04341288711442112
3.717526755852843	5.083612040133779	2.8985373509189762	0.000011159084224603765	2.898537350918976	0.00001115908422460377	3.431855219174766	0.003441619823713607	9.339155429875534	243.60755363296946	4.8132083507965095	0.9989044502055756	56.85713304773733	761.537566310449	-0.04341288711442112
3.7217416387959865	5.083612040133779	2.8987367518907226	0.000010877311904994731	2.8987367518907226	0.000010877311904994719	3.4323634743180214	0.0033841583764005006	9.338769579603035	243.9312059850577	4.81390757348669	0.998912840862385	56.90907114263969	761.7659414468565	-0.04341288711442112
3.72595652173913	5.083612040133779	2.89893294012724	0.000010602816861245835	2.89893294012724	0.000010602816861245857	3.4328637323914397	0.0033276947963462207	9.338389471979148	244.25427104485703	4.814596469001482	0.9989211542323093	56.960909644585044	761.9910121806523	-0.04341288711442112
3.7301714046822743	5.083612040133779	2.8991259695977063	0.000010335404724665759	2.8991259695977063	0.000010335404724665779	3.433356124824961	0.0032722108038868965	9.338015019768473	244.57675807454544	4.815275202713701	0.9989293912370518	57.012649843002166	762.2128301733147	-0.04341288711442112
3.734386287625418	5.083612040133779	2.8993158933215484	0.000010074886572098171	2.899315893321548	0.000010074886572098201	3.43384078077612	0.0032176884759837804	9.337646137041322	244.89867618060617	4.815943937196003	0.9989375527836741	57.064293006464254	762.4314462412926	-0.04341288711442112
3.738601170568562	5.083612040133779	2.8995027633856547	9.821078763343493e-6	2.8995027633856547	9.82107876334348e-6	3.434317827170734	0.0031641102388520544	9.337282739157656	245.22003431658467	4.816602832269193	0.9989456397648919	57.115840383037316	762.6469103697137	-0.04341288711442112
3.7428160535117057	5.083612040133779	2.899686630961302	9.57380278382323e-6	2.899686630961302	9.573802783823251e-6	3.434787388742868	0.003111458860745362	9.336924742750895	245.5408412857928	4.817252045049772	0.9989536530593642	57.167293200623625	762.8592717259183	-0.04341288711442112
3.7470309364548493	5.083612040133779	2.8998675463208126	9.332885092301643e-6	2.8998675463208126	9.33288509230166e-6	3.4352495880741953	0.0030597174448930204	9.336572065711934	245.8611057439768	4.817891729996831	0.9989615935319752	57.21865266730058	763.0685786728268	-0.04341288711442112
3.751245819397993	5.083612040133779	2.9000455588538636	9.098156973493652e-6	2.9000455588538636	9.098156973493642e-6	3.435704545632555	0.00300886942258733	9.336224627172871	246.18083620192564	4.818522038958006	0.9989694620341095	57.269919971652875	763.2748787820684	-0.04341288711442112
3.755460702341137	5.083612040133779	2.9002207170835588	8.869454395381534e-6	2.9002207170835588	8.869454395381532e-6	3.436152379809939	0.002958898546417455	9.335882347490962	246.50004102804382	4.819143121214884	0.9989772594039209	57.32109628310112	763.4782188469878	-0.04341288711442112
3.759675585284281	5.083612040133779	2.9003930686821997	8.646617871081398e-6	2.9003930686821997	8.646617871081398e-6	3.4365932069597713	0.0029097888836471715	9.335545148232528	246.81872845087545	4.819755123527584	0.9989849864665953	57.37218275222463	763.6786448954331	-0.04341288711442112
3.763890468227425	5.083612040133779	2.9005626604867567	8.429492325101924e-6	2.9005626604867563	8.42949232510196e-6	3.4370271414335205	0.002861524809733968	9.335212952156866	247.13690656158153	4.820358190178566	0.9989926440346065	57.42318051107875	763.8762022023491	-0.04341288711442112
3.7681053511705684	5.083612040133779	2.900729538514082	8.217926963840447e-6	2.900729538514082	8.217926963840462e-6	3.4374542956166763	0.002814091001985906	9.334885683200218	247.45458331637596	4.82095246301579	0.9990002329079666	57.474090673507774	764.07093530221	-0.04341288711442112
3.772320234113712	5.083612040133779	2.9008937479758576	8.011775150173153e-6	2.9008937479758576	8.011775150173156e-6	3.4378747799641065	0.002767472433354138	9.334563266459883	247.77176653891834	4.8215380814951665	0.999007753874471	57.52491433545292	764.2628880012705	-0.04341288711442112
3.776535117056856	5.083612040133779	2.901055333293246	7.810894281998846e-6	2.901055333293246	7.810894281998856e-6	3.438288703034744	0.0027216543663578746	9.334245628178259	248.08846392266128	4.822115182722214	0.9990152077099363	57.575652575254594	764.452103389606	-0.04341288711442112
3.78075	5.083612040133779	2.901214338111295	7.61514567459969e-6	2.901214338111295	7.615145674599706e-6	3.438696171525683	0.0026766223471392297	9.333932695727068	248.40468303315788	4.822683901493105	0.9990225951784343	57.626306453950555	764.6386238530031	-0.04341288711442112