2.5205	5.414715719063545	2.1697945591081225	0.08659620247641078	2.1697945591081234	0.08659620247641053	2.2995014908699796	0.21394172393587169	8.889661664728086	90.2926706275201	3.43106744097836	0.9709336241969848	33.15702301990861	423.13504431099744	-0.04341288711442112
2.524714882943144	5.414715719063545	2.175360849216551	0.08460044609588346	2.1753608492165513	0.08460044609588341	2.3016094930825197	0.21310414900392338	8.894700858864708	90.61499382914806	3.4332819798128025	0.9712400225182295	33.21574029179768	423.8670471316138	-0.04341288711442112
2.528929765886288	5.414715719063545	2.1810021196047344	0.08261244184965176	2.1810021196047353	0.08261244184965151	2.3038225295020207	0.21224878133899897	8.899872370973206	90.94450524486149	3.4356211386597817	0.9715452543385347	33.27542458765259	424.6295847082419	-0.04341288711442112
2.5331446488294316	5.414715719063545	2.1867144778214076	0.08063401283844336	2.1867144778214063	0.08063401283844379	2.3061421171649004	0.21137548779613835	8.905176960877577	91.28133563825476	3.4380873102676213	0.971849361903775	33.33609727024946	425.42337437988334	-0.04341288711442112
2.5373595317725752	5.414715719063545	2.1924938578356437	0.07866697481679308	2.1924938578356437	0.07866697481679318	2.3085696770030903	0.21048415781054972	8.910615146186386	91.62561043944184	3.4406827666077837	0.9721523820369878	33.39777873522331	426.24910675503503	-0.04341288711442112
2.5415744147157193	5.414715719063545	2.198336038167868	0.076713126695337	2.1983360381678683	0.07671312669533693	2.311106524583419	0.20957470489271485	8.91618718773489	91.97744910083195	3.4434096466924964	0.9724543460228117	33.46048831016805	427.10744267642644	-0.04341288711442112
2.545789297658863	5.414715719063545	2.20423666153862	0.07477424104687395	2.20423666153862	0.07477424104687395	2.313753861115461	0.20864706803051694	8.921893076028622	92.33696446262213	3.446269944661872	0.9727552795137703	33.52424415576859	427.9990102252851	-0.04341288711442112
2.550004180602007	5.414715719063545	2.2101912557884895	0.07285205474351822	2.2101912557884895	0.07285205474351826	2.3165127648314185	0.20770121297891542	8.92773251888156	92.704262134747	3.449265498273468	0.9730552024611947	33.58906317006703	428.924401796872	-0.04341288711442112
2.5542190635451507	5.414715719063545	2.2161952557969684	0.07094825985127941	2.216195255796968	0.07094825985127955	2.3193841828412856	0.20673713341832847	8.933704930434242	93.0794399021103	3.452397977927596	0.9733541290733266	33.65496089696962	429.88417127939425	-0.04341288711442112
2.5584339464882944	5.414715719063545	2.222244026109025	0.0690644949042178	2.2222440261090246	0.06906449490421798	2.32236892356376	0.20575485196404072	8.939809421724998	93.46258715985546	3.455668876359387	0.9736520678028439	33.72195144008575	430.8788313681787	-0.04341288711442112
2.5626488294314385	5.414715719063545	2.228332883966764	0.0672023366730345	2.228332883966764	0.0672023366730345	2.325467649828735	0.2047544210104573	8.946044792971307	93.85378438524053	3.459079499123484	0.9739490213656702	33.79004738294935	431.9088510460592	-0.04341288711442112
2.566863712374582	5.414715719063545	2.2344571224400838	0.06536329253280056	2.234457122440084	0.06536329253280049	2.32868087274056	0.20373592339591953	8.952409527698684	94.25310265236311	3.462630955990061	0.9742449867925198	33.85925971661647	432.9746532595562	-0.04341288711442112
2.5710785953177258	5.414715719063545	2.2406120333541	0.0635487935219696	2.2406120333541004	0.06354879352196939	2.3320089463822398	0.20269947287612225	8.958901788830705	94.66060319550053	3.46632415336016	0.974539955514143	33.92959777554635	434.0766128181703	-0.04341288711442112
2.57529347826087	5.414715719063545	2.2467929297230054	0.06176018817015512	2.246792929723006	0.061760188170155064	2.3354520634305844	0.201645214396686	8.965519416828325	95.07633702627096	3.470159787796531	0.9748339134807531	34.00106918257681	435.2150545415968	-0.04341288711442112
2.5795083612040135	5.414715719063545	2.2529951674182316	0.0599987371560751	2.2529951674182316	0.05999873715607514	2.3390102517400995	0.200573324158301	8.972259929937922	95.5003446091135	3.4741383407513493	0.9751268413155824	34.07367980368423	436.39025167641915	-0.04341288711442112
2.583723244147157	5.414715719063545	2.259214165823247	0.05826560884001786	2.259214165823247	0.05826560884001783	2.342683371940263	0.19948400947082423	8.979120526577946	95.9326555988128	3.478260074556354	0.9754187145019863	34.1474337130876	437.60242460031196	-0.04341288711442112
2.5879381270903012	5.414715719063545	2.265445427256408	0.056561875697829826	2.2654454272564086	0.056561875697829694	2.346471116076578	0.19837750839582316	8.986098089863194	96.37328864292837	3.482525029723341	0.9757095036029895	34.222333169111636	438.85173982780293	-0.04341288711442112
2.592153010033445	5.414715719063545	2.271684554976271	0.0548885116662345	2.2716845549762716	0.0548885116662345	2.350373007311194	0.1972540891801496	8.993189194235526	96.82225125108921	3.4869330235849927	0.9759991745116574	34.29837860107486	440.13830932755536	-0.04341288711442112
2.596367892976589	5.414715719063545	2.277927269618847	0.05324639039287901	2.2779272696188464	0.053246390392879143	2.3543884006837486	0.19611404948621666	9.00039011413943	97.2795397321617	3.4914836502870235	0.9762876887301996	34.37556860731124	441.4621901567233	-0.04341288711442112
2.6005827759197326	5.414715719063545	2.284169423952824	0.05163628436920578	2.284169423952823	0.051636284369206	2.3585164849185443	0.1949577154275334	9.007696834653022	97.74513919936939	3.4961762821243587	0.9765750036752775	34.45389996428231	442.82338441368864	-0.04341288711442112
2.6047976588628763	5.414715719063545	2.290407015875052	0.05005886491052214	2.290407015875052	0.05005886491052214	2.362756285249779	0.19378544042079718	9.015105063958382	98.2190236425029	3.5010100721957325	0.9768610730066103	34.53336764658345	444.2218395061526	-0.04341288711442112
2.6090125418060204	5.414715719063545	2.296636199603696	0.04851470293573116	2.296636199603696	0.04851470293573115	2.367106667223119	0.19259760386829386	9.022610247511725	98.70115606546565	3.5059839583338195	0.9771458469756408	34.613964857504364	445.6574487274331	-0.04341288711442112
2.613227424749164	5.414715719063545	2.3028532950598404	0.047004270489231496	2.3028532950598395	0.04700427048923162	2.3715663414198715	0.19139460968645408	9.030207583753752	99.1914886865832	3.5110966682523297	0.9774292727907857	34.69568306967176	447.13005213003476	-0.04341288711442112
2.6174423076923077	5.414715719063545	2.3090547954583287	0.04552794293971312	2.3090547954583287	0.04552794293971302	2.3761338690387106	0.19017688469824348	9.037892041183234	99.68996319831825	3.5163467258366294	0.9777112949955985	34.778512075178284	448.6394376819005	-0.04341288711442112
2.6216571906354518	5.414715719063545	2.315237373155846	0.044086001784818064	2.315237373155846	0.0440860017848181	2.3808076682609327	0.1889448769084021	9.045658376604342	100.19651108238322	3.521732458492284	0.9779918558560703	34.862440044498584	450.18534268771475	-0.04341288711442112
2.6258720735785954	5.414715719063545	2.32139788382726	0.042678637986979136	2.32139788382726	0.04267863798697913	2.385586021317369	0.18769905368155587	9.053501154348876	100.71105397565961	3.5272520054551215	0.9782708957532602	34.94745359340269	451.76745545487034	-0.04341288711442112
2.6300869565217395	5.414715719063545	2.3275333690605633	0.04130595576397266	2.3275333690605633	0.0413059557639727	2.39046708216928	0.18643989984379483	9.061414766269372	101.23350408186815	3.5329033269580727	0.9785483535774736	35.03353785700604	453.3854171814889	-0.04341288711442112
2.634301839464883	5.414715719063545	2.3336410574758704	0.03996797675772741	2.333641057475871	0.039967976757727355	2.395448884711398	0.18516791572851346	9.069393452297657	101.76376462357373	3.538684214143716	0.9788241671203145	35.12067657004118	455.0388240421302	-0.04341288711442112
2.638516722408027	5.414715719063545	2.3397183644854356	0.038664644506415345	2.3397183644854356	0.03866464450641535	2.4005293514031596	0.1838836151870816	9.077431321365731	102.30173032887295	3.5445922996075505	0.9790982734610933	35.20885215240297	456.7272294456144	-0.04341288711442112
2.642731605351171	5.414715719063545	2.345762890819152	0.0373958291477095	2.345762890819152	0.03739582914770948	2.40570630223338	0.18258752358441632	9.085522372491225	102.8472879469623	3.550625068454949	0.9793706093442884	35.298045798999865	458.450146438584	-0.04341288711442112
2.6469464882943146	5.414715719063545	2.3517724199444388	0.03616133228496224	2.351772419944439	0.036161332284962176	2.4109774639248136	0.18128017579863054	9.0936605158383	103.40031678676557	3.556779869754972	0.979641111545018	35.388237572945336	460.20705022819317	-0.04341288711442112
2.651161371237458	5.414715719063545	2.3577449145105582	0.034960891952807265	2.357744914510558	0.034960891952807306	2.4163404792872916	0.17996211424285866	9.10183959357566	103.96068927284423	3.5630539282759277	0.9799097172197724	35.47940650113624	461.99738079737784	-0.04341288711442112
2.6553762541806023	5.414715719063545	2.3636785119463304	0.03379418762399846	2.3636785119463304	0.033794187623998474	2.421792916632225	0.1786338869259483	9.110053400367013	104.52827151299071	3.569444356391622	0.9801763642399843	35.57153067129797	463.8205455868484	-0.04341288711442112
2.659591137123746	5.414715719063545	2.3695715193363913	0.03266084520506649	2.3695715193363918	0.032660845205066444	2.4273322791656278	0.17729604556725725	9.118295703343367	105.1029238720986	3.5759481660516728	0.9804409915063519	35.66458732961251	465.67592221866204	-0.04341288711442112
2.6638060200668896	5.414715719063545	2.3754224076961776	0.03156044197428836	2.375422407696178	0.031560441974288284	2.43295601428306	0.17594914377906448	9.126560261423469	105.68450154722889	3.582562280716223	0.9807035392421865	35.75855297810243	467.5628612376183	-0.04341288711442112
2.6680209030100337	5.414715719063545	2.381229805758903	0.03049251142147918	2.381229805758903	0.030492511421479133	2.4386615226960178	0.17459373532841108	9.134840843864946	106.27285513911345	3.5892835471621436	0.9809639492644063	35.853403471000256	469.4806888480504	-0.04341288711442112
2.6722357859531773	5.414715719063545	2.3869924933802875	0.029456547955001626	2.386992493380288	0.02945654795500149	2.4444461673264946	0.17323037248836773	9.143131247946306	106.86783121574251	3.59610874707625	0.9812221652311556	35.94911410940174	471.4287096253277	-0.04341288711442112
2.6764506688963214	5.414715719063545	2.3927093946582563	0.02845201144709704	2.3927093946582554	0.028452011447097126	2.450307281913586	0.1718596044869728	9.151425315697054	107.46927286408545	3.6030346083593563	0.9814781328653548	36.045659733571	473.4062091831419	-0.04341288711442112
2.680665551839465	5.414715719063545	2.398379570856241	0.02747833159402558	2.398379570856241	0.02747833159402556	2.4562421792837603	0.17048197606027105	9.159716949610402	108.07702022645482	3.6100578160741916	0.9817318001538223	36.14301481234152	475.4124567796254	-0.04341288711442112
2.6848804347826087	5.414715719063545	2.40400221320958	0.026534912072564008	2.40400221320958	0.026534912072564015	2.4622481592435483	0.1690980261142671	9.168000127289023	108.69091101844292	3.617175022978927	0.9819831175218963	36.24115352912951	477.4467078472512	-0.04341288711442112
2.689095317725753	5.414715719063545	2.4095766356858546	0.0256211344790255	2.409576635685854	0.02562113447902556	2.468322516061183	0.16770828649892566	9.176268914990366	109.3107810258395	3.624382859597414	0.982232037983768	36.34004986415422	479.50820643355087	-0.04341288711442112
2.6933102006688965	5.414715719063545	2.4151022677611977	0.024736362041180217	2.4151022677611977	0.024736362041180248	2.4744625455104763	0.16631328089591332	9.18451748005208	109.93646457835187	3.6316779437856996	0.9824785172689833	36.43967767252951	481.59618754155633	-0.04341288711442112
2.69752508361204	5.414715719063545	2.420578647266442	0.023879943097200408	2.420578647266442	0.023879943097200394	2.480665551457252	0.16491352382037036	9.192740102191701	110.5677949983953	3.63905688976311	0.9827225139257826	36.54001075796455	483.70987936088875	-0.04341288711442112
2.7017399665551842	5.414715719063545	2.4260054133490563	0.02305121433907015	2.4260054133490563	0.02305121433907012	2.4869288519748007	0.16350951973579195	9.20093118368678	111.20460502361095	3.646516316584021	0.982963989402146	36.64102294187559	485.8485053821784	-0.04341288711442112
2.705954849498328	5.414715719063545	2.4313822995896306	0.02224950382076232	2.4313822995896306	0.022249503820762333	2.4932497849808986	0.16210176227997058	9.209085258452344	111.84672720216471	3.654052856034166	0.9832029081055611	36.74268812777576	488.0112863893338	-0.04341288711442112
2.7101697324414715	5.414715719063545	2.436709127304838	0.02147413373394798	2.436709127304838	0.021474133733947944	2.4996257133940927	0.16069073359902664	9.217197000041898	112.49399426022072	3.6616631599420253	0.9834392374426647	36.84498036086546	490.19744232571963	-0.04341288711442112
2.7143846153846156	5.414715719063545	2.4419857990626634	0.02072442295606673	2.441985799062663	0.020724422956066725	2.5060540298117533	0.15927690378575163	9.225261228606223	113.14623944130472	3.6693439069022484	0.9836729478400058	36.94787388279856	492.4061940318588	-0.04341288711442112
2.7185994983277593	5.414715719063545	2.4472122924302986	0.019999689377270185	2.4472122924302986	0.019999689377270157	2.5125321607169027	0.15786073041776758	9.233272916851176	113.80329681758131	3.6770918084139077	0.9839040127472566	37.05134318164893	494.6367648536786	-0.04341288711442112
2.7228143812709034	5.414715719063545	2.4523886539698774	0.019299252014132972	2.4523886539698774	0.01929925201413297	2.5190575702240388	0.15644265819053949	9.241227195040542	114.46500157329572	3.6849036144408935	0.9841324086242413	37.1553630371389	496.88838212142184	-0.04341288711442112
2.727029264214047	5.414715719063545	2.4575149934931	0.01862243291907288	2.4575149934931	0.018622432919072895	2.525627763377794	0.15502311863980386	9.24911935509501	115.13119026088614	3.6927761184067154	0.9843581149131846	37.259908561232	499.1602785006042	-0.04341288711442112
2.7312441471571907	5.414715719063545	2.4625914785817837	0.017968558895218825	2.4625914785817837	0.01796855889521882	2.532240289020564	0.1536025299477035	9.256944853840837	115.80170103044765	3.7007061616392	0.9845811139975837	37.36495523421975	501.45169321720226	-0.04341288711442112
2.7354590301003348	5.414715719063545	2.467618329378065	0.017336963027024744	2.467618329378065	0.017336963027024734	2.538892742247468	0.1521812968267314	9.264699315464313	116.47637383339553	3.7086906372839397	0.9848013911490994	37.47047893645933	503.7618731601605	-0.04341288711442112
2.7396739130434784	5.414715719063545	2.4725958136451553	0.016726986037268576	2.4725958136451553	0.016726986037268562	2.545582766468717	0.15075981047546017	9.27237853322916	117.15505060131555	3.716726493707815	0.9850189344638326	37.57645597593961	506.0900738649521	-0.04341288711442112
2.743888795986622	5.414715719063545	2.4775242420971026	0.016137977481247855	2.477524242097103	0.01613797748124784	2.5523080551007165	0.14933844860002407	9.279978470514664	117.83757540109619	3.7248107374160275	0.9852337347893154	37.68286311187046	508.435560382546	-0.04341288711442112
2.748103678929766	5.414715719063545	2.4824039639938746	0.015569296789009715	2.482403963993875	0.01556929678900969	2.5590663529079185	0.1479175754953977	9.287495261231669	118.52379456750764	3.7329404355073232	0.9854457856434908	37.78967757450009	510.7976080384935	-0.04341288711442112
2.75231856187291	5.414715719063545	2.4872353629965507	0.015020314166333993	2.4872353629965507	0.015020314166334009	2.565855457018247	0.1464975421805838	9.294925209673156	119.21355681447379	3.741112717693536	0.9856550831269008	37.896877081377134	513.1755030873159	-0.04341288711442112
2.7565334448160534	5.414715719063545	2.4920188532759076	0.014490411364986407	2.4920188532759076	0.014490411364986407	2.572673217634905	0.14507868658202244	9.30226478985431	119.90671332630698	3.7493247779099432	0.9858616258292306	38.00443985027707	515.5685432675336	-0.04341288711442112
2.7607483277591975	5.414715719063545	2.4967548758666704	0.013978982332464569	2.4967548758666704	0.01397898233246458	2.5795175384675035	0.1436613337597223	9.309510644395553	120.60311783020889	3.7575738755435424	0.9860654147312954	38.11234460901705	517.9760382629414	-0.04341288711442112
2.764963210702341	5.414715719063545	2.501443895258807	0.01348543375108502	2.501443895258807	0.013485433751085034	2.5863863769049678	0.14224579617086813	9.316659582999353	121.30262665133358	3.7658573363059675	0.9862664531034656	38.22057060238027	520.3973100757087	-0.04341288711442112
2.7691780936454853	5.414715719063545	2.5060863962166637	0.013009185475874629	2.506086396216664	0.013009185475874617	2.5932777439525077	0.14083237396590065	9.323708580569798	122.00509875172116	3.774172552778017	0.9864647464014695	38.329097596372414	522.8316933170651	-0.04341288711442112
2.773392976588629	5.414715719063545	2.5106828808163	0.012549670880255541	2.5106828808163004	0.012549670880255515	2.6001897039540895	0.13942135531236294	9.330654775020761	122.71039575437631	3.7825169846519326	0.9866603021604214	38.437905880025745	525.2785354212002	-0.04341288711442112
2.7776078595317726	5.414715719063545	2.5152338656910813	0.01210633711805783	2.5152338656910813	0.012106337118057846	2.6071203741212328	0.1380130167420923	9.337495464816064	123.41838195374535	3.7908881586970558	0.9868531298878526	38.5469762649621	527.7371967879814	-0.04341288711442112
2.7818227424749167	5.414715719063545	2.5197398794754746	0.011678645309901866	2.5197398794754746	0.011678645309901849	2.6140679238880367	0.13660762351764263	9.34422810628202	124.12892431380668	3.799283668473631	0.9870432409564481	38.65629008291831	530.2070508599554	-0.04341288711442112
2.7860376254180603	5.414715719063545	2.5242014604369523	0.011266070661500946	2.5242014604369523	0.011266070661500946	2.6210305741114976	0.13520543001410978	9.350850310729866	124.84189245494922	3.807701173818648	0.9872306484971192	38.76582918143063	532.6874841389867	-0.04341288711442112
2.790252508361204	5.414715719063545	2.5286191542860244	0.01086810252094124	2.5286191542860244	0.010868102520941244	2.628006596135179	0.13380668011284264	9.357359841422802	125.5571586307661	3.8161384001265706	0.9874153672929687	38.875575917865504	535.1778961476924	-0.04341288711442112
2.794467391304348	5.414715719063545	2.532993512154547	0.010484244381510868	2.532993512154547	0.01048424438151088	2.6349943107333305	0.1324116076037951	9.363754610419411	126.27459769584202	3.8245931374467363	0.9875974136746483	38.985513151975056	537.677699340652	-0.04341288711442112
2.7986822742474917	5.414715719063545	2.5373250887326453	0.010114013836179044	2.5373250887326453	0.010114013836179055	2.6419920869514155	0.1310204365935899	9.370032675322351	126.99408706555042	3.83306323941797	0.9877768054175291	39.09562423714578	540.186318970133	-0.04341288711442112
2.8028971571906354	5.414715719063545	2.5416144405549543	0.009756942489359386	2.5416144405549543	0.009756942489359398	2.6489983408581903	0.1296333819165954	9.376192235958746	127.71550666883768	3.841546622059982	0.9879535616410666	39.20589301049988	542.7031929109064	-0.04341288711442112
2.8071120401337795	5.414715719063545	2.545862124427128	0.009412575831155696	2.545862124427128	0.009412575831155692	2.6560115342233366	0.12825064954659973	9.382231631015847	128.4387388949052	3.850041262439872	0.9881277027106689	39.31630378199898	545.2277714484757	-0.04341288711442112
2.811326923076923	5.414715719063545	2.550068695983883	0.009080473078863413	2.550068695983883	0.009080473078863414	2.6630301731336035	0.1268724370069239	9.388149334653093	129.1636685346424	3.858545197230781	0.9882992501423358	39.426841322688865	547.7595170347793	-0.04341288711442112
2.815541806020067	5.414715719063545	2.5542347083703234	0.00876020699009607	2.5542347083703234	0.008760206990096074	2.6700528065596596	0.12549893377701093	9.393943953109433	129.89018271762293	3.867056521178833	0.988468226510288	39.53749085221661	550.2979040152694	-0.04341288711442112
2.819756688963211	5.414715719063545	2.55836071103855	0.00845136365153003	2.55836071103855	0.008451363651530035	2.6770780248847075	0.12413032169378072	9.399614221322325	130.61817084540752	3.8755733854931855	0.988634655357757	39.64823802574009	552.8424183309824	-0.04341288711442112
2.8239715719063545	5.414715719063545	2.5624472486520493	0.008153542246898418	2.5624472486520493	0.008153542246898422	2.6841044584052107	0.12276677534621709	9.405158999572972	131.34752452185836	3.8840939961731014	0.9887985611110773	39.759068920343026	555.3925571990442	-0.04341288711442112
2.8281864548494986	5.414715719063545	2.56649486009068	0.007866354807533853	2.56649486009068	0.00786635480753386	2.6911307758130696	0.12140846246185827	9.410577270170005	132.07813748110772	3.892616612284723	0.9889599689971756	39.8699700210575	557.9478287747817	-0.04341288711442112
2.8324013377926422	5.414715719063545	2.5705040775495123	0.00758942594844386	2.5705040775495127	0.007589425948443856	2.6981556826679216	0.12005554428402267	9.415868134182405	132.80990551378528	3.9011395441994434	0.989118904964529	39.98092820659037	560.5077517984655	-0.04341288711442112
2.836616220735786	5.414715719063545	2.5744754257251605	0.00732239259261071	2.5744754257251605	0.007322392592610711	2.705177919867416	0.1187081759387637	9.42103080823036	133.5427263920594	3.9096611518046878	0.98927539560763	40.091930734840545	563.0718552294645	-0.04341288711442112
2.84083110367893	5.414715719063545	2.5784094210836193	0.007064903685939178	2.5784094210836197	0.007064903685939163	2.712196262122627	0.1173665067906908	9.426064621341444	134.27649979400297	3.9181798426970986	0.989429468094976	40.202965228287205	565.6396778704327	-0.04341288711442112
2.8450459866220736	5.414715719063545	2.582306571203986	0.0068166199050237585	2.582306571203986	0.006816619905023766	2.71920951644506	0.11603068078693567	9.430969011877782	135.01112722775278	3.926694070367192	0.9895811501005723	40.314019659321914	568.2107679839288	-0.04341288711442112
2.8492608695652173	5.414715719063545	2.586167374192863	0.00657721335967543	2.586167374192863	0.006577213359675439	2.7262165206512177	0.11470083678863774	9.435743524538879	135.74651195590062	3.9352023323839593	0.9897304697389262	40.42508233559218	570.7846829037746	-0.04341288711442112
2.8534757525083614	5.414715719063545	2.5899923181644895	0.006346367291938668	2.5899923181644895	0.006346367291938671	2.733216141889941	0.11337710888946144	9.440387807443107	136.4825589205047	3.94370316858683	0.9898774555034836	40.53614188541588	573.3609886431833	-0.04341288711442112
2.857690635451505	5.414715719063545	2.593781880782108	0.006123775773131007	2.593781880782108	0.006123775773130999	2.7402072751973763	0.11205962672073146	9.444901609290177	137.21917466908906	3.952195159292126	0.9900221362084571	40.647187243323124	575.9392595016732	-0.04341288711442112
2.861905518394649	5.414715719063545	2.5975365288562893	0.005909143400261964	2.5975365288562897	0.005909143400261943	2.7471888420838444	0.11074851574286612	9.449284776605587	137.95626728195973	3.960676923520138	0.9901645409339689	40.75820763577415	578.5190776725235	-0.04341288711442112
2.8661204013377928	5.414715719063545	2.6012567179963186	0.0057021849930242495	2.6012567179963186	0.005702184993024254	2.754159789156458	0.10944389752287433	9.453537251067296	138.69374630113836	3.969147117248634	0.9903046989744333	40.86919256709962	581.1000328524848	-0.04341288711442112
2.8703352842809364	5.414715719063545	2.604942892310995	0.005502625292402234	2.604942892310995	0.005502625292402229	2.761119086780938	0.10814588999773811	9.457659066913982	139.43152266118796	3.977604431697876	0.9904426397900876	40.98013180570305	583.6817218552708	-0.04341288711442112
2.8745501672240805	5.414715719063545	2.608595484155486	0.005310198661808157	2.6085954841554857	0.005310198661808153	2.7680657277856473	0.10685460772357924	9.461650348433443	140.16950862217627	3.986047591651846	0.9905783929615779	41.09101537056266	586.263748230297	-0.04341288711442112
2.878765050167224	5.414715719063545	2.6122149139211928	0.0051246487915333734	2.6122149139211928	0.005124648791533381	2.7749987262106846	0.105570162110543	9.465511307529368	140.90761770500856	3.994475353819974	0.9907119881474977	41.20183351806626	588.8457218880228	-0.04341288711442112
2.882979933110368	5.414715719063545	2.615801589865687	0.004945728407194284	2.6158015898656872	0.004945728407194271	2.7819171161042444	0.1042926616434105	9.469242241363501	141.64576462932084	4.002886505242911	0.9908434550447754	41.31257672920707	591.4272587330828	-0.04341288711442112
2.887194816053512	5.414715719063545	2.619355907980191	0.004773198982748983	2.619355907980191	0.0047731989827489805	2.788819950368513	0.1030222120879667	9.472843530070438	142.38386525412378	4.011279861745983	0.9909728233518031	41.42323569716882	594.0079803064249	-0.04341288711442112
2.8914096989966556	5.414715719063545	2.6228782518921827	0.0046068304585738335	2.6228782518921827	0.004606830458573836	2.7957062996569384	0.10175891668319538	9.476315634541363	143.12183652136196	4.0196542664433	0.9911001227341981	41.53380131532349	596.5875134375207	-0.04341288711442112
2.895624581939799	5.414715719063545	2.6263689928008622	0.004446400965008362	2.6263689928008622	0.004446400965008367	2.8025752513243267	0.10050287631943393	9.479659094272721	143.8595964025204	4.028008588295067	0.9912253827930841	41.64426466566136	599.1654899075863	-0.04341288711442112
2.8998394648829433	5.414715719063545	2.629828489443592	0.0042916965517016655	2.629828489443592	0.004291696551701667	2.809425908431389	0.09925418970259982	9.48287452527585	144.59706384842548	4.036341720720831	0.9913486330357865	41.754617007674845	601.741546124847	-0.04341288711442112
2.904054347826087	5.414715719063545	2.6332570880913138	0.004142510923034265	2.6332570880913138	0.004142510923034251	2.8162573888046065	0.09801295350469089	9.485962618042642	145.3341587423292	4.044652580270379	0.9914699028488243	41.864849767709224	604.3153228125677	-0.04341288711442112
2.908269230769231	5.414715719063545	2.6366551225714283	0.003998645179824913	2.6366551225714283	0.00399864517982491	2.823068824152701	0.09677926250072277	9.48892413556301	146.07080185639745	4.052940105354602	0.9915892214730976	41.97495452879848	606.8864647107896	-0.04341288711442112
2.9124841137123747	5.414715719063545	2.640022914316463	0.0038599075674874564	2.6400229143164635	0.003859907567487449	2.829859359240234	0.09555320969234778	9.49175991138884	146.80691481166468	4.061203255037592	0.9917066179811569	42.084923020995745	609.454620292393	-0.04341288711442112
2.9166989966555183	5.414715719063545	2.6433607724372425	0.003726113230751381	2.6433607724372425	0.0037261132307513925	2.836628151119186	0.09433488641836847	9.49447084773971	147.54242004154048	4.069441007891686	0.9918221212564505	42.194747112212134	612.0194414942549	-0.04341288711442112
2.9209138795986624	5.414715719063545	2.6466689938191688	0.0035970839750249675	2.646668993819169	0.003597083975024967	2.8433743684187687	0.09312438245242892	9.497057913645111	148.27724075890816	4.077652360916397	0.9919357599744483	42.304418799570634	614.5805834640547	-0.04341288711442112
2.925128762541806	5.414715719063545	2.6499478632405427	0.003472648034439609	2.649947863240542	0.0034726480344396218	2.8500971906939405	0.0919217860881382	9.499522143118174	149.01130092687163	4.0858363285224595	0.9920475625855366	42.41393020128519	617.1377043233657	-0.04341288711442112
2.9293436454849497	5.414715719063545	2.6531976535117874	0.0033526398465866182	2.653197653511788	0.0033526398465866135	2.8567958078327145	0.09072718421193073	9.501864633355718	149.7445252331741	4.093991941581695	0.9921575572995914	42.52327354907017	619.6904649475152	-0.04341288711442112
2.933558528428094	5.414715719063545	2.6564186256346174	0.0032368998339285153	2.656418625634617	0.003236899833928526	2.863469419522271	0.08954066236397161	9.504086542959604	150.47683906830818	4.1021182465433865	0.9922657720721283	42.6324411810856	622.238528762712	-0.04341288711442112
2.9377734113712375	5.414715719063545	2.6596110289802044	0.0031252741918445437	2.659611028980204	0.0031252741918445523	2.870117234773752	0.08836230478743319	9.506189090174331	151.20816850732362	4.110214304617549	0.9923722345919422	42.741425535421435	624.7815615608281	-0.04341288711442112
2.941988294314381	5.414715719063545	2.6627751014855496	0.0030176146832483395	2.6627751014855496	0.0030176146832483425	2.876738471505501	0.08719219446648253	9.508173551136077	151.93844029532946	4.118279191025572	0.9924769722701445	42.85021914412453	627.3192313322699	-0.04341288711442112
2.9462031772575252	5.414715719063545	2.6659110698671884	0.00291377843969978	2.6659110698671884	0.0029137784396997806	2.883332356184254	0.08603041315334668	9.51004125812832	152.66758183666627	4.126311994318063	0.9925800122305114	42.95881462776704	629.8512081171659	-0.04341288711442112
2.950418060200669	5.414715719063545	2.669019149851577	0.0028136277689163693	2.669019149851577	0.0028136277689163698	2.889898123523885	0.08487704138481615	9.511793597839672	153.39552118773148	4.134311815760225	0.9926813813010628	43.06720469055922	632.3771638752512	-0.04341288711442112
2.954632943143813	5.414715719063545	2.672099546421358	0.0027170299685783357	2.6720995464213586	0.002717029968578336	2.8964350162408503	0.08373215848859182	9.513432009619358	154.12218705340294	4.142277768784217	0.9927811060067887	43.17538211600233	634.8967723745609	-0.04341288711442112
2.9588478260869566	5.414715719063545	2.675152454076878	0.0026238571463100013	2.6751524540768776	0.0026238571463100043	2.9029422848656217	0.08259584257987226	9.514957983726337	154.84750878701684	4.150208978508341	0.9928792125634502	43.283339763080534	637.4097090991628	-0.04341288711442112
2.9630627090301003	5.414715719063545	2.6781780571122904	0.0025339860457112133	2.6781780571122904	0.0025339860457112124	2.909419187609136	0.08146817054860048	9.516373059568199	155.57141639383576	4.158104581322457	0.9929757268723782	43.391070562987686	639.9156511760056	-0.04341288711442112
2.9672775919732444	5.414715719063545	2.6811765299055503	0.0024472978783065666	2.6811765299055503	0.0024472978783065657	2.9158649902830396	0.08034921803782225	9.517678823926136	156.29384053792094	4.165963724538831	0.9930706745162018	43.49856751638271	642.4142773209144	-0.04341288711442112
2.971492474916388	5.414715719063545	2.6841480372217283	0.0023636781612724708	2.6841480372217283	0.002363678161272473	2.9222789662726463	0.07923905941359222	9.518876909162918	157.01471255233386	4.173785566107712	0.9931640807554377	43.60582369116839	644.9052678037651	-0.04341288711442112
2.975707357859532	5.414715719063545	2.6870927345289477	0.002283016560799566	2.6870927345289473	0.002283016560799572	2.928660396561097	0.07813776772690469	9.519968991410758	157.733964452559	4.1815692743964386	0.9932559705258793	43.71283222078474	647.3883044327239	-0.04341288711442112
2.9799222408026758	5.414715719063545	2.6900107683262773	0.002205206740943963	2.6900107683262777	0.0022052067409439667	2.935008569803146	0.07704541466814063	9.520956788736468	158.4515289530332	4.189314028030837	0.9933463684367188	43.81958630300723	649.8630705574056	-0.04341288711442112
2.9841371237458194	5.414715719063545	2.692902276483012	0.002130146217817583	2.6929022764830117	0.002130146217817582	2.9413227824470423	0.07596207051451387	9.521842059281887	159.1673394866705	4.1970190157976885	0.9934352987693493	43.92607919924092	652.3292510908088	-0.04341288711442112
2.988352006688963	5.414715719063545	2.6957673885885494	0.0020577362189682508	2.6957673885885494	0.002057736218968245	2.9476023389025174	0.07488780407104549	9.522626599377523	159.8813302272361	4.204683436606487	0.9935227854767891	44.03230423429634	654.786532549689	-0.04341288711442112
2.992566889632107	5.414715719063545	2.6986062263122137	0.001987881547798194	2.698606226312214	0.0019878815477981965	2.9538465517529278	0.0738226826055896	9.523312241627973	160.5934361144255	4.212306499508759	0.9936088521836736	44.13825479663482	657.2346031130513	-0.04341288711442112
2.996781772575251	5.414715719063545	2.701418903772351	0.0019204904528695968	2.701418903772351	0.001920490452869599	2.960054742009564	0.07276677177844272	9.523900852968358	161.30359288150257	4.219887423773196	0.9936935221867681	44.243924339068805	659.6731526984112	-0.04341288711442112
3.000996655518395	5.414715719063545	2.704205527913838	0.0018554745019477457	2.7042055279138375	0.001855474501947744	2.966226239405656	0.0717201355671067	9.524394332690772	162.01173708531252	4.227425439014204	0.9937768184559503	44.349306379899446	662.1018730552537	-0.04341288711442112
3.0052115384615385	5.414715719063545	2.706966198893331	0.001792748460631548	2.706966198893331	0.0017927484606315416	2.9723603827278744	0.07068283618675056	9.524794610440896	162.71780613850825	4.234919785371835	0.9938587636356199	44.454394504475424	664.5204578752432	-0.04341288711442112
3.009426421404682	5.414715719063545	2.7097010104713806	0.0017322301754245644	2.70970101047138	0.0017322301754245605	2.978456520182671	0.06965493400695613	9.525103644184796	163.4217383437921	4.242369713740465	0.9939393800464901	44.55918236715265	666.9286029184898	-0.04341288711442112
3.0136413043478263	5.414715719063545	2.712410050410613	0.0016738404611000464	2.712410050410613	0.0016738404611000499	2.984514009794924	0.0686364874653213	9.525323418146765	164.12347292998703	4.249774486043783	0.9940186896877233	44.66366369363595	669.3260061552754	-0.04341288711442112
3.01785618729097	5.414715719063545	2.7150934008790535	0.0016175029922171926	2.7150934008790535	0.0016175029922171939	2.9905322198359876	0.06762755297851136	9.525455940719084	164.82295008972216	4.25713337555305	0.9940967142393703	44.767832283679084	671.7123679223887	-0.04341288711442112
3.022071070234114	5.414715719063545	2.71775113885777	0.0015631441986467243	2.71775113885777	0.0015631441986467302	2.9965105292784315	0.06662818485134564	9.525503242345463	165.52011101853373	4.264445667246006	0.9941734750650776	44.8716820141227	674.0873910933684	-0.04341288711442112
3.0262859531772577	5.414715719063545	2.7203833365518086	0.0015106931649683426	2.7203833365518086	0.0015106931649683409	3.002448328274363	0.06563843518451375	9.525467373379904	166.2148979551523	4.271710658203053	0.9942489932150302	44.97520684224368	676.4507812616711	-0.04341288711442112
3.0305008361204013	5.414715719063545	2.7229900618035474	0.0014600815336039507	2.722990061803547	0.001460081533603951	3.0083450186543734	0.06465835378151255	9.525350401923433	166.9072542227616	4.278927658037734	0.9943232894290973	45.078400809392775	678.8022469359154	-0.04341288711442112
3.034715719063545	5.414715719063545	2.7255713785074307	0.0014112434115546757	2.7255713785074307	0.0014112434115546774	3.0142000144439476	0.0636879880553893	9.525154411641351	167.5971242709968	4.286095989358016	0.994396384140149	45.18125804489282	681.1414997461387	-0.04341288711442112
3.038930602006689	5.414715719063545	2.7281273470250977	0.0013641152806125436	2.7281273470250977	0.001364115280612544	3.0200127423941265	0.06272738293588426	9.524881499564154	168.28445371845078	4.293214988255056	0.9944682974775209	45.28377277017178	683.4682546600746	-0.04341288711442112
3.0431454849498327	5.414715719063545	2.7306580245998395	0.0013186359109209368	2.730658024599839	0.0013186359109209358	3.025782642523176	0.06177658077754006	9.524533773875406	168.96918939545202	4.300284004815707	0.9945390492705952	45.38593930310051	685.7822302082726	-0.04341288711442112
3.047360367892977	5.414715719063545	2.733163465769437	0.0012747462777609412	2.7331634657694366	0.0012747462777609405	3.0315091686661138	0.06083562126934169	9.52411335169058	169.65127938689096	4.307302403655505	0.9946086590524799	45.4877520625101	688.0831487170457	-0.04341288711442112
3.0515752508361205	5.414715719063545	2.7356437227761927	0.0012323894814453044	2.7356437227761927	0.0012323894814453007	3.0371917890285887	0.0599045413464519	9.523622356830563	170.33067307483927	4.314269564468017	0.9946771460637573	45.589205572855676	690.3707365479178	-0.04341288711442112
3.055790133779264	5.414715719063545	2.738098845973221	0.001191510670203421	2.738098845973221	0.0011915106702034197	3.042829986742061	0.05898337510456155	9.523062917594416	171.00732118075052	4.321184882587179	0.994744529256288	45.690294469000065	692.6447243424744	-0.04341288711442112
3.060005016722408	5.414715719063545	2.7405288842258737	0.001152056965945715	2.7405288842258737	0.001152056965945717	3.0484232604168837	0.05807215371738168	9.522437164535795	171.68117580699771	4.328047769558707	0.9948108272970458	45.79101350108615	694.9048472713233	-0.04341288711442112
3.064219899665552	5.414715719063545	2.7429338853072487	0.001113977392798584	2.7429338853072487	0.001113977392798582	3.053971124690053	0.05717090535777618	9.521747228247763	172.35219047752247	4.334857653716815	0.9948760585719708	45.8913575394676	697.1508452859072	-0.04341288711442112
3.068434782608696	5.414715719063545	2.7453138962867465	0.001077222808304451	2.745313896286746	0.0010772228083044547	3.0594731107644937	0.0562796551229974	9.520995237160845	173.02032017737744	4.3416139807624745	0.9949402411898203	45.99132157966828	699.3824633718863	-0.04341288711442112
3.0726496655518396	5.414715719063545	2.7476689639107086	0.0010417458371850003	2.747668963910708	0.001041745837185001	3.0649287669368346	0.055398424964473995	9.52018331535957	173.68552139095175	4.348316214339742	0.9950033929860094	46.09090074734207	701.5994518028994	-0.04341288711442112
3.0768645484949833	5.414715719063545	2.7499991349740003	0.0010075008075694821	2.7499991349740007	0.0010075008075694826	3.070337659110453	0.054527233622576034	9.519313580422242	174.3477521386562	4.354963836606036	0.995065531526422	46.19009030319999	703.8015663932662	-0.04341288711442112
3.081079431438127	5.414715719063545	2.752304456681726	0.0009744436895923841	2.752304456681726	0.0009744436895923834	3.0756993712911345	0.05366609656672526	9.518388141289394	175.00697201189143	4.361556348793265	0.9951266741111866	46.288885647879844	705.9885687485453	-0.04341288711442112
3.085294314381271	5.414715719063545	2.7545849770000093	0.0009425320362692284	2.7545849770000093	0.00094253203626923	3.081013506062354	0.052815025941219514	9.517409096165942	175.6631422060952	4.368093271755958	0.9951868377784033	46.38728232672715	708.1602265125607	-0.04341288711442112
3.0895091973244146	5.414715719063545	2.756840744995019	0.0009117249265615985	2.7568407449950194	0.0009117249265615988	3.0862796850376157	0.05197403051708214	9.516378530462164	176.31622555169878	4.374574146503208	0.9952460393078152	46.48527603446108	710.3163136097506	-0.04341288711442112
3.0937240802675587	5.414715719063545	2.7590718111593526	0.0008819829105461243	2.7590718111593526	0.0008819829105461239	3.0914975492873467	0.051143115650214975	9.515298514778605	176.96618654283014	4.380998534711087	0.995304295224416	46.5828626196989	712.4566104816143	-0.04341288711442112
3.0979389632107024	5.414715719063545	2.761278227724991	0.0008532679566053917	2.7612782277249908	0.000853267956605392	3.0966667597379707	0.05032228324610627	9.514171102939793	177.61299136360773	4.387366019212522	0.9953616218019894	46.680038089313484	714.5809043161248	-0.04341288711442112
3.102153846153846	5.414715719063545	2.7634600489620955	0.0008255434005614034	2.7634600489620955	0.0008255434005614036	3.1017869975410806	0.049511531731287826	9.51299833008165	178.2566079118969	4.393676204461656	0.9954180350665728	46.776798612600004	716.6889892689896	-0.04341288711442112
3.10636872909699	5.414715719063545	2.7656173314629107	0.0007987738966758863	2.7656173314629107	0.0007987738966758853	3.106857964410582	0.048710856031724974	9.511782210797076	178.89700582039188	4.399928716969861	0.9954735507998429	46.8731405252281	718.7806666756823	-0.04341288711442112
3.110583612040134	5.414715719063545	2.767750134410264	0.0007729253704438122	2.767750134410264	0.0007729253704438127	3.1118793829263045	0.047920247558239024	9.510524737344292	179.53415647493986	4.406123205711154	0.9955281845424202	46.96906033296101	720.8557452533345	-0.04341288711442112
3.114798494983278	5.414715719063545	2.7698585198299783	0.0007479649731103934	2.7698585198299783	0.0007479649731103957	3.1168509968022033	0.04713969419907814	9.50922787792191	180.16803302999023	4.4122593424942975	0.9955819515970906	47.06455471511873	722.9140412914443	-0.04341288711442112
3.1190133779264215	5.414715719063545	2.771942552826816	0.0007238610378437585	2.7719425528268156	0.0007238610378437601	3.1217725711180306	0.04636918031966354	9.507893575014753	180.79861042111293	4.41833682229972	0.9956348670319418	47.15962052776978	724.9553788306115	-0.04341288711442112
3.123228260869565	5.414715719063545	2.7740023018035536	0.0007005830374985134	2.774002301803553	0.0007005830374985151	3.1266438925133015	0.04560868676951845	9.506523743813954	181.42586537452428	4.424355363579403	0.9956869456834158	47.25425480663547	726.9795898285264	-0.04341288711442112
3.127443143812709	5.414715719063545	2.7760378386628006	0.0006781015439083358	2.776037838662801	0.0006781015439083347	3.1314647693425672	0.04485819089636367	9.50512027071464	182.04977641357158	4.430314708517949	0.9957382021592767	47.34845476969158	728.986514312458	-0.04341288711442112
3.131658026755853	5.414715719063545	2.7780492389913305	0.0006563881886479586	2.7780492389913305	0.0006563881886479588	3.136235031791328	0.04411766656729765	9.50368501189396	182.67032386215334	4.436214623253424	0.9957886508414961	47.442217819455024	730.9760005175989	-0.04341288711442112
3.1358729096989966	5.414715719063545	2.780036582226835	0.0006354156252072293	2.780036582226835	0.0006354156252072294	3.1409545319522625	0.043387084196959226	9.502219791972378	183.2874898450765	4.442054898057121	0.9958383058890568	47.53554154494782	732.9479050108359	-0.04341288711442112
3.1400877926421407	5.414715719063545	2.781999951806861	0.0006151574925229596	2.781999951806861	0.0006151574925229613	3.145623143861281	0.042666410782539944	9.500726402760002	183.90125828533834	4.447835347470903	0.9958871812406771	47.628423723326065	734.9020927993226	-0.04341288711442112
3.1443026755852843	5.414715719063545	2.7839394353000477	0.0005955883798159069	2.7839394353000477	0.0005955883798159073	3.15024076349359	0.04195560994546721	9.499206602090068	184.5116148983708	4.4535558104018556	0.99593529061746	47.72086232117138	736.8384374236233	-0.04341288711442112
3.148517558528428	5.414715719063545	2.785855124519649	0.0005766837926828618	2.7858551245196495	0.0005766837926828611	3.154807308719838	0.04125464197955971	9.497662112740974	185.11854718327868	4.459216150173678	0.9959826475254685	47.81285549543833	738.7568210350748	-0.04341288711442112
3.152732441471572	5.414715719063545	2.787747115619462	0.0005584201203959613	2.787747115619462	0.0005584201203959598	3.1593227192226854	0.0405634639054263	9.49609462144767	185.72204441111506	4.464816254534537	0.9960292652582313	47.90440159405499	740.6571344571369	-0.04341288711442112
3.1569473244147157	5.414715719063545	2.789615509172452	0.0005407746043630263	2.7896155091724526	0.0005407746043630267	3.1637869563745453	0.039882029530843306	9.494505778003528	186.3220976102767	4.47035603562183	0.9960751568991839	47.99549915617883	742.5392772307257	-0.04341288711442112
3.16116220735786	5.414715719063545	2.7914604102322405	0.000523725307705304	2.791460410232241	0.0005237253077053039	3.1682000030770583	0.03921028951683692	9.492897194452498	186.91869954907838	4.4758354298837215	0.9961203353240465	48.08614691210604	744.4031576433779	-0.04341288711442112
3.1653770903010034	5.414715719063545	2.7932819283778505	0.0005072510859104228	2.7932819283778505	0.000507251085910421	3.172561863563342	0.038548191449167546	9.49127044437174	187.51184471560398	4.481254397958264	0.9961648132031466	48.17634378283896	746.248692742365	-0.04341288711442112
3.169591973244147	5.414715719063545	2.7950801777420997	0.0004913315585203614	2.7950801777420993	0.0004913315585203619	3.176872563164102	0.037895679914890415	9.489627062244207	188.10152929493543	4.486612924510722	0.9962086030036866	48.26608887931633	748.0758083318688	-0.04341288711442112
3.1738068561872907	5.414715719063545	2.7968552770241035	0.00047594708181600943	2.796855277024103	0.00047594708181601046	3.181132148038851	0.03725269658366056	9.487968542920393	188.68775114386705	4.491911018030082	0.9962517169919642	48.35538150131253	749.8844389544325	-0.04341288711442112
3.178021739130435	5.414715719063545	2.7986073494863644	0.0004610787224615389	2.798607349486364	0.000461078722461539	3.1853406848735792	0.036619180293431336	9.486296341168002	189.27050976322238	4.497148710585778	0.9962941672355484	48.4442211360131	751.6745278569391	-0.04341288711442112
3.1822366220735785	5.414715719063545	2.800336522937045	0.0004467082320733529	2.800336522937045	0.00044670823207335346	3.189498260546453	0.035995067140184196	9.484611871308235	189.84980626790494	4.502326057545989	0.9963359656054157	48.53260745627663	753.4460269414842	-0.04341288711442112
3.1864515050167226	5.414715719063545	2.8020429296980027	0.000432818022679954	2.8020429296980027	0.00043281802267995407	3.1936049817630927	0.035380290571323525	9.482916506936826	190.4256433548135	4.507443137258917	0.9963771237780517	48.620540318592965	755.1988967015368	-0.04341288711442112
3.1906663879598662	5.414715719063545	2.8037267065592313	0.00041939114304048806	2.8037267065592317	0.0004193911430404875	3.1976609746632008	0.0347747814823599	9.481211580727791	190.99802526876087	4.512500050698612	0.9964176532375204	48.70801976074954	756.9331061438585	-0.04341288711442112
3.19488127090301	5.414715719063545	2.8053879947203684	0.0004064112557911758	2.8053879947203684	0.00040641125579117635	3.201666384400249	0.03417846831651071	9.479498384317623	191.56695776653987	4.5174969210770195	0.9964575652775093	48.79504599921831	758.6486326966764	-0.04341288711442112
3.199096153846154	5.414715719063545	2.8070269397199947	0.00039386261538995425	2.8070269397199947	0.0003938626153899537	3.2056213746961864	0.03359127716683324	9.477778168267369	192.13244807928592	4.522433893424125	0.9964968710033489	48.88161942627744	760.3454621047032	-0.04341288711442112
3.2033110367892976	5.414715719063545	2.8086436913534194	0.0003817300468312031	2.8086436913534194	0.00038173004683120525	3.2095261273729645	0.0330131318805246	9.476052142099876	192.69450487328203	4.5273111341380226	0.9965355813340159	48.967740606881385	762.0235883115814	-0.04341288711442112
3.2075259197324417	5.414715719063545	2.810238403579727	0.0003699989251032544	2.8102384035797265	0.00036999892510325563	3.2133808418629406	0.03244395416500703	9.474321474409233	193.25313820936293	4.532128830506936	0.9965737070041191	49.05341027529534	763.6830133304171	-0.04341288711442112
3.2117408026755854	5.414715719063545	2.8118112344188018	0.00035865515536284047	2.8118112344188018	0.00035865515536284	3.2171857347000237	0.03188366369544393	9.472587293039334	193.80835950106427	4.536887190205217	0.9966112585658751	49.138629331509	765.3237471030592	-0.04341288711442112
3.215955685618729	5.414715719063545	2.8133623458391193	0.00034768515380147305	2.813362345839119	0.000347685153801473	3.2209410389935966	0.03133217822332299	9.470850685328296	194.3601814716711	4.541586440765328	0.9966482463910745	49.22339883744545	766.9458073488083	-0.04341288711442112
3.220170568561873	5.414715719063545	2.8148919036370788	0.00033707582917979025	2.8148919036370788	0.0003370758291797887	3.2246470038872412	0.03078941368575915	9.469112698415469	194.90861811031937	4.546226829028127	0.9966846806730433	49.30772001298309	768.5492194033353	-0.04341288711442112
3.2243854515050168	5.414715719063545	2.8164000773086095	0.0003268145650069989	2.8164000773086095	0.00032681456500699896	3.228303894004117	0.03025528431518592	9.467374339607442	195.4536846272902	4.550808620573311	0.9967205714285997	49.39159423180488	770.1340160484531	-0.04341288711442112
3.2286003344481604	5.414715719063545	2.817887039913859	0.0003168892023432239	2.8178870399138587	0.00031688920234322426	3.2319119888810857	0.029729702749104893	9.465636576799714	195.99539740865254	4.555332099132449	0.9967559285000125	49.47502301709398	771.7002373335823	-0.04341288711442112
3.2328152173913045	5.414715719063545	2.819352967935654	0.0003072880232036626	2.8193529679356537	0.00030728802320366313	3.235471582393325	0.029212580139591007	9.463900338950253	196.5337739703837	4.559797565986402	0.9967907615569588	49.558008037089806	773.2479303895512	-0.04341288711442112
3.237030100334448	5.414715719063545	2.8207980411325657	0.0002979997345440146	2.8207980411325657	0.000297999734544015	3.2389829821715193	0.028703826262248648	9.462166516601664	197.06883291212296	4.564205339349628	0.9968250800984872	49.64055110052404	774.7771492356098	-0.04341288711442112
3.241244983277592	5.414715719063545	2.8222224423871993	0.00028901345280768254	2.8222224423871993	0.0002890134528076827	3.242446509013206	0.02820334962435048	9.460435962448027	197.600593870671	4.568555753743055	0.996858893454985	49.722654151949975	776.2879545802755	-0.04341288711442112
3.245459866220736	5.414715719063545	2.82362635755052	0.0002803186890156908	2.82362635755052	0.00028031868901569166	3.245862496290278	0.027711057571882	9.458709491943125	198.12907747338372	4.572849159357903	0.9968922107901516	49.80431926698398	777.7804136168602	-0.04341288711442112
3.2496747491638796	5.414715719063545	2.8250099752828217	0.0002719053343812346	2.8250099752828213	0.0002719053343812349	3.249231289354154	0.027226856395259135	9.456987883946375	198.6543052915675	4.5770859214121975	0.9969250411029801	49.885548647472646	779.2545998143376	-0.04341288711442112
3.2538896321070236	5.414715719063545	2.8263734868920336	0.000263763646431206	2.8263734868920336	0.00026376364643120574	3.2525532449403505	0.02675065143347729	9.455271881402929	199.17629979400124	4.581266419501962	0.9969573932297476	49.966344616602015	780.7105927042727	-0.04341288711442112
3.2581045150501673	5.414715719063545	2.8277170861700163	0.00025588423561778554	2.8277170861700167	0.000255884235617785	3.2558287305739766	0.02628234717648943	9.453562192054674	199.69508430069337	4.585391046949053	0.9969892758460137	50.0467096139637	782.1484776645557	-0.04341288711442112
3.262319397993311	5.414715719063545	2.8290409692274383	0.0002482580524037136	2.8290409692274388	0.000248258052403713	3.259058123977655	0.025821847365609264	9.451859489178608	200.2106829369805	4.5894602101473065	0.997020697468629	50.12664619059212	783.568345700573	-0.04341288711442112
3.266534280936455	5.414715719063545	2.8303453343278093	0.00024087637480549952	2.8303453343278093	0.00024087637480549993	3.2622418124832127	0.025369055091771394	9.450164412349407	200.72312058806168	4.593474327908714	0.9970516664577531	50.20615700398606	784.970293224474	-0.04341288711442112
3.2707491638795987	5.414715719063545	2.8316303817212707	0.0002337307963792242	2.8316303817212707	0.00023373079637922418	3.265380192448555	0.024923872891479397	9.44847756822308	201.23242285406778	4.597433830811418	0.9970821910188832	50.285244813129076	786.3544218332172	-0.04341288711442112
3.274964046822743	5.414715719063545	2.8328963134785656	0.00022681321463430216	2.832896313478566	0.00022681321463430208	3.2684736686807683	0.024486202840309588	9.446799531338398	201.7386160057361	4.601339160550734	0.9971122792048907	50.363912473518845	787.7208380858834	-0.04341288711442112
3.2791789297658864	5.414715719063545	2.8341433333258004	0.00022011581986080688	2.8341433333258004	0.00022011581986080653	3.2715226538668047	0.0240559466438326	9.445130844933463	202.24172694078575	4.605190769295032	0.9971419389180683	50.442162932219894	789.0696532809715	-0.04341288711442112
3.28339381270903	5.414715719063545	2.8353716464803633	0.0002136310843566359	2.8353716464803633	0.0002136310843566358	3.2745275680126493	0.023633005725852304	9.44347202177441	202.74178314105376	4.608989119047596	0.9971711779121856	50.51999922294916	790.4009832341201	-0.04341288711442112
3.2876086956521737	5.414715719063545	2.8365814594884933	0.00020735175204111868	2.8365814594884933	0.00020735175204111874	3.2774888378920326	0.023217281313860614	9.441823544993614	203.23881263046292	4.612734681015871	0.9972000037945516	50.597424461205634	791.7149480568405	-0.04341288711442112
3.291823578595318	5.414715719063545	2.837772980064805	0.00020127082844219454	2.8377729800648046	0.00020127082844219468	3.2804068965054283	0.022808674521638053	9.440185868934691	203.7328439338704	4.616427934989064	0.9972284240280868	50.674441839452506	793.0116719366597	-0.04341288711442112
3.2960384615384615	5.414715719063545	2.838946416934249	0.00019538157104452645	2.8389464169342493	0.00019538157104452634	3.2832821825503276	0.02240708642892551	9.438559420002147	204.2239060368637	4.6200693687255034	0.9972564459333989	50.75105462236278	794.2912829192377	-0.04341288711442112
3.3002533444816056	5.414715719063545	2.8401019796767493	0.0001896774799865044	2.8401019796767493	0.0001896774799865047	3.286115139903337	0.022012418158123975	9.436944597513087	204.7120283465378	4.623659477350483	0.9972840766908665	50.827266142135045	795.5539126928005	-0.04341288711442112
3.304468227424749	5.414715719063545	2.8412398785748456	0.0001841522890943573	2.841239878574845	0.00018415228909435732	3.288906217114812	0.02162457094798248	9.435341774549007	205.19724065329913	4.627198762765617	0.9973113233427258	50.903079793887606	796.7996963753116	-0.04341288711442112
3.308683110367893	5.414715719063545	2.8423603244646354	0.0001787999572419395	2.8423603244646354	0.00017879995724193981	3.291655866916559	0.02124344622425024	9.43375129880561	205.67957309372957	4.630687733070497	0.9973381927951601	50.97849903113779	798.0287723047369	-0.04341288711442112
3.312897993311037	5.414715719063545	2.843463528590226	0.00017361466002520387	2.8434635285902266	0.00017361466002520338	3.294364545743094	0.020868945667277282	9.432173493438707	206.15905611453968	4.6341269019974085	0.997364691820393	51.05352736137292	799.2412818327489	-0.04341288711442112
3.3171128762541806	5.414715719063545	2.8445497024619164	0.00016859078174061783	2.844549702461917	0.00016859078174061754	3.2970327132668125	0.020500971276568088	9.430608657904502	206.63572043763102	4.637516788359646	0.9973908270587803	51.12816834171751	800.4373691221269	-0.04341288711442112
3.3213277591973247	5.414715719063545	2.845619057718332	0.0001637229076571289	2.8456190577183325	0.00016372290765712856	3.299660831947529	0.02013942543228696	9.429057068792742	207.1095970262971	4.640857915514202	0.9974166050209037	51.20242557470347	801.6171809482003	-0.04341288711442112
3.3255426421404684	5.414715719063545	2.8466718059926133	0.00015900581657166213	2.8466718059926133	0.0001590058165716623	3.3022493665964894	0.019784210953741624	9.42751898065102	207.58071705256023	4.6441508108390455	0.99744203208966	51.27630270414531	802.7808665044835	-0.04341288711442112
3.329757525083612	5.414715719063545	2.8477081587828468	0.00015443447363835145	2.8477081587828468	0.00015443447363835123	3.3047987839551993	0.019435231154865923	9.425994626799087	208.04911186566954	4.647396005225626	0.9974671145223497	51.34980341112603	803.9285772127944	-0.04341288711442112
3.3339724080267557	5.414715719063545	2.8487283273268273	0.00015000402346205751	2.8487283273268273	0.00015000402346205762	3.3073095522891465	0.019092389896739167	9.424484220131864	208.51481296175456	4.650594032586802	0.9974918584527595	51.42293141009554	805.0604665379989	-0.04341288711442112
3.3381872909698997	5.414715719063545	2.8497325224812387	0.0001457097834470101	2.849732522481238	0.00014570978344701017	3.3097821409965245	0.01875559163718035	9.422987953909987	208.9778519546413	4.6537454293805185	0.997516269893239	51.495690445084676	806.1766898075547	-0.04341288711442112
3.3424021739130434	5.414715719063545	2.850720954605368	0.00014154723739165238	2.850720954605368	0.00014154723739165256	3.3122170202320547	0.018424741477468	9.421506002537074	209.43826054783128	4.656850734149534	0.9975403547367718	51.56808428603783	807.2774040360348	-0.04341288711442112
3.3466170568561875	5.414715719063545	2.8516938334492967	0.00013751202932114128	2.8516938334492967	0.00013751202932114147	3.314614660545729	0.01809974520623957	9.420038522322452	209.8960705076234	4.659910487076999	0.9975641187590356	51.640116725262786	808.3627677546189	-0.04341288711442112
3.350831939799331	5.414715719063545	2.8526513680467533	0.0001335999575490481	2.8526513680467533	0.00013359995754904782	3.3169755325366825	0.017780509340626985	9.4185856522291	210.3513136373932	4.6629252295584935	0.9975875676204549	51.71179157400319	809.4329408458241	-0.04341288711442112
3.355046822742475	5.414715719063545	2.8535937666124935	0.00012980696896026776	2.8535937666124935	0.00012980696896026787	3.3193001065218426	0.017466941164694806	9.417147514605597	210.80402175299628	4.665895503790075	0.9976107068682413	51.78311265913064	810.4880843833871	-0.04341288711442112
3.359261705685619	5.414715719063545	2.8545212364443127	0.0001261291535072263	2.8545212364443127	0.0001261291535072266	3.3215888522193984	0.017158948765246356	9.415724215901825	211.25422665929509	4.66882185237261	0.9976335419384222	51.854083819958575	811.5283604774366	-0.04341288711442112
3.3634765886287625	5.414715719063545	2.855433983829623	0.00012256273891182324	2.855433983829623	0.00012256273891182354	3.323842238446859	0.016856441065070796	9.41431584736786	211.7019601277894	4.671704817932238	0.9976560781578558	51.92470890517771	812.553932124967	-0.04341288711442112
3.3676914715719066	5.414715719063545	2.8563322139565592	0.00011910408556575328	2.8563322139565592	0.00011910408556575282	3.326060732833458	0.0165593278537033	9.412922485735463	212.14725387532712	4.674544942756781	0.9976783207462314	51.994991769911614	813.5649630655967	-0.04341288711442112
3.3719063545150503	5.414715719063545	2.857216130829627	0.00011574968162205236	2.8572161308296264	0.00011574968162205248	3.3282448015468056	0.01626751981577498	9.411544193882188	212.59013954388593	4.677342768448171	0.9977002748180545	52.06493627289333	814.5616176426828	-0.04341288711442112
3.376121237458194	5.414715719063545	2.8580859371897773	0.00011249613827101058	2.8580859371897778	0.00011249613827100999	3.3303949090334153	0.015980928557030198	9.410181021477506	213.03064868139467	4.680098835590479	0.9977219453846149	52.134546273760556	815.5440606696966	-0.04341288711442112
3.3803361204013376	5.414715719063545	2.8589418344388586	0.00010934018519376277	2.858941834438859	0.0001093401851937627	3.332511517772844	0.015699466628093	9.408833005610886	213.46881272357086	4.68281368343342	0.997743337355937	52.20382563046821	816.5124573018613	-0.04341288711442112
3.3845510033444817	5.414715719063545	2.8597840225684323	0.00010627866618706836	2.8597840225684323	0.00010627866618706821	3.3345950880452806	0.015423047546057783	9.407500171401873	213.9046629767622	4.685487849591257	0.9977644555427119	52.272778196818585	817.4669729130583	-0.04341288711442112
3.3887658862876253	5.414715719063545	2.8606127000927706	0.00010330853495308451	2.8606127000927706	0.00010330853495308448	3.336646077712076	0.015151585813991451	9.406182532591775	214.33823060174853	4.688121869756486	0.9977853046582092	52.34140782010427	818.4077729778377	-0.04341288711442112
3.3929807692307694	5.414715719063545	2.8614280639860477	0.00010042685104803511	2.8614280639860477	0.00010042685104803512	3.3386649420090704	0.01488499693842331	9.404880092117267	214.76954659849451	4.690716277428411	0.9978058893201697	52.40971833886526	819.3350229585968	-0.04341288711442112
3.397195652173913	5.414715719063545	2.8622303096235604	0.00009763077598397109	2.8622303096235604	0.00009763077598397103	3.340652133352253	0.014623197444907338	9.403592842665748	215.19864179181383	4.693271603655969	0.9978262140526751	52.47771358075522	820.2488881977455	-0.04341288711442112
3.4014105351170567	5.414715719063545	2.863019630726911	0.00009491756947794259	2.863019630726911	0.00009491756947794272	3.3426081011554802	0.014366104891734604	9.402320767212602	215.62554681792426	4.695788376794664	0.997846283287998	52.54539736051643	821.1495338148328	-0.04341288711442112
3.405625418060201	5.414715719063545	2.8637962193130693	0.00009228458584312997	2.8637962193130693	0.00009228458584312987	3.344533291659899	0.014113637881878522	9.401063839540615	216.05029211186672	4.698267122277296	0.9978661013684276	52.61277347806102	822.037124608566	-0.04341288711442112
3.4098403010033445	5.414715719063545	2.8645602656471376	0.00008972927051667505	2.8645602656471376	0.00008972927051667501	3.346428147774634	0.013865716073252085	9.399822024741454	216.47290789574993	4.700708362397908	0.9978856725480731	52.67984571665423	822.911824963537	-0.04341288711442112
3.4140551839464885	5.414715719063545	2.865311958198796	0.00008724915671907587	2.865311958198796	0.00008724915671907578	3.3482931089284986	0.013622260187352497	9.398595279699714	216.89342416780772	4.703112616108869	0.9979050009946436	52.746617841199395	823.7737987616603	-0.04341288711442112
3.418270066889632	5.414715719063545	2.866051483602234	0.00008484186224026856	2.866051483602234	0.00008484186224026847	3.350128610932226	0.013383192016375476	9.397383553559514	217.31187069222398	4.705480398830482	0.997924090791203	52.81309359662006	824.6232092981307	-0.04341288711442112
3.422484949832776	5.414715719063545	2.8667790266195334	0.00008250508634758881	2.866779026619534	0.00008250508634758869	3.351935085851003	0.013148434428868557	9.396186788174143	217.72827698971412	4.707812222272963	0.9979429459379009	52.879276706338075	825.4602192018657	-0.04341288711442112
3.4266998327759195	5.414715719063545	2.867494770107306	0.00008023660681108006	2.8674947701073057	0.00008023660681108021	3.3537129618867727	0.012917911374003025	9.395004918538788	218.14267232881772	4.710108594270151	0.997961570353678	52.94517087084336	826.2849903602345	-0.04341288711442112
3.4309147157190636	5.414715719063545	2.868198894986534	0.00007803427704167671	2.868198894986534	0.0000780342770416765	3.35546266327008	0.012691547884533706	9.39383787320692	218.55508571788795	4.712370018624804	0.9979799678779474	53.01077976635367	827.0976838480352	-0.04341288711442112
3.4351295986622072	5.414715719063545	2.8688915802154553	0.00007589602333801618	2.8688915802154553	0.00007589602333801634	3.3571846101609935	0.01246927007851818	9.392685574690418	218.96554589774112	4.714596994964907	0.9979981422722476	53.076107043560654	827.8984598605412	-0.04341288711442112
3.4393444816053513	5.414715719063545	2.869573002765413	0.00007381984223773654	2.869573002765413	0.00007381984223773637	3.35887921855882	0.012251005159863385	9.391547939844012	219.374081334946	4.716790018610759	0.9980160972218722	53.14115632646026	828.6874776505401	-0.04341288711442112
3.443559364548495	5.414715719063545	2.870243337599499	0.00007180379796931414	2.8702433375994985	0.00007180379796931418	3.36054690022017	0.0120366814177677	9.390424880234137	219.78072021571745	4.718949580452266	0.9980338363374723	53.20593121126332	829.4648954691958	-0.04341288711442112
3.4477742474916386	5.414715719063545	2.870902757653945	0.00006984602000057744	2.870902757653945	0.00006984602000057758	3.3621880625851155	0.011826228225122136	9.389316302492892	220.18549044039858	4.721076166836286	0.9980513631566323	53.27043526538493	830.2308705106698	-0.04341288711442112
3.4519891304347827	5.414715719063545	2.8715514338220998	0.00006794470068022005	2.8715514338220993	0.00006794470068022024	3.3638031087110285	0.011619576035932534	9.388222108657175	220.5884196184971	4.7231702594634495	0.9980686811454197	53.33467202650888	830.9855588603313	-0.04341288711442112
3.4562040133779264	5.414715719063545	2.872189534940868	0.00006609809296876805	2.872189534940868	0.00006609809296876806	3.365392437213743	0.011416656381826474	9.387142196493542	220.98953506425138	4.72523233529412	0.9980857936999085	53.39864500172381	831.729115446428	-0.04341288711442112
3.4604188963210705	5.414715719063545	2.8728172277795636	0.00006430450825553054	2.8728172277795636	0.00006430450825553052	3.3669564422157934	0.011217401867699124	9.386076459809187	221.38886379270738	4.7272628664632315	0.9981027041476753	53.46235766672995	832.4616939951518	-0.04341288711442112
3.464633779264214	5.414715719063545	2.873434677030987	0.00006256231425827687	2.873434677030987	0.00006256231425827683	3.3684955133013	0.011021746166557897	9.385024788749325	221.78643251627386	4.72926232020347	0.99811941574927	53.52581346511176	833.1834469889083	-0.04341288711442112
3.4688486622073578	5.414715719063545	2.874042045304698	0.000060869933002416905	2.8740420453046984	0.00006086993300241659	3.37001003547728	0.0108296240136176	9.38398707008156	222.18226764174193	4.731231158776597	0.9981359316996588	53.58901580767539	833.8945256277225	-0.04341288711442112
3.4730635451505014	5.414715719063545	2.8746394931223036	0.000059225838876654586	2.8746394931223036	0.00005922583887665476	3.371500389140963	0.010640971199700226	9.38296318746736	222.57639526773383	4.733169839412403	0.9981522551296408	53.65196807184688	834.5950797936213	-0.04341288711442112
3.4772784280936455	5.414715719063545	2.8752271789147343	0.00005762855676213591	2.8752271789147343	0.000057628556762135965	3.37296695005295	0.010455724563987438	9.381953021721397	222.96884118257427	4.735078814255136	0.9981683891072397	53.71467360112998	835.2852580179243	-0.04341288711442112
3.481493311036789	5.414715719063545	2.8758052590213308	0.000056076660232275565	2.875805259021331	0.00005607666023227549	3.3744100893157545	0.01027382198617611	9.380956451058747	223.35963086254503	4.7369585303168185	0.9981843366390666	53.77713570461902	835.9652074512534	-0.04341288711442112
3.4857081939799333	5.414715719063545	2.876373887690712	0.000054568769820508816	2.8763738876907126	0.000054568769820508876	3.3758301733575884	0.010095202378079333	9.379973351330648	223.74878947051744	4.7388094294373735	0.9982001006716589	53.8393576565665	836.6350738362248	-0.04341288711442112
3.489923076923077	5.414715719063545	2.876933217083308	0.00005310355135334882	2.876933217083308	0.00005310355135334884	3.3772275639210747	0.009919805674719999	9.37900359624916	224.1363418549378	4.740631948251127	0.9982156840927922	53.90134269600186	837.2950014826855	-0.04341288711442112
3.4941379598662206	5.414715719063545	2.8774833972754115	0.0000516797143462273	2.8774833972754115	0.000051679714346227256	3.3786026180565067	0.009747572824957517	9.378047057600815	224.5223125491354	4.742426518159238	0.9982310897327663	53.963094026397975	837.945133245325	-0.04341288711442112
3.4983528428093646	5.414715719063545	2.878024576264783	0.00005029601045965616	2.878024576264783	0.00005029601045965619	3.3799556881196273	0.00957844578168661	9.377103605450184	224.9067257709579	4.744193565308114	0.9982463203656661	54.02461481538609	838.585610503692	-0.04341288711442112
3.5025677257525083	5.414715719063545	2.8785568999775637	0.00004895123201341299	2.8785568999775637	0.00004895123201341329	3.381287121773399	0.009412367491648907	9.37617310833308	225.28960542268638	4.745933510573028	0.9982613787105966	54.085908194512804	839.2165731443351	-0.04341288711442112
3.5067826086956524	5.414715719063545	2.87908051227657	0.000047644210556445285	2.87908051227657	0.00004764421055644527	3.3825972619938	0.009249281884889507	9.375255433440383	225.67097509124275	4.747646769547145	0.9982762674328933	54.14697725904109	839.8381595451398	-0.04341288711442112
3.510997491638796	5.414715719063545	2.8795955549707695	0.00004637381549037889	2.8795955549707695	0.00004637381549037898	3.383886447079183	0.009089133863897463	9.374350446792361	226.05085804864746	4.749333752535286	0.9982909891453069	54.207825067789905	840.4505065616282	-0.04341288711442112
3.5152123745819397	5.414715719063545	2.880102167825925	0.00004513895274451498	2.880102167825925	0.00004513895274451502	3.3851550106631336	0.008931869292459255	9.373458013404134	226.42927725272818	4.75099486455243	0.9983055464091646	54.268454643012376	841.0537495152151	-0.04341288711442112
3.5194272575250833	5.414715719063545	2.880600488576321	0.000043938563500328144	2.880600488576321	0.00004393856350032821	3.386403281730543	0.008777434984257518	9.372577997442521	226.806255348057	4.75263050532654	0.9983199417355061	54.32886897030971	841.6480221832749	-0.04341288711442112
3.5236421404682274	5.414715719063545	2.881090652937465	0.00004277162296354483	2.8810906529374654	0.00004277162296354462	3.387631584636656	0.00862577869124522	9.371710262374506	227.18181466709888	4.754241069305474	0.998334177586196	54.38907099857854	842.2334567909327	-0.04341288711442112
3.5278570234113715	5.414715719063545	2.8815727946197778	0.000041637139181937624	2.8815727946197773	0.000041637139181937644	3.388840239129037	0.008476849091820948	9.370854671107942	227.5559772315681	4.755826945667924	0.9983482563750127	54.44906363999148	842.8101840045547	-0.04341288711442112
3.532071906354515	5.414715719063545	2.882047045343092	0.000040534151907082963	2.882047045343092	0.00004053415190708299	3.390029560372073	0.008330595778833726	9.370011086124448	227.92876475396463	4.757388518337838	0.9983621804687132	54.50884977000673	843.378332926742	-0.04341288711442112
3.536286789297659	5.414715719063545	2.882513534852003	0.0000394617314983518	2.882513534852003	0.00003946173149835195	3.3911998589739905	0.00818696924744023	9.369179369605066	228.30019863928948	4.758926166002397	0.9983759521880761	54.56843222740721	843.9380310928602	-0.04341288711442112
3.5405016722408025	5.414715719063545	2.8829723909319345	0.00003841897786750606	2.8829723909319336	0.000038418977867506204	3.3923514410161197	0.008045920882839064	9.368359383548873	228.67029998691842	4.76044026213312	0.9983895738089209	54.62781381436568	844.4894044689273	-0.04341288711442112
3.5447165551839466	5.414715719063545	2.883423739425916	0.00003740501946232058	2.883423739425916	0.00003740501946232057	3.3934846080843157	0.007907402947902988	9.36755098988491	229.0390895926305	4.761931175010096	0.9984030475631054	54.68699729653639	845.0325774508856	-0.04341288711442112
3.54893143812709	5.414715719063545	2.8838677042519705	0.000036419012287717845	2.8838677042519705	0.00003641901228771781	3.3945996573022796	0.007771368570730777	9.36675405057758	229.40658795076982	4.763399267748899	0.998416375639501	54.745985403169165	845.5676728650686	-0.04341288711442112
3.5531463210702343	5.414715719063545	2.8843044074210855	0.00003546013896295995	2.884304407421085	0.00003546013896295996	3.3956968813667325	0.007637771732137076	9.365968427725965	229.77281525653956	4.764844898330221	0.9984295601849467	54.80478082724657	846.0948119698924	-0.04341288711442112
3.557361204013378	5.414715719063545	2.884733969055725	0.000034527607813496674	2.8847339690557257	0.000034527607813496694	3.396776568584243	0.007506567253098726	9.365193983657202	230.13779140841322	4.7662684196319445	0.9984426033051811	54.8633862256419	846.614114458655	-0.04341288711442112
3.5615760869565216	5.414715719063545	2.885156507408816	0.000033620651996134355	2.885156507408816	0.00003362065199613435	3.397839002909579	0.007377710782174919	9.364430581014219	230.50153601065412	4.767670179463472	0.9984555070657545	54.9218042192967	847.1256984633828	-0.04341288711442112
3.5657909698996653	5.414715719063545	2.8855721388831315	0.000032738528656237246	2.8855721388831315	0.00003273852865623723	3.3988844639854197	0.0072511587829174745	9.363678082838033	230.86406837593012	4.769050520602111	0.99846827349292	54.98003739341565	847.6296805596431	-0.04341288711442112
3.5700058528428094	5.414715719063545	2.8859809780511285	0.000031880518115709386	2.885980978051128	0.00003188051811570944	3.3999132271834114	0.007126868521284	9.36293635264499	231.2254075280258	4.770409780831537	0.9984809045745041	55.03808829767998	848.1261757723295	-0.04341288711442112
3.5742207357859535	5.414715719063545	2.8863831376750806	0.000031045923090586674	2.8863831376750806	0.0000310459230905867	3.400925563646324	0.007004798053070731	9.362205254499003	231.58557220463103	4.771748292981953	0.9984934022607582	55.09595944647538	848.6152975822775	-0.04341288711442112
3.578435618729097	5.414715719063545	2.8867787287275415	0.000030234067937083824	2.8867787287275415	0.00003023406793708379	3.4019217403312605	0.0068849062113756675	9.361484653079108	231.9445808602052	4.773066384971937	0.9985057684651903	55.153653319135024	849.0971579337064	-0.04341288711442112
3.5826505016722408	5.414715719063545	2.8871678604120707	0.000029444297925005512	2.8871678604120707	0.000029444297925005576	3.402902020053816	0.0067671525941049165	9.360774413742547	232.30245166890847	4.774364379851817	0.9985180050653778	55.211172360196194	849.5718672424218	-0.04341288711442112
3.5868653846153844	5.414715719063545	2.88755064018421	0.00002867597853746555	2.88755064018421	0.000028675978537465486	3.4038666615330744	0.0066514975515334935	9.360074402583628	232.6592025275937	4.775642595848457	0.9985301139037616	55.2685189796696	850.039534404735	-0.04341288711442112
3.5910802675585285	5.414715719063545	2.8879271737726393	0.00002792849479590486	2.8879271737726393	0.000027928494795904872	3.4048159194373304	0.006537902173930157	9.359384486488393	233.01485105884845	4.776901346411253	0.9985420967884215	55.32569555331972	850.5002668070214	-0.04341288711442112
3.595295150501672	5.414715719063545	2.8882975652005105	0.000027201250609439694	2.8882975652005105	0.00002720125060943969	3.4057500444304667	0.006426328279257024	9.358704533185511	233.36941461408466	4.7781409402593145	0.9985539554938351	55.382704422956145	850.9541703359081	-0.04341288711442112
3.5995100334448162	5.414715719063545	2.8886619168069387	0.000026493668147596588	2.8886619168069387	0.000026493668147596534	3.406669283218929	0.0063167384009507254	9.358034411293472	233.7229102766721	4.779361681429716	0.9985656917616168	55.43954789673485	851.4013493890416	-0.04341288711442112
3.60372491638796	5.414715719063545	2.8890203292685723	0.00002580518723555478	2.8890203292685723	0.000025805187235554793	3.4075738785991434	0.006209095775795675	9.357373990364193	234.0753548651016	4.7805638693266035	0.998577307301242	55.4962282494677	851.8419068863512	-0.04341288711442112
3.6079397993311035	5.414715719063545	2.889372901621282	0.00002513526477102045	2.889372901621282	0.000025135264771020334	3.408464069505381	0.00610336433189439	9.356723140923368	234.42676493618248	4.781747798771196	0.9985888037907525	55.552747722940666	852.2759442818295	-0.04341288711442112
3.612154682274247	5.414715719063545	2.8897197312818736	0.00002448337416191989	2.8897197312818736	0.000024483374161919867	3.409340091057933	0.005999508676743719	9.356081734507558	234.77715678826087	4.782913760052483	0.9986001828774472	55.60910852623879	852.7035615757394	-0.04341288711442112
3.6163695652173913	5.414715719063545	2.8900609140698696	0.000023849004784109047	2.8900609140698696	0.00002384900478410903	3.4102021746115856	0.005897494085421395	9.355449643698337	235.12654646446205	4.784062038978586	0.9986114461785549	55.66531283607817	853.1248573272442	-0.04341288711442112
3.6205844481605354	5.414715719063545	2.890396544229289	0.00002323166145834188	2.890396544229289	0.000023231661458341887	3.411050547804305	0.005797286488889613	9.354826742153552	235.47494975594654	4.785192916928696	0.9986225952818925	55.721362797143684	853.5399286674165	-0.04341288711442112
3.624799331103679	5.414715719063545	2.890726714450409	0.000022630863945770537	2.8907267144504094	0.000022630863945770578	3.4118854346060288	0.005698852462420559	9.354212904635768	235.82238220517527	4.7863066709054225	0.9986336317465073	55.77726052243153	853.9488713125672	-0.04341288711442112
3.6290142140468227	5.414715719063545	2.8910515158915215	0.0000220461464612654	2.891051515891522	0.000022046146461265372	3.4127070553676155	0.0056021592141478815	9.353608007038286	236.1688591091873	4.787403573587629	0.9986445571033046	55.83300809359717	854.3517795779155	-0.04341288711442112
3.6332290969899663	5.414715719063545	2.8913710382006235	0.00002147705720389078	2.8913710382006235	0.000021477057203890728	3.41351562686978	0.005507174573748766	9.353011926408557	236.51439552287667	4.788483893383524	0.9986553728556596	55.888607561306365	854.7487463915146	-0.04341288711442112
3.6374439799331104	5.414715719063545	2.891685369537074	0.000020923157903879496	2.891685369537074	0.00002092315790387956	3.414311362372086	0.005413866981259717	9.35242454096944	236.85900626227578	4.789547894484106	0.9986660804800164	55.94406094559074	855.1398633084596	-0.04341288711442112
3.641658862876254	5.414715719063545	2.8919945965931206	0.000020384023385496485	2.8919945965931206	0.000020384023385496447	3.415094471661791	0.00532220547603033	9.35184573013803	237.2027059078268	4.79059583691665	0.9986766814264708	55.9993702362049	855.5252205252677	-0.04341288711442112
3.645873745819398	5.414715719063545	2.8922988046153995	0.000019859241145176944	2.8922988046154	0.00001985924114517689	3.41586516110272	0.005232159685815992	9.351275374542693	237.54550880766	4.791627976598555	0.9986871771193413	56.05453739298775	855.904906894537	-0.04341288711442112
3.650088628762542	5.414715719063545	2.8925980774262667	0.000019348410944384477	2.8925980774262667	0.000019348410944384544	3.416623633683883	0.005143699816014235	9.350713356037838	237.88742908085095	4.792644565391042	0.9986975689577255	56.10956434622397	856.2790099396968	-0.04341288711442112
3.6543035117056855	5.414715719063545	2.892892497445047	0.00001885114441662284	2.8928924974450476	0.000018851144416622805	3.4173700890680014	0.005056796639044917	9.35015955771704	238.22848062067635	4.793645851153026	0.9987078583160438	56.164452997008304	856.6476158699649	-0.04341288711442112
3.658518394648829	5.414715719063545	2.8931821457091402	0.000018367064688080632	2.8931821457091402	0.000018367064688080598	3.4181047236398014	0.004971421483877145	9.349613863924313	238.56867709785237	4.794632077794955	0.9987180465445694	56.21920521761067	857.0108095954292	-0.04341288711442112
3.662733277591973	5.414715719063545	2.8934671018949714	0.000017895806011398413	2.893467101894971	0.00001789580601139842	3.418827730554059	0.0048875462257039134	9.349076160263712	238.90803196375734	4.795603485332492	0.9987281349699472	56.27382285184155	857.3686747422065	-0.04341288711442112
3.6669481605351173	5.414715719063545	2.89374744433881	0.000017437013412068456	2.8937474443388105	0.00001743701341206841	3.419539299783395	0.004805143275765905	9.348546333607395	239.2465584536387	4.796560309940195	0.9987381248956989	56.32830771541842	857.7212936677378	-0.04341288711442112
3.671163043478261	5.414715719063545	2.89402325005741	0.00001699034234699988	2.8940232500574106	0.000016990342346999895	3.4202396181657617	0.004724185571325202	9.348024272102194	239.58426958979902	4.797502784004976	0.9987480176027173	56.382661596331836	858.0687474761233	-0.04341288711442112
3.6753779264214046	5.414715719063545	2.894294594768477	0.00001655545837479909	2.894294594768477	0.00001655545837479912	3.4209288694516014	0.004644646565789823	9.34750986517477	239.9211781847603	4.798431136179367	0.9987578143497479	56.436886255211064	858.4111160335138	-0.04341288711442112
3.6795928093645482	5.414715719063545	2.8945615529109596	0.000016132036837329208	2.8945615529109596	0.000016132036837329195	3.421607234350672	0.00456650021898898	9.347003003535455	240.25729684440685	4.799345591434584	0.9987675163738599	56.490983425689436	858.7484779835543	-0.04341288711442112
3.6838076923076923	5.414715719063545	2.8948241976651787	0.00001571976255213442	2.8948241976651787	0.000015719762552134447	3.42227489057854	0.004489720987599849	9.346503579180984	240.59263797110648	4.800246371113398	0.9987771248909056	56.54495481476941	859.0809107628695	-0.04341288711442112
3.688022575250836	5.414715719063545	2.8950826009726964	0.000015318329515334935	2.8950826009726964	0.000015318329515334965	3.422932012902572	0.004414283815726092	9.346011485395746	240.9272137667954	4.801133692982497	0.9987866410959692	56.59880210318445	859.4084906164798	-0.04341288711442112
3.69223745819398	5.414715719063545	2.8953368335560725	0.000014927440614595519	2.8953368335560725	0.000014927440614595499	3.423578773187681	0.004340164125626743	9.345526616752348	241.26103623605192	4.802007771284828	0.9987960661638041	56.65252694576234	859.7312926133249	-0.04341288711442112
3.6964523411371237	5.414715719063545	2.895586964938335	0.000014546807351813104	2.895586964938335	0.000014546807351813105	3.424215340441507	0.004267337808596777	9.345048869110805	241.5941171891268	4.802868816791329	0.9988054012492616	56.706130971784425	860.0493906616703	-0.04341288711442112
3.7006672240802674	5.414715719063545	2.895833063462305	0.000014176149575157584	2.8958330634623044	0.000014176149575157574	3.4248418808592644	0.0041957812159975	9.344578139616994	241.926468244956	4.803717036852466	0.9988146474877075	56.7596157853446	860.3628575245463	-0.04341288711442112
3.704882107023411	5.414715719063545	2.8960751963096687	0.000013815195220131272	2.8960751963096687	0.00001381519522013127	3.425458557868089	0.004125471150436786	9.344114326700101	242.25810083413754	4.804552635449301	0.9988238059954301	56.812982965705736	860.6717648351249	-0.04341288711442112
3.709096989966555	5.414715719063545	2.896313429519837	0.000013463680059318171	2.8963134295198376	0.000013463680059318207	3.426065532170917	0.004056384857098633	9.343657330069206	242.58902620187692	4.805375813244138	0.9988328778700379	56.86623406765344	860.9761831120344	-0.04341288711442112
3.713311872909699	5.414715719063545	2.896547828008609	0.000013121347460504454	2.896547828008609	0.000013121347460504428	3.4266629617899396	0.003988500015220314	9.343207050709196	242.9192554109062	4.8061867676308125	0.998841864190849	56.91937062184861	861.2761817746501	-0.04341288711442112
3.717526755852843	5.414715719063545	2.8967784555865634	0.000012787948152873902	2.8967784555865634	0.000012787948152873885	3.4272510021095033	0.003921794729716987	9.342763390875756	243.2487993443632	4.806985692784401	0.9988507660192693	56.97239413517597	861.571829158257	-0.04341288711442112
3.7217416387959865	5.414715719063545	2.897005374977283	0.000012463240000979733	2.8970053749772835	0.000012463240000979701	3.4278298059186074	0.0038562475229517714	9.342326254089889	243.57766870864666	4.807772779710641	0.9988595843991638	57.02530609109156	861.8631925292083	-0.04341288711442112
3.72595652173913	5.414715719063545	2.8972286478352958	0.000012146987786220024	2.8972286478352958	0.000012146987786220005	3.428399523452811	0.0037918373266512496	9.341895545131594	243.9058740362293	4.808548216294699	0.9988683203572184	57.078107949965876	862.1503380999266	-0.04341288711442112
3.7301714046822743	5.414715719063545	2.8974483347638276	0.000011838962995541906	2.897448334763828	0.000011838962995541917	3.4289603024357174	0.0037285434739637072	9.341471170033106	244.2334256884446	4.809312187349579	0.9988769749032925	57.13080114942539	862.4333310438652	-0.04341288711442112
3.734386287625418	5.414715719063545	2.8976644953322865	0.000011538943617120726	2.8976644953322865	0.000011538943617120746	3.429512288119877	0.0036663456916600046	9.34105303607145	244.56033385823272	4.810064874663932	0.9988855490307647	57.18338710468992	862.7122355103332	-0.04341288711442112
3.738601170568562	5.414715719063545	2.8978771880935486	0.000011246713942759982	2.8978771880935486	0.000011246713942760012	3.430055623327233	0.0036052240924747546	9.340641051760606	244.88660857285774	4.810806457049421	0.9988940437168689	57.23586720890775	862.9871146392386	-0.04341288711442112
3.7428160535117057	5.414715719063545	2.898086470600988	0.00001096206437677763	2.898086470600988	0.000010962064376777663	3.4305904484890233	0.003545159167586581	9.340235126843128	245.21225969658767	4.811537110387548	0.9989024599230237	57.28824283348726	863.2580305757157	-0.04341288711442112
3.7470309364548493	5.414715719063545	2.8982923994252667	0.000010684791251146614	2.898292399425267	0.000010684791251146599	3.4311169016851286	0.0034861317792363416	9.339835172281266	245.53729693333563	4.812257007675869	0.9989107985951537	57.34051532842447	863.5250444846023	-0.04341288711442112
3.751245819397993	5.414715719063545	2.8984950301709222	0.00001041469664666593	2.8984950301709222	0.0000104146966466659	3.431635118682969	0.0034281231534806717	9.339441100247862	245.86172982927454	4.812966319073826	0.9989190606640029	57.39268602262879	863.7882165648588	-0.04341288711442112
3.755460702341137	5.414715719063545	2.8986944174926923	0.000010151588219953679	2.8986944174926923	0.000010151588219953652	3.432145232975827	0.003371114873080238	9.339052824116731	246.18556777541016	4.813665211947922	0.9989272470454414	57.44475622424396	864.047606063807	-0.04341288711442112
3.759675585284281	5.414715719063545	2.8988906151116054	9.895279036054273e-6	2.8988906151116054	9.895279036054289e-6	3.4326473758206246	0.0033150888705204694	9.338670258452698	246.50882001011846	4.814353850916337	0.9989353586407645	57.49672722096587	864.3032712912506	-0.04341288711442112
3.763890468227425	5.414715719063545	2.8990836758308522	9.645587406462552e-6	2.8990836758308522	9.645587406462547e-6	3.4331416762752207	0.0032600274211629933	9.338293319001409	246.83149562165127	4.815032397893056	0.9989433963369849	57.548600280356936	864.5552696334703	-0.04341288711442112
3.7681053511705684	5.414715719063545	2.899273651551423	9.402336732375691e-6	2.899273651551423	9.402336732375696e-6	3.4336282612351674	0.0032059131365260937	9.337921922678825	247.15360355060596	4.815701012131433	0.9989513610071188	57.60037665015715	864.8036575670906	-0.04341288711442112
3.772320234113712	5.414715719063545	2.8994605932874915	9.165355352991898e-6	2.8994605932874915	9.165355352991893e-6	3.4341072554699017	0.003152728957692754	9.337555987560396	247.47515259235558	4.816359850267112	0.9989592535104638	57.65205755859055	865.0484906727662	-0.04341288711442112
3.776535117056856	5.414715719063545	2.8996445511816047	8.93447639867615e-6	2.8996445511816047	8.934476398676155e-6	3.4345787816584825	0.003100458148843663	9.337195432870134	247.79615139945105	4.817009066360525	0.9989670746928723	57.70364421466935	865.2898236487855	-0.04341288711442112
3.78075	5.414715719063545	2.8998255745196033	8.709537648828584e-6	2.8998255745196033	8.709537648828591e-6	3.435042960424737	0.0030490842909141895	9.336840178969348	248.11660848398168	4.817648811938685	0.998974825387017	57.7551378084931	865.5277103244681	-0.04341288711442112