2.5205	5.745819397993311	2.2105482233265987	0.07867663800490635	2.2105482233265987	0.07867663800490626	2.3612565256623257	0.19445010505889018	8.898543166712662	94.8833537135265	3.476923035314146	0.969915318329065	33.618496445739105	487.44034694865337	-0.04341288711442112
2.524714882943144	5.745819397993311	2.2151853777365096	0.07708137395558812	2.2151853777365096	0.0770813739555882	2.3631677732940544	0.19372424399964538	8.903121340726738	95.19669538795485	3.4792591341673824	0.9702523879664408	33.678823742102615	488.3410846836026	-0.04341288711442112
2.528929765886288	5.745819397993311	2.219885260179663	0.07548983794496601	2.219885260179663	0.07548983794496601	2.3651612349167483	0.192985944405443	8.907799657535302	95.51570025447033	3.4816909719523763	0.9705870308825372	33.739878256056464	489.2677481624386	-0.04341288711442112
2.5331446488294316	5.745819397993311	2.2246456302419175	0.07390310416917309	2.224645630241918	0.07390310416917299	2.3672378720714216	0.1922351432374888	8.912578545269383	95.84045549607434	3.484220251535523	0.9709193029102612	33.801675587329605	490.22094686260345	-0.04341288711442112
2.5373595317725752	5.745819397993311	2.2294641280073093	0.07232225395361677	2.22946412800731	0.07232225395361659	2.369398597503523	0.19147178769980353	8.917458300460135	96.17104568632146	3.48684860599176	0.9712492556005775	33.864230773349455	491.2012720886225	-0.04341288711442112
2.5415744147157193	5.745819397993311	2.2343382798239477	0.07074837192744159	2.234338279823948	0.07074837192744157	2.371644270555746	0.1906958358978	8.922439080388147	96.50755246915674	3.489577592422752	0.9715769362198944	33.927558238889965	492.20929523600756	-0.04341288711442112
2.545789297658863	5.745819397993311	2.2392655049425145	0.06918254205883667	2.239265504942514	0.06918254205883673	2.37397569260004	0.1899072574740455	8.927520895723207	96.85005423765011	3.4924086857987087	0.9719023877552767	33.991671745811175	493.245566046223	-0.04341288711442112
2.550004180602007	5.745819397993311	2.244243122989015	0.06762584358549695	2.244243122989015	0.06762584358549693	2.376393602544837	0.18910603421513564	8.932703603527985	97.19862581391386	3.4953432728727374	0.9722256489286306	34.0565843432913	494.3106108658973	-0.04341288711442112
2.5542190635451507	5.745819397993311	2.2492683622207537	0.06607934687724937	2.249268362220754	0.06607934687724926	2.3788986724550107	0.1882921606235289	8.937986900699737	97.55333813261582	3.4983826462187944	0.9725467542209385	34.12230831897092	495.4049309241712	-0.04341288711442112
2.5584339464882944	5.745819397993311	2.254338368502062	0.0645441092700033	2.2543383685020615	0.06454410927000337	2.3814915033228363	0.1874656444482284	8.943370317923527	97.91425793059189	3.5015279984455137	0.9728657339075371	34.188855151439114	496.5290006425585	-0.04341288711442112
2.5626488294314385	5.745819397993311	2.2594502149246507	0.06302117091168959	2.2594502149246507	0.0630211709116896	2.384172621028325	0.18662650716836432	8.948853214208333	98.28144744510385	3.504780416638694	0.973182614105328	34.256235464496285	497.68326599194785	-0.04341288711442112
2.566863712374582	5.745819397993311	2.2646009119872312	0.06151155066157728	2.2646009119872317	0.0615115506615772	2.3869424725272426	0.18577478442393403	8.954434772074901	98.65496412332632	3.508140877085314	0.9734974168326888	34.324458983630066	498.86814291157367	-0.04341288711442112
2.5710785953177258	5.745819397993311	2.269787418239785	0.06001624208438762	2.2697874182397855	0.060016242084387564	2.3898014223039645	0.18491052638832275	8.960113993459398	99.03486034561313	3.5116102403306106	0.9738101600827009	34.393534495129465	500.08401580455046	-0.04341288711442112
2.57529347826087	5.745819397993311	2.2750066512906684	0.05853620957983215	2.275006651290668	0.058536209579832285	2.392749749125015	0.18403379807765252	8.965889696392082	99.42118316504803	3.5151892466183385	0.9741208579101722	34.46346980825265	501.33123612434287	-0.04341288711442112
2.5795083612040135	5.745819397993311	2.2802554990691553	0.05707238468664954	2.2802554990691553	0.05707238468664952	2.3957876431268956	0.18314467959254654	8.971760512503307	99.81397406568378	3.51887851176149	0.9744295205327422	34.534271720839776	502.61012106591977	-0.04341288711442112
2.583723244147157	5.745819397993311	2.2855308312324363	0.055625662597945984	2.285530831232437	0.055625662597945894	2.3989152032690826	0.18224326628853318	8.977724885401583	100.21326874173135	3.5226785234873046	0.9747361544461898	34.60594598873554	503.92095237453947	-0.04341288711442112
2.5879381270903012	5.745819397993311	2.290829510604891	0.054196898921634006	2.2908295106048904	0.05419689892163396	2.40213243518005	0.1813296688719803	8.98378106996045	100.61909689980583	3.526589638296602	0.975040762553874	34.67849729935449	505.26397528423087	-0.04341288711442112
2.592153010033445	5.745819397993311	2.296148404537859	0.05278690671620855	2.2961484045378584	0.05278690671620862	2.4054392494201355	0.18040401341926626	8.989927132540934	101.03148208610432	3.530612078872147	0.9753433443100411	34.75192924967981	506.63939759669745	-0.04341288711442112
2.596367892976589	5.745819397993311	2.3014843960810722	0.051396453827968806	2.3014843960810727	0.05139645382796876	2.40883546018106	0.17946644131769257	8.996160952166917	101.45044154016354	3.534745932065601	0.9756438958765465	34.82624432894333	508.0473889100959	-0.04341288711442112
2.6005827759197326	5.745819397993311	2.306834394861628	0.05002626055125564	2.3068343948616286	0.05002626055125558	2.412320784437449	0.17851710912749458	9.002480222660523	101.87598607657786	3.5389911474866644	0.975942410292348	34.90144390618676	509.4880800056134	-0.04341288711442112
2.6047976588628763	5.745819397993311	2.3121953475727883	0.04867699762846771	2.312195347572788	0.048676997628467784	2.4158948415607093	0.17755618836521453	9.008882455733731	102.30811999575927	3.5433475367114404	0.9762388776549513	34.97752822284986	510.961562398067	-0.04341288711442112
2.6090125418060204	5.745819397993311	2.3175642479830865	0.047349284601596896	2.317564247983086	0.04734928460159697	2.419557153400776	0.17658386520957456	9.015364985022225	102.74684102451666	3.5478147731206	0.9765332853128159	35.05449639047847	512.4678880550438	-0.04341288711442112
2.613227424749164	5.745819397993311	2.322938146385527	0.046043688521980625	2.3229381463855265	0.04604368852198068	2.423307144836004	0.17560034013187356	9.021924971036691	103.19214028690602	3.5523923923708893	0.9768256180675795	35.13234639358791	514.007069287245	-0.04341288711442112
2.6174423076923077	5.745819397993311	2.3283141584174163	0.04476072301993267	2.3283141584174163	0.044760723019932704	2.4271441447867255	0.17460582745373618	9.028559406997402	103.64400230549457	3.557079793497024	0.9771158583848217	35.21107509766323	515.5790788109298	-0.04341288711442112
2.6216571906354518	5.745819397993311	2.333689473192233	0.04350084773115277	2.333689473192233	0.04350084773115272	2.431067387682559	0.17360055483591194	9.035265125507747	104.10240503282793	3.5618762406338647	0.9774039866119758	35.29067826221974	517.1838499814294	-0.04341288711442112
2.6258720735785954	5.745819397993311	2.3390613606970776	0.04226446807220744	2.3390613606970785	0.04226446807220735	2.4350760153693236	0.17258476270246878	9.042038806014327	104.567319912607	3.566780865342664	0.9776899812018978	35.37115055879613	518.8212771949972	-0.04341288711442112
2.6300869565217395	5.745819397993311	2.3444271784207085	0.04105193535325722	2.3444271784207085	0.041051935353257185	2.439169079436407	0.17155870360547715	9.048876982992898	105.03871196974028	3.571792669518612	0.9779738189405435	35.45248559369932	520.4912164544479	-0.04341288711442112
2.634301839464883	5.745819397993311	2.349784377189359	0.03986354721240145	2.349784377189359	0.039863547212401484	2.4433455439418355	0.17052264153576643	9.055776054793212	105.51653992818652	3.576910528851638	0.9782554751771526	35.534675935275594	522.1934860925267	-0.04341288711442112
2.638516722408027	5.745819397993311	2.3551305061985492	0.038699548352812176	2.355130506198549	0.03869954835281224	2.447604288508125	0.1694768511858988	9.06273229306958	106.00075635520506	3.582133196806808	0.9785349240553238	35.61771314543714	523.9278676453473	-0.04341288711442112
2.642731605351171	5.745819397993311	2.3604632172402344	0.03756013156105244	2.3604632172402344	0.03756013156105249	2.451944111759175	0.16842161717181575	9.069741852719973	106.49130783042271	3.587459309086461	0.9788121387433717	35.701587815137614	525.6941068669853	-0.04341288711442112
2.6469464882943146	5.745819397993311	2.3657802681344253	0.0364454389828288	2.3657802681344253	0.03644543898282888	2.4563637350654517	0.1673572332199451	9.076800782252905	106.9881351378954	3.592887388532064	0.9790870916623864	35.786289603456275	527.4919148750711	-0.04341288711442112
2.651161371237458	5.745819397993311	2.371079525383717	0.03535556363075868	2.3710795253837165	0.035355563630758834	2.460861806562819	0.16628400132668306	9.083905034499567	107.49117347918595	3.598415850420796	0.9793597547104685	35.871807279925285	529.3209694162808	-0.04341288711442112
2.6553762541806023	5.745819397993311	2.3763589660770776	0.034290551097658634	2.3763589660770776	0.03429055109765867	2.4654369054085756	0.16520223089726557	9.091050477587649	108.0003527053254	3.6040430081093016	0.9796300994816871	35.9581287697135	531.180916239791	-0.04341288711442112
2.659591137123746	5.745819397993311	2.3816166790763216	0.03325040144825358	2.3816166790763216	0.033250401448253586	2.4700875462373797	0.1641122378709889	9.098232906093886	108.51559756542815	3.6097670789754055	0.9798980974784014	36.045241201266116	533.0713705661573	-0.04341288711442112
2.6638060200668896	5.745819397993311	2.3868508655244156	0.03223507126210427	2.386850865524416	0.03223507126210424	2.4748121837791426	0.1630143438396265	9.105448052293633	109.03682796965244	3.6155861906076083	0.9801637203156894	36.13313095599142	534.9919186386653	-0.04341288711442112
2.6680209030100337	5.745819397993311	2.3920598387194825	0.031244475800867224	2.392059838719482	0.031244475800867273	2.479609217601062	0.16190887516566785	9.112691597428396	109.5639592641646	3.6214983871918784	0.9804269399167556	36.2217837195828	536.9421193439534	-0.04341288711442112
2.6722357859531773	5.745819397993311	2.397242023401902	0.030278491273705785	2.397242023401902	0.03027849127370575	2.4844769969365235	0.16079616210671321	9.119959182915645	110.09690251575938	3.62750163604575	0.9806877286983127	36.31118453456852	538.9215058886896	-0.04341288711442112
2.6764506688963214	5.745819397993311	2.402395954504328	0.029336957175707532	2.402395954504328	0.029336957175707543	2.4894138255644274	0.1596765379520089	9.127246421429225	110.63556480380664	3.633593834250556	0.9809460597450775	36.401317853687715	540.9295875191497	-0.04341288711442112
2.680665551839465	5.745819397993311	2.407520275416037	0.028419678675467273	2.407520275416037	0.028419678675467283	2.4944179667041597	0.158550338176663	9.134548907784005	111.17984951726476	3.639772815334518	0.9812019069726583	36.49216759370677	542.9658512709012	-0.04341288711442112
2.6848804347826087	5.745819397993311	2.4126137358133817	0.02752642902953711	2.4126137358133817	0.0275264290295371	2.4994876478927384	0.15741789961866426	9.141862229563115	111.72965665454949	3.6460363559609847	0.9814552452782587	36.58371718930288	545.0297637360881	-0.04341288711442112
2.689095317725753	5.745819397993311	2.4176751891081483	0.026656952003122104	2.4176751891081483	0.02665695200312208	2.5046210658131876	0.1562795596832677	9.14918197743282	112.28488312418256	3.652382182579218	0.9817060506787679	36.67594964666677	547.1207728365155	-0.04341288711442112
2.6933102006688965	5.745819397993311	2.422703589564327	0.025810964278240357	2.4227035895643265	0.025810964278240388	2.509816391044927	0.15513565557885303	9.156503755095208	112.84542304422315	3.658807977997202	0.981954300435942	36.76884759649389	549.2383095911571	-0.04341288711442112
2.69752508361204	5.745819397993311	2.4276979891326427	0.024988157832415966	2.427697989132642	0.02498815783241601	2.515071772710033	0.15398652358774495	9.163823188836325	113.41116803866208	3.6653113878399517	0.9821999731685226	36.86239334606565	551.381789867712	-0.04341288711442112
2.7017399665551842	5.745819397993311	2.432657534049682	0.024188202272923915	2.432657534049682	0.024188202272923977	2.520385342991149	0.15283249837503013	9.17113593663244	113.98200752905615	3.6718900268591446	0.9824430489512637	36.95656893014165	553.5506161083237	-0.04341288711442112
2.705954849498328	5.745819397993311	2.4375814612463698	0.023410747113479995	2.4375814612463698	0.02341074711347999	2.52575522150006	0.15167391233779093	9.178437696784618	114.5578290198745	3.6785414850641467	0.9826835094009577	37.05135616041879	555.7441790206855	-0.04341288711442112
2.7101697324414715	5.745819397993311	2.4424690946075835	0.022655423982144658	2.442469094607584	0.02265542398214464	2.531179519478376	0.15051109499668866	9.185724216057196	115.13851837616687	3.6852633336476326	0.9829213377496636	37.14673667333853	557.9618592264868	-0.04341288711442112
2.7143846153846156	5.745819397993311	2.4473198411217654	0.021921848751013665	2.447319841121765	0.021921848751013717	2.536656343814528	0.14934437243131074	9.192991297302006	115.72396009233051	3.6920531306826176	0.9831565189054352	37.242691976053074	560.2030288601002	-0.04341288711442112
2.7185994983277593	5.745819397993311	2.452133186956204	0.021209623579970176	2.452133186956204	0.021209623579970152	2.5421838008638225	0.14817406676023556	9.200234806555716	116.31403755090818	3.698908426571131	0.9833890395009408	37.33920349038948	562.4670531112575	-0.04341288711442112
2.7228143812709034	5.745819397993311	2.4569086934906945	0.020518338868381454	2.4569086934906945	0.02051833886838146	2.5477600000612766	0.14700049566625442	9.207450679603348	116.9086332705346	3.7058267692286098	0.9836188879304404	37.43625259468214	564.7532917064979	-0.04341288711442112
2.727029264214047	5.745819397993311	2.4616459933387436	0.01984757511012808	2.4616459933387436	0.0198475751101281	2.553383057318828	0.14582397196685945	9.214634928005458	117.50762914226584	3.7128057089907323	0.9838460543756495	37.53382066336524	567.0611003248282	-0.04341288711442112
2.7312441471571907	5.745819397993311	2.4663447863826473	0.019196904648707585	2.4663447863826478	0.019196904648707554	2.559051098201339	0.14464480322965023	9.22178364459136	118.11090665370932	3.7198428032331043	0.9840705308210754	37.63188910424773	569.3898319440452	-0.04341288711442112
2.7354590301003348	5.745819397993311	2.4710048358456067	0.018565893330401352	2.4710048358456063	0.018565893330401376	2.5647622608778584	0.14346329143199094	9.228893008424985	118.71834710050437	3.7269356206970765	0.9842923110594558	37.73043939341606	571.738838114932	-0.04341288711442112
2.7396739130434784	5.745819397993311	2.475625964420989	0.01795410205461729	2.475625964420989	0.017954102054617272	2.5705146988464573	0.14227973266396315	9.23595928925311	119.32983178482532	3.734081745517425	0.984511390687955	37.82945310773044	574.1074701612052	-0.04341288711442112
2.743888795986622	5.745819397993311	2.4802080504762856	0.017361088221488536	2.480208050476285	0.017361088221488578	2.576306583433107	0.14109441687335442	9.242978851449616	119.9452422007275	3.741278780950669	0.9847277670958059	37.92891195490491	576.4950803039433	-0.04341288711442112
2.748103678929766	5.745819397993311	2.484751024346463	0.01678640707768815	2.4847510243464628	0.016786407077688175	2.5821361060664643	0.13990762765122397	9.249948157471483	120.56446020624821	3.7485243528046905	0.9849414394440874	38.028797801177184	578.9010227097441	-0.04341288711442112
2.75231856187291	5.745819397993311	2.4892548647291233	0.016229612962150503	2.489254864729123	0.016229612962150537	2.5880014803320956	0.13871964205638154	9.256863770845163	121.18736818229475	3.7558161125726897	0.985152408638341	38.12909269659321	581.3246544625375	-0.04341288711442112
2.7565334448160534	5.745819397993311	2.4937195951915743	0.0156902604540257	2.493719595191574	0.01569026045402573	2.593900943810969	0.13753073047694403	9.263722358703584	121.81384917844434	3.763151740276278	0.9853606772947214	38.22977889794604	583.7653364594962	-0.04341288711442112
2.7607483277591975	5.745819397993311	2.498145280797805	0.015167905425722567	2.498145280797805	0.01516790542572254	2.599832759708011	0.13634115652705256	9.270520693895506	122.44378704585111	3.7705289470240633	0.9855662497003691	38.33083888942101	586.2224342319362	-0.04341288711442112
2.764963210702341	5.745819397993311	2.5025320248616283	0.01466210600431389	2.5025320248616283	0.014662106004313884	2.605795218277823	0.13515117697668316	9.277255656690565	123.07706655755223	3.7779454772937484	0.9857691317686755	38.43225540101297	588.6953186926079	-0.04341288711442112
2.7691780936454853	5.745819397993311	2.5068799658303385	0.01417242344493189	2.5068799658303385	0.014172423444931883	2.6117866380550185	0.13396104171248013	9.283924236103399	123.71357351650018	3.785399110946518	0.9859693309900913	38.53401142478706	591.1833668110138	-0.04341288711442112
2.773392976588629	5.745819397993311	2.5111892743020316	0.01369842292002399	2.5111892743020316	0.013698422920024	2.617805366897801	0.13277099372744536	9.290523530861705	124.35319485173355	3.79288766498407	0.9861668563791054	38.636090229067555	593.685962218882	-0.04341288711442112
2.7776078595317726	5.745819397993311	2.515460150178117	0.013239674228540983	2.515460150178117	0.013239674228540988	2.623849782853455	0.13158126913735488	9.29705075004249	124.99581870311522	3.800408995058879	0.9863617184179888	38.738475370641204	596.2024957480186	-0.04341288711442112
2.7818227424749167	5.745819397993311	2.51969281995157	0.012795752429243287	2.51969281995157	0.012795752429243284	2.6299182948551136	0.1303920972217442	9.303503213401227	125.64133449512163	3.8079609967493084	0.986553928997873	38.841150705069246	598.7323659031163	-0.04341288711442112
2.7860376254180603	5.745819397993311	2.523887534130374	0.01236623840238246	2.5238875341303744	0.01236623840238245	2.636009343259273	0.12920370048735166	9.309878351418233	126.28963300018634	3.815541606611393	0.9867435013576924	38.94410039520465	601.2749792721696	-0.04341288711442112
2.790252508361204	5.745819397993311	2.5280445647948273	0.011950719344027052	2.5280445647948273	0.011950719344027052	2.642121400233824	0.12801629475192572	9.316173705086298	126.94060639213242	3.8231488030197167	0.986930450021494	39.04730891801507	603.8297508774077	-0.04341288711442112
2.794467391304348	5.745819397993311	2.5321642032864915	0.011548789197287444	2.5321642032864915	0.011548789197287428	2.6482529700062076	0.12683008924639144	9.322386925462686	127.59414829022701	3.8307806068096	0.9871147907345742	39.15076106981099	606.3961044695975	-0.04341288711442112
2.7986822742474917	5.745819397993311	2.5362467580261363	0.01116004902462474	2.536246758026136	0.011160049024624747	2.654402588981565	0.12564528673339706	9.328515773008357	128.25015379441993	3.8384350817333086	0.987296540398871	39.254441969981826	608.9734727687967	-0.04341288711442112
2.8028971571906354	5.745819397993311	2.540292552457378	0.010784107325346251	2.540292552457378	0.010784107325346256	2.660568825740413	0.1244620836403652	9.334558116735968	128.90851951231664	3.846110334742613	0.9874757170080074	39.35833706334004	611.5612976545551	-0.04341288711442112
2.8071120401337795	5.745819397993311	2.5443019231123363	0.010420580302275684	2.5443019231123363	0.01042058030227568	2.6667502809252936	0.12328067020524613	9.340511933187473	129.56914357843905	3.853804516110013	0.987652339582337	39.46243212117268	614.1590303086147	-0.04341288711442112
2.811326923076923	5.745819397993311	2.5482752177953882	0.010069092081450943	2.5482752177953882	0.010069092081450945	2.6729455870257475	0.12210123063324639	9.346375305261319	130.2319256663323	3.8615158194008847	0.9878264281043214	39.56671324109961	616.7661313131856	-0.04341288711442112
2.815541806020067	5.745819397993311	2.5522127938807606	0.009729274888556395	2.5522127938807606	0.009729274888556396	2.67915340807054	0.12092394326290586	9.352146420907728	130.89676699405402	3.8692424813082633	0.9879980034545248	39.671166845832985	619.3820707077716	-0.04341288711442112
2.819756688963211	5.745819397993311	2.5561150167195525	0.00940076918563887	2.5561150167195525	0.009400769185638863	2.685372439235827	0.11974898073999583	9.357823571709883	131.56357032357815	3.8769827813618454	0.9881670873484846	39.77577968093108	622.0063280075193	-0.04341288711442112
2.8239715719063545	5.745819397993311	2.5599822581516913	0.009083223771486341	2.559982258151692	0.009083223771486315	2.69160140637767	0.11857651019778555	9.363405151367424	132.23223995463152	3.884735041522303	0.9883337022746873	39.88053881163634	624.6383921859738	-0.04341288711442112
2.8281864548494986	5.745819397993311	2.563814895118259	0.008776295848877647	2.563814895118259	0.008776295848877635	2.6978390654969293	0.11740669344233344	9.368889654097735	132.90268171346645	3.892497625671702	0.9884978714338455	39.98543161888421	627.2777616250762	-0.04341288711442112
2.8324013377926422	5.745819397993311	2.567613308369563	0.008479651061736964	2.567613308369563	0.00847965106173697	2.704084202144178	0.11623968714154426	9.374275672969192	133.5748029370508	3.900268939010243	0.9886596186796484	40.090445794564815	629.9239440351148	-0.04341288711442112
2.836616220735786	5.745819397993311	2.57137788126444	0.008192963505049819	2.5713778812644397	0.008192963505049822	2.7103356307720037	0.1150756430168223	9.379561898179642	134.24851245314872	3.908047427369258	0.9888189684611329	40.19556933611754	632.5764563472985	-0.04341288711442112
2.84083110367893	5.745819397993311	2.5751089986562268	0.007915915710225138	2.575108998656227	0.007915915710225131	2.7165921940415414	0.11391470803624919	9.384747115292065	134.92372055673198	3.9158315764497433	0.9889759457667952	40.30079054053281	635.2348245814682	-0.04341288711442112
2.8450459866220736	5.745819397993311	2.5788070458609837	0.007648198608415718	2.5788070458609837	0.007648198608415724	2.7228527620898246	0.11275702460829082	9.38983020343843	135.60033898315214	3.9236199109953342	0.9891305760705432	40.40609799783227	637.898583691388	-0.04341288711442112
2.8492608695652173	5.745819397993311	2.582472407703683	0.007389511474139974	2.5824724077036825	0.007389511474139996	2.729116231764172	0.11160273077511462	9.394810133501776	136.2782808784854	3.9314109939082322	0.9892828852795716	40.51148058409584	640.5672773899811	-0.04341288711442112
2.8534757525083614	5.745819397993311	2.5861054676381054	0.007139561851389789	2.5861054676381054	0.007139561851389783	2.7353815258293404	0.11045196040469717	9.399685966285398	136.95746076743055	3.939203425315904	0.9894328996842177	40.61692745409792	643.2404579566972	-0.04341288711442112
2.857690635451505	5.745819397993311	2.5897066069364345	0.006898065464247497	2.589706606936435	0.006898065464247491	2.741647592152946	0.10930484338095378	9.40445685067723	137.63779451913138	3.9469958415961486	0.9895806459098454	40.7224280336133	645.9176860291766	-0.04341288711442112
2.861905518394649	5.745819397993311	2.593276203944589	0.006664746113888573	2.593276203944589	0.006664746113888577	2.747913402874219	0.10816150579120797	9.409122021816408	138.3191993112686	3.954786914367432	0.9897261508707836	40.82797201144817	648.5985303811777	-0.04341288711442112
2.8661204013377928	5.745819397993311	2.5968146333995876	0.006439335563699548	2.5968146333995876	0.00643933556369955	2.7541779535608923	0.1070220701103747	9.413680799268425	139.00159359275128	3.96257534945125	0.9898694417263366	40.93354933124972	651.2825676887579	-0.04341288711442112
2.8703352842809364	5.745819397993311	2.6003222658053136	0.0062215734141060465	2.6003222658053136	0.00622157341410605	2.760440262358591	0.10588665538130619	9.418132585214119	139.68489704531245	3.9703598858124804	0.9900105458388683	41.0391501831421	653.9693822864389	-0.04341288711442112
2.8745501672240805	5.745819397993311	2.6037994668632782	0.006011206968574662	2.6037994668632782	0.0060112069685746726	2.766699369136915	0.10475537739078936	9.422476862657225	140.3690305443026	3.9781392944836105	0.9901494907339515	41.14476499523524	656.6585659151348	-0.04341288711442112
2.878765050167224	5.745819397993311	2.6072465969551164	0.005807991092130418	2.607246596955116	0.00580799109213043	2.772954334635977	0.10362834884076141	9.426713193654408	141.05391611894922	3.985912377478127	0.9902863040625677	41.25038442504869	659.3497174634373	-0.04341288711442112
2.882979933110368	5.745819397993311	2.610664010673742	0.005611688063615101	2.610664010673742	0.005611688063615103	2.7792042396169947	0.10250567951433665	9.430841217570974	141.73947691234142	3.993677966698052	0.9904210135653272	41.355999350890144	662.0424427037931	-0.04341288711442112
2.887194816053512	5.745819397993311	2.614052056400223	0.0054220674228052015	2.614052056400223	0.005422067422805204	2.785448184020154	0.10138747643630668	9.434860649364902	142.4256371413729	4.0014349228402635	0.9905536470386797	41.46160086322501	664.7363540250244	-0.04341288711442112
2.8914096989966556	5.745819397993311	2.61741107592363	0.005238905813404295	2.6174110759236306	0.005238905813404288	2.7916852861327976	0.10027384402780286	9.438771277901125	143.11232205686852	4.009182134305803	0.9906842323030736	41.567180256070806	667.4310701625304	-0.04341288711442112
2.895624581939799	5.745819397993311	2.6207414041012993	0.005061986822831087	2.6207414041012997	0.005061986822831075	2.797914681770764	0.09916488425485653	9.442572964297675	143.79945790410375	4.016918516116299	0.9908127971730207	41.67272901844875	670.1262159275043	-0.04341288711442112
2.8998394648829433	5.745819397993311	2.624043368556993	0.004891100819637326	2.624043368556993	0.0048911008196373265	2.804135523475308	0.09806069677063843	9.446265640304409	144.48697188390116	4.024643008840899	0.9909393694290151	41.77823882591935	672.821421936289	-0.04341288711442112
2.904054347826087	5.745819397993311	2.6273172894147856	0.004726044789304051	2.6273172894147856	0.004726044789304056	2.8103469797281435	0.09696137905116914	9.449849306715105	145.17479211449609	4.03235457753739	0.9910639767912541	41.88370153223145	675.5163243411027	-0.04341288711442112
2.908269230769231	5.745819397993311	2.6305634790664087	0.004566622169093472	2.6305634790664087	0.00456662216909348	2.816548234186523	0.09586702652436038	9.45332403181263	145.86284759432056	4.040052210710295	0.9911866468951058	41.989109161106164	678.2105645631045	-0.04341288711442112
2.9124841137123747	5.745819397993311	2.6337822419702084	0.0044126426825579915	2.633782241970208	0.0044126426825580045	2.822738484940598	0.09477773269222796	9.456689949847258	146.55106816587846	4.047734919289132	0.9913074072682634	42.09445389818162	680.9037890289087	-0.04341288711442112
2.9166989966555183	5.745819397993311	2.6369738744797124	0.004263922174247998	2.636973874479712	0.004263922174248009	2.8289169437946	0.09369358924619685	9.45994725954708	147.23938448083553	4.055401735629173	0.9914262853095271	42.19972808313625	683.5956489113955	-0.04341288711442112
2.9209138795986624	5.745819397993311	2.6401386647001743	0.004120282445096308	2.6401386647001748	0.0041202824450963065	2.8350828355736297	0.09261468617539967	9.463096222659757	147.92772796646508	4.063051712537284	0.9915433082691533	42.30492420201155	686.2857998757682	-0.04341288711442112
2.925128762541806	5.745819397993311	2.6432768923714494	0.003981551088904009	2.643276892371449	0.0039815510889040185	2.8412353974575018	0.09154111186791677	9.466137162524243	148.61603079356775	4.070683922324988	0.9916585032307055	42.41003487975114	688.9739018316777	-0.04341288711442112
2.9293436454849497	5.745819397993311	2.646388828775707	0.003847561330301471	2.646388828775707	0.003847561330301472	2.8473738783429567	0.0904729532049191	9.46907046267095	149.3042258459723	4.078297455890792	0.9917718970943497	42.51505287297212	691.6596186921913	-0.04341288711442112
2.933558528428094	5.745819397993311	2.6494747366686107	0.003718151864511791	2.6494747366686107	0.0037181518645117945	2.8534975382354757	0.08941029564769598	9.471896565448583	149.99224669171883	4.085891421833572	0.9918835165615273	42.619971062983154	694.3426181403497	-0.04341288711442112
2.9377734113712375	5.745819397993311	2.652534870232651	0.003593166699202356	2.6525348702326514	0.003593166699202348	2.859605647671709	0.08835322331757417	9.474615970675686	150.68002755601222	4.093464945598681	0.9919933881209467	42.72478244906233	697.022571403994	-0.04341288711442112
2.941988294314381	5.745819397993311	2.6555694750514807	0.0034724549986701507	2.6555694750514807	0.0034724549986701607	2.8656974871735525	0.08730181906873537	9.477229234314795	151.3675032960302	4.10101716865829	0.9921015380358297	42.829480142007206	699.6991530395077	-0.04341288711442112
2.9462031772575252	5.745819397993311	2.6585787881041716	0.0033558709305724346	2.658578788104171	0.0033558709305724346	2.871772346734735	0.08625616455396747	9.479736967167009	152.0546093776623	4.108547247727456	0.9922079923323546	42.93405735796842	702.3720407251417	-0.04341288711442112
2.950418060200669	5.745819397993311	2.6615630377782806	0.003243273515383085	2.6615630377782806	0.0032432735153830887	2.87782952534045	0.08521634028341551	9.482139833584391	152.74128185422882	4.116054354016813	0.992312776789235	43.03850741257452	705.0409150643649	-0.04341288711442112
2.954632943143813	5.745819397993311	2.6645224439009065	0.0031345264787235178	2.6645224439009065	0.0031345264787235173	2.88386833052091	0.08418242567637002	9.484438550197943	153.42745734725446	4.123537672523271	0.9924159169283754	43.14282371535909	707.7054593998752	-0.04341288711442112
2.9588478260869566	5.745819397993311	2.667457217786786	0.0030294981066935275	2.667457217786786	0.0030294981066935284	2.889888077939173	0.0831544991061925	9.486633884658575	154.1130730293312	4.130996401359552	0.9925174380065491	43.24699976449674	710.3653596387293	-0.04341288711442112
2.9630627090301003	5.745819397993311	2.670367562302657	0.0029280611043018007	2.6703675623026566	0.0029280611043017973	2.8958880910137283	0.08213263793845552	9.488726654388394	154.7980666091166	4.138429751123365	0.99261736500804	43.351029141854745	713.0203040890124	-0.04341288711442112
2.9672775919732444	5.745819397993311	2.6732536719471183	0.002830092457075674	2.6732536719471183	0.0028300924570756757	2.901867700576139	0.08111691856241095	9.49071772533983	155.48237631849676	4.145836944306946	0.9927157226381959	43.454905508366195	715.6699833084938	-0.04341288711442112
2.971492474916388	5.745819397993311	2.6761157329453127	0.002735473295909785	2.6761157329453127	0.0027354732959097923	2.907826244564001	0.08010741641589886	9.492608010759966	156.16594090193988	4.1532172147475945	0.9928125353178413	43.558622599730086	718.3140899656386	-0.04341288711442112
2.975707357859532	5.745819397993311	2.6789539233577484	0.002644088765196466	2.678953923357749	0.0026440887651964606	2.913763067749304	0.07910420600383158	9.494398469957497	156.84869960805625	4.160569807119616	0.9929078271784975	43.66217422244171	720.9523187133037	-0.04341288711442112
2.9799222408026758	5.745819397993311	2.681768413202671	0.0025558278942650996	2.681768413202671	0.0025558278942651	2.919677521502282	0.07810736091039111	9.49609010706974	157.53059218337413	4.167893976468059	0.9930016220583623	43.765554250157116	723.5843660754294	-0.04341288711442112
2.9841371237458194	5.745819397993311	2.6845593645914163	0.0024705834721439153	2.6845593645914163	0.002470583472143919	2.9255689635907203	0.07711695380509499	9.497683969827355	158.21155886833736	4.175188987784569	0.9930939434990008	43.86875662039408	726.2099303470097	-0.04341288711442112
2.988352006688963	5.745819397993311	2.687326931876129	0.0023882519256463244	2.6873269318761284	0.0023882519256463253	2.93143675801443	0.07613305644291292	9.499181148314204	158.89154039550672	4.1824541156253074	0.9931848147427035	43.97177533156999	728.8287115075051	-0.04341288711442112
2.992566889632107	5.745819397993311	2.6900712618094134	0.0023087332007713365	2.690071261809414	0.002308733200771334	2.9372802748748628	0.07515573965858993	9.500582773720211	159.57047798996769	4.189688643771204	0.9932742587304648	44.074604440379126	731.4404111479676	-0.04341288711442112
2.996781772575251	5.745819397993311	2.692792493715354	0.0022319306473999306	2.692792493715354	0.0022319306473999314	2.943098890279375	0.07418507335538728	9.501890017084927	160.24831337191222	4.196891864930323	0.9933622981005432	44.177238059507694	734.0447324119725	-0.04341288711442112
3.000996655518395	5.745819397993311	2.695490759671427	0.002157750907259757	2.695490759671427	0.0021577509072597608	2.948891986279792	0.07322112648843933	9.503104088029858	160.92498876137122	4.204063080482197	0.9934489551875605	44.27967035568645	736.6413799504783	-0.04341288711442112
3.0052115384615385	5.745819397993311	2.6981661847008134	0.00208610380512396	2.698166184700814	0.0020861038051239503	2.9546589508446837	0.07226396704294477	9.50422623347749	161.60044688505732	4.211201600263744	0.9935342520221003	44.38189554807791	739.2300598906502	-0.04341288711442112
3.009426421404682	5.745819397993311	2.7008188869746763	0.002016902243202404	2.7008188869746763	0.0020169022432023984	2.9603991778648218	0.07131366200741783	9.505257736355455	162.27463098528048	4.218306742396575	0.9936182103307728	44.483907906997324	741.8104798187461	-0.04341288711442112
3.0136413043478263	5.745819397993311	2.7034489780238933	0.0019500620986797957	2.7034489780238937	0.0019500620986797911	2.966112067191058	0.07037027734224109	9.506199914284105	162.94748483088122	4.225377833154903	0.993700851536704	44.58570175296158	744.3823487769412	-0.04341288711442112
3.01785618729097	5.745819397993311	2.7060565629597875	0.001885502124348941	2.706056562959788	0.0018855021243489355	2.971797024703781	0.06943387794377699	9.507054118246161	163.61895273012118	4.232414206873587	0.9937821967604213	44.68727145606293	746.9453772740924	-0.04341288711442112
3.022071070234114	5.745819397993311	2.7086417407034156	0.0018231438522840794	2.7086417407034156	0.001823143852284075	2.9774534624131723	0.06850452760429121	9.507821731237355	164.28897954547435	4.239415205895579	0.9938622668210997	44.788611435662155	749.4992773103256	-0.04341288711442112
3.0262859531772577	5.745819397993311	2.7112046042228686	0.0017629115004962632	2.711204604222869	0.0017629115004962606	2.9830807985890986	0.06758228896797484	9.508504166896879	164.95751071023145	4.246380180557746	0.9939410822381367	44.88971616039349	752.0437624152315	-0.04341288711442112
3.0305008361204013	5.745819397993311	2.713745240778168	0.0017047318825090152	2.7137452407781675	0.0017047318825090178	2.988678457919703	0.06666722348333719	9.50910286811704	165.6244922468521	4.253308489214317	0.9940186632330312	44.99058014847615	754.5785476995419	-0.04341288711442112
3.034715719063545	5.745819397993311	2.716263732173197	0.0016485343197912158	2.7162637321731964	0.0016485343197912153	2.994245871697398	0.06575939135227701	9.509619305631524	166.2898707869653	4.260199498296631	0.9940950297315315	45.09119796832193	757.1033499199382	-0.04341288711442112
3.038930602006689	5.745819397993311	2.718760155014215	0.0015942505569816136	2.7187601550142144	0.0015942505569816162	2.999782478031072	0.06485885147612587	9.51005497658203	166.9535935929333	4.2670525824082315	0.9941702013660313	45.19156423943247	759.617887556788	-0.04341288711442112
3.0431454849498327	5.745819397993311	2.7212345809743623	0.001541814679838801	2.7212345809743628	0.0015418146798387984	3.005287722083066	0.06396566139898442	9.51041140306307	167.61560858087074	4.2738671244537345	0.9942441974781854	45.29167363357351	762.1218809043539	-0.04341288711442112
3.047360367892977	5.745819397993311	2.723687077063697	0.001491163035848479	2.723687077063697	0.0014911630358484806	3.010761056329564	0.06307987724866677	9.510690130645326	168.27586434502044	4.280642515800349	0.9943170371217227	45.39152087621824	764.6150521731829	-0.04341288711442112
3.0515752508361205	5.745819397993311	2.726117705904102	0.0014422341574205069	2.7261177059041026	0.0014422341574205045	3.016201940842746	0.06220155367558842	9.510892726877772	168.93431018336196	4.287378156470162	0.9943887390654306	45.491100748244726	767.0971256040984	-0.04341288711442112
3.055790133779264	5.745819397993311	2.7285265260085825	0.0013949686876064448	2.7285265260085825	0.0013949686876064463	3.0216098435931906	0.06133074378992597	9.511020779769366	169.590896124345	4.294073455361891	0.9944593217962938	45.59040808787809	769.567827593416	-0.04341288711442112
3.060005016722408	5.745819397993311	2.730913592064325	0.0013493093082693464	2.7309135920643244	0.001349309308269348	3.026984240770828	0.060467499097389396	9.511075896251262	170.24557295462057	4.300727830500217	0.9945288035227628	45.68943779286218	772.0268868287848	-0.04341288711442112
3.064219899665552	5.745819397993311	2.7332789552188705	0.0013052006706372635	2.7332789552188705	0.001305200670637262	3.0323246171225873	0.05961186943395645	9.511059700620482	170.89829224763372	4.307340709310776	0.9945972021781357	45.788184822846326	774.4740344350315	-0.04341288711442112
3.068434782608696	5.745819397993311	2.735622663368864	0.0012625893281720199	2.735622663368864	0.0012625893281720186	3.0376304663050804	0.058763902899905726	9.51097383296675	171.54900639296116	4.313911528919144	0.9946645354240331	45.88664420197408	776.9090041294617	-0.04341288711442112
3.0726496655518396	5.745819397993311	2.737944761450643	0.0012214236716860437	2.7379447614506427	0.0012214236716860472	3.042901291250275	0.05792364579350791	9.510819947583837	172.19766862623905	4.320439736471539	0.9947308206539511	45.984811021656114	779.3315323858469	-0.04341288711442112
3.0768645484949833	5.745819397993311	2.7402452917320925	0.0011816538666398284	2.7402452917320925	0.0011816538666398271	3.0481366045423797	0.0570911425447091	9.510599711367425	172.84423305955744	4.326924789475363	0.9947960749968752	46.08268044351265	781.7413586064573	-0.04341288711442112
3.081079431438127	5.745819397993311	2.7425242941050487	0.001143231792554431	2.7425242941050487	0.001143231792554432	3.053335928803846	0.05626643564916843	9.510314802201494	173.4886547121676	4.333366156157336	0.9948603153209397	46.180247702467696	784.1382253013466	-0.04341288711442112
3.085294314381271	5.745819397993311	2.744781806377606	0.0011061109844734244	2.7447818063776057	0.0011061109844734299	3.0584987970885904	0.05544956560297932	9.509966907335528	174.13088954136725	4.339763315837053	0.9949235582371205	46.27750810997803	786.5218782741252	-0.04341288711442112
3.0895091973244146	5.745819397993311	2.7470178645656054	0.0010702465764106327	2.7470178645656054	0.0010702465764106366	3.0636247532802874	0.054640570838426716	9.509557721754923	174.77089447340907	4.346115759313622	0.9949858201029469	46.37445705737838	788.892066813372	-0.04341288711442112
3.0937240802675587	5.745819397993311	2.749232503182663	0.0010355952467202927	2.749232503182663	0.001035595246720291	3.0687133524938117	0.05383948766110121	9.509088946547301	175.40862743429707	4.352422989263212	0.99504711702622	46.47109001932552	791.2485438888845	-0.04341288711442112
3.0979389632107024	5.745819397993311	2.751425755527993	0.0010021151653283333	2.7514257555279924	0.0010021151653283363	3.0737641614776665	0.05304635018870729	9.508562287267441	176.04404738031724	4.358684520645007	0.9951074648687287	46.56740255732165	793.5910663518567	-0.04341288711442112
3.102153846153846	5.745819397993311	2.753597653971388	0.0009697659427639925	2.753597653971388	0.0009697659427639917	3.0787767590154544	0.05226119029187249	9.507979452303877	176.6771143281656	4.364899881113432	0.9951668792499522	46.663390323299446	795.919395138156	-0.04341288711442112
3.10636872909699	5.745819397993311	2.7557482302345875	0.000938508580933076	2.755748230234588	0.000938508580933076	3.0837507363241956	0.0514840375372757	9.507342151249981	177.30778938452005	4.371068611433932	0.9952253755507375	46.75904906324772	798.2332954736904	-0.04341288711442112
3.110583612040134	5.745819397993311	2.7578775156684343	0.0009083054255747558	2.7578775156684348	0.0009083054255747542	3.088685697447667	0.05071491913337395	9.506652093282955	177.93603477493008	4.37719026590032	0.9952829689169478	46.85437462086116	800.5325370810841	-0.04341288711442112
3.114798494983278	5.745819397993311	2.7599855415250865	0.0008791201203458849	2.7599855415250865	0.0008791201203458848	3.0935812596426366	0.04995385987902121	9.505910985553767	178.56181387187604	4.383264412751062	0.9953396742630709	46.949362941193236	802.8168943866439	-0.04341288711442112
3.1190133779264215	5.745819397993311	2.7620723392246256	0.0008509175624780151	2.762072339224626	0.0008509175624780123	3.098437053756086	0.04920088211524087	9.505120531591405	179.18509122186848	4.389290634582256	0.9953955062757818	47.044010074294206	805.0861467267324	-0.04341288711442112
3.123228260869565	5.745819397993311	2.764137940615435	0.0008236638599535206	2.764137940615435	0.0008236638599535196	3.1032527245915658	0.04845600568039656	9.504282429724768	179.80583257146156	4.395268528754977	0.9954504794174535	47.13831217881509	807.3400785526219	-0.04341288711442112
3.127443143812709	5.745819397993311	2.7661823782277084	0.0007973262901490976	2.7661823782277084	0.0007973262901490974	3.1080279312628436	0.047719247868998484	9.503398371525543	180.4240048920552	4.401197707794802	0.9955046079296116	47.23226552556004	809.578479632939	-0.04341288711442112
3.131658026755853	5.745819397993311	2.7682056855194563	0.0007718732598962204	2.7682056855194563	0.0007718732598962204	3.1127623475330384	0.04699062339435907	9.502470040275423	181.03957640336623	4.407077799781174	0.9955579058363265	47.3258665009679	811.8011452527637	-0.04341288711442112
3.1358729096989966	5.745819397993311	2.770207897114493	0.0007472742669094054	2.770207897114493	0.000747274266909406	3.117455662137685	0.04627014435528418	9.501499109461008	181.65251659546763	4.412908448724677	0.9956103869475403	47.419111610507144	814.0078764085644	-0.04341288711442112
3.1400877926421407	5.745819397993311	2.7721890490317787	0.0007234998625350573	2.7721890490317787	0.0007234998625350564	3.1221075790900192	0.04555782020698078	9.500487241299599	182.2627962492803	4.418689314929992	0.9956620648623256	47.511997481965864	816.1984799980573	-0.04341288711442112
3.1443026755852843	5.745819397993311	2.7741491789056343	0.0007005216157747674	2.7741491789056343	0.0007005216157747676	3.126717817967059	0.0448536577363292	9.499436085299115	182.87038745542898	4.424420075342633	0.9957129529720722	47.60452086862098	818.3727690041816	-0.04341288711442112
3.148517558528428	5.745819397993311	2.776088326196358	0.0006783120785384224	2.776088326196358	0.0006783120785384234	3.1312861141751434	0.04415766104164458	9.498347276855323	183.47526363137797	4.430100423877727	0.9957630644636022	47.696678652272524	820.5305626724371	-0.04341288711442112
3.152732441471572	5.745819397993311	2.7780065323907612	0.0006568447520842016	2.7780065323907612	0.0006568447520842034	3.135812219193577	0.04346983151704249	9.497222435889245	184.07739953676	4.435730071728905	0.995812412322209	47.788467846126395	822.6716866807586	-0.04341288711442112
3.1569473244147157	5.745819397993311	2.7799038411922488	0.000636094054603567	2.7799038411922488	0.0006360940546035664	3.140295900795306	0.04279016784148576	9.49606316552776	184.6767712868363	4.4413087476558655	0.9958610093346213	47.87988559751389	824.7959733012756	-0.04341288711442112
3.16116220735786	5.745819397993311	2.7817802987000086	0.0006160352899112171	2.7817802987000078	0.0006160352899112199	3.1447369432434757	0.04211866597257978	9.494871050829884	185.2733563640172	4.446836198248855	0.9959088680918919	47.970929190432976	826.9032615531954	-0.04341288711442112
3.1653770903010034	5.745819397993311	2.783635953577124	0.000596644617200646	2.783635953577124	0.0005966446172006469	3.1491351474632108	0.04145531914514217	9.49364765756169	185.86713362741065	4.452312188169104	0.9959560009922108	48.061596047902924	828.9933973463257	-0.04341288711442112
3.169591973244147	5.745819397993311	2.7854708572071663	0.0005778990218282648	2.7854708572071663	0.0005778990218282631	3.153490331187543	0.040800117874578455	9.492394531021796	186.45808332033596	4.457736500363558	0.9960024202436416	48.15188373411833	831.0662336145028	-0.04341288711442112
3.1738068561872907	5.745819397993311	2.787285063839151	0.0005597762870894368	2.787285063839151	0.0005597762870894371	3.1578023290770747	0.04015304996504124	9.491113194919935	187.04618707578626	4.4631089362530965	0.9960481378667857	48.24178995639526	833.121630438516	-0.04341288711442112
3.178021739130435	5.745819397993311	2.7890786307206348	0.0005422549669516347	2.7890786307206348	0.0005422549669516359	3.162070992812794	0.03951410052235057	9.489805150310456	187.6314279198142	4.468429315893242	0.9960931656973728	48.33131256690044	835.1594551580159	-0.04341288711442112
3.1822366220735785	5.745819397993311	2.7908516182188023	0.0005253143597110113	2.790851618218803	0.00052531435971101	3.1662961911616443	0.03888325197162176	9.488471874582524	188.21379027282532	4.473697478106503	0.9961375153887795	48.420449564156286	837.1795824719951	-0.04341288711442112
3.1864515050167226	5.745819397993311	2.792604089929485	0.000508934482539901	2.792604089929485	0.0005089344825399014	3.170477810014671	0.038260484079528256	9.487114820508625	188.7932599487834	4.478913280585839	0.9961811984144789	48.50919909431635	839.1818945275226	-0.04341288711442112
3.1906663879598662	5.745819397993311	2.7943361127740363	0.0004930960468939885	2.7943361127740367	0.0004930960468939872	3.1746157523975866	0.03764577398110817	9.485735415352638	189.3698241523287	4.484076599968627	0.9962242260704243	48.59755945220572	841.1662809963922	-0.04341288711442112
3.19488127090301	5.745819397993311	2.796047757084086	0.00047778043474904733	2.7960477570840863	0.00047778043474904625	3.178709938453803	0.037039096211002334	9.484335060038568	189.94347147382905	4.489187331880902	0.9962666094773651	48.68552908212339	843.1326391394931	-0.04341288711442112
3.199096153846154	5.745819397993311	2.797739096674218	0.00046296967563827827	2.797739096674218	0.0004629696756382784	3.18276030540007	0.03644042273899603	9.482915128380826	190.51419188238708	4.494245390951623	0.9963083595831043	48.77310657840396	845.0808738587059	-0.04341288711442112
3.2033110367892976	5.745819397993311	2.799410208902687	0.00044864642446227774	2.799410208902687	0.0004486464244622781	3.186766807455037	0.035849723009713466	9.481476966376642	191.08197671684218	4.499250710797011	0.9963494871646932	48.860290685738136	847.0108977362441	-0.04341288711442112
3.2075259197324417	5.745819397993311	2.80106117472027	0.00043479394004496607	2.80106117472027	0.0004347939400449662	3.1907294157410373	0.03526696398631303	9.480021891560975	191.64681867480004	4.504203243974938	0.9963900028305726	48.94708029925086	848.9226310613415	-0.04341288711442112
3.2117408026755854	5.745819397993311	2.802692078707472	0.000421396064409518	2.802692078707472	0.000421396064409518	3.1946481181596775	0.03469211019799847	9.478551192424058	192.2087117997475	4.509102961909703	0.9964299170226578	49.03347446433921	850.8160018443206	-0.04341288711442112
3.215955685618729	5.745819397993311	2.8043030091002916	0.00040843720274955634	2.8043030091002916	0.000408437202749557	3.198522919241811	0.034125123791163364	9.477066127891568	192.7676514663061	4.513949854787546	0.9964692400183756	49.119472376271695	852.6909458180954	-0.04341288711442112
3.220170568561873	5.745819397993311	2.805894057804812	0.000395902304071693	2.805894057804812	0.00039590230407169285	3.2023538399726066	0.033565964583966365	9.475567926866978	193.32363436368792	4.518743931423432	0.9965079819326524	49.205073379552786	854.5474064272352	-0.04341288711442112
3.2243854515050168	5.745819397993311	2.8074653204008855	0.00038377684248653416	2.807465320400886	0.00038377684248653323	3.2061409175924744	0.03301459012413255	9.47405778783568	193.87665847742124	4.523485219099606	0.9965461527198595	49.29027696705562	856.3853348047036	-0.04341288711442112
3.2286003344481604	5.745819397993311	2.8090168961352986	0.00037204679912591036	2.8090168961352986	0.00037204679912590955	3.209884205374841	0.03247095574975587	9.47253687853014	194.42672306942816	4.5281737633768895	0.9965837621757165	49.375082778930015	858.2046897365885	-0.04341288711442112
3.2328152173913045	5.745819397993311	2.8105488879046816	0.0003606986446653414	2.8105488879046816	0.00036069864466534173	3.21358377238157	0.03193501465288592	9.471006335655002	194.97382865652142	4.532809627879234	0.9966208199391575	49.459490601289296	860.0054376149482	-0.04341288711442112
3.237030100334448	5.745819397993311	2.8120614022286543	0.00034971932243105567	2.8120614022286543	0.00034971932243105496	3.217239703197236	0.031406717945664284	9.469467264671286	195.5179769874192	4.537392894052812	0.9966573354941628	49.54350036468532	861.7875523792238	-0.04341288711442112
3.241244983277592	5.745819397993311	2.8135545492135288	0.0003390962320721061	2.8135545492135288	0.00033909623207210615	3.22085209764321	0.030886014728779075	9.467920739638135	196.05917101835436	4.541923660900397	0.996693318171558	49.627112142377285	863.5510154464519	-0.04341288711442112
3.245459866220736	5.745819397993311	2.815028442507038	0.0003288172137786017	2.815028442507038	0.0003288172137786017	3.2244210704727476	0.0303728521620005	9.466367803110769	196.5974148873737	4.546402044692235	0.9967287771507858	49.71032614840302	865.2958156307019	-0.04341288711442112
3.2496747491638796	5.745819397993311	2.8164831992445656	0.0003188705330278449	2.8164831992445656	0.0003188705330278447	3.2279467510483326	0.02986717553656004	9.464809466093127	197.1327138874249	4.550828178654691	0.9967637214616506	49.79314273546297	867.021949052205	-0.04341288711442112
3.2538896321070236	5.745819397993311	2.817918939987252	0.00030924486584096617	2.8179189399872517	0.00030924486584096606	3.23142928300232	0.029368928349138446	9.46324670804315	197.6650744383128	4.555202212637572	0.9967981599860405	49.875562392623024	868.7294190364795	-0.04341288711442112
3.2581045150501673	5.745819397993311	2.8193357886526065	0.00029992928453302425	2.8193357886526065	0.0002999292845330241	3.234868823882427	0.028878052377219927	9.461680476929304	198.19450405764465	4.559524312761912	0.996832101459629	49.95758574285036	870.4182360041414	-0.04341288711442112
3.262319397993311	5.745819397993311	2.8207338724379274	0.000290913243940566	2.8207338724379274	0.00029091324394056627	3.238265544782994	0.02839448775559126	9.460111689335896	198.7210113308349	4.563794661048994	0.996865554473558	50.039213540388	872.088417351664	-0.04341288711442112
3.266534280936455	5.745819397993311	2.822113321737193	0.00028218656811078115	2.822113321737193	0.0002821865681107812	3.2416196299636137	0.027918173053742914	9.458541230615442	199.24460588029046	4.568013455032398	0.9968985274761053	50.120446667981874	873.7399873237881	-0.04341288711442112
3.2707491638795987	5.745819397993311	2.82347427005181	0.00027373943743735425	2.8234742700518103	0.0002737394374373538	3.2449312764562093	0.02744904535396028	9.45696995508577	199.76529833385788	4.572180907354197	0.9969310287743387	50.20128613396925	875.3729768779988	-0.04341288711442112
3.274964046822743	5.745819397993311	2.824816853895782	0.00026556237622836053	2.824816853895782	0.00026556237622835983	3.2482006936619734	0.026987040329874944	9.455398686269719	200.2831002926395	4.576297245346837	0.996963066535758	50.28173306924033	876.9874235416817	-0.04341288711442112
3.2791789297658864	5.745819397993311	2.82614121269576	0.0002576462406922681	2.82614121269576	0.00025764624069226835	3.2514281029393866	0.02653209232527284	9.45382821717513	200.7980242982668	4.580362710602022	0.9969946487899272	50.36178872408339	878.5833712624624	-0.04341288711442112
3.28339381270903	5.745819397993311	2.827447488686531	0.0002499822073284453	2.827447488686531	0.0002499822073284452	3.254613737184652	0.026084134432947312	9.452259310612888	201.31008379973252	4.584377558528126	0.9970257834300997	50.441454464925556	880.1608702523529	-0.04341288711442112
3.2876086956521737	5.745819397993311	2.8287358268023244	0.00024256176170924396	2.828735826802325	0.00024256176170924342	3.2577578404056533	0.025643098573407477	9.450692699550476	201.81929311985988	4.588342057897296	0.9970564782148356	50.52073177097814	881.7199768261619	-0.04341288711442112
3.291823578595318	5.745819397993311	2.8300063745645727	0.00023537668764088047	2.8300063745645727	0.00023537668764088095	3.260860667290873	0.025208915573244166	9.449129087499024	202.32566742151755	4.5922564903839715	0.9970867407696141	50.599622230800435	883.2607532348651	-0.04341288711442112
3.2960384615384615	5.745819397993311	2.8312592819664544	0.00022841905669111678	2.831259281966455	0.0002284190566911161	3.2639224827742557	0.02478151524298432	9.447569148931185	202.82922267364754	4.59612115009584	0.9971165785884426	50.6781275387899	884.7832674943647	-0.04341288711442112
3.3002533444816056	5.745819397993311	2.832494701354794	0.00022168121807181255	2.832494701354794	0.00022168121807181318	3.2669435615973077	0.024360826454256992	9.446013529727681	203.32997561720308	4.599936343098851	0.9971459990354626	50.7562494916118	886.287593210301	-0.04341288711442112
3.304468227424749	5.745819397993311	2.833712787309698	0.0002151557888650946	2.833712787309698	0.00021515578886509518	3.2699241878695076	0.023946777216112738	9.444462847650119	203.82794373107194	4.603702386937371	0.9971750093465528	50.833989984576704	887.7738093993695	-0.04341288711442112
3.308683110367893	5.745819397993311	2.8349136965224084	0.000208835644582052	2.8349136965224084	0.00020883564458205165	3.272864654628093	0.023539294750350097	9.442917692837808	204.32314519806027	4.60741961015093	0.997203616630932	50.91135100797804	889.242000307749	-0.04341288711442112
3.312897993311037	5.745819397993311	2.8360975876717442	0.0002027139100433766	2.8360975876717447	0.00020271391004337565	3.2757652633982492	0.023138305565705692	9.441378628326243	204.81559887101187	4.61108835178861	0.9972318278727611	50.98833464339734	890.6922552270987	-0.04341288711442112
3.3171128762541806	5.745819397993311	2.8372646212996275	0.00019678395057154332	2.8372646212996275	0.0001967839505715434	3.278626323754791	0.022743735530779206	9.439846190585257	205.30532423913823	4.614708960922506	0.9972596499327436	51.064943059989574	892.1246683087186	-0.04341288711442112
3.3213277591973247	5.745819397993311	2.838414959685952	0.0001910393634846739	2.8384149596859523	0.00019103936348467338	3.281448152886074	0.02235550994557778	9.438320890074307	205.79234139461164	4.618281796161098	0.9972870895497289	51.14117851075478	893.5393383762552	-0.04341288711442112
3.3255426421404684	5.745819397993311	2.839548766723282	0.00018547396988230822	2.8395487667232824	0.0001854739698823081	3.2842310751612165	0.021973553611568216	9.43680321181318	206.27667099949636	4.62180722516385	0.9973141533423125	51.217043328807044	894.9363687375125	-0.04341288711442112
3.329757525083612	5.745819397993311	2.8406662077916685	0.00018008180671376297	2.8406662077916685	0.00018008180671376275	3.2869754217013547	0.021597790900140093	9.43529361596583	206.75833425306863	4.625285624158025	0.9973408478104405	51.29253992364885	896.3158669958113	-0.04341288711442112
3.3339724080267557	5.745819397993311	2.8417674496339087	0.00017485711912000487	2.8417674496339087	0.00017485711912000541	3.28968152995572	0.02122814581939242	9.433792538435416	207.23735285957775	4.628717377458553	0.9973671793370109	51.367670777457555	897.6779448612682	-0.04341288711442112
3.3381872909698997	5.745819397993311	2.842852660231615	0.0001697943530401964	2.842852660231615	0.00016979435304019644	3.292349743283328	0.020864542079163963	9.432300391468774	207.71374899650525	4.63210287699213	0.9973931541894776	51.44243844139374	899.0227179625214	-0.04341288711442112
3.3424021739130434	5.745819397993311	2.8439220086823016	0.00016488814807444726	2.843922008682302	0.00016488814807444707	3.2949804105408265	0.02050690315424326	9.430817564268263	208.18754528335444	4.635442521826104	0.9974187785214541	51.516845531936404	900.350305659167	-0.04341288711442112
3.3466170568561875	5.745819397993311	2.8449756650778557	0.00016013333059438807	2.8449756650778557	0.00016013333059438812	3.297573885677293	0.020155152345691336	9.429344423609543	208.6587647510298	4.638736717703298	0.9974440583743163	51.590894727253946	901.6608308554166	-0.04341288711442112
3.350831939799331	5.745819397993311	2.8460138003845534	0.00015552490709365758	2.8460138003845534	0.00015552490709365828	3.3001305273363686	0.019809212840236977	9.427881314463338	209.1274308118245	4.641985876583185	0.9974689996788058	51.664588763615	902.9544198151935	-0.04341288711442112
3.355046822742475	5.745819397993311	2.8470365863249296	0.0001510580577704077	2.8470365863249296	0.00015105805777040744	3.3026506984663873	0.019469007767694654	9.42642856061986	209.593567230066	4.6451904161903945	0.9974936082566315	51.73793043184706	904.2312019791109	-0.04341288711442112
3.359261705685619	5.745819397993311	2.848044195261651	0.00014672813033433224	2.8480441952616515	0.00014672813033433208	3.3051347659388512	0.019134460256378407	9.424986465314168	210.05719809343654	4.648350759570966	0.9975178898220706	51.810922573846575	905.491309783547	-0.04341288711442112
3.3634765886287625	5.745819397993311	2.8490368000836344	0.00014253063403085926	2.849036800083635	0.00014253063403085918	3.30758310017574	0.01880549348648383	9.423555311851306	210.5183477850048	4.651467334657065	0.9975418499835663	51.88356807914646	906.7348784821577	-0.04341288711442112
3.3676914715719066	5.745819397993311	2.8500145740945655	0.00013846123387537177	2.8500145740945655	0.00013846123387537177	3.309996074785999	0.018482030741419617	9.422135364229694	210.97704095598678	4.654540573840663	0.9975654942453255	51.95586988154573	907.9620459700798	-0.04341288711442112
3.3719063545150503	5.745819397993311	2.850977690903965	0.00013451574509058012	2.850977690903965	0.00013451574509057996	3.3123740662114884	0.01816399545708354	9.420726867761696	211.4333024992541	4.657570913556576	0.9975888280089099	52.02783095580424	909.1729526110316	-0.04341288711442112
3.376121237458194	5.745819397993311	2.8519263243209583	0.0001306901277403152	2.8519263243209587	0.00013069012774031492	3.3147174533826975	0.01785131126907247	9.419330049690041	211.8871575236078	4.660558793875351	0.9976118565748265	52.09945431440713	910.3677410675621	-0.04341288711442112
3.3803361204013376	5.745819397993311	2.8528606482508834	0.00012698048155322756	2.8528606482508834	0.0001269804815532273	3.3170266173844767	0.01754390205783493	9.41794511979931	212.33863132883428	4.6635046581064215	0.9976345851441123	52.17074300440274	911.5465561346602	-0.04341288711442112
3.3845510033444817	5.745819397993311	2.8537808365947885	0.00012338304093011262	2.8537808365947885	0.00012338304093011243	3.3193019411318834	0.017241691991772574	9.416572271021158	212.78774938154302	4.666408952411635	0.9976570188199131	52.24170010431495	912.7095445768289	-0.04341288711442112
3.3887658862876253	5.745819397993311	2.8546870631519923	0.00011989417012867317	2.8546870631519927	0.0001198941701286731	3.3215438090564033	0.01694460556830371	9.41521168003269	213.23453729180582	4.669272125429686	0.9976791626090579	52.3123287211346	913.8568549688695	-0.04341288711442112
3.3929807692307694	5.745819397993311	2.8555795015257037	0.00011651035861982056	2.8555795015257037	0.0001165103586198213	3.323752606802565	0.016652567652908994	9.413863507846917	213.67902079059292	4.672094627911497	0.9977010214236259	52.382631987391036	914.9886375404599	-0.04341288711442112
3.397195652173913	5.745819397993311	2.856458325031822	0.00011322821660971796	2.856458325031822	0.0001132282166097183	3.3259287209350736	0.016365503516184484	9.41252790039474	214.12122570801336	4.6748769123667975	0.9977226000825064	52.452613058305616	916.1050440246553	-0.04341288711442112
3.4014105351170567	5.745819397993311	2.8573237066109285	0.00011004447072195646	2.8573237066109285	0.0001100444707219563	3.3280725386564796	0.016083338868926603	9.411204989097634	214.56117795235667	4.677619432722026	0.9977439033129504	52.5222751090289	917.2062275104273	-0.04341288711442112
3.405625418060201	5.745819397993311	2.8581758187435278	0.00010695595983445539	2.8581758187435273	0.00010695595983445571	3.3301844475354025	0.015805999895283127	9.409894891430481	214.9989034899349	4.680322643989671	0.9977649357521142	52.591621331962635	918.2923422993107	-0.04341288711442112
3.4098403010033445	5.745819397993311	2.8590148333685517	0.00010395963106578856	2.859014833368552	0.00010395963106578813	3.3322648352452915	0.015533413284004817	9.408597711474071	215.43442832572114	4.682987001949079	0.9977857019485925	52.66065493416722	919.3635437662315	-0.04341288711442112
3.4140551839464885	5.745819397993311	2.859840921805136	0.00010105253590584462	2.859840921805136	0.0001010525359058448	3.334314089313653	0.015265506257835397	9.40731354045665	215.86777848477615	4.685612962838792	0.9978062063639425	52.72937913485544	920.4199882245717	-0.04341288711442112
3.418270066889632	5.745819397993311	2.8606542546776903	0.00009823182648585233	2.8606542546776903	0.00009823182648585228	3.3363325968817206	0.015002206601080585	9.406042457284265	216.29897999445856	4.688200983060414	0.9978264533741962	52.79779716297265	921.4618327955169	-0.04341288711442112
3.422484949832776	5.745819397993311	2.861455001844232	0.00009549475198296647	2.861455001844232	0.00009549475198296655	3.3383207444744207	0.014743442685399802	9.404784529059425	216.72805886740687	4.690751518893935	0.9978464472713621	52.86591225486357	922.4892352816889	-0.04341288711442112
3.4266998327759195	5.745819397993311	2.862243332327989	0.00009283865515476095	2.862243332327989	0.0000928386551547611	3.340278917780561	0.014489143493865535	9.403539811587843	217.15504108528395	4.693265026224521	0.9978661922649142	52.933727652025524	923.5023540451176	-0.04341288711442112
3.4309147157190636	5.745819397993311	2.863019414252214	0.00009026096899911884	2.8630194142522134	0.0000902609689991187	3.3422075014430512	0.014239238643337811	9.402308349872953	217.57995258326838	4.6957419602805635	0.9978856924832686	53.001246598947375	924.5013478894872	-0.04341288711442112
3.4351295986622072	5.745819397993311	2.8637834147782293	0.00008775921353511813	2.8637834147782293	0.0000877592135351183	3.3441068788590886	0.0139936584052	9.401090178598078	218.00281923528772	4.698182775383035	0.9979049519752465	53.0684723410343	925.4863759467271	-0.04341288711442112
3.4393444816053513	5.745819397993311	2.864535500046622	0.00008533099270071034	2.864535500046622	0.00008533099270071033	3.3459774319900597	0.013752333724508623	9.399885322596026	218.42366683996954	4.700587924705898	0.9979239747115242	53.135408122617115	926.4575975678667	-0.04341288711442112
3.443559364548495	5.745819397993311	2.8652758351215564	0.00008297399136306254	2.8652758351215564	0.00008297399136306241	3.3478195411810097	0.013515196237605269	9.39869379730604	218.84252110730245	4.702957860047476	0.9979427645860671	53.20205718504541	927.4151722181526	-0.04341288711442112
3.4477742474916386	5.745819397993311	2.866004583938155	0.00008068597243759858	2.866004583938155	0.0000806859724375986	3.349633584989493	0.013282178288241945	9.397515609217974	219.2594076459876	4.705293031612542	0.997961325417551	53.268422764863054	928.3592593763602	-0.04341288711442112
3.4519891304347827	5.745819397993311	2.866721909252899	0.0000784647741118898	2.8667219092528993	0.00007846477411188955	3.3514199400235833	0.013053212942272702	9.396350756303779	219.67435195146606	4.707593887805082	0.9979796609507658	53.3345080920657	929.2900184383068	-0.04341288711442112
3.4562040133779264	5.745819397993311	2.8674279725969685	0.0000763083071706681	2.8674279725969685	0.00007630830717066815	3.353178980788821	0.012828234000961813	9.3951992284361	220.08737939460224	4.709860875031343	0.9979977748580051	53.400316388437815	930.2076086244432	-0.04341288711442112
3.4604188963210705	5.745819397993311	2.86812293423251	0.0000742145524183478	2.86812293423251	0.00007421455241834766	3.3549110795439607	0.012607176012960044	9.394061007794354	220.4985152110148	4.712094437513213	0.9980156707404388	53.46585086596956	931.1121888915571	-0.04341288711442112
3.464633779264214	5.745819397993311	2.8688069531116707	0.00007218155819560076	2.86880695311167	0.00007218155819560095	3.3566166061651086	0.012389974285003292	9.392936069257857	220.90778449101984	4.714295017111355	0.9980333521294692	53.53111472534925	932.003917848389	-0.04341288711442112
3.4688486622073578	5.745819397993311	2.8694801868384316	0.00007020743798656925	2.869480186838431	0.00007020743798656948	3.3582959280182245	0.01217656489138171	9.391824380786593	221.31521217018783	4.716463053158236	0.9980508224880703	53.59611115453284	932.8829536752351	-0.04341288711442112
3.4730635451505014	5.745819397993311	2.8701427916330933	0.00006829036811348845	2.870142791633093	0.00006829036811348872	3.359949409839588	0.011966884682232408	9.39072590378936	221.72082302048088	4.7185989823004935	0.9980680852121094	53.66084332738599	933.7494540473306	-0.04341288711442112
3.4772784280936455	5.745819397993311	2.8707949222993965	0.00006642858551554106	2.8707949222993965	0.00006642858551554106	3.3615774136241106	0.011760871290705277	9.389640593479719	222.12464164196294	4.720703238350705	0.9980851436316521	53.725314402399704	934.6035760620658	-0.04341288711442112
3.481493311036789	5.745819397993311	2.8714367321941427	0.00006462038560891438	2.8714367321941427	0.00006462038560891443	3.363180298521136	0.011558463139052228	9.388568399219622	222.5266924550543	4.722776252147966	0.9981020010122484	53.78952752147475	935.4454761698091	-0.04341288711442112
3.4857081939799333	5.745819397993311	2.872068373199281	0.0000628641202251021	2.872068373199281	0.00006286412022510208	3.3647584207375663	0.011359599443687937	9.38750926485109	222.9269996933194	4.724818451427291	0.9981186605562014	53.853485808775496	936.275310108359	-0.04341288711442112
3.489923076923077	5.745819397993311	2.8726899956963723	0.0000611581956246066	2.872689995696372	0.00006115819562460656	3.366312133448037	0.01116422021927192	9.38646312901609	223.32558739676605	4.726830260697454	0.9981351254038173	53.91719236964978	937.0932328408901	-0.04341288711442112
3.4941379598662206	5.745819397993311	2.873301748543352	0.0000595010705832891	2.873301748543352	0.000059501070583289036	3.3678417867119155	0.010972266281856049	9.385429925464766	223.7224794056398	4.728812101127073	0.998151398634638	53.98065028961404	937.8993984973226	-0.04341288711442112
3.4983528428093646	5.745819397993311	2.873903779053489	0.00005789125454872497	2.8739037790534896	0.00005789125454872477	3.369347727396819	0.010783679251147987	9.38440958335226	224.11769935469027	4.730764390438545	0.9981674832686532	54.043862633400245	938.6939603189788	-0.04341288711442112
3.5025677257525083	5.745819397993311	2.874496232976505	0.000056327305863980876	2.8744962329765045	0.000056327305863981066	3.370830299108488	0.010598401551931284	9.383402027524332	224.51127066789653	4.73268754280973	0.9981833822674964	54.106832444064125	939.4770706064853	-0.04341288711442112
3.5067826086956524	5.745819397993311	2.8750792544817436	0.00005480783005634914	2.875079254481744	0.00005480783005634899	3.3722898421267504	0.010416376414688379	9.382407178792128	224.90321655363468	4.734581968783045	0.9981990985356193	54.16956274215233	940.2488806708096	-0.04341288711442112
3.510997491638796	5.745819397993311	2.8756529861433155	0.000053331478188652603	2.8756529861433155	0.00005333147818865262	3.373726693347283	0.010237547875469584	9.381424954196145	225.29356000026172	4.736448075181676	0.9982146349214499	54.23205652492603	941.0095407873104	-0.04341288711442112
3.5152123745819397	5.745819397993311	2.8762175689271414	0.000051896945270806006	2.8762175689271414	0.00005189694527080604	3.3751411862290084	0.010061860775048179	9.380455267259757	225.68232377210666	4.738286265032677	0.99822999421853	54.2943167656394	941.7592001527283	-0.04341288711442112
3.5194272575250833	5.745819397993311	2.87677314217984	0.00005050296872941049	2.8767731421798404	0.00005050296872941046	3.376533650746885	0.009889260757402676	9.379498028232636	226.06953040585086	4.740096937496765	0.9982451791666344	54.356346412871595	942.49800684504	-0.04341288711442112
3.5236421404682274	5.745819397993311	2.8773198436193375	0.000049148326933241815	2.8773198436193375	0.00004914832693324184	3.3779044133498064	0.009719694267565287	9.378553144324119	226.45520220727525	4.741880487804412	0.9982601924528711	54.41814838990922	943.2261077860248	-0.04341288711442112
3.5278570234113715	5.745819397993311	2.8778578093271623	0.000047831837772555664	2.8778578093271623	0.0000478318377725556	3.3792537969234484	0.009553108548875101	9.377620519926941	226.83936124836302	4.743637307198092	0.9982750367127629	54.47972559417796	943.9436487064988	-0.04341288711442112
3.532071906354515	5.745819397993311	2.8783871737423525	0.000046552357290211114	2.8783871737423525	0.000046552357290211025	3.380582120757852	0.009389451639670159	9.37670005683163	227.22202936474474	4.745367782880462	0.9982897145313092	54.54108089672208	944.650774114121	-0.04341288711442112
3.536286789297659	5.745819397993311	2.8789080696568674	0.00004530877836269797	2.8789080696568674	0.00004530877836269803	3.381889700519454	0.009228672369456755	9.375791654431614	227.60322815346032	4.747072297968092	0.9983042284440308	54.602217141728794	945.3476272636344	-0.04341288711442112
3.5405016722408025	5.745819397993311	2.879420628212457	0.00004410002942920893	2.8794206282124573	0.000044100029429208725	3.383176848227425	0.009070720354588066	9.374895209919526	227.98297897103146	4.748751231450615	0.9983185809379934	54.66313714609607	946.0343501294823	-0.04341288711442112
3.5447165551839466	5.745819397993311	2.87992497889894	0.00004292507326695467	2.8799249788989396	0.00004292507326695474	3.384443872234113	0.008915545993484474	9.374010618474907	228.36130293182845	4.7504049581550865	0.998332774452815	54.72384369904294	946.7110833807294	-0.04341288711442112
3.54893143812709	5.745819397993311	2.880421249553786	0.000041782905811019305	2.880421249553786	0.000041782905811019305	3.385691077209372	0.008763100461428287	9.373137773443549	228.73822090671538	4.752033848715255	0.9983468113816528	54.78433956175973	947.3779663581614	-0.04341288711442112
3.5531463210702343	5.745819397993311	2.8809095663629343	0.00004067255501708834	2.8809095663629347	0.000040672555017088345	3.3869187641285285	0.00861333570496309	9.372276566508631	229.11375352195503	4.753638269545459	0.9983606940721734	54.84462746709573	948.0351370534547	-0.04341288711442112
3.557361204013378	5.745819397993311	2.881390053862827	0.00003959307976543748	2.8813900538628276	0.00003959307976543743	3.3881272302639465	0.008466204435924609	9.371426887854199	229.48792115837264	4.755218582819154	0.998374424827503	54.90471011928487	948.6827320904241	-0.04341288711442112
3.5615760869565216	5.745819397993311	2.8818628349435746	0.000038543568804652976	2.8818628349435746	0.00003854356880465293	3.3893167691798873	0.008321660125132954	9.370588626320975	229.86074395075582	4.75677514645166	0.998388005907161	54.964590193706094	949.3208867081712	-0.04341288711442112
3.5657909698996653	5.745819397993311	2.8823280308531385	0.0000375231397336058	2.8823280308531385	0.00003752313973360591	3.390487670730481	0.008179656995772824	9.369761669554803	230.23224178747435	4.758308314086913	0.9984014395279747	55.024270336676274	949.9497347460643	-0.04341288711442112
3.5700058528428094	5.745819397993311	2.8827857612025745	0.000036530938020228126	2.882785761202574	0.000036530938020228174	3.3916402210607477	0.008040150016485248	9.368945904148099	230.6024343103217	4.759818435088198	0.9984147278649761	55.08375316527629	950.5694086305268	-0.04341288711442112
3.5742207357859535	5.745819397993311	2.883236143972194	0.000035566136055736127	2.883236143972194	0.00003556613605573609	3.3927747026104083	0.0079030948941969	9.36814121577444	230.9713409145533	4.7613058545324956	0.9984278730522821	55.14304126720683	951.1800393634956	-0.04341288711442112
3.578435618729097	5.745819397993311	2.8836792955186263	0.0000346279322429611	2.8836792955186263	0.00003462793224296112	3.3938913941203563	0.007768448066709073	9.367347489316545	231.33898074911633	4.762770913208325	0.9984408771839566	55.20213720067323	951.7817565124928	-0.04341288711442112
3.5826505016722408	5.745819397993311	2.884115330582727	0.00003371555011751876	2.884115330582727	0.00003371555011751887	3.394990570641662	0.007636166695068998	9.366564608987954	231.70537271706002	4.764213947616921	0.9984537423148547	55.26104349429808	952.3746882022575	-0.04341288711442112
3.5868653846153844	5.745819397993311	2.884544362298263	0.000032828237500587446	2.884544362298263	0.00003282823750058749	3.3960725035469066	0.00750620865574401	9.36579245844852	232.07053547611304	4.765635289976476	0.9984664704614514	55.31976264705953	952.9589611078104	-0.04341288711442112
3.5910802675585285	5.745819397993311	2.8849665022013484	0.00003196526568210837	2.8849665022013484	0.000031965265682108376	3.397137460543774	0.007378532532618972	9.365030920914066	232.4344874394207	4.767035268229415	0.9984790636026524	55.37829712825481	953.5347004489558	-0.04341288711442112
3.595295150501672	5.745819397993311	2.8853818602405705	0.00003112592863327441	2.8853818602405705	0.00003112592863327455	3.3981857056907145	0.007253097608835383	9.364279879260367	232.7972467764332	4.768414206052411	0.9984915236805885	55.43664937748715	954.102029986088	-0.04341288711442112
3.5995100334448162	5.745819397993311	2.8857905447877545	0.00003030954224721132	2.8857905447877545	0.000030309542247211306	3.399217499414558	0.007129863858490726	9.363539216121643	233.15883141393013	4.76977242286906	0.9985038526013937	55.49482180467493	954.6610720172713	-0.04341288711442112
3.60372491638796	5.745819397993311	2.8861926626493255	0.000029515443606797462	2.8861926626493255	0.000029515443606797408	3.4002330985299474	0.007008791938215167	9.3628088139838	233.51925903717648	4.771110233864984	0.998516052235968	55.55281679008165	955.2119473765022	-0.04341288711442112
3.6079397993311035	5.745819397993311	2.8865883190782493	0.000028742990278601627	2.8865883190782493	0.000028742990278601596	3.40123275626052	0.006889843178640681	9.362088555272713	233.8785470912045	4.772427950005346	0.9985281244207224	55.61063668436637	955.7547754331409	-0.04341288711442112
3.612154682274247	5.745819397993311	2.8869776177864646	0.000027991559631973273	2.8869776177864646	0.000027991559631973273	3.402216722261637	0.00677297957577946	9.361378322437565	234.23671278220485	4.7737258780544645	0.99854007095831	55.66828380865226	956.2896740923834	-0.04341288711442112
3.6163695652173913	5.745819397993311	2.887360660957817	0.00002726054818233867	2.8873606609578175	0.000027260548182338644	3.4031852426446263	0.00665816378232501	9.360677998029637	234.59377307902804	4.7750043205975645	0.9985518936183414	55.72576045461357	956.8167597967908	-0.04341288711442112
3.6205844481605354	5.745819397993311	2.8877375492614172	0.000026549370957801297	2.887737549261417	0.000026549370957801345	3.404138560002387	0.006545359098890049	9.359987464776566	234.9497447147809	4.776263576064375	0.9985635941380838	55.78306888457852	957.336147528748	-0.04341288711442112
3.624799331103679	5.745819397993311	2.888108381865414	0.000025857460888177825	2.888108381865414	0.000025857460888177832	3.4050769134362766	0.006434529465193536	9.359306605652396	235.30464418851804	4.777503938754578	0.998575174223147	55.84021133164853	957.8479508138637	-0.04341288711442112
3.6290142140468227	5.745819397993311	2.888473256451118	0.000025184268215636436	2.888473256451118	0.000025184268215636422	3.406000538584145	0.006325639451210155	9.358635303943437	235.65848776701296	4.778725698864826	0.9985866355481524	55.897189999831106	958.3522817251786	-0.04341288711442112
3.6332290969899663	5.745819397993311	2.888832269227509	0.00002452925992612368	2.8888322692275086	0.00002452925992612374	3.4069096676495256	0.006218654248291745	9.357973443310362	236.0112914866151	4.779929142517504	0.9985979797573904	55.95400706418824	958.8492508882665	-0.04341288711442112
3.6374439799331104	5.745819397993311	2.889185514945996	0.00002389191920081956	2.889185514945996	0.00002389191920081948	3.4078045294317474	0.006113539660273182	9.357320907846393	236.36307115517133	4.781114551790732	0.998609208465461	56.010664670995816	959.338967487008	-0.04341288711442112
3.641658862876254	5.745819397993311	2.889533086915468	0.00002327174488686925	2.889533086915468	0.000023271744886869347	3.4086853493569653	0.006010262094572576	9.356677582131905	236.7138423540132	4.782282204749779	0.998620323257902	56.067164937915805	959.8215392701076	-0.04341288711442112
3.645873745819398	5.745819397993311	2.8898750770176496	0.000022668250986667756	2.8898750770176496	0.000022668250986667746	3.4095523495101308	0.005908788553292804	9.356043351285809	237.06362044001642	4.783432375479862	0.9986313256918029	56.12350995418086	960.2970725583477	-0.04341288711442112
3.650088628762542	5.745819397993311	2.890211575722569	0.000022080966165032858	2.8902115757225686	0.000022080966165032895	3.4104057486675288	0.005809086624337708	9.355418101013258	237.41242054769467	4.784565334119761	0.9986422172964062	56.17970178078669	960.765672252331	-0.04341288711442112
3.6543035117056855	5.745819397993311	2.8905426721043384	0.000021509433273573114	2.8905426721043384	0.000021509433273573097	3.411245762330204	0.005711124472546104	9.354801717650655	237.7602575913656	4.78568134689684	0.9986529995736944	56.23574245069712	961.22744184096	-0.04341288711442112
3.658518394648829	5.745819397993311	2.890868453857002	0.00002095320889164414	2.890868453857002	0.000020953208891644217	3.4120726027578105	0.005614870830855795	9.35419408820723	238.1071462673408	4.786780676162721	0.9986636739989643	56.29163396905558	961.6824834103418	-0.04341288711442112
3.662733277591973	5.745819397993311	2.8911890073106177	0.00002041186288325553	2.8911890073106172	0.00002041186288325559	3.4128864790031748	0.005520294991501127	9.353595100404123	238.4531010561743	4.787863580430061	0.9986742420213898	56.34737831340678	962.1308976532903	-0.04341288711442112
3.6669481605351173	5.745819397993311	2.8915044174473996	0.000019884977969358112	2.891504417447399	0.00001988497796935815	3.413687596947226	0.0054273667972534485	9.35300464271048	238.79813622493373	4.788930314409968	0.9986847050645704	56.40297743392496	962.5727838792474	-0.04341288711442112
3.671163043478261	5.745819397993311	2.8918147679180115	0.00001937214931493275	2.8918147679180115	0.000019372149314932733	3.4144761593344275	0.005336056632708926	9.35242260437709	239.1422658295112	4.789981129050235	0.9986950645270694	56.458433253649716	963.0082400246819	-0.04341288711442112
3.6753779264214046	5.745819397993311	2.8921201410578954	0.00001887298413034452	2.8921201410578954	0.00001887298413034452	3.415252365808507	0.005246335415630493	9.351848875467372	239.4855037169547	4.791016271574089	0.9987053217829382	56.51374766872735	963.4373626638409	-0.04341288711442112
3.6795928093645482	5.745819397993311	2.8924206179037313	0.000018387101286428692	2.892420617903731	0.000018387101286428757	3.4160164129486064	0.005158174588348173	9.351283346886229	239.82786352783427	4.792035985519715	0.9987154781822314	56.56892254865993	963.8602470199637	-0.04341288711442112
3.6838076923076923	5.745819397993311	2.8927162782098783	0.00001791413094281673	2.8927162782098783	0.000017914130942816738	3.416768494305588	0.005071546109224126	9.350725910406398	240.16935869861663	4.793040510780065	0.9987255350515071	56.623959736557524	964.2769869767508	-0.04341288711442112
3.688022575250836	5.745819397993311	2.8930072004648957	0.00001745371418900487	2.8930072004648957	0.00001745371418900488	3.4175088004386467	0.004986422444185315	9.350176458692822	240.51000246406633	4.794030083643268	0.9987354936943191	56.678861049396744	964.687675090206	-0.04341288711442112
3.69223745819398	5.745819397993311	2.893293461908055	0.000017005502697708547	2.8932934619080544	0.000017005502697708605	3.418237518952056	0.004902776558328921	9.349634885324885	240.84980785965647	4.795004936833374	0.9987453553916968	56.73362827828317	965.0924026007557	-0.04341288711442112
3.6964523411371237	5.745819397993311	2.8935751385458603	0.00001656915839005023	2.8935751385458603	0.00001656915839005022	3.418954834532053	0.004820581907604301	9.349101084816756	241.18878772399185	4.795965299551411	0.9987551214026135	56.78826318871754	965.4912594456225	-0.04341288711442112
3.7006672240802674	5.745819397993311	2.893852305168557	0.000016144353112148547	2.893852305168557	0.000016144353112148584	3.419660928983826	0.004739812430574043	9.348574952635811	241.52695470124047	4.7969113975167454	0.9987647929644455	56.84276752086545	965.8843342714475	-0.04341288711442112
3.704882107023411	5.745819397993311	2.894125035366609	0.000015730768322697413	2.894125035366609	0.00001573076832269744	3.420355981268554	0.004660442540258368	9.348056385219397	241.86432124357108	4.797843453008663	0.9987743712934207	56.89714298983026	966.2717144471245	-0.04341288711442112
3.709096989966555	5.745819397993311	2.894393401547148	0.00001532809479113143	2.8943934015471475	0.000015328094791131436	3.4210401675404745	0.004582447116064685	9.347545279989845	242.2008996135944	4.798761684908134	0.998783857585056	56.951391285928466	966.653486076836	-0.04341288711442112
3.713311872909699	5.745819397993311	2.8946574749503577	0.000014936032305998948	2.8946574749503577	0.000014936032305998961	3.42171366118392	0.004505801495805764	9.34704153536792	242.53670188680334	4.799666308739694	0.9987932530145861	57.005514074967294	967.029734013248	-0.04341288711442112
3.717526755852843	5.745819397993311	2.8949173256657974	0.000014554289393170494	2.894917325665797	0.000014554289393170521	3.4223766328503173	0.004430481467808165	9.346545050784743	242.8717399540132	4.800557536713394	0.9988025587373817	57.05951299852392	967.4005418708473	-0.04341288711442112
3.7217416387959865	5.745819397993311	2.89517302264869	0.000014182583043524262	2.89517302264869	0.000014182583043524255	3.4230292504951585	0.004356463263112615	9.346055726692402	243.20602552380245	4.801435577766926	0.9988117758893591	57.11338967422736	967.7659920394666	-0.04341288711442112
3.72595652173913	5.745819397993311	2.8954246337360656	0.000013820638449777036	2.8954246337360656	0.000013820638449777073	3.423671679414787	0.004283723547769701	9.345573464573015	243.53957012494044	4.802300637607576	0.9988209055873798	57.16714569604003	968.1261656978435	-0.04341288711442112
3.7301714046822743	5.745819397993311	2.895672225662879	0.000013468188752119924	2.895672225662879	0.000013468188752119925	3.424304082283143	0.004212239415230194	9.345098166946704	243.87238510881608	4.803152918754314	0.998829948929641	57.220782634541614	968.4811428273454	-0.04341288711442112
3.734386287625418	5.745819397993311	2.8959158640779847	0.000013124974792351612	2.8959158640779847	0.000013124974792351617	3.4249266191883074	0.004141988378833347	9.344629737378224	244.20448165185266	4.803992620579738	0.9988389069960584	57.27430203721261	968.8310022257334	-0.04341288711442112
3.738601170568562	5.745819397993311	2.8961556135600315	0.000012790744876199952	2.896155613560032	0.000012790744876199954	3.425539447668891	0.00407294836439321	9.344168080482516	244.53587075791515	4.804819939351968	0.9988477808486387	57.32770542871896	969.1758215210092	-0.04341288711442112
3.7428160535117057	5.745819397993311	2.8963915376332428	0.000012465254543541035	2.8963915376332428	0.000012465254543541044	3.426142722750251	0.004005097702883908	9.343713101929177	244.86656326070676	4.8056350682764455	0.9988565715318449	57.38099431119668	969.5156771853217	-0.04341288711442112
3.7470309364548493	5.745819397993311	2.896623698783061	0.000012148266346234735	2.8966236987830616	0.00001214826634623469	3.4267365969804575	0.003938415123225516	9.343264708445847	245.19656982614953	4.806438197537523	0.9988652800729529	57.434170164535914	969.8506445488813	-0.04341288711442112
3.751245819397993	5.745819397993311	2.8968521584716833	0.00001183954963330437	2.8968521584716833	0.000011839549633304388	3.4273212204660513	0.0038728797451703712	9.342822807820664	245.52590095475176	4.807229514339943	0.9988739074823999	57.487234446665276	970.1807978139224	-0.04341288711442112
3.755460702341137	5.745819397993311	2.8970769771534703	0.000011538880343199164	2.8970769771534703	0.000011538880343199157	3.4278967409075882	0.0038084710722903273	9.342387308903882	245.85456698396456	4.808009202950131	0.9988824547541251	57.54018859383564	970.5062100686822	-0.04341288711442112
3.759675585284281	5.745819397993311	2.897298214290202	0.00001124604080289137	2.8972982142902017	0.000011246040802891406	3.4284633036348526	0.003745168985065942	9.341958121608469	246.18257809051408	4.808777444737227	0.9988909228659025	57.593034020902685	970.8269533013557	-0.04341288711442112
3.763890468227425	5.745819397993311	2.8975159283662077	0.000010960819533563398	2.897515928366208	0.000010960819533563401	3.4290210516418655	0.003682953734076932	9.341535156910048	246.50994429272382	4.809534418213908	0.9988993127796667	57.64577212160906	971.143098414057	-0.04341288711442112
3.7681053511705684	5.745819397993311	2.897730176903351	0.000010683011062653835	2.8977301769033517	0.000010683011062653808	3.4295701256215634	0.0036218059332947606	9.341118326845985	246.8366754528141	4.810280299076973	0.9989076254418302	57.69840426886541	971.454715236759	-0.04341288711442112
3.772320234113712	5.745819397993311	2.8979410164758552	0.000010412415742039329	2.8979410164758552	0.000010412415742039332	3.4301106640001895	0.0035617065534767752	9.340707544513789	247.16278127918397	4.8110152602476175	0.9989158617835948	57.75093181502984	971.7618725411959	-0.04341288711442112
3.776535117056856	5.745819397993311	2.8981485027250007	0.000010148839572134684	2.8981485027250007	0.000010148839572134681	3.430642802971399	0.0035026369156616727	9.340302724068888	247.48827132867552	4.811739471911476	0.9989240227212552	57.80335609218662	972.0646380547405	-0.04341288711442112
3.78075	5.745819397993311	2.8983526903736316	9.892094031707455e-6	2.8983526903736316	9.892094031707476e-6	3.4311666765299815	0.003444578684767047	9.33990378072164	247.81315500881158	4.812453101558269	0.9989321091564962	57.85567841242248	972.3630784742023	-0.04341288711442112