2.5205	6.224080267558528	2.253353005606385	0.07148765483815096	2.253353005606383	0.07148765483815134	2.430703150187766	0.17384505021002347	8.905351273489469	100.07735419746425	3.53025161533228	0.9686302802307306	34.154731618135784	586.8289163962604	-0.04341288711442112
2.524714882943144	6.224080267558528	2.257103288387839	0.07023882713107092	2.257103288387839	0.07023882713107082	2.4323362864719456	0.17324070468696615	8.909354756617454	100.37699109908156	3.532664048434589	0.9690058216028941	34.21646255159137	587.9776894302979	-0.04341288711442112
2.528929765886288	6.224080267558528	2.2609056477917804	0.06899087555969147	2.2609056477917804	0.06899087555969148	2.4340327141174503	0.17262783882133007	8.913432690373089	100.68100627827592	3.535144420121478	0.9693773334288436	34.278686587124575	589.1466734257029	-0.04341288711442112
2.5331446488294316	6.224080267558528	2.2647588847700644	0.06774440464642191	2.264758884770065	0.06774440464642174	2.4357930124950316	0.17200643080871741	8.917585331349441	100.9894559800291	3.537694027149148	0.969744906720748	34.34141610828252	590.3364563557951	-0.04341288711442112
2.5373595317725752	6.224080267558528	2.2686617278430825	0.06650002770643898	2.268661727843081	0.06650002770643927	2.4376177394963228	0.17137646277807578	8.92181287103809	101.302395375978	3.5403141254381203	0.970108628140613	34.40466315414684	591.5476120593114	-0.04341288711442112
2.5415744147157193	6.224080267558528	2.272612833952804	0.06525836559856668	2.272612833952804	0.06525836559856658	2.439507429347975	0.17073792107195057	8.926115431987782	101.61987841370292	3.5430059273060754	0.9704685800902079	34.46843939801572	592.7806993727704	-0.04341288711442112
2.545789297658863	6.224080267558528	2.2766107896823393	0.0640200453853953	2.2766107896823393	0.06402004538539524	2.4414625904076503	0.17009079652323553	8.930493064007958	101.94195766322942	3.5457705986545665	0.9708248407998897	34.53275612561215	594.0362612371537	-0.04341288711442112
2.550004180602007	6.224080267558528	2.280654112850005	0.06278569890778951	2.2806541128500055	0.06278569890778951	2.4434837029521623	0.16943508472686436	8.934945740440613	102.26868416136787	3.5486092561248	0.9711774844169123	34.59762421294384	595.3148237837482	-0.04341288711442112
2.5542190635451507	6.224080267558528	2.284741254482659	0.06155596128005715	2.2847412544826584	0.0615559612800572	2.4455712169689594	0.16877078630480094	8.939473354525227	102.60010725458024	3.5515229642389023	0.971526581093767	34.66305410394962	596.616895404418	-0.04341288711442112
2.5584339464882944	6.224080267558528	2.2888706011695272	0.06033146931317038	2.288870601169528	0.060331469313170225	2.4477255499628305	0.16809790716262368	8.944075715882525	102.93627444112046	3.5545127325440786	0.9718721970770916	34.72905578807593	597.9429658119473	-0.04341288711442112
2.5626488294314385	6.224080267558528	2.2930404777939692	0.05911285987453508	2.2930404777939692	0.05911285987453503	2.4499470847903346	0.1674164587359577	8.948752547143307	103.27723121324456	3.557579512778097	0.9722143947976534	34.79563877793451	599.2935050964902	-0.04341288711442112
2.566863712374582	6.224080267558528	2.2972491506366133	0.05790076819383908	2.2972491506366133	0.05790076819383911	2.4522361675349518	0.16672645822497797	8.953503480749108	103.623020900331	3.560724196075061	0.9725532329618697	34.862812087197504	600.6689627843633	-0.04341288711442112
2.5710785953177258	6.224080267558528	2.301494830839385	0.056695826125462825	2.3014948308393857	0.05669582612546286	2.4545931054364374	0.16602792881519934	8.958328055951714	103.97368451379569	3.5639476102314016	0.9728887666453047	34.93058420889358	602.0697669058254	-0.04341288711442112
2.57529347826087	6.224080267558528	2.305775678215745	0.055498660378809725	2.3057756782157446	0.05549866037880983	2.457018164888122	0.16532089988276713	8.963225716038309	104.329260594717	3.5672505170521953	0.9732210473885263	34.99896309427057	603.4963230785821	-0.04341288711442112
2.5795083612040135	6.224080267558528	2.3100898053884293	0.05430989072866048	2.310089805388429	0.054309890728660534	2.4595115695160223	0.1646054071825118	8.968195805808612	104.68978506510743	3.5706336097983087	0.9735501232956708	35.06795613239291	604.9490136139584	-0.04341288711442112
2.583723244147157	6.224080267558528	2.3144352822319894	0.05313012821826409	2.3144352822319894	0.053130128218264024	2.462073498353587	0.16388149301708038	8.973237569329498	105.05529108378073	3.574097510754737	0.9738760391359996	35.137570130641905	606.428196652707	-0.04341288711442112
2.5879381270903012	6.224080267558528	2.3188101405937696	0.05195997336832121	2.31881014059377	0.051959973368321144	2.4647040841259087	0.16314920638551528	8.978350147991742	105.4258089077785	3.577642768940588	0.9741988364486903	35.20781129628708	607.9342053375101	-0.04341288711442112
2.592153010033445	6.224080267558528	2.3232123792632557	0.05080001440532621	2.3232123792632566	0.05080001440532613	2.4674034116566523	0.16240860310978447	8.983532578891685	105.80136576029751	3.5812698579803905	0.9745185536510356	35.2786852192909	609.4673470290609	-0.04341288711442112
2.596367892976589	6.224080267558528	2.327639969156724	0.049650825522809694	2.3276399691567247	0.04965082552280966	2.4701715164106597	0.16165974593785795	8.988783793559165	106.18198570605385	3.58497917415598	0.9748352261501654	35.35019685650615	611.0279025725263	-0.04341288711442112
2.6005827759197326	6.224080267558528	2.3320908586811093	0.04851296518898192	2.3320908586811098	0.048512965188981856	2.4730083831842884	0.16090270462210665	8.994102617050533	106.56768953497736	3.5887710346570643	0.9751488864583482	35.422350517415516	612.6161256209033	-0.04341288711442112
2.6047976588628763	6.224080267558528	2.336562979238999	0.047386974513949603	2.336562979238999	0.047386974513949555	2.475913944955074	0.16013755597190746	8.999487767423833	106.9584946551121	3.5926456760477774	0.9754595643118575	35.495149851557194	614.232242021569	-0.04341288711442112
2.6090125418060204	6.224080267558528	2.3410542508344	0.04627337568928622	2.341054250834401	0.04627337568928612	2.478888081900765	0.1593643838796043	9.004937855609521	107.3544149955103	3.5966032529645533	0.9757672867933257	35.56859783776395	615.8764492717532	-0.04341288711442112
2.613227424749164	6.224080267558528	2.3455625877380633	0.04517267051202738	2.3455625877380633	0.045172670512027384	2.4819306205971614	0.15858327931909338	9.010451385688135	107.75546091988194	3.6006438370596436	0.9760720784574466	35.64269677533543	617.5489160483887	-0.04341288711442112
2.6174423076923077	6.224080267558528	2.350085904170176	0.04408533900438138	2.350085904170175	0.04408533900438149	2.485041333402556	0.15779434031657152	9.01602675558252	108.16163915166433	3.6047674162023666	0.9763739614598196	35.71744827724535	619.2497818171098	-0.04341288711442112
2.6216571906354518	6.224080267558528	2.354622119958215	0.0430118381394539	2.3546221199582154	0.04301183813945381	2.48821993803526	0.15699767189319386	9.021662258169057	108.57295271109975	3.6089738939483302	0.9766729556886713	35.79285326547011	620.9791565246161	-0.04341288711442112
2.6258720735785954	6.224080267558528	2.3591691661282286	0.04195260068215544	2.3591691661282286	0.04195260068215545	2.4914660973491873	0.1561933859796223	9.027356082808883	108.98940086482015	3.613263089284675	0.9769690788991309	35.868911968508066	622.7371203779413	-0.04341288711442112
2.6300869565217395	6.224080267558528	2.3637249903888877	0.04090803415322062	2.3637249903888877	0.040908034153220627	2.494779419310892	0.1553816013026851	9.03310631729666	109.41097908834102	3.6176347366572137	0.9772623468496834	35.94562392114104	624.5237237134835	-0.04341288711442112
2.634301839464883	6.224080267558528	2.36828756246928	0.03987851992291121	2.36828756246928	0.03987851992291114	2.4981594571797836	0.15456244324460555	9.038910950220735	109.83767904176034	3.6220884862828626	0.9775527734403773	36.022987966469174	626.3389869578657	-0.04341288711442112
2.638516722408027	6.224080267558528	2.372854879273449	0.038864412439571124	2.372854879273449	0.03886441243957113	2.5016057098914386	0.15373604367551294	9.044767873724995	110.26948855884557	3.626623904748282	0.9778403708523145	36.10100226023099	628.1829006818906	-0.04341288711442112
2.642731605351171	6.224080267558528	2.3774249698174708	0.03786603859671105	2.3774249698174708	0.03786603859671104	2.505117622642469	0.1529025407601475	9.050674886659532	110.7063916495953	3.6312404758934664	0.9781251496879263	36.17966427740207	630.0554257481585	-0.04341288711442112
2.6469464882943146	6.224080267558528	2.381995899917723	0.03688369724082651	2.3819958999177224	0.0368836972408266	2.508694587673477	0.15206207873992628	9.056629698103706	111.148368516236	3.635937601976305	0.9784071191114964	36.25897082104407	631.9564935520093	-0.04341288711442112
2.651161371237458	6.224080267558528	2.38656577660247	0.03591765882065855	2.3865657766024695	0.03591765882065861	2.5123359452451677	0.15121480769171677	9.062629931242238	111.59539558251437	3.640714605111981	0.97868628698938	36.3389180333587	633.8860063547318	-0.04341288711442112
2.6553762541806023	6.224080267558528	2.3911327522224095	0.034968165177168886	2.391132752222409	0.03496816517716893	2.516040984800927	0.1503608832648828	9.068673127571907	112.04744553602717	3.645570728978561	0.9789626600293481	36.41950140887975	635.8438377071304	-0.04341288711442112
2.659591137123746	6.224080267558528	2.3956950282398393	0.03403542947208706	2.3956950282398393	0.034035429472087084	2.5198089463079376	0.1495004663983121	9.074756751414215	112.50448738324043	3.650505140778297	0.9792362439184834	36.50071580972269	637.8298329609235	-0.04341288711442112
2.6638060200668896	6.224080267558528	2.4002508586799163	0.033119636251583644	2.400250858679916	0.033119636251583665	2.5236390217672655	0.14863372301930838	9.080878194706658	112.96648651673601	3.6555169334417927	0.979507043459052	36.582555482790944	639.8438098645966	-0.04341288711442112
2.6680209030100337	6.224080267558528	2.404798553231537	0.032220941640403865	2.404798553231537	0.03222094164040386	2.5275303568822327	0.14776082372635418	9.08703478204362	113.43340479413874	3.660605128060553	0.9797750627017878	36.66501407882535	641.8855592397855	-0.04341288711442112
2.6722357859531773	6.224080267558528	2.4093364799894292	0.03133947366068018	2.4093364799894283	0.031339473660680274	2.5314820528732858	0.14688194345784028	9.093223775936153	113.9052006280938	3.6657686765317377	0.9800403050760369	36.74808467316894	643.9548457336145	-0.04341288711442112
2.6764506688963214	6.224080267558528	2.4138630678328883	0.030475332668670235	2.4138630678328887	0.030475332668670172	2.5354931684265916	0.14599726114895029	9.099442382258873	114.381829086587	3.671006464397549	0.9803027735162394	36.83175978810813	646.0514086419261	-0.04341288711442112
2.680665551839465	6.224080267558528	2.4183768084403385	0.02962859190182849	2.418376808440338	0.029628591901828552	2.539562721762725	0.14510695937894053	9.105687755851132	114.86324200282976	3.676317313860377	0.9805624705842493	36.91603141664038	648.1749627978108	-0.04341288711442112
2.6848804347826087	6.224080267558528	2.4228762579425114	0.028799298127907203	2.4228762579425114	0.028799298127907182	2.5436896928113364	0.14421122401106512	9.111957006239404	115.34938809388487	3.681699986953994	0.9808193985870285	37.00089104751173	650.325199519531	-0.04341288711442112
2.689095317725753	6.224080267558528	2.4273600382202685	0.027987472387241422	2.4273600382202685	0.027987472387241398	2.5478730254770623	0.1433102438274205	9.118247203447547	115.84021308715162	3.6871531888502536	0.9810735596892942	37.086329691360454	652.5017876115436	-0.04341288711442112
2.6933102006688965	6.224080267558528	2.4318268378562156	0.027193110818947833	2.4318268378562156	0.027193110818947843	2.5521116299818574	0.14240421016093074	9.124555383862164	116.33565985381053	3.692675571280438	0.9813249560207384	37.17233790780061	654.7043744121862	-0.04341288711442112
2.69752508361204	6.224080267558528	2.436275412751819	0.02641618556151373	2.4362754127518196	0.026416185561513657	2.5564043852686154	0.14149331652667443	9.130878556120544	116.83566854828749	3.698265736049972	0.9815735897774885	37.25890583327555	656.932586881333	-0.04341288711442112
2.7017399665551842	6.224080267558528	2.4407045864242214	0.02565664571810641	2.440704586424222	0.025656645718106354	2.560750141451115	0.14057775825466984	9.137213706989916	117.34017675279553	3.703922238625315	0.9818194633175235	37.3460232095117	659.1860327212987	-0.04341288711442112
2.705954849498328	6.224080267558528	2.445113249998892	0.024914418376937558	2.445113249998892	0.02491441837693756	2.565147722295484	0.13965773212614974	9.14355780720773	117.84911962600594	3.709643591772059	0.9820625792498144	37.43367941240527	661.4643015242518	-0.04341288711442112
2.7101697324414715	6.224080267558528	2.449500361916054	0.024189409677114297	2.449500361916053	0.024189409677114363	2.569595927718831	0.13873343601524168	9.149907817254528	118.36243005491528	3.7154282692238048	0.9823029405170123	37.52186348117806	663.7669659395043	-0.04341288711442112
2.7143846153846156	6.224080267558528	2.45386494736988	0.023481505910652102	2.4538649473698797	0.02348150591065215	2.5740935362908473	0.1378050685378838	9.156260693032062	118.88003880897028	3.721274709361552	0.9825405504715464	37.61056414763981	666.0935828540047	-0.04341288711442112
2.7185994983277593	6.224080267558528	2.45820609750083	0.022790574651602377	2.45820609750083	0.022790574651602398	2.5786393077252594	0.13687282870961742	9.162613391421953	119.40187469556885	3.7271813188847984	0.9827754129450648	37.69976986540668	668.4436945797977	-0.04341288711442112
2.7228143812709034	6.224080267558528	2.4625229683617973	0.02211646590367121	2.4625229683617977	0.022116465903671213	2.5832319853482337	0.1359369156138042	9.16896287570156	119.9278647160594	3.733146476455833	0.9830075323111818	37.78946883892698	670.8168300422082	-0.04341288711442112
2.727029264214047	6.224080267558528	2.4668147796793534	0.021459013258147912	2.4668147796793534	0.021459013258147926	2.5878702985319193	0.13499752808163995	9.175306120796375	120.45793422141581	3.7391685363001597	0.9832369135415563	37.87964905217709	673.2125059629408	-0.04341288711442112
2.7312441471571907	6.224080267558528	2.471080813431359	0.020818035054483975	2.471080813431359	0.020818035054483965	2.5925529650820107	0.13405486438518713	9.181640118350197	120.99200706680456	3.745245831746975	0.9834635622553638	37.97029829689888	675.6302280325478	-0.04341288711442112
2.7354590301003348	6.224080267558528	2.475320412262102	0.020193335536417976	2.4753204122621026	0.02019333553641793	2.5972786935692107	0.1331091219444837	9.187961881596811	121.53000576431283	3.751376678694943	0.9836874847622696	38.0614042002593	678.0694920670907	-0.04341288711442112
2.7396739130434784	6.224080267558528	2.479532977755679	0.01958470599713425	2.479532977755679	0.019584705997134265	2.6020461855952717	0.13216049704964575	9.194268450018972	122.07185163315187	3.757559378989673	0.9839086880990475	38.1529542518232	680.5297851441544	-0.04341288711442112
2.743888795986622	6.224080267558528	2.483717968587889	0.018991925907540026	2.483717968587889	0.01899192590754001	2.606854137985509	0.13120918459868988	9.200556893783205	122.61746494672235	3.76379222370096	0.9841271800600282	38.2449358297433	683.0105867138975	-0.04341288711442112
2.748103678929766	6.224080267558528	2.4878748985760266	0.018414764022370727	2.487874898576026	0.01841476402237075	2.6117012449003645	0.13025537785168556	9.206824317940596	123.16676507596604	3.7700734962888065	0.9843429692215857	38.33733622607846	685.511369681063	-0.04341288711442112
2.75231856187291	6.224080267558528	2.4920033346451587	0.01785297945944128	2.492003334645159	0.0178529794594413	2.616586199859783	0.1292992682016688	9.213067866386393	123.71967062850216	3.776401475648904	0.9845560649609029	38.43014267116534	688.0316014544203	-0.04341288711442112
2.7565334448160534	6.224080267558528	2.496102894728529	0.01730632274796285	2.4961028947285295	0.017306322747962816	2.6215076976750895	0.12834104496262044	9.219284725573182	124.27609958310225	3.7827744390296076	0.984766477469281	38.52334235697895	690.57074496052	-0.04341288711442112
2.7607483277591975	6.224080267558528	2.500173245618566	0.01677453684243867	2.5001732456185657	0.016774536842438688	2.626464436283959	0.1273808951746663	9.225472127974303	124.83596941911577	3.78919066481358	0.9849742177602734	38.616922459426995	693.1282596190001	-0.04341288711442112
2.764963210702341	6.224080267558528	2.504214100783906	0.016257358099215878	2.5042141007839063	0.01625735809921586	2.6314551184849972	0.12641900342654203	9.231627355296109	125.39919724051492	3.7956484351587454	0.9851792976729425	38.710870159534316	695.7036022771454	-0.04341288711442112
2.7691780936454853	6.224080267558528	2.508225218166667	0.015754517213307135	2.508225218166667	0.015754517213307163	2.6364784535693375	0.12545555169523864	9.237747741439488	125.96569989428812	3.802146038494384	0.9853817298705508	38.80517266348364	698.2962281018027	-0.04341288711442112
2.773392976588629	6.224080267558528	2.512206397973021	0.01526574011360573	2.512206397973021	0.01526574011360574	2.6415331588475257	0.12449071920262948	9.243830675212507	126.53539408296544	3.8086817718693755	0.9855815278350033	38.89981722148808	700.9055914271165	-0.04341288711442112
2.7776078595317726	6.224080267558528	2.51615748046891	0.014790748815092467	2.51615748046891	0.014790748815092453	2.6466179610706435	0.12352468228880406	9.249873602797665	127.1081964711063	3.815253943150708	0.9857787058573659	38.99479114547971	703.5311465569378	-0.04341288711442112
2.7818227424749167	6.224080267558528	2.520078343791589	0.014329262227068894	2.5200783437915883	0.014329262227068953	2.651731597745454	0.12255761430171522	9.255874029978337	127.6840237856365	3.8218608730713948	0.9859732790247833	39.090081825606646	706.1723485210796	-0.04341288711442112
2.7860376254180603	6.224080267558528	2.52396890178654	0.013880996916855584	2.5239689017865397	0.0138809969168556	2.656872818343949	0.12158968550270007	9.261829524130487	128.2627929099619	3.828500897128015	0.9861652632041225	39.18567674554003	708.8286537849867	-0.04341288711442112
2.790252508361204	6.224080267558528	2.5278291018781776	0.013445667828754497	2.527829101878178	0.013445667828754485	2.662040385408321	0.1206210629873393	9.267737715986328	128.84442097183197	3.835172367328752	0.9863546750226603	39.28156349659709	711.4995209125758	-0.04341288711442112
2.794467391304348	6.224080267558528	2.5316589229817157	0.013022988958405111	2.5316589229817157	0.013022988958405117	2.667233075552947	0.11965191062107941	9.273596301177866	129.42882542496685	3.8418736537938845	0.9865415318461298	39.37772979069562	714.1844111824125	-0.04341288711442112
2.7986822742474917	6.224080267558528	2.53545837346253	0.012612673982952691	2.53545837346253	0.0126126739829527	2.6724496803654	0.11868238898898915	9.2794030415687	130.01592412449364	3.8486031462111465	0.9867258517544335	39.47416347215832	716.8827891575443	-0.04341288711442112
2.8028971571906354	6.224080267558528	2.5392274891484368	0.012214436847701252	2.5392274891484368	0.012214436847701236	2.6776890072090382	0.11771265535897911	9.28515576638336	130.60563539627654	3.855359255149218	0.986907653515317	39.57085252839275	719.5941232096008	-0.04341288711442112
2.8071120401337795	6.224080267558528	2.5429663313993727	0.011827992310146078	2.5429663313993727	0.011827992310146076	2.682949879929973	0.11674286365778806	9.29085237314349	131.1978781002458	3.8621404132329498	0.9870869565562891	39.6677850994752	722.3178859979237	-0.04341288711442112
2.811326923076923	6.224080267558528	2.546674985238164	0.011453056442469757	2.546674985238164	0.011453056442469746	2.6882311394716725	0.1157731644590113	9.296490828421128	131.79257168786748	3.8689450761846635	0.9872637809350633	39.76494948667243	725.0535549047474	-0.04341288711442112
2.815541806020067	6.224080267558528	2.5503535575453236	0.011089347093740697	2.5503535575453236	0.011089347093740709	2.69353164440066	0.11480370498243228	9.302069168419079	132.3896362539105	3.8757717237360785	0.9874381473087761	39.8623341599372	727.8006124275462	-0.04341288711442112
2.819756688963211	6.224080267558528	2.5540021753200364	0.010736584313190438	2.5540021753200364	0.010736584313190427	2.6988502713469242	0.11383462910391914	9.307585499388743	132.9889925826856	3.8826188604157497	0.9876100769022277	39.95992776441627	730.5585465297921	-0.04341288711442112
2.8239715719063545	6.224080267558528	2.5576209840089983	0.010394490736040691	2.557620984008998	0.010394490736040698	2.7041859153630465	0.11286607737512039	9.313037997895892	133.59056218896004	3.8894850162174226	0.9877795914753772	40.057719126013325	733.3268509515921	-0.04341288711442112
2.8281864548494986	6.224080267558528	2.5612101459040155	0.010062791933443125	2.5612101459040155	0.010062791933443133	2.7095374902058493	0.11189818705224035	9.318424910944618	134.19426735374307	3.896368747154491	0.9879467132903037	40.155697256047745	736.1050254815834	-0.04341288711442112
2.8324013377926422	6.224080267558528	2.5647698386089743	0.009741216728141908	2.5647698386089743	0.009741216728141898	2.714903928544863	0.11093109213312694	9.323744555969881	134.8000311551753	3.903268635706405	0.9881114650778348	40.253851355055566	738.8925761917575	-0.04341288711442112
2.836616220735786	6.224080267558528	2.5683002535761412	0.009429497477517474	2.5683002535761412	0.00942949747751746	2.7202841821016173	0.10996492340196812	9.32899532070864	135.40777749474108	3.910183291162549	0.9882738700040252	40.352170815776105	741.6890156367666	-0.04341288711442112
2.84083110367893	6.224080267558528	2.571801594711465	0.0091273703256886	2.571801594711465	0.009127370325688606	2.7256772217239877	0.10899980848087637	9.334175662959469	136.0174311190397	3.917111349869396	0.9884339516366557	40.450645225370124	744.4938630194027	-0.04341288711442112
2.8450459866220736	6.224080267558528	2.5752740770481823	0.008834575426355708	2.5752740770481823	0.008834575426355714	2.731082037399783	0.10803587188767297	9.339284110240328	136.6289176373566	3.9240514753867344	0.988591733911904	40.54926436691527	747.3066443239628	-0.04341288711442112
2.8492608695652173	6.224080267558528	2.5787179254877044	0.008550857138063347	2.578717925487704	0.00855085713806336	2.7364976382136934	0.10707323509920194	9.344319259353663	137.24216353527243	3.931002358558671	0.9887472411013293	40.64801822022396	750.1268924191971	-0.04341288711442112
2.8534757525083614	6.224080267558528	2.582133373606532	0.008275964193541313	2.582133373606532	0.008275964193541308	2.741923052251729	0.10611201661952598	9.349279775867915	137.857096184555	3.9379627175051533	0.9889004977792942	40.74689696202905	752.9541471325854	-0.04341288711442112
2.857690635451505	6.224080267558528	2.5855206625276743	0.008009649844755972	2.585520662527674	0.008009649844755997	2.747357326457092	0.10515233205239267	9.35416439352377	138.47364384956742	3.9449312975394752	0.9890515287909359	40.84589096558024	755.7879552976099	-0.04341288711442112
2.861905518394649	6.224080267558528	2.588880039854984	0.007751671985264183	2.588880039854984	0.007751671985264176	2.752799526441561	0.10419429417736117	9.358971913573626	139.09173569044358	3.9519068710174996	0.9892003592207864	40.94499079969676	758.6278707758112	-0.04341288711442112
2.8661204013377928	6.224080267558528	2.592211758668519	0.007501793251422912	2.592211758668519	0.007501793251422901	2.7582487362560606	0.10323801302903976	9.363701204061655	139.711301763253	3.9588882371237037	0.989347014362126	41.044187227316506	761.4734544552197	-0.04341288711442112
2.8703352842809364	6.224080267558528	2.5955160765790946	0.007259781103954165	2.5955160765790946	0.007259781103954155	2.763704058124306	0.10228359597888094	9.368351199052132	140.3322730173995	3.965874221599494	0.9894915196871475	41.14347120358462	764.3242742268948	-0.04341288711442112
2.8745501672240805	6.224080267558528	2.5987932548399066	0.007025407891315741	2.5987932548399066	0.007025407891315737	2.7691646121429243	0.10133114781904204	9.372920897812477	140.95458129046463	3.972863676418594	0.9896339008179926	41.242833873519494	767.1799049411026	-0.04341288711442112
2.878765050167224	6.224080267558528	2.602043557513285	0.006798450896265395	2.602043557513285	0.0067984508962653945	2.7746295359517372	0.10038077084780893	9.377409363957913	141.57815930073386	3.979855479414649	0.9897741834987153	41.34226656929669	770.0399283448079	-0.04341288711442112
2.882979933110368	6.224080267558528	2.60526725069036	0.006578692366951775	2.60526725069036	0.006578692366951766	2.7800979843773703	0.09943256495614768	9.381815724563289	142.20294063760474	3.9868485338655275	0.9899123935682154	41.44176080718624	772.9039330019327	-0.04341288711442112
2.887194816053512	6.224080267558528	2.6084646017615754	0.006365919533800862	2.6084646017615754	0.006365919533800857	2.785569129053477	0.0984866277149481	9.386139169247926	142.82885975009398	3.993841768038933	0.990048556934179	41.54130828417955	775.7715141979141	-0.04341288711442112
2.8914096989966556	6.224080267558528	2.611635878735911	0.006159924613404975	2.6116358787359113	0.006159924613404964	2.791042158020636	0.09754305446256221	9.39037894923851	143.4558519336417	4.00083413470367	0.9901826995480506	41.64090087434051	778.6422738300116	-0.04341288711442112
2.895624581939799	6.224080267558528	2.614781349606615	0.005960504800560721	2.614781349606615	0.005960504800560722	2.7965162753087	0.09660193839227732	9.39453437641454	144.0838533153977	4.007824610610453	0.9903148473810571	41.74053062491103	781.5158202846642	-0.04341288711442112
2.8998394648829433	6.224080267558528	2.617901281761504	0.005767462249534736	2.6179012817615037	0.0057674622495347515	2.80199070050463	0.09566337063935253	9.398604822341012	144.71280083819371	4.014812195946587	0.9904450264012976	41.84018975220547	784.391768303389	-0.04341288711442112
2.904054347826087	6.224080267558528	2.6209959414356043	0.005580604045581574	2.6209959414356043	0.005580604045581576	2.807464668308163	0.09472744036732732	9.402589717291855	145.3426322433579	4.021795913767815	0.9905732625519044	41.93987063731994	787.2697388383475	-0.04341288711442112
2.908269230769231	6.224080267558528	2.624065593204218	0.00539974216767077	2.6240655932042185	0.005399742167670756	2.812937428077985	0.09379423485328385	9.406488549267754	145.97328605255635	4.02877480941113	0.9906995817302744	42.03956582168618	790.1493588989033	-0.04341288711442112
2.9124841137123747	6.224080267558528	2.6271104995144223	0.005224693443324427	2.627110499514422	0.0052246934433244395	2.8184082433707154	0.0928638395717953	9.41030086301155	146.6047015488186	4.035747949891832	0.9908240097683713	42.139268002496244	793.0302613903306	-0.04341288711442112
2.9166989966555183	6.224080267558528	2.630130920253109	0.005055279496407631	2.630130920253109	0.005055279496407626	2.823876391474967	0.0919363382773045	9.414026259023949	147.23681875690667	4.042714423288009	0.9909465724140848	42.23897002802284	795.9120849458147	-0.04341288711442112
2.9209138795986624	6.224080267558528	2.6331271123496496	0.004891326688660094	2.6331271123496496	0.004891326688660091	2.8293411629424337	0.09101181308471164	9.417664392581749	147.86957842316107	4.0496733381152765	0.9910672953136372	42.33866489285761	798.7944737527483	-0.04341288711442112
2.925128762541806	6.224080267558528	2.636099329411518	0.0047326660556999325	2.636099329411518	0.004732666055699935	2.8348018611181987	0.0900903445479411	9.42121497276107	148.5029219949836	4.056623822694807	0.9911862039950209	42.43834573309168	801.677077374459	-0.04341288711442112
2.9293436454849497	6.224080267558528	2.639047821391091	0.004579133238182538	2.639047821391091	0.004579133238182535	2.840257801671972	0.08917201173630496	9.424677761467107	149.13679160007598	4.063565024517175	0.9913033238524467	42.53800582145813	804.5595505682883	-0.04341288711442112
2.933558528428094	6.224080267558528	2.6419728342820115	0.004430568408746297	2.641972834282011	0.0044305684087463095	2.845708312132048	0.08825689230848434	9.428052572471975	149.7711300255647	4.070496109604495	0.9914186801317834	42.63763856245578	807.441553100959	-0.04341288711442112
2.9377734113712375	6.224080267558528	2.6448746098435056	0.004286816195330922	2.6448746098435056	0.004286816195330928	2.8511527314235146	0.08734506258397391	9.43133927046178	150.4058806971241	4.077416261873057	0.991532297916961	42.73723748747233	810.3227495620705	-0.04341288711442112
2.941988294314381	6.224080267558528	2.6477533853512782	0.004147725601406502	2.6477533853512782	0.004147725601406509	2.856590409412476	0.08643659761182836	9.434537770094133	151.04098765822633	4.084324682498999	0.9916442021173162	42.83679624992651	813.2028091767123	-0.04341288711442112
2.9462031772575252	6.224080267558528	2.650609393373409	0.004013149923613934	2.650609393373409	0.004013149923613929	2.8620207064573844	0.08553157123660891	9.437648035066443	151.6763955496003	4.091220589288533	0.9917544174558485	42.93630862044114	816.0814056177878	-0.04341288711442112
2.950418060200669	6.224080267558528	2.6534428615700634	0.003882946667271339	2.653442861570064	0.0038829466672713393	2.8674429929691363	0.08463005616138497	9.440670077195888	152.31204958902347	4.0981032160551285	0.9918629684583621	43.03576848206675	818.9582168190109	-0.04341288711442112
2.954632943143813	6.224080267558528	2.6562540125156153	0.0037569774601684783	2.6562540125156153	0.0037569774601684714	2.872856648980912	0.08373212400771177	9.44360395551097	152.94789555152002	4.104971812005042	0.9919698794434614	43.13516982556636	821.8329247891465	-0.04341288711442112
2.9588478260869566	6.224080267558528	2.6590430635420654	0.003635107965031624	2.6590430635420654	0.0036351079650316235	2.878261063729071	0.08283784537248196	9.446449775355047	153.5838797500658	4.111825641133079	0.9920751745133702	43.23450674477637	824.705215428273	-0.04341288711442112
2.9630627090301003	6.224080267558528	2.6618102266025603	0.0035172077910099937	2.66181022660256	0.003517207791009995	2.8836556352460816	0.0819472898815748	9.449207687501497	154.21994901687583	4.118663981629985	0.9921788775455463	43.33377343205521	827.5747783466611	-0.04341288711442112
2.9672775919732444	6.224080267558528	2.6645557081539817	0.0034031504045025887	2.6645557081539817	0.003403150404502588	2.8890397699665225	0.0810605262402371	9.451877887280409	154.85605068535384	4.125486125302971	0.9922810121850556	43.432964173831294	830.4413066869189	-0.04341288711442112
2.971492474916388	6.224080267558528	2.667279709057568	0.003292813039615178	2.667279709057568	0.003292813039615181	2.894412882347015	0.0801776222801422	9.454460613716305	155.49213257277128	4.132291377010635	0.9923816018376793	43.53207334626062	833.3044969499609	-0.04341288711442112
2.975707357859532	6.224080267558528	2.6699824244966477	0.0031860766085092837	2.669982424496648	0.0031860766085092793	2.899774394501011	0.07929864500306867	9.456956148676388	156.12814296374972	4.1390790541135685	0.9924806696637206	43.631095411004466	836.1640488253761	-0.04341288711442112
2.9799222408026758	6.224080267558528	2.6726640439105895	0.0030828256118801125	2.6726640439105895	0.003082825611880114	2.9051237358491213	0.07842366062117416	9.459364816028618	156.76403059459992	4.14584848594174	0.9925782385724792	43.73002491113586	839.0196650267105	-0.04341288711442112
2.9841371237458194	6.224080267558528	2.675324750944111	0.002982948049776246	2.675324750944111	0.002982948049776247	2.91046034278573	0.07755273459382764	9.461686980808768	157.3997446385781	4.152599013279645	0.9926743312173648	43.828856467182895	841.871051132129	-0.04341288711442112
2.988352006688963	6.224080267558528	2.677964723411212	0.0028863353329515898	2.6779647234112116	0.0028863353329515997	2.9157836583625363	0.07668593166098299	9.46392304839566	158.03523469211086	4.159329987870275	0.9927689699916181	43.927584773317626	844.717915430963	-0.04341288711442112
2.992566889632107	6.224080267558528	2.6805841332729825	0.0027928821949197327	2.680584133272983	0.0027928821949197258	2.9210931319896365	0.07582331587307795	9.466073463693622	158.6704507620391	4.166040771938773	0.9928621770246094	44.0262045936974	847.5599687765821	-0.04341288711442112
2.996781772575251	6.224080267558528	2.6831831466285814	0.0027024866048626023	2.6831831466285814	0.0027024866048626114	2.926388219154566	0.07496495061746333	9.468138710320954	159.3053432539154	4.172730737736419	0.9929539741786853	44.124710758964184	850.3969244459357	-0.04341288711442112
3.000996655518395	6.224080267558528	2.685761923718788	0.0026150496815265057	2.685761923718788	0.0026150496815265122	2.931668381159908	0.07411089864135587	9.470119309803541	159.93986296140488	4.179399267105913	0.9930443830465353	44.2230981629098	853.2284980062514	-0.04341288711442112
3.0052115384615385	6.224080267558528	2.6883206189415128	0.0025304756082232833	2.6883206189415128	0.002530475608223281	2.9369330848797714	0.07326122207133119	9.472015820772217	160.573961056816	4.186045751068407	0.9931334249490511	44.32136175931091	856.0544071891732	-0.04341288711442112
3.009426421404682	6.224080267558528	2.6908593808786807	0.002448671549039977	2.6908593808786807	0.002448671549039977	2.9421818025355084	0.07241598242938224	9.473828838162866	161.20758908279112	4.192669589432927	0.9932211209336481	44.4194965589392	858.8743717726934	-0.04341288711442112
3.0136413043478263	6.224080267558528	2.6933783523340344	0.002369547566344899	2.693378352334035	0.0023695475663448986	2.9474140114910594	0.07157524064555199	9.475558992417932	161.84069894519155	4.199270190428796	0.9933074917730274	44.51749762675192	861.6881134712356	-0.04341288711442112
3.01785618729097	6.224080267558528	2.6958776703812806	0.0022930165396678813	2.6958776703812806	0.0022930165396678817	2.952629194068033	0.07073905706719519	9.477206948688133	162.47324290718697	4.205846970361328	0.9933925579643466	44.615360079265294	864.4953558341001	-0.04341288711442112
3.022071070234114	6.224080267558528	2.6983574664222045	0.002218994086018527	2.6983574664222045	0.002218994086018531	2.9578268373808747	0.06990749146489074	9.478773406033191	163.1051735845789	4.2123993532913895	0.9934763397287814	44.71307908211597	867.2958241526215	-0.04341288711442112
3.0262859531772577	6.224080267558528	2.70081786625421	0.0021473984816983544	2.70081786625421	0.0021473984816983544	2.963006433192069	0.06908060303506999	9.480259096620124	163.73644394235686	4.218926770738851	0.9935588570114462	44.810649847810936	870.0892453761558	-0.04341288711442112
3.0305008361204013	6.224080267558528	2.703258990147022	0.0020781505856500614	2.703258990147022	0.0020781505856500675	2.968167477787733	0.06825845039939726	9.481664784918232	164.3670072925177	4.225428661410633	0.9936401294816575	44.90806763367204	872.8753480372865	-0.04341288711442112
3.034715719063545	6.224080267558528	2.7056809529280033	0.0020111737643818167	2.7056809529280033	0.002011173764381816	2.9733094718733755	0.06744109160097957	9.48299126688919	164.99681729313207	4.231904470953044	0.993720176533512	45.00532773997303	875.653862186251	-0.04341288711442112
3.038930602006689	6.224080267558528	2.708083864075846	0.0019463938184933968	2.7080838640758453	0.0019463938184934055	2.978431920490007	0.0666285840974669	9.484239369171371	165.6258279486751	4.238353651728964	0.9937990172867611	45.102425508274024	878.4245193348931	-0.04341288711442112
3.0431454849498327	6.224080267558528	2.710467827822184	0.001883738910826332	2.710467827822184	0.0018837389108263298	2.983534332950419	0.06582098475112132	9.485409948257102	166.25399361160956	4.244775662619654	0.9938766705879599	45.19935631995195	881.187052410189	-0.04341288711442112
3.047360367892977	6.224080267558528	2.7128329432608536	0.0018231394962517022	2.7128329432608536	0.0018231394962517063	2.988616222795576	0.0650183498159361	9.48650388966179	166.88126898521887	4.251169968851386	0.9939531550118695	45.2961155949293	883.9411957175113	-0.04341288711442112
3.0515752508361205	6.224080267558528	2.7151793044644505	0.001764528253104683	2.7151793044644505	0.0017645282531046865	2.9936771077709783	0.06422073492189477	9.487522107084057	167.50760912768084	4.257536041846812	0.9940284888630956	45.39269879060039	886.6866849137108	-0.04341288711442112
3.055790133779264	6.224080267558528	2.7175070006078275	0.0017078400162692617	2.7175070006078275	0.001707840016269264	2.9987165098226654	0.06342819505647065	9.488465541555655	168.13296945735976	4.263873359100845	0.9941026901779427	45.48910140095444	889.4232569900194	-0.04341288711442112
3.060005016722408	6.224080267558528	2.7198161160982868	0.0016530117119111765	2.7198161160982877	0.0016530117119111683	3.0037339551127338	0.06264078454346492	9.489335160580573	168.75730575930734	4.270181404081062	0.9941757767264676	45.58531895589567	892.1506502648874	-0.04341288711442112
3.064219899665552	6.224080267558528	2.722106730712093	0.001599982293854035	2.7221067307120936	0.001599982293854035	3.0087289740539274	0.06185855701929841	9.490131957262317	169.38057419294122	4.276459666152254	0.9942477660147145	45.68134702075784	894.8686043866874	-0.04341288711442112
3.068434782608696	6.224080267558528	2.7243789197370543	0.0015486926815885206	2.7243789197370547	0.0015486926815885128	3.013701101363021	0.06108156540686919	9.490856949418834	170.00273130088232	4.2827076405249285	0.9943186752871161	45.77718119601227	897.5768603463001	-0.04341288711442112
3.0726496655518396	6.224080267558528	2.72663275412081	0.0014990856999023733	2.72663275412081	0.0014990856999023722	3.0186498761324407	0.06030986188710919	9.491511178684304	170.62373401890844	4.288924828227285	0.9943885215290443	45.8728171171661	900.2751604994828	-0.04341288711442112
3.0768645484949833	6.224080267558528	2.728868300624576	0.0014511060201148705	2.728868300624576	0.0014511060201148696	3.0235748419197774	0.05954349786835928	9.492095709597422	171.2435396870006	4.295110736100378	0.9944573214694963	45.96825045484864	902.9632485989762	-0.04341288711442112
3.081079431438127	6.224080267558528	2.731085621982004	0.001404700102897489	2.7310856219820043	0.0014047001028974853	3.028475546854558	0.05878252395370758	9.49261162867571	171.86210606143507	4.301264876815891	0.9945250915839022	46.06347691508205	905.6408698362033	-0.04341288711442112
3.085294314381271	6.224080267558528	2.7332847770628583	0.0013598161426600145	2.7332847770628583	0.001359816142660019	3.0333515437617247	0.05802698990643072	9.49306004347561	172.47939132788235	4.307386768915997	0.9945918480970403	46.158492239732276	908.307770892414	-0.04341288711442112
3.0895091973244146	6.224080267558528	2.7354658210412044	0.001316404013479145	2.7354658210412044	0.0013164040134791453	3.0382023903011968	0.057276944613686154	9.493442081638106	173.09535411546364	4.313475936874748	0.9946576069860462	46.25329220713651	910.9636999991209	-0.04341288711442112
3.0937240802675587	6.224080267558528	2.73762880556776	0.0012744152165452033	2.73762880556776	0.0012744152165452055	3.043027649122761	0.056532436048614944	9.49375888991992	173.7099535117145	4.31953191118021	0.9947223839835065	46.34787263290109	913.6084070075628	-0.04341288711442112
3.0979389632107024	6.224080267558528	2.739773778946118	0.0012338028291009422	2.739773778946118	0.0012338028291009446	3.0478268880356367	0.05579351123100573	9.494011633210276	174.32314907840393	4.3255542284367134	0.9947861945806218	46.4422293708655	916.2416434670056	-0.04341288711442112
3.102153846153846	6.224080267558528	2.741900786312479	0.0011945214548451297	2.7419007863124794	0.001194521454845127	3.0525996801918254	0.0550602161866968	9.494201493533437	174.9349008681453	4.33154243148637	0.9948490540304307	46.536358314225815	918.8631627115709	-0.04341288711442112
3.10636872909699	6.224080267558528	2.7440098698186013	0.00115652717577245	2.744009869818601	0.0011565271757724503	3.0573456042825486	0.05433259590587078	9.494329669037441	175.545169441749	4.337496069549097	0.9949109773510836	46.63025539681212	921.4727199553347	-0.04341288711442112
3.110583612040134	6.224080267558528	2.7461010688175294	0.0011197775054211229	2.7461010688175294	0.0011197775054211264	3.0620642447467015	0.05361069430042936	9.49439737296925	176.15391588623726	4.343414698380013	0.9949719793291564	46.72391659451095	924.0700723952673	-0.04341288711442112
3.114798494983278	6.224080267558528	2.7481744200518716	0.0010842313434975392	2.7481744200518716	0.0010842313434975407	3.066755191990603	0.05289455416061348	9.494405832637163	176.76110183346967	4.349297880443561	0.9950320745229937	46.817337926828344	926.6549793217741	-0.04341288711442112
3.1190133779264215	6.224080267558528	2.750229957844138	0.001049848931848433	2.750229957844138	0.0010498489318484306	3.071418042617904	0.052184217111056516	9.494356288360978	177.36668947929718	4.355145185103046	0.9950912772660755	46.910515458582736	929.2272022363303	-0.04341288711442112
3.123228260869565	6.224080267558528	2.7522677142888616	0.0010165918117490803	2.7522677142888616	0.0010165918117490814	3.0760523996687783	0.05147972356644654	9.494249992410836	177.97064160318084	4.360956188824719	0.9951496016703963	47.00344530172162	931.7865049758636	-0.04341288711442112
3.127443143812709	6.224080267558528	2.7542877194460798	0.000984422782476977	2.7542877194460798	0.000984422782476977	3.0806578728672847	0.05078111268698542	9.49408820793567	178.5729215881947	4.3667304753951806	0.9952070616298502	47.09612361725204	934.3326538433931	-0.04341288711442112
3.131658026755853	6.224080267558528	2.7562900015357847	0.0009533058611396751	2.7562900015357843	0.000953305861139677	3.085234078875847	0.050088422333829735	9.493872207882292	179.173493441339	4.37246763615097	0.9952636708236144	47.18854661727624	936.8654177444555	-0.04341288711442112
3.1358729096989966	6.224080267558528	2.7582745871329903	0.000923206243725405	2.758274587132991	0.000923206243725405	3.089780641555807	0.049401689024693975	9.493603273906379	179.7723218140867	4.378167270219188	0.9953194427195252	47.280710567123336	939.384568328843	-0.04341288711442112
3.1400877926421407	6.224080267558528	2.760241501362968	0.000894090267345627	2.760241501362968	0.0008940902673456277	3.094297192232824	0.04872094788981072	9.493282695276498	180.36937202307737	4.383828984767791	0.9953743905774384	47.37261178756644	941.8898801370771	-0.04341288711442112
3.1443026755852843	6.224080267558528	2.7621907680962994	0.0008659253736380834	2.7621907680962994	0.0008659253736380804	3.098783369966132	0.04804623262841868	9.49291176777278	180.96461007088828	4.3894523952644615	0.9954285274525695	47.46424665711636	944.381130751145	-0.04341288711442112
3.148517558528428	6.224080267558528	2.7641224101433073	0.0008386800732998194	2.7641224101433077	0.00083868007329982	3.1032388218203586	0.047377575465976166	9.492491792581529	181.55800266678972	4.395037125742598	0.9954818661988085	47.55561161438058	946.8581009488764	-0.04341288711442112
3.152732441471572	6.224080267558528	2.766036449447443	0.0008123239117195763	2.7660364494474434	0.0008123239117195752	3.1076632031387987	0.04671500711226802	9.492024075187391	182.1495172474079	4.400582809073105	0.9955344194720033	47.64670316047675	949.3205748613735	-0.04341288711442112
3.1569473244147157	6.224080267558528	2.7679329072772956	0.0007868274356789505	2.767932907277295	0.0007868274356789515	3.1120561778170366	0.046058556720588915	9.491509924264946	182.73912199721795	4.4060890872408525	0.9955861997332071	47.73751786149175	951.7683401329915	-0.04341288711442112
3.16116220735786	6.224080267558528	2.769811804416712	0.000762162161092947	2.7698118044167117	0.0007621621610929471	3.116417418575627	0.04540825184817204	9.490950650571106	183.32678586877586	4.411555611624126	0.9956372192518874	47.8280523509731	954.2011880831301	-0.04341288711442112
3.1653770903010034	6.224080267558528	2.7716731613527132	0.0007383005417601139	2.7716731613527132	0.000738300541760113	3.1207466072307652	0.04476411841803659	9.490347565840471	183.9124786026164	4.416982043275992	0.99568749010909	47.91830333244345	956.6189138693318	-0.04341288711442112
3.169591973244147	6.224080267558528	2.7735169984607158	0.000715215939093451	2.7735169984607158	0.0007152159390934506	3.125043434961702	0.044126180682411545	9.489701981685204	184.49617074672963	4.422368053205992	0.9957370242005571	48.00826758192599	959.0213166509741	-0.04341288711442112
3.1738068561872907	6.224080267558528	2.775343336186772	0.0006928825928034143	2.775343336186772	0.0006928825928034142	3.1293076025739075	0.04349446118789013	9.489015208501634	185.0778336755513	4.427713322661048	0.9957858332397946	48.09794195047131	961.4081997530267	-0.04341288711442112
3.178021739130435	6.224080267558528	2.777152195226295	0.0006712755925053023	2.777152195226295	0.0006712755925053022	3.1335388207566424	0.0428689807424736	9.488288554385178	185.65743960836917	4.433017543403926	0.9958339287610878	48.18732336667236	963.7793708291209	-0.04341288711442112
3.1822366220735785	6.224080267558528	2.778943596699031	0.0006503708502233075	2.778943596699031	0.0006503708502233044	3.137736810334066	0.042249758384634295	9.487523324055898	186.23496162709367	4.438280417988267	0.9958813221224607	48.27640883915926	966.1346420234385	-0.04341288711442112
3.1864515050167226	6.224080267558528	2.7807175623197784	0.000630145073764582	2.7807175623197784	0.0006301450737645821	3.141901302508638	0.04163681135453858	9.48672081779637	186.8103736933037	4.443501660028549	0.9959280245085794	48.365195459060985	968.47383013067	-0.04341288711442112
3.1906663879598662	6.224080267558528	2.7824741145645944	0.0006105757409369125	2.7824741145645944	0.0006105757409369128	3.1460320390959	0.04103015506754955	9.485882330404046	187.38365066450984	4.4486809944639845	0.9959740469335967	48.45368040242512	970.7967567535359	-0.04341288711442112
3.19488127090301	6.224080267558528	2.7842132768320482	0.0005916410745844123	2.7842132768320482	0.0005916410745844114	3.1501287727495337	0.04042980309012901	9.485009150159948	187.95476830955988	4.453818157814863	0.9960194002439355	48.541860932583525	973.1032484571723	-0.04341288711442112
3.199096153846154	6.224080267558528	2.785935073599269	0.0005733200184160737	2.785935073599269	0.0005733200184160719	3.1541912671758596	0.03983576711823711	9.484102557815765	188.52370332313384	4.458912898430323	0.9960640951210132	48.62973440245601	975.3931369198684	-0.04341288711442112
3.2033110367892976	6.224080267558528	2.787639530572414	0.0005555922136027551	2.787639530572414	0.0005555922136027551	3.158219297336788	0.03924805695832769	9.483163825601146	189.09043333926343	4.463964976726291	0.9961081420839022	48.7172982567805	977.6662590795298	-0.04341288711442112
3.2075259197324417	6.224080267558528	2.789326674831268	0.0005384379761188074	2.789326674831268	0.0005384379761188086	3.1622126496403915	0.03866668051102281	9.48219421625314	189.6549369438219	4.46897416541246	0.9961515514919295	48.80455003426106	979.9224572753172	-0.04341288711442112
3.2117408026755854	6.224080267558528	2.790996534967726	0.0005218382748050367	2.7909965349677264	0.000521838274805035	3.166171122118351	0.03809164375753552	9.48119498206965	190.21719368593978	4.473940249707366	0.9961943335472127	48.89148736962525	982.1615793839616	-0.04341288711442112
3.215955685618729	6.224080267558528	2.7926491412178267	0.000505774710130504	2.7926491412178267	0.0005057747101305029	3.1700945245894308	0.037522950748905756	9.480167363988476	190.77718408829034	4.478863027540367	0.9962364982971343	48.97810799558119	984.3834789501694	-0.04341288711442112
3.220170568561873	6.224080267558528	2.7942845255872037	0.0004902294936310472	2.794284525587204	0.0004902294936310465	3.173982678808499	0.03696060359808945	9.479112590693932	191.33488965622013	4.483742309739876	0.9962780556367535	49.06440974466809	986.5880153107458	-0.04341288711442112
3.2243854515050168	6.224080267558528	2.7959027219696293	0.00047518542800336765	2.7959027219696293	0.0004751854280033674	3.177835418600265	0.03640460247495052	9.47803187775238	191.8902928856705	4.4885779202067075	0.9963190153111559	49.1503905509911	988.77505371187	-0.04341288711442112
3.2286003344481604	6.224080267558528	2.7975037662585236	0.000460625887833775	2.797503766258524	0.0004606258878337739	3.181652589977353	0.035854945604170144	9.476926426778334	192.44337726987195	4.4933696960718805	0.9963593869177421	49.23604845183427	990.9444654191453	-0.04341288711442112
3.2328152173913045	6.224080267558528	2.799087696451245	0.0004465348009415458	2.799087696451245	0.00044653480094154616	3.1854340512421753	0.03531162926609082	9.47579742463253	192.99412730477974	4.498117487838178	0.9963991799084571	49.32138158914558	993.0961278200484	-0.04341288711442112
3.237030100334448	6.224080267558528	2.800654552746026	0.00043289663031730567	2.8006545527460256	0.0004328966303173064	3.189179673072254	0.034774647800495335	9.474646042653335	193.54252849323498	4.5028211595048	0.996438403591959	49.40638821088825	995.2299245183975	-0.04341288711442112
3.241244983277592	6.224080267558528	2.802204377631405	0.00041969635663758486	2.8022043776314054	0.0004196963566375843	3.1928893385885817	0.03424399361331266	9.47347343592257	194.08856734782728	4.507480588674471	0.9964770671357309	49.4910666722524	997.3457454204945	-0.04341288711442112
3.245459866220736	6.224080267558528	2.803737215968118	0.00040691946133708436	2.8037372159681184	0.00040691946133708274	3.196562943406858	0.033719657186226625	9.472280742567015	194.63223139245846	4.512095666642684	0.9965151795681362	49.57541543672403	999.4434868127154	-0.04341288711442112
3.2496747491638796	6.224080267558528	2.8052531150633304	0.00039455191022093875	2.8052531150633304	0.00039455191022093783	3.200200395671376	0.03320162708915484	9.471069083096461	195.17350916259622	4.516666298468531	0.9965527497804177	49.659433077006284	1001.5230514302348	-0.04341288711442112
3.2538896321070236	6.224080267558528	2.8067521247372094	0.0003825801375997364	2.8067521247372094	0.0003825801375997356	3.203801616071446	0.03268988999555499	9.469839559779167	195.7123902042202	4.521192403026932	0.9965897865286458	49.74311827579093	1003.5843485167337	-0.04341288711442112
3.2581045150501673	6.224080267558528	2.808234297381789	0.00037099103093063434	2.808234297381789	0.000370991030930634	3.2073665378403162	0.03218443070050661	9.468593256055483	196.24886507146275	4.525673913041872	0.9966262984356117	49.826469826376105	1005.6272938748411	-0.04341288711442112
3.262319397993311	6.224080267558528	2.8096996880121816	0.00035977191594837064	2.809699688012182	0.0003597719159483702	3.21089510673666	0.03168523214149898	9.467331235990223	196.7829253229598	4.530110775100714	0.9966622939926735	49.909486633130605	1007.6518099072814	-0.04341288711442112
3.266534280936455	6.224080267558528	2.8111483543101223	0.0003489105422706825	2.8111483543101223	0.00034891054227068286	3.2143872810086624	0.031192275421858928	9.466054543764225	197.3145635169204	4.534502949649286	0.996697781561553	49.9921677118014	1009.6578256485247	-0.04341288711442112
3.2707491638795987	6.224080267558528	2.812580356659975	0.0003383950694628679	2.8125803566599754	0.0003383950694628679	3.2178430313409754	0.03070553983672982	9.464764203205519	197.8437732049414	4.538850410967979	0.9967327693760868	50.07451218966578	1011.6452767869786	-0.04341288711442112
3.274964046822743	6.224080267558528	2.8139957581771973	0.00032821405354705954	2.8139957581771973	0.00032821405354705867	3.2212623407846146	0.03022500290151849	9.463461217360118	198.37054892458016	4.543153147128705	0.9967672655439334	50.156519305526366	1013.6141056776148	-0.04341288711442112
3.2791789297658864	6.224080267558528	2.8153946247294845	0.00031835643394191555	2.815394624729484	0.0003183564339419158	3.224645204670311	0.029750640382703746	9.462146568102813	198.89488619073055	4.547411159933175	0.9968012780482384	50.23818840955222	1015.56426134516	-0.04341288711442112
3.28339381270903	6.224080267558528	2.8167770249506106	0.0003088115208192435	2.8167770249506106	0.0003088115208192444	3.2279916305054286	0.02928242633091141	9.460821215787579	199.41678148581371	4.551624464832394	0.9968348147492596	50.31951896296433	1017.4956994777699	-0.04341288711442112
3.2876086956521737	6.224080267558528	2.8181430302472035	0.0002995689828642121	2.818143030247203	0.0002995689828642129	3.2313016378550388	0.028820333116137086	9.459486098937676	199.93623224883592	4.555793090827974	0.996867883385954	50.400510537570135	1019.4083824114017	-0.04341288711442112
3.291823578595318	6.224080267558528	2.819492714798571	0.0002906188354265222	2.819492714798571	0.0002906188354265216	3.2345752582075074	0.0283643314650048	9.458142133975002	200.45323686334217	4.559917080355447	0.99690049157753	50.48116281514791	1021.3022791049315	-0.04341288711442112
3.2960384615384615	6.224080267558528	2.8208261555498177	0.00028195142905009895	2.8208261555498177	0.0002819514290500985	3.2378125348251587	0.027914390499938477	9.456790214988416	200.9677946443142	4.563996489150139	0.9969326468249646	50.561475586684836	1023.1773651062147	-0.04341288711442112
3.3002533444816056	6.224080267558528	2.8221434321984167	0.00027355743836945717	2.8221434321984167	0.0002735574383694571	3.241013522580531	0.027470477780120205	9.455431213540363	201.47990582405447	4.568031386096011	0.9969643565124896	50.64144875147196	1025.0336225092583	-0.04341288711442112
3.304468227424749	6.224080267558528	2.823444627174493	0.0002654278513611899	2.823444627174493	0.00026542785136119014	3.244178287778852	0.027032559344107403	9.45406597851132	201.98957153710603	4.572021853058083	0.9969956279090482	50.72108231606006	1026.871039902727	-0.04341288711442112
3.308683110367893	6.224080267558528	2.824729825615008	0.0002575539589395054	2.824729825615008	0.0002575539589395051	3.247306907967269	0.026600599753980922	9.452695335981163	202.49679380425107	4.575967984698923	0.9970264681697228	50.800376393080306	1028.6896123100014	-0.04341288711442112
3.312897993311037	6.224080267558528	2.8259991153321815	0.00024992734488491874	2.825999115332182	0.00024992734488491885	3.250399471731671	0.026174562140881995	9.451320089146904	203.00157551565493	4.579869888280067	0.9970568843371388	50.87933119993591	1030.4893411211303	-0.04341288711442112
3.3171128762541806	6.224080267558528	2.827252586776308	0.0002425398760958915	2.827252586776308	0.00024253987609589115	3.2534560784815634	0.025754408251814288	9.449941018275522	203.50392041318955	4.5837276834487515	0.997086883342842	50.95794705736781	1032.2702340168473	-0.04341288711442112
3.3213277591973247	6.224080267558528	2.8284903329933258	0.00023538369315315475	2.8284903329933258	0.0002353836931531538	3.2564768382239184	0.02534009849756599	9.448558880691257	204.0038330720086	4.587541502010983	0.9971164720086557	51.036224387902124	1034.0323048850985	-0.04341288711442112
3.3255426421404684	6.224080267558528	2.829712449577377	0.00022845120118714188	2.829712449577377	0.00022845120118714156	3.2594618713265784	0.0249315920016256	9.44717441079611	204.5013188814185	4.591311487691481	0.9971456570480162	51.11416371418312	1035.7755737303053	-0.04341288711442112
3.329757525083612	6.224080267558528	2.830919034618655	0.0002217350610390422	2.830919034618655	0.0002217350610390426	3.2624113082720614	0.024528846649947957	9.445788320122427	204.9963840251087	4.5950377958813755	0.9971744450672894	51.19176565719923	1037.5000665757686	-0.04341288711442112
3.3339724080267557	6.224080267558528	2.8321101886468254	0.00021522818070641785	2.832110188646826	0.00021522818070641745	3.265325289402443	0.024131819141446135	9.444401297416455	205.4890354607931	4.598720593374429	0.9972028425670707	51.26903093440712	1039.2058153595442	-0.04341288711442112
3.3381872909698997	6.224080267558528	2.8332860145703216	0.00020892370706456385	2.8332860145703216	0.0002089237070645643	3.268203964656127	0.023740465039072494	9.443014008751552	205.97928089932176	4.602360058092571	0.9972308559434685	51.34596035776074	1040.8928578241655	-0.04341288711442112
3.3424021739130434	6.224080267558528	2.834446617611826	0.00020281501785508006	2.834446617611826	0.00020281501785508036	3.2710474932972913	0.02335473882136007	9.441627097669862	206.4671287833237	4.605956378801701	0.9972584914893728	51.4225548316524	1042.5612374006434	-0.04341288711442112
3.3466170568561875	6.224080267558528	2.835592105240213	0.00019689571393343103	2.835592105240213	0.00019689571393343087	3.273856043638714	0.022974593934300746	9.440241185351029	206.9525882654305	4.6095097548184025	0.9972857553957114	51.49881535077098	1044.2110030870333	-0.04341288711442112
3.350831939799331	6.224080267558528	2.8367225870992714	0.00019115961176750055	2.8367225870992714	0.00019115961176750118	3.2766297927588104	0.022599982843434643	9.438856870806688	207.43566918614277	4.613020395708609	0.9973126537526935	51.574742997885615	1045.842209322081	-0.04341288711442112
3.355046822742475	6.224080267558528	2.8378381749334847	0.000185600736179421	2.837838174933485	0.00018560073617942044	3.2793689262135817	0.02223085708603328	9.437474731099263	207.9163820513911	4.616488520978906	0.997339192551043	51.65033894156018	1047.4549158542532	-0.04341288711442112
3.359261705685619	6.224080267558528	2.8389389825111984	0.0001802133133231594	2.8389389825111984	0.00018021331332315941	3.2820736377442725	0.021867167323260498	9.43609532158381	208.3947380098485	4.619914359761438	0.997365377683221	51.72560443380626	1049.0491876066053	-0.04341288711442112
3.3634765886287625	6.224080267558528	2.8400251255454387	0.00017499176389063656	2.8400251255454387	0.00017499176389063642	3.2847441289814774	0.021508863392199075	9.434719176171445	208.87074883004863	4.623298150493221	0.9973912149446403	51.800540807681095	1050.6250945378977	-0.04341288711442112
3.3676914715719066	6.224080267558528	2.8410967216126384	0.00016993069653937053	2.841096721612638	0.00016993069653937056	3.28738060914629	0.02115589435764106	9.433346807612763	209.3444268773515	4.6266401405905	0.9974167100348718	51.8751494748356	1052.1827115002538	-0.04341288711442112
3.3719063545150503	6.224080267558528	2.842153890069658	0.00016502490153473835	2.842153890069658	0.0001650249015347384	3.2899832947494545	0.020808208563533288	9.43197870780031	209.81578509082766	4.629940586119388	0.9974418685588425	51.94943192302233	1053.7221180939562	-0.04341288711442112
3.376121237458194	6.224080267558528	2.84319675196923	0.00016026934460037606	2.84319675196923	0.00016026934460037617	3.2925524092888905	0.020465753683990222	9.430615348088141	210.2848369600835	4.633199751463045	0.9974666960280286	52.023389713565656	1055.2433985195253	-0.04341288711442112
3.3803361204013376	6.224080267558528	2.8442254299742142	0.00015565916097021122	2.844225429974214	0.00015565916097021166	3.295088182946515	0.02012847677377531	9.429257179627538	210.75159650209784	4.636417908986626	0.9974911978616413	52.097024478804	1056.7466414276796	-0.04341288711442112
3.3845510033444817	6.224080267558528	2.845240048270876	0.00015118964963594539	2.8452400482708766	0.00015118964963594544	3.297590852284881	0.01979632431816967	9.427904633717334	211.2160782381028	4.639595338700538	0.9975153793878078	52.1703379195085	1058.2319397674405	-0.04341288711442112
3.3887658862876253	6.224080267558528	2.846240732481396	0.0001468562677840075	2.846240732481396	0.00014685626778400743	3.300060659944169	0.01946924228214923	9.426558122167387	211.67829717054713	4.642732327922634	0.9975392458447466	52.24333180228341	1059.6993906327189	-0.04341288711442112
3.3929807692307694	6.224080267558528	2.847227609575944	0.00014265462541603052	2.847227609575944	0.00014265462541603063	3.3024978543403467	0.0191471761587879	9.425218037674187	212.13826876020295	4.64582917094038	0.9975628023819395	52.31600795695665	1061.1490951078806	-0.04341288711442112
3.397195652173913	6.224080267558528	2.8482008077844525	0.00013858048014728122	2.848200807784453	0.00013858048014728114	3.3049026893647784	0.018830071016828213	9.423884754206972	212.5960089034283	4.648886168673268	0.9975860540612974	52.388368273962655	1062.5811581124572	-0.04341288711442112
3.4014105351170567	6.224080267558528	2.8491604565083812	0.00013462973217744466	2.8491604565083812	0.00013462973217744477	3.3072754240860442	0.018517871547346694	9.422558627403392	213.05153390964574	4.651903628336487	0.9976090058583237	52.460414701726094	1063.9956882454976	-0.04341288711442112
3.405625418060201	6.224080267558528	2.850106686232624	0.00013079841942848506	2.850106686232624	0.0001307984194284852	3.309616322454309	0.018210522109461003	9.421239994973236	213.50486047905417	4.654881863106149	0.9976316626632726	52.5321492440489	1065.3927976297473	-0.04341288711442112
3.4098403010033445	6.224080267558528	2.8510396284378263	0.00012708271284432734	2.8510396284378263	0.00012708271284432753	3.3119256530088546	0.01790796677502259	9.419929177109344	213.95600568062096	4.657821191786964	0.9976540292823043	52.60357395750802	1066.7726017560792	-0.04341288711442112
3.4140551839464885	6.224080267558528	2.8519594155132046	0.00012347891184738045	2.851959415513205	0.00012347891184738032	3.314203688589036	0.017610149372251905	9.418626476904187	214.4049869303673	4.660721938482602	0.997676110438636	52.67469094886573	1068.1352193283542	-0.04341288711442112
3.418270066889632	6.224080267558528	2.8528661806701523	0.00011998343994694162	2.8528661806701523	0.0001199834399469418	3.3164507060492903	0.017317013528268074	9.417332180771439	214.851821969994	4.663584432269571	0.9976979107736894	52.74550237250008	1069.4807721091051	-0.04341288711442112
3.422484949832776	6.224080267558528	2.8537600578567113	0.00011659284049476726	2.8537600578567113	0.00011659284049476741	3.3186669859783935	0.0170285027104805	9.416046558871125	215.29652884585673	4.66640900687486	0.9977194348482344	52.81601042785683	1070.8093847662183	-0.04341288711442112
3.4266998327759195	6.224080267558528	2.8546411816731023	0.0001133037725831801	2.8546411816731023	0.00011330377258317999	3.3208528124234205	0.016744560266808487	9.414769865537586	215.73912588832385	4.669196000357921	0.997740687143529	52.88621735692857	1072.1211847208995	-0.04341288711442112
3.4309147157190636	6.224080267558528	2.85550968728845	0.0001101130070812236	2.8555096872884502	0.00011011300708122319	3.3230084726186826	0.016465129464701554	9.413502339709128	216.17963169153313	4.671945754797386	0.9977616720624545	52.956125441763575	1073.4163019971577	-0.04341288711442112
3.4351295986622072	6.224080267558528	2.856365710358853	0.0001070174228044809	2.8563657103588533	0.00010701742280448078	3.3251342567200117	0.016190153528936654	9.412244205358672	216.61806509357402	4.674658615982969	0.9977823939306479	53.02573700200917	1074.6948690730464	-0.04341288711442112
3.4393444816053513	6.224080267558528	2.857209386946871	0.00010401400281437361	2.857209386946871	0.00010401400281437353	3.327230457544522	0.015919575678175965	9.410995671924216	217.05444515709988	4.677334933112754	0.9978028569976287	53.09505439249086	1075.9570207337988	-0.04341288711442112
3.443559364548495	6.224080267558528	2.8580408534425974	0.00010109983084277596	2.858040853442598	0.00010109983084277555	3.3292973703162416	0.015653339160269713	9.409756934738631	217.48879115039935	4.679975058496399	0.9978230654379222	53.1640800008318	1077.2028939271304	-0.04341288711442112
3.4477742474916386	6.224080267558528	2.858860246486377	0.00009827208783797704	2.858860246486377	0.00009827208783797699	3.331335292417697	0.015391387286294375	9.408528175457791	217.92112252892971	4.6825793472644035	0.997843023352177	53.23281624511454	1078.4326276208321	-0.04341288711442112
3.4519891304347827	6.224080267558528	2.8596677028932755	0.0000955280486281019	2.859667702893276	0.00009552804862810148	3.3333445231477206	0.015133663463319217	9.40730956248641	218.35145891732958	4.68514815708376	0.9978627347682779	53.30126557158709	1079.6463626628106	-0.04341288711442112
3.4562040133779264	6.224080267558528	2.8604633595793816	0.00009286507869821625	2.8604633595793816	0.00009286507869821635	3.335325363485587	0.014880111225900803	9.406101251400903	218.7798200919168	4.687681847880223	0.9978822036424542	53.369430452416275	1080.8442416437558	-0.04341288711442112
3.4604188963210705	6.224080267558528	2.8612473534900174	0.0000902806310774526	2.861247353490018	0.00009028063107745223	3.337278115861675	0.014630674266302329	9.404903385368721	219.2062259636855	4.690180781567468	0.9979014338603809	53.437313383490306	1082.026408762566	-0.04341288711442112
3.464633779264214	6.224080267558528	2.8620198215298793	0.00008777224333261857	2.862019821529879	0.00008777224333261881	3.3392030839346476	0.01438529646344737	9.403716095563325	219.63069656179613	4.692645321783097	0.9979204292382755	53.504916882270585	1083.1930096945584	-0.04341288711442112
3.4688486622073578	6.224080267558528	2.8627809004952383	0.00008533753466480012	2.8627809004952383	0.00008533753466480008	3.341100572375419	0.014143921910608422	9.402539501574662	220.05325201758077	4.695075833632002	0.9979391935239874	53.57224348569733	1084.3441914627435	-0.04341288711442112
3.4730635451505014	6.224080267558528	2.863530727008169	0.00008297420310563323	2.863530727008169	0.00008297420310563314	3.3429708866578034	0.013906494941845812	9.401373711814283	220.47391254905193	4.697472683436863	0.9979577303980811	53.63929574814728	1085.480102312071	-0.04341288711442112
3.4772784280936455	6.224080267558528	2.8642694374528808	0.00008068002280998127	2.8642694374528808	0.00008068002280998126	3.344814332855987	0.013672960157206296	9.400218823914848	220.89269844592192	4.69983623849611	0.9979760434749131	53.70607623944638	1086.600891586855	-0.04341288711442112
3.481493311036789	6.224080267558528	2.8649971679141886	0.00007845284144184178	2.8649971679141886	0.00007845284144184177	3.3466312174488606	0.01344326244669603	9.399074925123625	221.30963005513806	4.702166866849356	0.9979941363037005	53.77258754293799	1087.7067096113951	-0.04341288711442112
3.4857081939799333	6.224080267558528	2.8657140541180928	0.00007629057765044682	2.8657140541180928	0.00007629057765044701	3.348421847131124	0.013217347013046946	9.397942092689421	221.72472776692172	4.704464937050277	0.9980120123695834	53.83883225360642	1088.7977075738245	-0.04341288711442112
3.489923076923077	6.224080267558528	2.8664202313745824	0.00007419121863352382	2.8664202313745824	0.00007419121863352369	3.3501865286313355	0.012995159393291721	9.396820394242944	222.13801200132534	4.706730817947214	0.9980296750946777	53.90481297625844	1089.874037413328	-0.04341288711442112
3.4941379598662206	6.224080267558528	2.867115834522541	0.00007215281778489298	2.8671158345225414	0.00007215281778489287	3.351925568536667	0.012776645479172394	9.395709888169927	222.54950319528604	4.708964878471178	0.9980471278391218	53.97053232376034	1090.9358517106261	-0.04341288711442112
3.4983528428093646	6.224080267558528	2.8678009978768717	0.00007017349242354135	2.8678009978768717	0.00007017349242354173	3.3536392731245113	0.01256175153640121	9.394610623977051	222.95922179018805	4.711167487431582	0.9980643739021128	54.03599291533349	1091.9833035818847	-0.04341288711442112
3.5025677257525083	6.224080267558528	2.8684758551777607	0.00006825142160149264	2.868475855177761	0.00006825142160149245	3.3553279482007796	0.012350424222799649	9.39352264265029	223.36718821991767	4.713339013319412	0.9980814165229356	54.101197374906114	1093.0165465759578	-0.04341288711442112
3.5067826086956524	6.224080267558528	2.8691405395421388	0.00006638484398779153	2.869140539542139	0.0000663848439877914	3.356991898944906	0.012142610605338514	9.392445977005552	223.77342289941416	4.715479824118072	0.9980982588819818	54.16614832952374	1094.0357345750808	-0.04341288711442112
3.510997491638796	6.224080267558528	2.8697951834172373	0.00006457205582610133	2.8697951834172373	0.00006457205582610114	3.358631429761388	0.011938258176107941	9.391380652031394	224.17794621370075	4.717590287121524	0.9981149041017592	54.23084840781524	1095.0410216988787	-0.04341288711442112
3.5152123745819397	6.224080267558528	2.870439918536324	0.00006281140896337107	2.870439918536324	0.00006281140896337116	3.3602468441378965	0.011737314867240778	9.390326685223737	224.58077850739795	4.719670768760009	0.9981313552478926	54.29530023851693	1096.032562211824	-0.04341288711442112
3.5194272575250833	6.224080267558528	2.871074875876508	0.00006110130894722155	2.871074875876508	0.00006110130894722147	3.3618384445097345	0.01153972906482099	9.38928408691242	224.98194007470227	4.7217216344329564	0.998147615330114	54.35950644905215	1097.010510434003	-0.04341288711442112
3.5236421404682274	6.224080267558528	2.871700185618653	0.000059440213189672614	2.871700185618653	0.00005944021318967265	3.3634065321306768	0.011345449621800936	9.388252860579593	225.38145114983223	4.723743248349279	0.9981636873032422	54.42346966416766	1097.9750206552933	-0.04341288711442112
3.5278570234113715	6.224080267558528	2.8723159771093214	0.000057826629194994105	2.872315977109322	0.000057826629194994065	3.364951406949943	0.01115442586996174	9.387233003169785	225.77933189792165	4.725735973374676	0.9981795740681532	54.4871925046244	1098.9262470527826	-0.04341288711442112
3.532071906354515	6.224080267558528	2.8729223788247484	0.00005625911284945717	2.8729223788247484	0.000056259112849457234	3.3664733674952823	0.01096660763094095	9.38622450539165	226.17560240635862	4.72770017088605	0.9981952784727384	54.55067758594328	1099.8643436115215	-0.04341288711442112
3.536286789297659	6.224080267558528	2.8735195183368085	0.00005473626677088596	2.873519518336808	0.00005473626677088622	3.3679727107620376	0.010781945226360692	9.38522735201152	226.5702826765615	4.729636200632863	0.9982108033128536	54.61392751720535	1100.789464048525	-0.04341288711442112
3.5405016722408025	6.224080267558528	2.8741075222809007	0.00005325673871595379	2.8741075222809007	0.0000532567387159538	3.3694497321079737	0.010600389487084937	9.384241522138444	226.96339261617192	4.731544420605162	0.998226151333256	54.67694489990357	1101.7017617399192	-0.04341288711442112
3.5447165551839466	6.224080267558528	2.8746865163257684	0.00005181922004322355	2.8746865163257684	0.00005181922004322358	3.37090472515385	0.01042189176163534	9.383266989501085	227.35495203166627	4.733425186908376	0.9982413252285295	54.73973232684801	1102.6013896513005	-0.04341288711442112
3.54893143812709	6.224080267558528	2.875256625145168	0.00005042244423002339	2.875256625145168	0.00005042244423002336	3.372337981689532	0.010246403923796228	9.382303722716305	227.74498062136846	4.735278853644578	0.998256327644	54.802292381121454	1103.4885002711671	-0.04341288711442112
3.5531463210702343	6.224080267558528	2.8758179723913773	0.000049065185441274456	2.875817972391377	0.00004906518544127445	3.373749791585528	0.010073878379438038	9.381351685549628	228.1334979688574	4.7371057728001515	0.9982711611766376	54.864627635085725	1104.363245547421	-0.04341288711442112
3.557361204013378	6.224080267558528	2.8763706806704414	0.00004774625714849396	2.8763706806704414	0.00004774625714849387	3.3751404427097476	0.009904268072589748	9.380410837167403	228.52052353674895	4.738906294139579	0.9982858283759486	54.92674064943596	1105.2257768268082	-0.04341288711442112
3.5615760869565216	6.224080267558528	2.8769148715191966	0.00004646451079719644	2.8769148715191966	0.00004646451079719641	3.376510220849444	0.009737526490788167	9.37948113238113	228.90607666085674	4.740680765105424	0.9983003317448546	54.988633972304235	1106.076244797344	-0.04341288711442112
3.5657909698996653	6.224080267558528	2.8774506653839405	0.00004521883452103107	2.8774506653839405	0.00004521883452103105	3.3778594096380905	0.009573607669734493	9.378562521883685	229.2901765447061	4.7424295307241335	0.9983146737405597	55.050310138409	1106.9147994335722	-0.04341288711442112
3.5700058528428094	6.224080267558528	2.877978181600754	0.0000440081519010081	2.8779781816007537	0.00004400815190100822	3.3791882904870896	0.009412466197286784	9.377654952477771	229.67284225439863	4.744152933517626	0.9983288567754067	55.111771668250825	1107.741589944627	-0.04341288711442112
3.5742207357859535	6.224080267558528	2.878497538377401	0.00004283142076823898	2.8784975383774016	0.000042831420768238926	3.3804971425221613	0.009254057216815334	9.376758367296606	230.05409271381376	4.745851313420434	0.9983428832177198	55.17302106735214	1108.5567647250264	-0.04341288711442112
3.578435618729097	6.224080267558528	2.879008852776767	0.00004168763204866367	2.879008852776767	0.000041687632048663735	3.3817862425242384	0.009098336429951247	9.37587270601698	230.43394670013345	4.74752500770229	0.9983567553926362	55.23406082554067	1109.360471308128	-0.04341288711442112
3.5826505016722408	6.224080267558528	2.8795122407018043	0.000040575808648279526	2.879512240701804	0.000040575808648279764	3.383055864874798	0.008945260098751696	9.374997905064943	230.81242283969	4.749174350896036	0.998370475582925	55.294893416275436	1110.152856322218	-0.04341288711442112
3.5868653846153844	6.224080267558528	2.8800078168818732	0.0000394950043774671	2.880007816881873	0.00003949500437746722	3.384306281505325	0.008794785047313802	9.37413389781397	231.18953960410664	4.750799674730482	0.998384046029794	55.35552129601241	1110.9340654490475	-0.04341288711442112
3.5910802675585285	6.224080267558528	2.8804956948605147	0.0000384443029130056	2.8804956948605147	0.00003844430291300562	3.3855377618509293	0.008646868662858413	9.373280614776066	231.56531530673948	4.752401308068325	0.9983974689336839	55.41594690361111	1111.7042433848908	-0.04341288711442112
3.595295150501672	6.224080267558528	2.8809759869845375	0.000037422816796466484	2.8809759869845375	0.00003742281679646644	3.3867505728078626	0.008501468896313175	9.372437983785753	231.93976809939898	4.7539795768487805	0.9984107464550506	55.476172659778946	1112.4635338039511	-0.04341288711442112
3.5995100334448162	6.224080267558528	2.8814488043944038	0.000036429686467684745	2.8814488043944033	0.000036429686467684705	3.38794497869483	0.008358544262416612	9.371605930177159	232.31291596934372	4.755534804034823	0.998423880715135	55.53620096655316	1113.2120793240927	-0.04341288711442112
3.60372491638796	6.224080267558528	2.8819142570158705	0.00003546407933207069	2.881914257015871	0.00003546407933207057	3.3891212412179645	0.00821805383937081	9.37078437695441	232.68477673653769	4.757067309564916	0.9984368737967203	55.59603420681896	1113.9500214748196	-0.04341288711442112
3.6079397993311035	6.224080267558528	2.882372453552799	0.00003452518886056298	2.882372453552799	0.00003452518886056295	3.3902796194392573	0.00807995726806428	9.369973244955338	233.0553680511548	4.758577410308942	0.9984497277448775	55.655674743861894	1114.6775006673838	-0.04341288711442112
3.612154682274247	6.224080267558528	2.882823501481124	0.0000336122337210544	2.882823501481124	0.00003361223372105437	3.391420369748388	0.007944214750888414	9.369172453008801	233.42470739132676	4.76006542002831	0.9984624445676981	55.71512492095428	1115.3946561670314	-0.04341288711442112
3.6163695652173913	6.224080267558528	2.883267507043935	0.00003272445694017534	2.883267507043935	0.00003272445694017532	3.392543745837784	0.007810787050170347	9.368381918085777	233.7928120611244	4.761531649340047	0.9984750262370147	55.77438706097426	1116.1016260672613	-0.04341288711442112
3.6205844481605354	6.224080267558528	2.883704575247595	0.000031861125094355785	2.883704575247595	0.00003186112509435582	3.393649998680752	0.007679635486243671	9.367601555444281	234.15969918875706	4.762976405684672	0.99848747468911	55.83346346605579	1116.7985472660362	-0.04341288711442112
3.624799331103679	6.224080267558528	2.884134809858877	0.00003102152752911719	2.8841348098588764	0.000031021527529117245	3.3947393765125806	0.007550721935177881	9.366831278768368	234.52538572498608	4.764399993297736	0.9984997918254128	55.89235641726876	1117.4855554438802	-0.04341288711442112
3.6290142140468227	6.224080267558528	2.884558313403062	0.000030204975605589168	2.884558313403062	0.000030204975605589097	3.3958121248144923	0.007424008826186844	9.36607100030137	234.88988844174216	4.765802713184908	0.9985119795131823	55.95106817432846	1118.162785043808	-0.04341288711442112
3.6332290969899663	6.224080267558528	2.88497518716296	0.000029410801973278613	2.88497518716296	0.00002941080197327848	3.3968684863002694	0.0072994591387360724	9.365320630973468	235.25322393093396	4.767184863100391	0.9985240395861807	56.00960097533251	1118.830369252988	-0.04341288711442112
3.6374439799331104	6.224080267558528	2.885385531178801	0.000028638359868154352	2.8853855311788004	0.000028638359868154494	3.3979087009054787	0.007177036399367955	9.364580080523842	235.61540860344326	4.768546737528569	0.998535973845334	56.06795703652455	1119.4884399860953	-0.04341288711442112
3.641658862876254	6.224080267558528	2.885789444248999	0.00002788702243513312	2.885789444248999	0.00002788702243513317	3.398933005779219	0.00705670467826133	9.363849257617582	235.97645868830105	4.769888627668825	0.9985477840593798	56.126138552084434	1120.1371278703152	-0.04341288711442112
3.645873745819398	6.224080267558528	2.886187023931654	0.00002715618207411205	2.8861870239316545	0.000027156182074112005	3.3999416352781013	0.006938428585546832	9.363128069957314	236.33639023202264	4.771210821423156	0.998559471965505	56.18414769394166	1120.7765622318432	-0.04341288711442112
3.650088628762542	6.224080267558528	2.8865783665468596	0.00002644524980868548	2.8865783665468596	0.00002644524980868552	3.4009348209625725	0.006822173267390522	9.362416424389995	236.69521909811164	4.77251360338673	0.998571039269971	56.24198661161346	1121.4068710839285	-0.04341288711442112
3.6543035117056855	6.224080267558528	2.886963567179714	0.000025753654676743402	2.886963567179714	0.000025753654676743365	3.4019127915953207	0.0067079044018648485	9.36171422700884	237.05296096671276	4.7737972548410985	0.9985824876487273	56.29965743206528	1122.0281811163356	-0.04341288711442112
3.658518394648829	6.224080267558528	2.887342719684008	0.000025080843142169615	2.8873427196840074	0.0000250808431421697	3.4028757731417008	0.006595588194621625	9.361021383250561	237.4096313344094	4.775062053749951	0.9985938187480142	56.35716225959255	1122.6406176861683	-0.04341288711442112
3.662733277591973	6.224080267558528	2.887715916686565	0.000024426278526878088	2.8877159166865645	0.000024426278526878183	3.4038239887720922	0.00648519137438197	9.360337797988139	237.7652455141601	4.776308274757326	0.9986050341849538	56.414503175723446	1123.2443048100195	-0.04341288711442112
3.6669481605351173	6.224080267558528	2.8880832495921878	0.000023789440462461743	2.8880832495921873	0.000023789440462461794	3.404757658866059	0.0063766811882575575	9.359663375619196	238.1198186353637	4.7775361891881225	0.9986161355481303	56.471682239140996	1123.8393651573645	-0.04341288711442112
3.671163043478261	6.224080267558528	2.8884448085891843	0.00002316982436075228	2.8884448085891843	0.000023169824360752303	3.405677001018242	0.0062700253969173525	9.358998020150182	238.47336564404975	4.778746065050853	0.9986271243981588	56.52870148562441	1124.4259200451718	-0.04341288711442112
3.6753779264214046	6.224080267558528	2.8888006826554293	0.000022566940902611046	2.888800682655429	0.00002256694090261108	3.406582230045862	0.006165192269611813	9.358341635276465	238.82590130318366	4.779938167042429	0.9986380022682433	56.58556292800779	1125.0040894336346	-0.04341288711442112
3.6795928093645482	6.224080267558528	2.889150959564952	0.00002198031554429818	2.889150959564952	0.00002198031554429817	3.407473557997793	0.006062150579068437	9.357694124458556	239.17744019308574	4.781112756554994	0.9986487706647241	56.64226855615655	1125.573991923025	-0.04341288711442112
3.6838076923076923	6.224080267558528	2.8894957258949856	0.000021409488040794275	2.8894957258949856	0.000021409488040794282	3.4083511941650344	0.005960869596269858	9.357055390994445	239.52799671195024	4.782270091684581	0.998659431067615	56.69882033695938	1126.135744751568	-0.04341288711442112
3.688022575250836	6.224080267558528	2.8898350670334896	0.000020854011985461374	2.8898350670334896	0.000020854011985461347	3.409215345092613	0.005861319085125757	9.356425338088437	239.8775850764678	4.783410427241593	0.9986699849311289	56.75522021433627	1126.6894637943267	-0.04341288711442112
3.69223745819398	6.224080267558528	2.890169067187053	0.000020313454365466997	2.890169067187053	0.000020313454365466963	3.4100662145926686	0.0057634692970505285	9.355803868916231	240.2262193225322	4.7845340147628495	0.9986804336841941	56.81147010926007	1127.2352635629811	-0.04341288711442112
3.6964523411371237	6.224080267558528	2.890497809389254	0.000019787395132395582	2.8904978093892537	0.000019787395132395616	3.410904003758876	0.005667290965455277	9.35519088668692	240.57391330604548	4.785641102525409	0.9986907787309598	56.86757191979367	1127.7732572065934	-0.04341288711442112
3.7006672240802674	6.224080267558528	2.8908213755093324	0.000019275426787517688	2.890821375509333	0.00001927542678751763	3.411728910981895	0.0055727553001658145	9.35458629470149	240.9206807037962	4.786731935561691	0.9987010214512918	56.92352752113864	1128.303556513142	-0.04341288711442112
3.704882107023411	6.224080267558528	2.8911398462612214	0.000018777153981183913	2.8911398462612214	0.000018777153981183927	3.4125411319658956	0.005479833981775162	9.35398999640822	241.266535014415	4.787806755676071	0.9987111632012587	56.9793387656969	1128.8262719118827	-0.04341288711442112
3.709096989966555	6.224080267558528	2.8914533012129096	0.000018292193125841274	2.8914533012129096	0.000018292193125841305	3.413340859746125	0.005388499155939067	9.353401895455203	241.61148955940737	4.788865801462837	0.9987212053136072	57.035007483144646	1129.3415124765158	-0.04341288711442112
3.713311872909699	6.224080267558528	2.89176181879608	0.000017820172022188674	2.89176181879608	0.000017820172022188647	3.414128284707331	0.00529872342762396	9.352821895739792	241.95555748424735	4.7899093083252975	0.998731149098229	57.09053548051651	1129.8493859290209	-0.04341288711442112
3.717526755852843	6.224080267558528	2.8920654763160254	0.00001736072949799971	2.892065476316026	0.000017360729497999673	3.4149035946030804	0.005210479855314569	9.352249901455364	242.2987517595373	4.790937508496098	0.9987409958426176	57.14592454230079	1130.3499986442116	-0.04341288711442112
3.7217416387959865	6.224080267558528	2.8923643499618072	0.000016913515059163192	2.8923643499618072	0.000016913515059163206	3.4156669745758546	0.00512374194518906	9.351685817135355	242.64108518222343	4.791950631058567	0.9987507468123159	57.20117643054393	1130.8434556549082	-0.04341288711442112
3.72595652173913	6.224080267558528	2.892658514816659	0.000016478188552505976	2.892658514816659	0.000016478188552505942	3.4164186071779032	0.005038483645268767	9.351129547694779	242.9825703768685	4.79294890196915	0.9987604032513551	57.256292884965134	1131.3298606577634	-0.04341288711442112
3.7301714046822743	6.224080267558528	2.892948044868576	0.000016054419839978984	2.892948044868576	0.000016054419839979	3.4171586723927616	0.004954679339549343	9.350580998469244	243.323219796972	4.79393254408068	0.9987699663826837	57.311275623078714	1131.8093160196067	-0.04341288711442112
3.734386287625418	6.224080267558528	2.8932330130211055	0.000015641888483804475	2.8932330130211055	0.00001564188848380448	3.4178873476573886	0.0048723038421199325	9.350040075251579	243.66304572633567	4.7949017771665625	0.9987794374085884	57.36612634032496	1132.2819227843581	-0.04341288711442112
3.738601170568562	6.224080267558528	2.8935134911043083	0.000015240283442191072	2.8935134911043083	0.000015240283442191059	3.4186048078849085	0.004791332391275594	9.349506684326267	244.00206028047597	4.79585681794579	0.9987888175111065	57.42084671020892	1132.7477806804536	-0.04341288711442112
3.7428160535117057	6.224080267558528	2.893789549885872	0.000014849302775247614	2.8937895498858714	0.00001484930277524764	3.419311225487855	0.0047117406436297206	9.348980732501657	244.34027540807173	4.796797880108649	0.9987981078524286	57.47543838444579	1133.206988128726	-0.04341288711442112
3.7470309364548493	6.224080267558528	2.894061259082353	0.000014468653360730906	2.894061259082353	0.000014468653360730938	3.4200067704019013	0.004633504668230874	9.34846212714009	244.67770289244922	4.797725174343141	0.9988073095752944	57.52990299311326	1133.6596422507419	-0.04341288711442112
3.751245819397993	6.224080267558528	2.89432868737055	0.000014098050619281112	2.89432868737055	0.000014098050619281063	3.4206916101100155	0.004556600940689764	9.347950776186059	245.01435435309915	4.798638908361991	0.9988164238033789	57.58424214480969	1134.1058388775373	-0.04341288711442112
3.755460702341137	6.224080267558528	2.8945919023989752	0.000013737218248807936	2.8945919023989752	0.000013737218248807889	3.421365909667035	0.004481006337320206	9.347446588192446	245.3502412472249	4.799539286930301	0.9988254516416719	57.63845742681855	1134.5456725587687	-0.04341288711442112
3.759675585284281	6.224080267558528	2.8948509707994146	0.000013385887967708624	2.894850970799415	0.000013385887967708547	3.4220298317245468	0.0044066981292995005	9.346949472344932	245.68537487131542	4.80042651189361	0.998834394176848	57.692550405277174	1134.9792365721762	-0.04341288711442112
3.763890468227425	6.224080267558528	2.895105958198585	0.000013043799266600396	2.8951059581985845	0.000013043799266600387	3.422683536556144	0.004333653976851264	9.346459338484728	246.0197663627458	4.801300782206579	0.9988432524776305	57.746522625352014	1135.4066229334526	-0.04341288711442112
3.7681053511705684	6.224080267558528	2.8953569292298207	0.000012710699168275606	2.8953569292298207	0.00001271069916827558	3.4233271820828874	0.004261851923455364	9.345976097129522	246.35342670139505	4.8021622939619375	0.9988520275951459	57.80037561141642	1135.8279224063347	-0.04341288711442112
3.772320234113712	6.224080267558528	2.895603947544843	0.00001238634199558382	2.895603947544843	0.000012386341995583833	3.4239609238990525	0.004191270390088382	9.345499659492937	246.68636671128556	4.803011240419925	0.9988607205632724	57.85411086723419	1136.24322451305	-0.04341288711442112
3.776535117056856	6.224080267558528	2.8958470758255523	0.000012070489146966688	2.895847075825553	0.000012070489146966673	3.424584915298077	0.004121888169497358	9.345029937502435	247.01859706223962	4.803847812038022	0.9988693323989805	57.90772987614592	1136.6526175449892	-0.04341288711442112
3.78075	6.224080267558528	2.89608637579585	0.000011762908879377428	2.89608637579585	0.000011762908879377447	3.425199307298658	0.004053684420510858	9.344566843815727	247.35012827154745	4.8046721965009604	0.9988778641026658	57.961234101259095	1137.0561885736229	-0.04341288711442112