2.5205	7.033444816053512	2.30468623394337	0.06402664017718476	2.30468623394337	0.06402664017718473	2.5177283792003613	0.14991852064219685	8.911311467685506	106.6448868370355	3.599757093759132	0.9668948215110854	34.84496756620921	774.0783661026989	-0.04341288711442112
2.524714882943144	7.033444816053512	2.3075119011558924	0.06310596247203239	2.307511901155893	0.0631059624720324	2.5189902536121775	0.1494495029544208	8.914594488040336	106.92595885775631	3.602261920897868	0.967326475411238	34.908531774932385	775.7154799093561	-0.04341288711442112
2.528929765886288	7.033444816053512	2.3103790577622383	0.06218430499987781	2.3103790577622374	0.06218430499987797	2.5202988897791774	0.14897494299334932	8.917930286876008	107.21026155217723	3.604804036776316	0.9677516448407432	34.97232539889467	777.3625470707842	-0.04341288711442112
2.5331446488294316	7.033444816053512	2.3132871398635175	0.06126197074697706	2.3132871398635175	0.061261970746977035	2.521654552915731	0.14849485020380124	8.9213189771774	107.49782570404236	3.60738459497975	0.9681705008589375	35.036360213605064	779.0203145603492	-0.04341288711442112
2.5373595317725752	7.033444816053512	2.3162355504024603	0.06033926785344908	2.3162355504024603	0.060339267853449056	2.5230575031919176	0.14800923460038137	8.924760647612093	107.78868190811501	3.6100047178578034	0.9685832076052295	35.10064768407544	780.6895109817158	-0.04341288711442112
2.5415744147157193	7.033444816053512	2.319223658575805	0.05941650941255597	2.3192236585758046	0.05941650941255601	2.5245079947793925	0.14751810688931583	8.928255360853445	108.08286050668141	3.6126654960639115	0.96898992257607	35.16519896465194	782.3708465962889	-0.04341288711442112
2.545789297658863	7.033444816053512	2.322250799343223	0.05849401323762348	2.3222507993432226	0.05849401323762355	2.5260062748857153	0.14702147858901338	8.931803151895279	108.38039152465826	3.6153679880306044	0.9693907968880958	35.230024898107025	784.0650133088932	-0.04341288711442112
2.550004180602007	7.033444816053512	2.3253162730392547	0.057572101596201464	2.3253162730392547	0.05757210159620144	2.5275525827786427	0.14651936214919037	8.93540402636286	108.68130460338573	3.6181132193852927	0.9697859755284126	35.295136014041766	785.7726846140783	-0.04341288711442112
2.5542190635451507	7.033444816053512	2.3284193450945385	0.05665110091122708	2.328419345094539	0.05665110091122703	2.5291471488019583	0.14601177106838442	8.939057958824934	108.9856289331922	3.62090218231112	0.9701755975928983	35.36054252664652	787.4945155053385	-0.04341288711442112
2.5584339464882944	7.033444816053512	2.331559245872424	0.05573134142912721	2.3315592458724237	0.05573134142912726	2.5307901933848034	0.1454987200096445	8.942764891112327	109.29339318484423	3.6237358348579267	0.970559796513375	35.42625433187082	789.2311423497597	-0.04341288711442112
2.5626488294314385	7.033444816053512	2.334735170626718	0.054813156854991746	2.334735170626718	0.05481315685499174	2.5324819260466205	0.14498022491416812	8.94652473064888	109.6046254400069	3.6266151002085443	0.9709387002744436	35.492281004054384	790.9831827306483	-0.04341288711442112
2.566863712374582	7.033444816053512	2.3379462795859682	0.05389688395515452	2.3379462795859682	0.05389688395515453	2.5342225444001545	0.14445630311262167	8.950337348800899	109.91935312086163	3.629540865905896	0.9713124316207237	35.55863179207213	792.7512352607937	-0.04341288711442112
2.5710785953177258	7.033444816053512	2.3411916981691596	0.052982862127747415	2.3411916981691596	0.05298286212774744	2.5360122331551156	0.1439269734338715	8.954202579251765	110.23760291904206	3.632513983046658	0.9716811082551994	35.62531561504799	794.5358793691398	-0.04341288711442112
2.57529347826087	7.033444816053512	2.3444705173371774	0.0520714329420255	2.344470517337177	0.05207143294202558	2.537851163125399	0.1433922563108204	8.958120216408645	110.55940072407	3.6355352654475332	0.9720448430293365	35.6923410576939	796.3376750637547	-0.04341288711442112
2.5795083612040135	7.033444816053512	2.3477817940837467	0.051162939647504284	2.3477817940837467	0.05116293964750432	2.539739490242986	0.1428521738830268	8.962090013848604	110.88477155149009	3.6386054887903367	0.9724037441255791	35.759716365331215	798.1571626740487	-0.04341288711442112
2.583723244147157	7.033444816053512	2.3511245520687494	0.05025772665421803	2.351124552068749	0.0502577266542181	2.5416773545817213	0.14230675009578508	8.966111682811524	111.21373947090983	3.6417253897523594	0.9727579152328137	35.8274494386533	799.994862575313	-0.04341288711442112
2.5879381270903012	7.033444816053512	2.354497782396194	0.04935613898564459	2.3544977823961943	0.04935613898564447	2.5436648793946492	0.14175601079529465	8.970184890747944	111.54632753418674	3.644895665128849	0.9731074557153377	35.895547828290766	801.8512748988115	-0.04341288711442112
2.592153010033445	7.033444816053512	2.357900444538019	0.048458521706131234	2.3579004445380196	0.04845852170613114	2.545702170168421	0.14119998381957802	8.97430925992955	111.88255770399613	3.648116970954347	0.973452460775838	35.964018729239555	803.7268792306148	-0.04341288711442112
2.596367892976589	7.033444816053512	2.361331467404099	0.04756521932490193	2.361331467404099	0.04756521932490197	2.547789313698675	0.14063869908476742	8.978484366130516	112.2224507830423	3.651389921630038	0.973793021612852	36.03286897521507	805.6221343025777	-0.04341288711442112
2.6005827759197326	7.033444816053512	2.364789750557774	0.04667657517899025	2.364789750557774	0.046676575178990216	2.5499263771903458	0.14007218866639035	8.982709737388044	112.56602634418356	3.6547150890642794	0.9741292255731427	36.102105032995496	807.5374776788418	-0.04341288711442112
2.6047976588628763	7.033444816053512	2.368274165575163	0.04579293079769131	2.368274165575163	0.04579293079769128	2.5521134073869303	0.13950048687527963	8.986984852850139	112.91330266174965	3.6580930018335507	0.9744611562993925	36.17173299681758	809.473325441321	-0.04341288711442112
2.6090125418060204	7.033444816053512	2.3717835575453967	0.044914625251372416	2.3717835575453976	0.04491462525137225	2.554350429732849	0.13892363032773866	8.99130914171889	113.26429664434158	3.6615241443712554	0.9747888938735845	36.24175858288951	811.4300718777155	-0.04341288711442112
2.613227424749164	7.033444816053512	2.3753167467078304	0.04404199448769497	2.37531674670783	0.04404199448769504	2.5566374475730584	0.13834165800959422	8.995681982297295	113.61902376941005	3.6650089561915973	0.9751125149564072	36.312187124083806	813.4080891755169	-0.04341288711442112
2.6174423076923077	7.033444816053512	2.378872530221093	0.043175370658518425	2.3788725302210927	0.04317537065851845	2.5589744413940716	0.13775461133378705	9.000102701147402	113.97749801991203	3.668547831155917	0.9754320929229899	36.38302356487414	815.4077271255738	-0.04341288711442112
2.6216571906354518	7.033444816053512	2.3824496840577134	0.04231508144093094	2.3824496840577134	0.042315081440930984	2.56136136811048	0.13716253419116373	9.00457057236727	114.33973182334583	3.672141116788586	0.9757476979952417	36.45427245657727	817.4293128386638	-0.04341288711442112
2.6258720735785954	7.033444816053512	2.386046965016956	0.04146144935601234	2.3860469650169556	0.04146144935601238	2.563798160401055	0.13656547299414754	9.009084816993994	114.70573599346794	3.675789113649587	0.9760593973710402	36.52593795296221	819.4731504785706	-0.04341288711442112
2.6300869565217395	7.033444816053512	2.3896631128473884	0.040614791089056086	2.3896631128473884	0.040614791089056114	2.566284726098371	0.1359634767129924	9.01364460253951	115.07551967499188	3.6794920747705904	0.976367255350487	36.598023806285006	821.5395210150352	-0.04341288711442112
2.634301839464883	7.033444816053512	2.3932968524695877	0.03977541681508422	2.3932968524695872	0.03977541681508423	2.5688209476356203	0.13535659690436302	9.01824904266515	115.44909029155265	3.683250205160957	0.9766713334594126	36.670533363805404	823.6286819998035	-0.04341288711442112
2.638516722408027	7.033444816053512	2.396946896288554	0.038943629533527306	2.396946896288554	0.03894362953352731	2.571406681554326	0.13474488773199136	9.022897197000848	115.82645349723032	3.687063661390094	0.9769716905702959	36.7434695648407	825.7408673690327	-0.04341288711442112
2.642731605351171	7.033444816053512	2.4006119465843323	0.0381197244159843	2.4006119465843323	0.03811972441598432	2.574041758076165	0.13412840597922246	9.027588071113565	116.20761313189527	3.6909325512517976	0.9772683830207249	36.81683493840643	827.876287274967	-0.04341288711442112
2.6469464882943146	7.033444816053512	2.404290697968651	0.0373039881709421	2.4042906979686514	0.037303988170942076	2.5767259807420535	0.13350721105327884	9.032320616629328	116.59257118063827	3.6948569335161228	0.9775614647295104	36.890631601492075	830.0351279497988	-0.04341288711442112
2.651161371237458	7.033444816053512	2.4079818398946022	0.03649669842928718	2.4079818398946022	0.03649669842928725	2.5794591261211455	0.1328813649811306	9.037093731511973	116.98132773751921	3.698836817773531	0.9778509873105318	36.964861258014075	832.2175516042818	-0.04341288711442112
2.6553762541806023	7.033444816053512	2.4116840592058657	0.0356981231543378	2.411684059205866	0.03569812315433778	2.582240943592234	0.1322509323968928	9.041906260501287	117.37388097385939	3.7028721643757776	0.9781370001843759	37.039525198485855	834.4236963635788	-0.04341288711442112
2.659591137123746	7.033444816053512	2.4153960427114693	0.034908520079989486	2.4153960427114693	0.03490852007998944	2.5850711551994974	0.13161598052072318	9.0467569957119	117.77022711127162	3.7069628844771803	0.9784195506878047	37.114624300437974	836.6536762424606	-0.04341288711442112
2.6638060200668896	7.033444816053512	2.419116479771803	0.03412813618038729	2.419116479771803	0.034128136180387264	2.5879494555842264	0.13097657912924315	9.05164467739361	118.17036039960087	3.711108840179409	0.9786986841810703	37.19015902961754	838.9075811617864	-0.04341288711442112
2.6680209030100337	7.033444816053512	2.422844064881404	0.03335720717432552	2.422844064881404	0.03335720717432552	2.590875511993702	0.1303328005175514	9.05656799485269	118.574273099922	3.7153098447821846	0.978974444153073	37.26612944198995	841.1854770078601	-0.04341288711442112
2.6722357859531773	7.033444816053512	2.4265775002340164	0.03259595706732406	2.4265775002340164	0.032595957067324086	2.593848964367927	0.12968471945295287	9.061525587532774	118.98195547271074	3.719565663141598	0.9792468723243442	37.342535186560326	843.4874057359849	-0.04341288711442112
2.6764506688963214	7.033444816053512	2.430315498255608	0.031844597734046215	2.430315498255608	0.03184459773404624	2.596869425504496	0.12903241312057623	9.066516046252964	119.3933957712768	3.7238760121370853	0.9795160087478215	37.41937550902709	845.8133855192403	-0.04341288711442112
2.680665551839465	7.033444816053512	2.434056784091202	0.031103328543420312	2.434056784091202	0.031103328543420298	2.599936481301356	0.1283759610611021	9.07153791459969	119.80858024051354	3.7282405612472242	0.9797818919073663	37.49664925627243	848.1634109431257	-0.04341288711442112
2.6848804347826087	7.033444816053512	2.4378000980318952	0.030372336028483566	2.437800098031895	0.030372336028483653	2.603049691076725	0.1277154451008769	9.076589690467836	120.2274931209867	3.7326589332338274	0.9800445588139628	37.57435488168938	850.5374532464025	-0.04341288711442112
2.689095317725753	7.033444816053512	2.44154419786899	0.029651793602617594	2.4415441978689896	0.029651793602617667	2.606208587965043	0.1270509492747291	9.08166982774593	120.65011665835664	3.7371307049331897	0.9803040450995371	37.65249045134003	852.9354606082238	-0.04341288711442112
2.6933102006688965	7.033444816053512	2.445287861162799	0.02894186132347475	2.4452878611627984	0.02894186132347477	2.6094126793872205	0.12638255974185955	9.086776738138967	121.0764311180884	3.74165540815234	0.980560385108311	37.731053650930896	855.3573584811397	-0.04341288711442112
2.69752508361204	7.033444816053512	2.4490298874145733	0.0282426857055118	2.4490298874145733	0.02824268570551178	2.612661447593093	0.12571036469520894	9.091908793121684	121.5064148053771	3.7462325306676383	0.9808136119856171	37.81004179358818	857.8030499693742	-0.04341288711442112
2.7017399665551842	7.033444816053512	2.4527691001309133	0.027554399581664862	2.4527691001309138	0.027554399581664814	2.6159543502735234	0.12503445426475235	9.097064326014443	121.94004409018368	3.750861517322369	0.981063757764087	37.889451828408944	860.2724162514291	-0.04341288711442112
2.705954849498328	7.033444816053512	2.456504348770954	0.02687712201431739	2.456504348770954	0.026877122014317394	2.6192908212390784	0.12435492041520883	9.102241634172742	122.37729343723764	3.755541771219066	0.981310853447126	37.96928034975774	862.765317045654	-0.04341288711442112
2.7101697324414715	7.033444816053512	2.4602345105678816	0.02621095825532529	2.4602345105678816	0.026210958255325264	2.6226702711619887	0.12367185683867306	9.107438981281243	122.81813544084925	3.760272655002082	0.9815549290895915	38.04952360727575	865.2815911173008	-0.04341288711442112
2.7143846153846156	7.033444816053512	2.463958492217322	0.025555999754504642	2.4639584922173223	0.025555999754504604	2.6260920883775425	0.12298535884272113	9.112654599742076	123.26254086432633	3.765053492224966	0.9817960138755908	38.13017751656201	867.821056825142	-0.04341288711442112
2.7185994983277593	7.033444816053512	2.4676752314264596	0.02491232421562467	2.4676752314264596	0.02491232421562471	2.6295556397408677	0.12229552323454758	9.11788669314709	123.71047868378066	3.7698835687969288	0.9820341361933183	38.21123767048376	870.3835127055718	-0.04341288711442112
2.7228143812709034	7.033444816053512	2.4713836983189195	0.02427999569861767	2.4713836983189195	0.02427999569861766	2.6330602715346902	0.12160244820172143	9.123133438823077	124.16191613607566	3.7747621345020796	0.9822693237068607	38.29269935106846	872.9687380918225	-0.04341288711442112
2.727029264214047	7.033444816053512	2.4750828966917355	0.023659064766400374	2.4750828966917355	0.02365906476640037	2.636605310423468	0.12090623319015222	9.128392990438853	124.61681877065048	3.779688404584865	0.9825016034249022	38.374557541926904	875.5764937657801	-0.04341288711442112
2.7312441471571907	7.033444816053512	2.4787718651218933	0.023049568674420585	2.4787718651218933	0.023049568674420592	2.6401900644490115	0.12020697877987077	9.133663480662735	125.07515050493267	3.784661561394579	0.9827310017662733	38.45680694115351	878.2065226396045	-0.04341288711442112
2.7354590301003348	7.033444816053512	2.4824496779212297	0.022451531600776415	2.4824496779212297	0.02245153160077643	2.643813824062613	0.11950478655922575	9.138943023858962	125.53687368303933	3.7896807560817756	0.9829575446222922	38.53944197464825	880.8585504642967	-0.04341288711442112
2.7396739130434784	7.033444816053512	2.4861154459395842	0.021864964914535313	2.4861154459395847	0.02186496491453531	2.64747586318853	0.11879975899810162	9.14422971881149	126.0019491374493	3.794745110339054	0.9831812574158638	38.62245680980219	883.5322865621777	-0.04341288711442112
2.743888795986622	7.033444816053512	2.4897683172172687	0.02128986747967859	2.489768317217269	0.02128986747967856	2.6511754403136427	0.1180919993207461	9.14952165146382	126.47033625332327	3.79985371817864	0.9834021651573063	38.705845369488195	886.2274245801541	-0.04341288711442112
2.748103678929766	7.033444816053512	2.4934074774889656	0.020726225991939688	2.4934074774889656	0.020726225991939663	2.654911799598034	0.11738161137879151	9.154816897663556	126.94199303513705	3.8050056477390686	0.9836202924968915	38.78960134629674	888.9436432605916	-0.04341288711442112
2.75231856187291	7.033444816053512	2.4970321505421507	0.020174015345674572	2.4970321505421507	0.020174015345674517	2.6586841720012564	0.116668699525035	9.160113525900686	127.41687617528889	3.810199943113284	0.9838356637740953	38.873718216956995	891.6806072265439	-0.04341288711442112
2.7565334448160534	7.033444816053512	2.5006415984340884	0.019633199027805446	2.5006415984340884	0.019633199027805442	2.6624917764191456	0.11595336848851842	9.165409600029003	127.89494112434404	3.8154356261905575	0.984048303063565	38.958189256884154	894.4379677781146	-0.04341288711442112
2.7607483277591975	7.033444816053512	2.5042351215722363	0.019103729535821838	2.5042351215722363	0.019103729535821838	2.6663338208260985	0.1152357232514279	9.170703181960471	128.37614216257762	3.820711698504766	0.9842582342178294	39.043007554794094	897.2153636967369	-0.04341288711442112
2.764963210702341	7.033444816053512	2.507812058663606	0.01858554881679091	2.5078120586636063	0.01858554881679089	2.670209503417809	0.11451586892831013	9.175992334322606	128.8604324724757	3.8260271430815695	0.9844654809067769	39.12816602732716	900.0124220541113	-0.04341288711442112
2.7691780936454853	7.033444816053512	2.511371786539382	0.018078588724324277	2.511371786539382	0.01807858872432427	2.6741180137498075	0.11379391064805511	9.181275123070012	129.34776421187635	3.8313809262776477	0.9846700666539552	39.21365743362724	902.8287590228047	-0.04341288711442112
2.773392976588629	7.033444816053512	2.5149137198614735	0.017582771490488203	2.5149137198614735	0.017582771490488196	2.678058533867083	0.11306995343908548	9.186549620041133	129.83808858741966	3.836771999604947	0.9848720148697422	39.299474389820226	905.6639806853525	-0.04341288711442112
2.7776078595317726	7.033444816053512	2.518437310718267	0.017098010209685467	2.518437310718267	0.017098010209685446	2.68203023942052	0.11234410211813747	9.19181390545251	130.33135592800465	3.8421993015336153	0.9850713488814582	39.38560938334223	908.5176838390257	-0.04341288711442112
2.7818227424749167	7.033444816053512	2.5219420481170887	0.01662420933162799	2.5219420481170887	0.016624209331627986	2.686032300765969	0.11161646118299533	9.19706607032308	130.8275157579516	3.847661759267399	0.9852680919604965	39.47205478706811	911.3894567934096	-0.04341288711442112
2.7860376254180603	7.033444816053512	2.525427457381207	0.016161265160610037	2.525427457381207	0.01616126516061003	2.690063884042116	0.1108871347094981	9.202304218821995	131.32651686958744	3.8531582904857733	0.9854622673465565	39.55880287319464	914.2788801581489	-0.04341288711442112
2.790252508361204	7.033444816053512	2.5288930994593954	0.015709066358411204	2.5288930994593954	0.01570906635841119	2.694124152223649	0.11015622625309271	9.207526470534145	131.8283073949923	3.858687805047579	0.9856538982690796	39.64584582683685	917.1855276184064	-0.04341288711442112
2.794467391304348	7.033444816053512	2.5323385701559915	0.015267494448302383	2.5323385701559915	0.0152674944483024	2.698212266146259	0.10942383875519554	9.21273096263794	132.3328348766435	3.8642492066510052	0.9858430079659832	39.73317575929634	920.1089666955758	-0.04341288711442112
2.7986822742474917	7.033444816053512	2.5357634992897187	0.01483642431775493	2.5357634992897187	0.014836424317754924	2.7023273855007925	0.10869007445453749	9.217915851991357	132.84004633674394	3.8698413944458543	0.9860296196998112	39.82078472096873	923.0487594912688	-0.04341288711442112
2.8028971571906354	7.033444816053512	2.539167549789021	0.014415724717636563	2.539167549789021	0.014415724717636554	2.706468669793508	0.10795503480369906	9.223079317121922	133.34988834499472	3.875463264593577	0.9862137567714068	39.908664713854286	926.0044634123651	-0.04341288711442112
2.8071120401337795	7.033444816053512	2.5425504167320496	0.014005258755815056	2.5425504167320496	0.014005258755815058	2.710635279270499	0.10721882039092392	9.228219560118212	133.86230708464424	3.8811137117720955	0.9863954425312363	39.9968077036473	928.975631875586	-0.04341288711442112
2.811326923076923	7.033444816053512	2.5459118263387546	0.01360488438328732	2.5459118263387546	0.013604884383287316	2.7148263758038795	0.10648153086734181	9.23333480842001	134.37724841661446	3.8867916306218486	0.9865747003884827	40.085205631375494	931.9618149897708	-0.04341288711442112
2.815541806020067	7.033444816053512	2.5492515349226688	0.013214454871104555	2.5492515349226688	0.013214454871104574	2.71904112373821	0.10574326487964009	9.23842331650572	134.89465794156078	3.892495917130707	0.9867515538180356	40.17385042457002	934.962560214562	-0.04341288711442112
2.819756688963211	7.033444816053512	2.55256932780949	0.01283381927655193	2.5525693278094903	0.012833819276551925	2.723278690695646	0.10500412000821906	9.243483367475884	135.414481059724	3.8982254699555106	0.9869260263655099	40.26273400794757	937.9774129942498	-0.04341288711442112
2.8239715719063545	7.033444816053512	2.5558650182292926	0.012462822897208287	2.5558650182292926	0.012462822897208287	2.72753824833865	0.10426419271083	9.2485132745323	135.9366630284549	3.903979191678396	0.9870981416504195	40.3518483135894	941.0059173656949	-0.04341288711442112
2.8281864548494986	7.033444816053512	2.5591384461888937	0.012101307711684411	2.5591384461888933	0.012101307711684437	2.7318189730894376	0.10352357827166064	9.253511382352922	136.46114901731352	3.909755989996699	0.9872679233676377	40.441185290606626	944.0476165395212	-0.04341288711442112
2.8324013377926422	7.033444816053512	2.562389477330466	0.011749112806004288	2.562389477330466	0.01174911280600428	2.7361200468055302	0.10278237075581044	9.258476068363095	136.98788416066097	3.915554778845406	0.9874353952872718	40.530736914283004	947.1020534538492	-0.04341288711442112
2.836616220735786	7.033444816053512	2.5656180017821146	0.011406074784756155	2.5656180017821146	0.011406074784756167	2.7404406574110354	0.10204066296907854	9.263405743904212	137.51681360767574	3.9213744794516057	0.9876005812530827	40.62049519469002	950.1687713000578	-0.04341288711442112
2.84083110367893	7.033444816053512	2.5688239330058202	0.011072028166289657	2.5688239330058202	0.011072028166289653	2.7447799994836797	0.10129854642294311	9.268298855301547	138.0478825697576	3.9272140213208693	0.9877635051795723	40.710452184772855	953.2473140202706	-0.04341288711442112
2.8450459866220736	7.033444816053512	2.5720072066475472	0.010746805761390844	2.5720072066475477	0.010746805761390813	2.7491372747975094	0.10055611130462838	9.273153884832906	138.58103636527144	3.9330723431554615	0.9879241910478644	40.80059998790537	956.3372267762497	-0.04341288711442112
2.8492608695652173	7.033444816053512	2.5751677793941528	0.01043023903499431	2.575167779394153	0.010430239034994307	2.753511692821781	0.09981344645209292	9.27796935160071	139.11622046162984	3.938948393705088	0.9880826629004964	40.89093076491929	959.4380563897519	-0.04341288711442112
2.8534757525083614	7.033444816053512	2.578305627841114	0.010122158450630627	2.5783056278411145	0.010122158450630612	2.757902471176421	0.09907063933379508	9.282743812309953	139.65338051470084	3.9448411325507213	0.9882389448352409	40.98143674061063	962.5493517543277	-0.04341288711442112
2.857690635451505	7.033444816053512	2.5814207473748363	0.009822393797421043	2.5814207473748363	0.009822393797421053	2.762308836044828	0.09832777603305423	9.287475861955103	140.1924624055573	3.9507495308226273	0.988393060998068	41.07211020973149	965.6706642188133	-0.04341288711442112
2.861905518394649	7.033444816053512	2.5845131510728394	0.00953077449954509	2.58451315107284	0.00953077449954508	2.7667300225448304	0.09758494123682109	9.292164134419005	140.73341227458786	3.956672571853768	0.9885450355753548	41.162943542475965	968.8015479427926	-0.04341288711442112
2.8661204013377928	7.033444816053512	2.5875828686247466	0.009247129908208994	2.5875828686247466	0.009247129908208982	2.7711652750587668	0.09684221822866936	9.29680730298717	141.27617655300114	3.962609251770015	0.988694892785447	41.253929189470306	971.9415602244313	-0.04341288711442112
2.8703352842809364	7.033444816053512	2.590629945276704	0.008971289576229724	2.590629945276704	0.008971289576229698	2.7756138475238865	0.09609968888579341	9.301404080781047	141.82070199177204	3.9685585800188874	0.9888426568696692	41.34505968628042	975.0902618012334	-0.04341288711442112
2.8745501672240805	7.033444816053512	2.5936544408014184	0.008703083515438411	2.593654440801418	0.008703083515438427	2.7800750036842006	0.09535743367981324	9.305953221113867	142.36693568807723	3.9745195798385304	0.9889883520828776	41.436327657449375	978.2472171242571	-0.04341288711442112
2.878765050167224	7.033444816053512	2.5966564284957245	0.008442342437175595	2.5966564284957245	0.008442342437175596	2.784548017305113	0.09461553168116978	9.310453517772768	142.914825109279	3.980491288668873	0.9891320026836403	41.52772582007958	981.411994606456	-0.04341288711442112
2.882979933110368	7.033444816053512	2.5996359942073144	0.00818889797621532	2.5996359942073144	0.008188897976215314	2.7890321723523033	0.09387406056688784	9.31490380523117	143.46431811453306	3.9864727585070994	0.9892736329241298	41.61924698697577	984.5841668459091	-0.04341288711442112
2.887194816053512	7.033444816053512	2.6025932353918915	0.007942582898514386	2.6025932353918915	0.007942582898514402	2.7935267631362226	0.09313309663149619	9.319302958795104	144.01536297408418	3.9924630562095293	0.9894132670398027	41.7108840693647	987.7633108246954	-0.04341288711442112
2.8914096989966556	7.033444816053512	2.6055282602018113	0.007703231293227984	2.6055282602018113	0.007703231293227988	2.7980310944237505	0.09239271480088468	9.323649894687446	144.56790838633336	3.9984612637421124	0.9895509292389378	41.802630079208356	990.9490080842145	-0.04341288711442112
2.895624581939799	7.033444816053512	2.6084411866070054	0.007470678749473644	2.6084411866070054	0.007470678749473633	2.802544481518593	0.09165298864887468	9.327943570073856	145.12190349276017	4.004466478381932	0.9896866436920997	41.894478131129006	994.1408448778918	-0.04341288711442112
2.8998394648829433	7.033444816053512	2.611332141548733	0.007244762518360558	2.6113321415487336	0.007244762518360553	2.8070662503119554	0.09091399041629523	9.33218298303432	145.67729789078555	4.010477812871976	0.9898204345215864	41.98642144396335	997.3384123021084	-0.04341288711442112
2.904054347826087	7.033444816053512	2.614201260126499	0.007025321660827442	2.614201260126499	0.007025321660827447	2.811595737305057	0.09017579103235243	9.33636717248388	146.2340416446611	4.01649439553149	0.9899523257909187	42.078453341963545	1000.541306406271	-0.04341288711442112
2.908269230769231	7.033444816053512	2.6170486848183394	0.006812197181850244	2.6170486848183394	0.006812197181850241	2.816132289605188	0.08943846013807576	9.340495218046449	146.79208529448505	4.022515370324444	0.9900823414944199	42.17056725566452	1003.7491282830289	-0.04341288711442112
2.9124841137123747	7.033444816053512	2.6198745647344617	0.006605232151599475	2.6198745647344612	0.006605232151599484	2.8206752648968516	0.08870206611164227	9.344566239885184	147.35137986343298	4.028539896888411	0.9902105055469326	42.262756722435405	1006.9614841395666	-0.04341288711442112
2.9166989966555183	7.033444816053512	2.622679054904007	0.006404271814136433	2.6226790549040064	0.00640427181413644	2.825224031389521	0.08796667609538726	9.348579398492893	147.91187686329508	4.034567150526104	0.9903368417737138	42.35501538673226	1010.1779853508567	-0.04341288711442112
2.9209138795986624	7.033444816053512	2.625462315594742	0.006209163684239863	2.6254623155947425	0.006209163684239863	2.8297779677437322	0.08723235602429265	9.352533894445928	148.473528298422	4.040596322162163	0.9904613739005445	42.44733700007223	1013.3982484959802	-0.04341288711442112
2.925128762541806	7.033444816053512	2.6282245116651626	0.0060197576329605144	2.628224511665163	0.006019757632960513	2.834336462976891	0.08649917065578498	9.356428968124689	149.03628666816445	4.046626618267206	0.9905841255440844	42.53971542074453	1016.6218953783007	-0.04341288711442112
2.9293436454849497	7.033444816053512	2.63096581194859	0.005835905962493313	2.6309658119485904	0.00583590596249329	2.8388989163505527	0.08576718360064085	9.360263899404147	149.60010496791617	4.052657260751771	0.990705120202505	42.632144613278925	1019.8485530306514	-0.04341288711442112
2.933558528428094	7.033444816053512	2.6336863886685413	0.005657463470957078	2.633686388668542	0.0056574634709570595	2.8434647372404185	0.0850364573548496	9.364038007316957	150.1649366888343	4.058687486832011	0.9908243812464196	42.724618647685865	1023.0778537062723	-0.04341288711442112
2.9377734113712375	7.033444816053512	2.6363864168847577	0.005484287507658309	2.6363864168847577	0.005484287507658311	2.848033344990681	0.0843070533322503	9.367750649692338	150.7307358163447	4.064716548869517	0.9909419319101349	42.81713169848672	1026.3094348565342	-0.04341288711442112
2.941988294314381	7.033444816053512	2.6390660739691096	0.005316238019406976	2.639066073969109	0.005316238019406986	2.8526041687540897	0.08357903189778897	9.371401222773256	151.2974568275167	4.070743714187385	0.9910577952832418	42.90967804355087	1029.542939096376	-0.04341288711442112
2.9462031772575252	7.033444816053512	2.6417255391106016	0.0051531775884385385	2.641725539110602	0.00515317758843853	2.85717664731914	0.08285245240124282	9.37498916081455	151.86505468739935	4.07676826486453	0.9911719943025581	43.0022520627548	1032.7780141583014	-0.04341288711442112
2.950418060200669	7.033444816053512	2.644364992848543	0.004994971462483452	2.644364992848543	0.0049949714624834465	2.861750228925603	0.0821273732112731	9.37851393566416	152.43348484439727	4.082789497510106	0.9912845517444353	43.09484823647806	1036.014312835771	-0.04341288711442112
2.954632943143813	7.033444816053512	2.646984616633163	0.004841487577504013	2.6469846166331634	0.004841487577504016	2.8663243710699517	0.0814038517496514	9.38197505633016	153.00270322479125	4.088806723020322	0.9913954902174402	43.187461143953875	1039.2514929169993	-0.04341288711442112
2.9588478260869566	7.033444816053512	2.649584592412574	0.004692596573609278	2.649584592412574	0.004692596573609284	2.8708985403015874	0.08068194452555115	9.385372068535101	153.5726662264599	4.094819266318984	0.9915048321554151	43.28008546148456	1042.4892171097547	-0.04341288711442112
2.9630627090301003	7.033444816053512	2.6521651022453105	0.0045481718046316575	2.65216510224531	0.00454817180463166	2.8754722120113416	0.07996170716976188	9.388704554260077	154.143330711904	4.100826466083975	0.9916125998109215	43.37271596053941	1045.7271529581515	-0.04341288711442112
2.9672775919732444	7.033444816053512	2.654726327937463	0.004408089341835692	2.654726327937463	0.004408089341835689	2.8800448702132955	0.07924319446871568	9.391972131280143	154.71465400064432	4.106827674461189	0.991718815249072	43.465347505746685	1048.964972752147	-0.04341288711442112
2.971492474916388	7.033444816053512	2.657268450703432	0.004272227972208813	2.6572684507034317	0.004272227972208816	2.8846160073209504	0.07852646039822106	9.395174452692606	155.28659386106077	4.112822256767484	0.9918235003417456	43.557975052792166	1052.2023534304446	-0.04341288711442112
2.975707357859532	7.033444816053512	2.65979165084946	0.004140469191761274	2.65979165084946	0.004140469191761267	2.8891851239189643	0.07781155815678757	9.398311206439969	155.85910850176012	4.1188095911844025	0.9919266767621903	43.65059364623774	1055.4389764776226	-0.04341288711442112
2.9799222408026758	7.033444816053512	2.6622961074789275	0.004012697194247026	2.6622961074789275	0.004012697194247021	2.8937517285312886	0.07709854019845679	9.401382114828623	156.43215656252815	4.1247890684439374	0.9920283659800059	43.74319841727048	1058.6745278160931	-0.04341288711442112
2.9841371237458194	7.033444816053512	2.6647819982185776	0.003888798855693179	2.6647819982185776	0.003888798855693178	2.8983153373868054	0.07638745826503729	9.404386934044759	157.00569710494304	4.130760091507941	0.9921285892565042	43.835784581394414	1061.9086976936449	-0.04341288711442112
2.988352006688963	7.033444816053512	2.6672494989647104	0.003768663715108967	2.66724949896471	0.003768663715108968	2.9028754741832685	0.07567836341766489	9.407325453668397	157.57968960270887	4.136722075242365	0.9922273676404421	43.92834743607476	1065.141180567143	-0.04341288711442112
2.992566889632107	7.033444816053512	2.669698783648536	0.0036521839517234104	2.6696987836485357	0.0036521839517234117	2.9074316698505154	0.07497130606760419	9.410197496186768	158.15409393177654	4.142674446087786	0.9923247219641184	44.02088235834562	1068.3716749830853	-0.04341288711442112
2.996781772575251	7.033444816053512	2.6721300240197627	0.003539254359083409	2.6721300240197623	0.003539254359083415	2.911983462313685	0.07426633600621842	9.413002916507608	158.72887036030437	4.148616641727224	0.992420672839829	44.113384802389874	1071.5998834555157	-0.04341288711442112
3.000996655518395	7.033444816053512	2.674543389447631	0.003429772316323849	2.6745433894476314	0.003429772316323845	2.9165303962572624	0.07356350243403946	9.415741601473378	159.30397953852074	4.154548110752588	0.9925152406566712	44.205850297101016	1074.8255123419558	-0.04341288711442112
3.0052115384615385	7.033444816053512	2.676939046738588	0.0033236377569034175	2.676939046738588	0.0033236377569034205	2.921072022890736	0.07286285398886803	9.418413469376933	159.8793824885422	4.1604683123307264	0.992608445577687	44.29827444363549	1078.048271717839	-0.04341288711442112
3.009426421404682	7.033444816053512	2.679317159969798	0.0032207531350825127	2.679317159969798	0.0032207531350825144	2.9256078997164816	0.0721644387728515	9.421018469479165	160.45504059419576	4.16637671587017	0.9927003075373385	44.39065291296382	1081.2678752500117	-0.04341288711442112
3.0136413043478263	7.033444816053512	2.681677890337736	0.00312102339040185	2.6816778903377365	0.003121023390401846	2.9301375903005726	0.07146830437848148	9.423556581529072	161.03091559089523	4.172272800689452	0.9927908462393015	44.48298144342754	1084.4840400697447	-0.04341288711442112
3.01785618729097	7.033444816053512	2.68402139602119	0.0030243559104034625	2.6840213960211896	0.0030243559104034695	2.9346606640472057	0.07077449791345555	9.426027815286684	161.60696955562346	4.1781560556880715	0.9928800811545704	44.57525583831087	1087.6964866458181	-0.04341288711442112
3.022071070234114	7.033444816053512	2.6863478320578835	0.002930660491821144	2.6863478320578835	0.002930660491821153	2.9391766959771783	0.07008306602436763	9.428432210048886	162.18316489705416	4.184025979020758	0.9929680315198615	44.667471963432114	1090.9049386580366	-0.04341288711442112
3.0262859531772577	7.033444816053512	2.68865735023416	0.0028398493004500964	2.6886573502341595	0.002839849300450099	2.9436852665111584	0.06939405491917257	9.430769834178571	162.75946434586777	4.189882077776056	0.9930547163363032	44.75962574476311	1094.109122871699	-0.04341288711442112
3.0305008361204013	7.033444816053512	2.690950098987001	0.002751836829892759	2.6909500989870017	0.0027518368298927536	2.948185961258109	0.06870751038839408	9.433040784636999	163.33583094529178	4.195723867659829	0.9931401543684044	44.85171316608188	1097.308769013375	-0.04341288711442112
3.034715719063545	7.033444816053512	2.6932262233178252	0.0026665398593625892	2.693226223317825	0.002666539859362589	2.9526783708094464	0.06802347782504084	9.435245186519511	163.9122280419065	4.201550872684468	0.9932243641432866	44.94373026666425	1100.5036096484068	-0.04341288711442112
3.038930602006689	7.033444816053512	2.6954858647174587	0.0025838774107145167	2.6954858647174587	0.0025838774107145124	2.9571620905393625	0.06734200224319349	9.437383192594453	164.4886192767527	4.2073626248644755	0.9933073639501712	45.035673139020695	1103.6933800605248	-0.04341288711442112
3.0431454849498327	7.033444816053512	2.697729161101751	0.0025037707048584474	2.697729161101751	0.002503770704858449	2.9616367204117373	0.06666312829524323	9.439454982845326	165.0649685767727	4.213158663919029	0.993389171840108	45.12753792668287	1106.877818133912	-0.04341288711442112
3.047360367892977	7.033444816053512	2.6999562467572886	0.0024261431176994665	2.6999562467572886	0.002426143117699466	2.966101864794055	0.06598690028774831	9.441460764015794	165.64124014661783	4.218938536982122	0.9934698056259367	45.21932082204497	1110.0566642380813	-0.04341288711442112
3.0515752508361205	7.033444816053512	2.7021672522967166	0.0023509201357380122	2.7021672522967166	0.0023509201357380114	2.9705571322786626	0.06531336219589788	9.44340076915756	166.21739846084895	4.224701798320794	0.993549282882467	45.31101806426406	1113.2296611158517	-0.04341288711442112
3.055790133779264	7.033444816053512	2.7043623046232117	0.002278029311451166	2.7043623046232117	0.002278029311451165	2.975002135511767	0.06464255767655284	9.445275257180615	166.79340825656124	4.230448009062019	0.9936276209468692	45.40262593722451	1116.3965537747922	-0.04341288711442112
3.060005016722408	7.033444816053512	2.706541526903634	0.0022074002185675113	2.7065415269036337	0.0022074002185675113	2.979436491030433	0.06397453007985893	9.447084512405688	167.36923452645516	4.236176736928652	0.9937048369192614	45.494140767569334	1119.5570893823574	-0.04341288711442112
3.064219899665552	7.033444816053512	2.7087050385499802	0.0021389644073370635	2.7087050385499802	0.0021389644073370575	2.983859819107949	0.06330932245941359	9.448828844118536	167.94484251238146	4.241887555984959	0.993780947663486	45.58555892280339	1122.7110171650584	-0.04341288711442112
3.068434782608696	7.033444816053512	2.7108529552086584	0.0020726553598901815	2.7108529552086584	0.002072655359890176	2.9882717436077084	0.0626469775809815	9.45050858612551	168.52019769937448	4.247580046391954	0.9938559698080619	45.67687680947028	1125.8580883118354	-0.04341288711442112
3.0726496655518396	7.033444816053512	2.712985388757319	0.002008408445769301	2.712985388757319	0.0020084084457692992	2.9926718918460127	0.06198753792974791	9.452124096310232	169.09526581020435	4.253253794173176	0.9939299197473039	45.76809087140803	1128.998055882001	-0.04341288711442112
3.0768645484949833	7.033444816053512	2.7151024473088015	0.0019461608777108915	2.7151024473088015	0.0019461608777108946	2.9970598944638995	0.06133104571610985	9.453675756190778	169.67001280045847	4.258908390991025	0.9940028136425999	45.85919758808532	1132.130674717896	-0.04341288711442112
3.081079431438127	7.033444816053512	2.717204235221882	0.001885851667746901	2.717204235221882	0.0018858516677469001	3.001435385308218	0.06067754288000409	9.455163970476873	170.2444048541704	4.264543433934035	0.994074667423833	45.95019347302093	1135.2557013624846	-0.04341288711442112
3.085294314381271	7.033444816053512	2.719290853118516	0.0018274215836880045	2.719290853118516	0.001827421583688002	3.0057980013221335	0.06002707109377486	9.45658916662668	170.81840838001042	4.270158525315353	0.9941454967909433	46.04107507228933	1138.37289398211	-0.04341288711442112
3.0895091973244146	7.033444816053512	2.7213623979072965	0.001770813106044484	2.7213623979072965	0.001770813106044486	3.0101473824452847	0.05937967176358001	9.457951794402742	171.39199000805732	4.275753272482756	0.9942153172156174	46.13183896311498	1141.4820122946292	-0.04341288711442112
3.0937240802675587	7.033444816053512	2.7234189628127825	0.0017159703854351443	2.7234189628127825	0.0017159703854351454	3.0144831715235787	0.05873538602935283	9.459252325426355	171.96511658714996	4.2813272876402495	0.9942841439430966	46.22248175255629	1144.5828175030185	-0.04341288711442112
3.0979389632107024	7.033444816053512	2.7254606374105155	0.0016628392005280576	2.7254606374105155	0.0016628392005280572	3.018805014228893	0.05809425476332301	9.46049125273013	172.537755182843	4.28688018768165	0.9943519919940973	46.313000076282655	1147.675072234714	-0.04341288711442112
3.102153846153846	7.033444816053512	2.7274875076673872	0.0016113669165527234	2.7274875076673872	0.0016113669165527251	3.023112558988647	0.05745631856711335	9.46166909030799	173.10987307596133	4.292411594036109	0.9944188761668327	46.40339059744435	1150.7585404867232	-0.04341288711442112
3.10636872909699	7.033444816053512	2.7294996559871847	0.001561502444417601	2.7294996559871847	0.0015615024444175988	3.0274054569253965	0.056821617767425975	9.46278637266225	173.68143776176976	4.297921132525887	0.9944848110391298	46.49365000563852	1153.8329875767472	-0.04341288711442112
3.110583612040134	7.033444816053512	2.7314971612610455	0.001513196200463082	2.7314971612610455	0.0015131962004630824	3.031683361806433	0.05619019241034095	9.463843654347167	174.2524169497551	4.30340843323639	0.9945498109706332	46.58377501597113	1156.8981801003526	-0.04341288711442112
3.114798494983278	7.033444816053512	2.733480098922635	0.001466400066875326	2.7334800989226355	0.001466400066875325	3.0359459300034843	0.055562082254242466	9.464841509508563	174.8227785640303	4.3088731303985845	0.994613890105087	46.67376236821655	1159.95388589434	-0.04341288711442112
3.1190133779264215	7.033444816053512	2.7354485410078	0.0014210673527831493	2.7354485410078	0.0014210673527831521	3.0401928204624085	0.05493732676140656	9.46578053141891	175.3924907443529	4.314314862283831	0.9946770623726903	46.7636088260753	1162.999874006376	-0.04341288711442112
3.123228260869565	7.033444816053512	2.7374025562185524	0.0013771527560558887	2.737402556218553	0.0013771527560558889	3.0444236946829992	0.05431596508826695	9.466661332007565	175.96152184776813	4.319733271111205	0.9947393414925164	46.853311176530795	1166.0359146709827	-0.04341288711442112
3.127443143812709	7.033444816053512	2.7393422099911398	0.0013346123258177875	2.7393422099911398	0.0013346123258177864	3.048638216708719	0.05369803607440085	9.467484541385558	176.52984045086345	4.3251280029672685	0.9948007409749923	46.942866229305146	1169.0617792919345	-0.04341288711442112
3.131658026755853	7.033444816053512	2.7412675645680444	0.0012934034256906735	2.7412675645680444	0.001293403425690673	3.052836053126382	0.05308357823025926	9.468250807364596	177.09741535263709	4.330498707738235	0.9948612741244278	47.0322708164139	1172.0772404310703	-0.04341288711442112
3.1358729096989966	7.033444816053512	2.7431786790737718	0.0012534846977742258	2.7431786790737713	0.0012534846977742345	3.0570168730757348	0.052472629723678825	9.46896079496994	177.66421557797742	4.335845039054679	0.9949209540415938	47.12152179182133	1175.0820718036803	-0.04341288711442112
3.1400877926421407	7.033444816053512	2.7450756095941586	0.0012148160273712514	2.7450756095941586	0.0012148160273712481	3.0611803482686795	0.05186522836522199	9.469615185946623	178.2302103817355	4.341166654248399	0.9949797936263379	47.21061603119332	1178.0760482802834	-0.04341288711442112
3.1443026755852843	7.033444816053512	2.7469584092591153	0.001177358508461977	2.7469584092591153	0.0011773585084619803	3.065326153018131	0.051261411592379735	9.470214678258824	178.79536925338957	4.346463214321564	0.9950378055802368	47.299550431749424	1181.0589458949553	-0.04341288711442112
3.148517558528428	7.033444816053512	2.7488271283286214	0.0011410744099301234	2.748827128328621	0.0011410744099301237	3.0694539642763488	0.0506612164526818	9.470759985582058	179.3596619222918	4.3517343839279725	0.9950950024092767	47.38832191221283	1184.0305418601206	-0.04341288711442112
3.152732441471572	7.033444816053512	2.750681814281783	0.0011059271425413254	2.7506818142817826	0.0011059271425413243	3.073563461682493	0.05006467958576803	9.471251836787932	179.92305836347828	4.356979831366231	0.9951513964265589	47.47692741285724	1186.990614587802	-0.04341288711442112
3.1569473244147157	7.033444816053512	2.752522511908792	0.0010718812266730152	2.752522511908792	0.0010718812266730146	3.0776543276192307	0.04947183720446834	9.47169097542116	180.4855288040298	4.362199228584607	0.9952069997550238	47.56536389564874	1189.9389437171974	-0.04341288711442112
3.16116220735786	7.033444816053512	2.7543492634056883	0.0010389022607925934	2.7543492634056883	0.0010389022607925945	3.0817262472782434	0.04888272507493961	9.472078159168865	181.047043729975	4.367392251197569	0.9952618243301904	47.653628344483465	1192.8753101486814	-0.04341288711442112
3.1653770903010034	7.033444816053512	2.7561621084716483	0.0010069568906804973	2.7561621084716488	0.0010069568906804977	3.0857789087342398	0.04829737849592668	9.472414159321765	181.60757389370315	4.372558578513437	0.9953158819029063	47.741717765516185	1195.7994960839173	-0.04341288711442112
3.169591973244147	7.033444816053512	2.75796108440878	0.0009760127793921756	2.75796108440878	0.0009760127793921772	3.0898120030273764	0.04771583227719437	9.472699760227467	182.16709032188493	4.377697893573258	0.9953691840421028	47.82962918758166	1198.7112850722235	-0.04341288711442112
3.1738068561872907	7.033444816053512	2.7597462262241246	0.0009460385779531618	2.7597462262241246	0.0009460385779531595	3.093825224253627	0.04713812071720139	9.472935758735535	182.72556432386335	4.382809883200256	0.9954217421375537	47.91735966270335	1201.6104620628466	-0.04341288711442112
3.178021739130435	7.033444816053512	2.7615175667338034	0.0009170038967792838	2.761517566733803	0.0009170038967792852	3.097818269662902	0.04656427758007463	9.473122963634538	183.2829675005038	4.387894238059793	0.9954735674026306	48.00490626668943	1204.4968134631688	-0.04341288711442112
3.1822366220735785	7.033444816053512	2.7632751366691184	0.0008888792778138705	2.7632751366691184	0.0008888792778138714	3.1017908397645853	0.04599433607194824	9.473262195081174	183.8392717534778	4.392950652729452	0.9955246708770552	48.092266099813216	1207.3701272026544	-0.04341288711442112
3.1864515050167226	7.033444816053512	2.7650189647843857	0.0008616361673729632	2.7650189647843852	0.0008616361673729659	3.105742638439989	0.04542832881674576	9.473354284021369	184.394449294945	4.397978825778666	0.9955750634296413	48.1794362875738	1210.2301928022566	-0.04341288711442112
3.1906663879598662	7.033444816053512	2.7667490779664323	0.0008352468896882943	2.7667490779664323	0.0008352468896882917	3.1096733730615616	0.04486628783146178	9.473400071603802	184.9484726576215	4.402978459857854	0.995624755761026	48.26641398153639	1213.0768014492965	-0.04341288711442112
3.19488127090301	7.033444816053512	2.7684655013454798	0.0008096846211380946	2.7684655013454793	0.0008096846211380957	3.1135827546182377	0.04430824450102808	9.473400408585805	185.50131470519068	4.407949261796253	0.9956737584063857	48.353196360246656	1215.9097460773814	-0.04341288711442112
3.199096153846154	7.033444816053512	2.7701682584073444	0.0007849233651542884	2.770168258407344	0.0007849233651542869	3.117470497846712	0.04375422955283002	9.473356154732247	186.05294864304162	4.412890942708371	0.9957220817381344	48.439780630218166	1218.728821451371	-0.04341288711442112
3.2033110367892976	7.033444816053512	2.7718573711066763	0.0007609379277950531	2.7718573711066763	0.000760937927795054	3.1213363213680014	0.043204273030955614	9.473268178207363	186.60334802928816	4.417803218108257	0.9957697359686022	48.52616402698691	1221.5338242569248	-0.04341288711442112
3.2075259197324417	7.033444816053512	2.7735328599811426	0.000737703893970682	2.7735328599811426	0.0007377038939706843	3.1251799478290296	0.042658404270246766	9.47313735496021	187.15248678605184	4.422685808031356	0.9958167311526908	48.61234381623124	1224.3245531945754	-0.04341288711442112
3.2117408026755854	7.033444816053512	2.775194744266324	0.000715197604310785	2.7751947442663245	0.0007151976043107839	3.129001104048618	0.042116651870239726	9.472964568104057	187.7003392109631	4.427538437163285	0.9958630771905033	48.69831729495185	1227.1008090779217	-0.04341288711442112
3.215955685618729	7.033444816053512	2.7768430420111394	0.0006933961326604801	2.776843042011139	0.0006933961326604805	3.1327995211674593	0.04157904366906876	9.472750707290174	188.24687998885113	4.432360834974998	0.9959087838299475	48.78408179270787	1229.8623949356872	-0.04341288711442112
3.220170568561873	7.033444816053512	2.77847777019366	0.0006722772641928208	2.77847777019366	0.000672277264192821	3.13657493480162	0.04104560671741239	9.472496668076714	188.79208420359186	4.437152735863929	0.9959538606693096	48.869634672905946	1232.6091161174336	-0.04341288711442112
3.2243854515050168	7.033444816053512	2.780098944837056	0.0006518194741250543	2.780098944837056	0.0006518194741250533	3.140327085198944	0.04051636725256783	9.472203351293057	189.3359273500674	4.441913879300362	0.9959983171597961	48.95497333413577	1235.3407804024764	-0.04341288711442112
3.2286003344481604	7.033444816053512	2.781706581125533	0.000632001907025551	2.781706581125533	0.0006320019070255509	3.144055717397941	0.03999135067272942	9.471871662400456	189.87838534620937	4.446644009978521	0.9960421626080433	49.04009521154912	1238.0571981117728	-0.04341288711442112
3.2328152173913045	7.033444816053512	2.7833006935200446	0.0006128043566987252	2.783300693520045	0.0006128043566987244	3.1477605813885647	0.039470581511554574	9.47150251084951	190.41943454508421	4.4513428779718085	0.9960854061785926	49.124997778276786	1240.7581822224165	-0.04341288711442112
3.237030100334448	7.033444816053512	2.784881295873592	0.0005942072466349594	2.7848812958735922	0.0005942072466349576	3.151441432274365	0.038954083413097494	9.471096809435315	190.95905174698365	4.456010238891517	0.9961280568963282	49.20967854687871	1243.4435484843984	-0.04341288711442112
3.241244983277592	7.033444816053512	2.786448401545917	0.0005761916110124891	2.7864484015459166	0.0005761916110124891	3.1550980304354734	0.038441879107187577	9.470655473650966	191.49721421148405	4.460645854048435	0.9961701236488795	49.29413507082237	1246.1131155392654	-0.04341288711442112
3.245459866220736	7.033444816053512	2.7880020235173935	0.0005587390762385167	2.7880020235173935	0.0005587390762385153	3.1587301416918603	0.037933990385336507	9.470179421040301	192.03389966943476	4.465249490616703	0.9962116151889836	49.37836494598432	1248.7667050403413	-0.04341288711442112
3.2496747491638796	7.033444816053512	2.789542174501891	0.0005418318430166214	2.7895421745018907	0.0005418318430166235	3.1623375374662523	0.03743043807724857	9.46966957055053	192.5690863348326	4.469820921799185	0.9962525401368085	49.46236581216892	1251.4041417740582	-0.04341288711442112
3.2538896321070236	7.033444816053512	2.7910688670584936	0.0005254526689275968	2.791068867058494	0.0005254526689275958	3.16591999494633	0.0369312420280069	9.46912684188593	193.1027529165593	4.47435992699396	0.996292906982236	49.546135354641	1254.0252537821755	-0.04341288711442112
3.2581045150501673	7.033444816053512	2.7925821137017577	0.0005095848515113672	2.7925821137017577	0.0005095848515113674	3.169477297245376	0.03643642107602271	9.46855215486314	193.6348786299202	4.478866291960895	0.9963327240871034	49.62967130566404	1256.6298724842836	-0.04341288711442112
3.262319397993311	7.033444816053512	2.7940819270104544	0.0004942122118369965	2.7940819270104544	0.0004942122118369966	3.173009233561146	0.03594599303180041	9.46794642876929	194.16544320797414	4.483339808988086	0.996371999687402	49.71297144604209	1259.2178328004404	-0.04341288711442112
3.266534280936455	7.033444816053512	2.7955683197344965	0.0004793190785488282	2.795568319734496	0.000479319078548829	3.1765155993321454	0.03545997465760802	9.467310581723677	194.69442691259525	4.487780277057193	0.9964107418954353	49.79603360665739	1261.7889732733818	-0.04341288711442112
3.2707491638795987	7.033444816053512	2.797041304899907	0.00046489027237627044	2.797041304899907	0.00046489027237627055	3.1799961963909142	0.03497838164810953	9.46664553004402	195.2218105452401	4.492187502007144	0.996448958701932	49.87885566999929	1264.3431361899848	-0.04341288711442112
3.274964046822743	7.033444816053512	2.798500895911661	0.000450911091095164	2.798500895911661	0.00045091109109516344	3.1834508331137887	0.03450122861202323	9.465952187618253	195.7475754573872	4.4965612966956146	0.9964866579781163	49.961435571679765	1266.8801677015979	-0.04341288711442112
3.2791789297658864	7.033444816053512	2.7999471066541854	0.0004373672949289923	2.7999471066541854	0.000437367294928991	3.1868793245665814	0.034028529054874246	9.465231465282848	196.27170356060853	4.500901481157599	0.9965238474777355	50.04377130192947	1269.3999179428536	-0.04341288711442112
3.28339381270903	7.033444816053512	2.8013799515893427	0.0004242450923781374	2.8013799515893423	0.0004242450923781375	3.190281492645658	0.0335602953628948	9.464484270208498	196.79417733623904	4.505207882760401	0.9965605348390422	50.12586090706899	1271.9022411485246	-0.04341288711442112
3.2876086956521737	7.033444816053512	2.802799445851799	0.00041153112646560223	2.802799445851799	0.0004115311264656027	3.193657166214067	0.03309653878812361	9.463711505294391	197.31497984462416	4.509480336354678	0.9965967275867342	50.207702490951995	1274.3869957681968	-0.04341288711442112
3.291823578595318	7.033444816053512	2.80420560534151	0.0003992124613881362	2.80420560534151	0.00039921246138813633	3.197006181232059	0.032637269434762035	9.46291406857176	197.834094733898	4.513718684420651	0.9966324331338499	50.289294216373065	1276.854044578217	-0.04341288711442112
3.2960384615384615	7.033444816053512	2.8055984468132107	0.00038727656956158397	2.8055984468132107	0.00038727656956158457	3.200328380881634	0.03218249624683049	9.462092852617715	198.35150624826932	4.517922777209043	0.9966676587836197	50.37063430643591	1279.3032547906184	-0.04341288711442112
3.3002533444816056	7.033444816053512	2.8069779879628323	0.0003757113190494682	2.8069779879628327	0.0003757113190494671	3.2036236156847937	0.03173222699716201	9.461248743980544	198.86719923579957	4.522092472876388	0.9967024117312759	50.45172104587968	1281.7344981588055	-0.04341288711442112
3.304468227424749	7.033444816053512	2.808344247510568	0.0003645049613644836	2.808344247510568	0.00036450496136448463	3.2068917436148756	0.03128646827778069	9.460382622616995	199.38115915562446	4.5262276376138155	0.996736699065817	50.532552782354934	1284.147651079422	-0.04341288711442112
3.308683110367893	7.033444816053512	2.8096972452805646	0.0003536461196322716	2.809697245280565	0.0003536461196322703	3.210132630200771	0.0308452254916903	9.459495361342729	199.8933720846152	4.530328145769126	0.9967705277717316	50.61312792764808	1286.5425946902787	-0.04341288711442112
3.312897993311037	7.033444816053512	2.811037002277066	0.0003431237771073984	2.8110370022770654	0.00034312377710739935	3.2133461486235624	0.030408502846106442	9.458587825296643	200.40382472344322	4.534393879961522	0.9968039047306793	50.69344495884874	1288.9192149639246	-0.04341288711442112
3.3171128762541806	7.033444816053512	2.812363540756934	0.0003329272660315758	2.8123635407569334	0.0003329272660315759	3.216532179805367	0.0299763033471506	9.457660871420062	200.91250440204237	4.538424731188678	0.9968368367231296	50.77350241945685	1291.2774027966398	-0.04341288711442112
3.3213277591973247	7.033444816053512	2.8136768842983764	0.0003230462568244871	2.8136768842983764	0.000323046256824488	3.21969061248991	0.02954862879603409	9.45671534795134	201.41939908443237	4.542420598925553	0.9968693304299614	50.85329892042476	1293.6170540924763	-0.04341288711442112
3.3255426421404684	7.033444816053512	2.814977057865871	0.00031347074759766015	2.814977057865871	0.00031347074759765933	3.222821343314746	0.0291254797867365	9.4557520939369	201.92449737290548	4.546381391214791	0.9969013924340205	50.93283314113252	1295.9380698422024	-0.04341288711442112
3.329757525083612	7.033444816053512	2.81626408787111	0.0003041910539822531	2.81626408787111	0.00030419105398225285	3.225924276874714	0.028706855705195187	9.454771938759137	202.42778851154725	4.550307024748095	0.9969330292216392	51.01210383029103	1298.2403561967676	-0.04341288711442112
3.3339724080267557	7.033444816053512	2.8175380022300134	0.0002951977992616146	2.8175380022300134	0.00029519779926161346	3.228999325776605	0.028292754730004276	9.453775701682245	202.92926238909536	4.554197424938607	0.9969642471841157	51.09110980677289	1300.523824535259	-0.04341288711442112
3.3381872909698997	7.033444816053512	2.8187988304156177	0.0002864819047999936	2.8187988304156177	0.00028648190479999366	3.2320464106846543	0.02788317383462959	9.452764191416112	203.42890954111036	4.558052525983647	0.9969950526191577	51.16984996036571	1302.7883915269354	-0.04341288711442112
3.3424021739130434	7.033444816053512	2.8200466035068836	0.0002780345807587422	2.820046603506884	0.0002780345807587419	3.2350654603568603	0.027478108791126957	9.45173820569922	203.92672115146368	4.56187227091778	0.9970254517322873	51.248323252446795	1305.0339791872852	-0.04341288711442112
3.3466170568561875	7.033444816053512	2.8212813542333604	0.00026984731709171566	2.8212813542333604	0.00026984731709171604	3.238056411671974	0.027077554175359286	9.45069853090096	204.42268905313392	4.565656611656017	0.9970554506382112	51.32652871657753	1307.260514927954	-0.04341288711442112
3.350831939799331	7.033444816053512	2.822503117015671	0.0002619118748117815	2.822503117015671	0.0002619118748117815	3.2410192096470567	0.026681503373694886	9.44964594164376	204.91680572830796	4.569405509026878	0.9970850553621553	51.404465459014894	1309.467931600336	-0.04341288711442112
3.355046822742475	7.033444816053512	2.823711928001784	0.00025422027752056804	2.823711928001784	0.00025422027752056847	3.243953807445517	0.026289948591170263	9.44858120044545	205.40906430778358	4.573118932795151	0.9971142718411659	51.48213265913836	1311.6561675327143	-0.04341288711442112
3.359261705685619	7.033444816053512	2.82490782509915	0.0002467648031937075	2.82490782509915	0.00024676480319370795	3.2468601663757553	0.025902880861088953	9.44750505738236	205.8994585696867	4.576796861674489	0.9971431059253775	51.559529569792815	1313.8251665609814	-0.04341288711442112
3.3634765886287625	7.033444816053512	2.826090848002587	0.00023953797621424047	2.826090848002587	0.00023953797621424102	3.249738255880198	0.025520290056036985	9.44641824977321	206.38798293748923	4.5804392833294125	0.9971715633792494	51.63665551754396	1315.9748780526513	-0.04341288711442112
3.3676914715719066	7.033444816053512	2.827261038218062	0.00023253255964679167	2.827261038218062	0.00023253255964679202	3.252588053514994	0.02514216490027297	9.445321501884242	206.87463247735278	4.584046194367056	0.9971996498827715	51.71350990284823	1318.1052569243382	-0.04341288711442112
3.3719063545150503	7.033444816053512	2.828418439082305	0.0002257415477455975	2.8284184390823044	0.00022574154774559872	3.2554095449202776	0.02476849298346549	9.444215524655652	207.35940289479132	4.587617600318429	0.9972273710326403	51.7900922001353	1320.2162636525222	-0.04341288711442112
3.376121237458194	7.033444816053512	2.8295630957783446	0.00021915815868945842	2.829563095778344	0.00021915815868945858	3.25820272378118	0.02439926077573394	9.443101015449447	207.8422905306711	4.591153515609306	0.9972547323434062	51.866401957803475	1322.3078642776445	-0.04341288711442112
3.3803361204013376	7.033444816053512	2.8306950553469883	0.00021277582753701435	2.8306950553469883	0.00021277582753701426	3.260967591779661	0.024034453643952465	9.44197865781881	208.32329235655413	4.5946539635208286	0.9972817392485942	51.94243879812872	1324.380030401553	-0.04341288711442112
3.3845510033444817	7.033444816053512	2.8318143666943585	0.00020658819939583232	2.831814366694358	0.0002065881993958329	3.2637041585374162	0.02367405586926794	9.440849121299046	208.8024059694077	4.598118976139979	0.9973083971017979	52.01820241708777	1326.4327391783531	-0.04341288711442112
3.3887658862876253	7.033444816053512	2.832921080595488	0.00020058912279909377	2.832921080595488	0.0002005891227990939	3.2664124415499116	0.023318050665787335	9.439713061219884	209.27962958568364	4.601548594299963	0.9973347111777482	52.09369258409575	1328.4659732986693	-0.04341288711442112
3.3929807692307694	7.033444816053512	2.8340152496941036	0.00019477264328375231	2.834015249694103	0.00019477264328375223	3.269092466111835	0.022966420200379582	9.438571118539196	209.7549620347944	4.604942867510732	0.9973606866733585	52.16890914165971	1330.4797209674248	-0.04341288711442112
3.397195652173913	7.033444816053512	2.835096928498691	0.00018913299716422416	2.835096928498691	0.00018913299716422403	3.271744265234201	0.022619145613539213	9.437423919697931	210.22840275200096	4.608301853879928	0.997386328708747	52.24385200494996	1332.4739758752855	-0.04341288711442112
3.4014105351170567	7.033444816053512	2.836166173374889	0.0001836646054959567	2.836166173374889	0.0001836646054959571	3.2743678795532722	0.02227620704125675	9.436272076495916	210.69995177072875	4.611625620024265	0.9974116423282358	52.3185211612893	1334.448737163747	-0.04341288711442112
3.405625418060201	7.033444816053512	2.837223042534389	0.0001783620682231847	2.8372230425343887	0.00017836206822318535	3.276963357231697	0.021937583637835333	9.435116185988505	211.16960971434173	4.614914240971881	0.9974366325013319	52.392916669563895	1336.404009384167	-0.04341288711442112
3.4098403010033445	7.033444816053512	2.8382675960203807	0.000173220158505569	2.8382675960203807	0.0001732201585055689	3.2795307538520175	0.021603253599597597	9.433956830403533	211.63737778738755	4.618167800055693	0.9974613041236857	52.46703865955621	1338.3398024507478	-0.04341288711442112
3.4140551839464885	7.033444816053512	2.8392998956897175	0.0001682338172183913	2.839299895689717	0.0001682338172183919	3.28207013230295	0.021273194189419153	9.43279457707833	212.1032577663428	4.621386388798195	0.9974856620180329	52.540887331202875	1340.2561315877115	-0.04341288711442112
3.418270066889632	7.033444816053512	2.8403200051919217	0.0001633981476212295	2.8403200051919217	0.00016339814762122943	3.2845815626587576	0.020947381762027022	9.431629978416465	212.56725198988647	4.624570106788066	0.9975097109351174	52.61446295378069	1342.153017270858	-0.04341288711442112
3.422484949832776	7.033444816053512	2.8413279899450927	0.00015870841019020502	2.8413279899450923	0.00015870841019020515	3.2870651220519305	0.020625791790003983	9.430463571863541	213.02936334871225	4.6277190615486825	0.9975334555545982	52.687765865021	1344.0304851635779	-0.04341288711442112
3.4266998327759195	7.033444816053512	2.842323917108985	0.00015416001760889655	2.8423239171089856	0.00015416001760889617	3.289520894539746	0.020308398890428805	9.429295879901916	213.4895952749301	4.630833368399316	0.99755690048594	52.760796470158745	1345.8885660477447	-0.04341288711442112
3.4309147157190636	7.033444816053512	2.84330785555523	0.00014974852991340163	2.8433078555552305	0.00014974852991340133	3.291948970964771	0.019995176852097965	9.428127410063414	213.94795173105328	4.633913150308859	0.9975800502692898	52.833555240914855	1347.7272957494074	-0.04341288711442112
3.4351295986622072	7.033444816053512	2.844279875835007	0.00014546964978686249	2.8442798758350074	0.0001454696497868622	3.294349448809985	0.01968609866325651	9.426958654959945	214.40443719862918	4.636958537743016	0.997602909376338	52.906042714419065	1349.5467150598242	-0.04341288711442112
3.4393444816053513	7.033444816053512	2.845240050144175	0.0001413192179991932	2.845240050144175	0.00014131921799919337	3.2967224320486235	0.019381136539781903	9.425790092331015	214.85905666651473	4.639969668504894	0.9976254822111686	52.978259492072944	1351.346869651787	-0.04341288711442112
3.443559364548495	7.033444816053512	2.846188452286113	0.00013729320898765317	2.8461884522861127	0.00013729320898765303	3.299068030989327	0.019080261953753678	9.424622185107907	215.31181561884463	4.642946687569737	0.9976477731110942	53.05020623835891	1353.1278099917024	-0.04341288711442112
3.4477742474916386	7.033444816053512	2.8471251576323455	0.00013338772657417482	2.8471251576323455	0.00013338772657417485	3.301386362116809	0.01878344566235056	9.423455381493602	215.7627200227029	4.64588974691398	0.9976697863474818	53.1218836795962	1354.889591247501	-0.04341288711442112
3.4519891304347827	7.033444816053512	2.8480502430811403	0.00012959899981540403	2.84805024308114	0.00012959899981540446	3.303677547928557	0.018490657737010394	9.422290115058015	216.21177631554008	4.648799005339185	0.9976915261265668	53.19329260264889	1356.632273192739	-0.04341288711442112
3.4562040133779264	7.033444816053512	2.8489637870142395	0.0001259233789815392	2.8489637870142395	0.00012592337898153927	3.305941716767893	0.018201867592795337	9.421126804847802	216.6589913923554	4.651674628291265	0.997712996590256	53.26443385358885	1358.355920107123	-0.04341288711442112
3.4604188963210705	7.033444816053512	2.849865869251845	0.00012235733166019426	2.849865869251845	0.0001223573316601944	3.3081790026537643	0.017917044017903148	9.419965855510073	217.10437259267394	4.6545167876753855	0.9977342018169232	53.3353083363167	1360.0606006736962	-0.04341288711442112
3.464633779264214	7.033444816053512	2.850756571006008	0.00011889743898159891	2.850756571006008	0.00011889743898159893	3.3103895451076513	0.017636155203266734	9.41880765742926	217.54792768734376	4.65732566166691	0.9977551458221934	53.405917011143856	1361.746387872914	-0.04341288711442112
3.4688486622073578	7.033444816053512	2.8516359748326066	0.00011554039196154002	2.8516359748326066	0.00011554039196154007	3.3125734889780043	0.01735916877218691	9.417652586876603	217.98966486518447	4.660101434519007	0.99777583255972	53.47626089334062	1363.413358873995	-0.04341288711442112
3.4730635451505014	7.033444816053512	2.8525041645820366	0.00011228298795858798	2.8525041645820366	0.0001122829879585882	3.31473098426255	0.017086051809943215	9.416501006171433	218.42959271951122	4.662844296367156	0.9977962659219546	53.546341051652476	1365.061594923674	-0.04341288711442112
3.4772784280936455	7.033444816053512	2.853361225348739	0.00010912212724222719	2.853361225348739	0.00010912212724222689	3.316862185928814	0.016816770893332805	9.415353263853552	218.8677202345565	4.665554443031008	0.9978164497409077	53.616158606787586	1366.6911812326637	-0.04341288711442112
3.481493311036789	7.033444816053512	2.8542072434197423	0.00010605480966860969	2.8542072434197423	0.00010605480966860999	3.3189672537332444	0.016551292120085753	9.414209694866049	219.30405677182	4.668232075814067	0.9978363877889044	53.68571472988027	1368.30220686011	-0.04341288711442112
3.4857081939799333	7.033444816053512	2.8550423062223613	0.00010307813146073189	2.8550423062223613	0.00010307813146073201	3.3210463520393168	0.016289581138108196	9.413070620747893	219.73861205637238	4.670877401301589	0.9978560837793323	53.75501064093306	1369.894764596281	-0.04341288711442112
3.489923076923077	7.033444816053512	2.8558665022711485	0.00010018928208995732	2.8558665022711485	0.00010018928208995727	3.323099649634888	0.016031603174508694	9.411936349835498	220.17139616312937	4.6734906311570406	0.997875541367384	53.8240476072404	1371.4689508437261	-0.04341288711442112
3.4941379598662206	7.033444816053512	2.8566799211142677	0.00009738554125587072	2.8566799211142677	0.00009738554125587081	3.3251273195491766	0.01577732306436439	9.410807177472622	220.6024195031261	4.676071981917527	0.9978947641507935	53.892826941797345	1373.0248654971517	-0.04341288711442112
3.4983528428093646	7.033444816053512	2.8574826532794115	0.00009466427596152804	2.8574826532794115	0.0000946642759615277	3.3271295388696864	0.015526705279183692	9.409683386227972	221.03169280981197	4.678621674788585	0.9979137556705671	53.96135000169662	1374.5626118222708	-0.04341288711442112
3.5025677257525083	7.033444816053512	2.858274790219386	0.00009202293768126141	2.8582747902193857	0.00009202293768126175	3.3291064885593955	0.015279713955027249	9.408565246119782	221.4592271253878	4.681139935438734	0.9979325194117095	54.02961818651721	1376.0822963338878	-0.04341288711442112
3.5067826086956524	7.033444816053512	2.8590564242574774	0.00008945905961829448	2.8590564242574774	0.00008945905961829465	3.3310583532744533	0.01503631292025183	9.40745301484668	221.885033787204	4.683626993794032	0.9979510588039444	54.0976329367067	1377.584028673371	-0.04341288711442112
3.510997491638796	7.033444816053512	2.8598276485327205	0.00008697025404946235	2.8598276485327205	0.000086970254049462	3.3329853211827296	0.01479646572284037	9.406346938024276	222.30912441424098	4.686083083833085	0.9979693772224311	54.16539573196104	1379.0679214858085	-0.04341288711442112
3.5152123745819397	7.033444816053512	2.8605885569451934	0.00008455420975442447	2.8605885569451934	0.00008455420975442447	3.3348875837834737	0.014560135657287204	9.405247249426797	222.7315108936926	4.688508443382804	0.9979874779884755	54.23290808960437	1380.5340902970454	-0.04341288711442112
3.5194272575250833	7.033444816053512	2.861339244101421	0.0000822086895268547	2.861339244101421	0.00008220868952685476	3.336765335728307	0.014327285791009548	9.404154171233138	223.15220536766435	4.6909033139151735	0.9980053643702378	54.30017156297093	1381.9826533907756	-0.04341288711442112
3.5236421404682274	7.033444816053512	2.862079805260008	0.00007993152776511784	2.862079805260008	0.00007993152776511784	3.3386187746438356	0.014097878990256545	9.403067914276749	223.5712202200096	4.693267940345404	0.9980230395834351	54.36718773979252	1383.4137316859292	-0.04341288711442112
3.5278570234113715	7.033444816053512	2.862810336277612	0.00007772062814003766	2.8628103362776125	0.00007772062814003754	3.3404481009561344	0.013871877945490756	9.401988678298867	223.988568063318	4.6956025708317615	0.9980405067920405	54.43395824059385	1384.827448614564	-0.04341288711442112
3.532071906354515	7.033444816053512	2.8635309335552748	0.00007557396133745176	2.8635309335552748	0.00007557396133745185	3.342253517717192	0.01364924519622198	9.40091665220425	224.40426172606269	4.6979074565771555	0.9980577691089775	54.500484717096576	1386.2239300003205	-0.04341288711442112
3.536286789297659	7.033444816053512	2.864241693985333	0.00007348956287323487	2.8642416939853326	0.00007348956287323512	3.344035230433753	0.013429943155268489	9.399852014319341	224.8183142399386	4.700182851633116	0.9980748295968108	54.56676885063748	1387.603303937838	-0.04341288711442112
3.5405016722408025	7.033444816053512	2.864942714898835	0.00007146553097864401	2.864942714898835	0.0000714655309786438	3.345793446898495	0.013213934132431682	9.398794932651851	225.23073882738234	4.70242901270596	0.9980916912684331	54.63281235059911	1388.9657006730547	-0.04341288711442112
3.5447165551839466	7.033444816053512	2.8656340940136538	0.00006950002455380355	2.8656340940136538	0.00006950002455380373	3.347528377023884	0.013001180357566004	9.397745565151576	225.64154888930167	4.704646198965666	0.9981083570877474	54.698616952857364	1390.3112524846879	-0.04341288711442112
3.54893143812709	7.033444816053512	2.8663159293833234	0.00006759126118726294	2.866315929383323	0.0000675912611872632	3.3492402326788318	0.012791644003029535	9.396704059971892	226.05075799301937	4.70683467185762	0.9981248299703457	54.764184418247574	1391.6400935670556	-0.04341288711442112
3.5531463210702343	7.033444816053512	2.8669883193466608	0.0000657375152396006	2.8669883193466603	0.00006573751523960055	3.3509292275282814	0.012585287205505027	9.395670555731465	226.4583798604427	4.708994694917328	0.9981411127841845	54.82951653104994	1392.9523599142806	-0.04341288711442112
3.557361204013378	7.033444816053512	2.8676513624782456	0.00006393711598910863	2.8676513624782456	0.00006393711598910861	3.3525955768758657	0.012382072087180233	9.39464518177569	226.86442835646352	4.711126533588327	0.9981572083502543	54.89461509749633	1394.2481892060666	-0.04341288711442112
3.5615760869565216	7.033444816053512	2.868305157539815	0.00006218844583763827	2.868305157539815	0.00006218844583763826	3.3542394975098015	0.012181960776279097	9.393628058437585	227.2689174776064	4.71323045504354	0.9981731194432475	54.959481944300784	1395.5277206952014	-0.04341288711442112
3.5657909698996653	7.033444816053512	2.8689498034326113	0.00006048993857475833	2.8689498034326113	0.00006048993857475853	3.3558612075520657	0.01198491542693905	9.392619297297609	227.67186134091943	4.715306728010049	0.9981888487922198	55.02411891721356	1396.7910950967864	-0.04341288711442112
3.5700058528428094	7.033444816053512	2.8695853991507527	0.00005884007769840531	2.8695853991507527	0.000058840077698405285	3.3574609263110218	0.011790898238427891	9.391619001442145	228.07327417312655	4.717355622597605	0.998204399081249	55.08852787960145	1398.0384544794229	-0.04341288711442112
3.5742207357859535	7.033444816053512	2.8702120437356355	0.00005723739479028453	2.870212043735636	0.00005723739479028445	3.3590388741375308	0.011599871473698623	9.390627265720232	228.47317030003728	4.719377410130865	0.9982197729500896	55.15271071105458	1399.2699421583593	-0.04341288711442112
3.578435618729097	7.033444816053512	2.8708298362314264	0.00005568046794431045	2.870829836231427	0.00005568046794431028	3.360595272284624	0.011411797477281512	9.389644176998239	228.87156413622154	4.721372362985483	0.9982349729948213	55.21666930602085	1400.4857025906833	-0.04341288711442112
3.5826505016722408	7.033444816053512	2.8714388756416986	0.00005416792024641398	2.8714388756416986	0.00005416792024641386	3.362130342770887	0.01122663869251055	9.388669814412285	229.26847017496	4.72334075442828	0.9982500017684955	55.28040557246998	1401.6858812727437	-0.04341288711442112
3.5868653846153844	7.033444816053512	2.8720392608871848	0.000052698418304131	2.8720392608871848	0.00005269841830413117	3.3636443082474745	0.01104435767808981	9.387704249617924	229.66390297846087	4.725282858461365	0.9982648617817758	55.343921430586455	1402.870624639716	-0.04341288711442112
3.5910802675585285	7.033444816053512	2.872631090764722	0.00005127067082439247	2.872631090764722	0.00005127067082439252	3.3651373918689096	0.010864917123999795	9.386747547037022	230.0578771683561	4.72719894967043	0.9982795555035734	55.40721881149294	1404.0400799674806	-0.04341288711442112
3.595295150501672	7.033444816053512	2.8732144639073773	0.000049883427237995534	2.873214463907377	0.000049883427237995765	3.3666098171676304	0.010688279866749353	9.385799764101463	230.45040741647136	4.729089303077212	0.9982940853616795	55.47029965600478	1405.1943952768154	-0.04341288711442112
3.5995100334448162	7.033444816053512	2.8737894787458087	0.0000485354763692805	2.8737894787458087	0.00004853547636928051	3.368061807932388	0.010514408903977146	9.384860951493607	230.84150843588083	4.73095419399622	0.9983084537433916	55.53316591341648	1406.3337192400002	-0.04341288711442112
3.60372491638796	7.033444816053512	2.874356233470818	0.0000472256451495882	2.874356233470818	0.00004722564514958815	3.3694935880904056	0.01034326740841087	9.38393115338308	231.2311949722324	4.732793897895677	0.9983226629961349	55.595819540319354	1407.4582010897893	-0.04341288711442112
3.6079397993311035	7.033444816053512	2.874914825997162	0.000045952797373091386	2.874914825997162	0.000045952797373091345	3.3709053815934	0.010174818741189695	9.383010407659947	231.6194817953588	4.734608690262776	0.9983367154280792	55.65826249945202	1408.567990530863	-0.04341288711442112
3.612154682274247	7.033444816053512	2.8754653539285986	0.0000447158324936609	2.8754653539285986	0.00004471583249366089	3.3722974123074203	0.010009026464559635	9.38209874616396	232.00638369116356	4.736398846473264	0.9983506133087506	55.720496758583764	1409.6632376537518	-0.04341288711442112
3.6163695652173913	7.033444816053512	2.876007914524178	0.000043513684461443213	2.8760079145241777	0.000043513684461443376	3.37366990390651	0.009845854353949987	9.381196194909805	232.39191545378696	4.7381646416653105	0.9983643588696373	55.78252428943034	1410.7440928512451	-0.04341288711442112
3.6205844481605354	7.033444816053512	2.876542604665776	0.00004234532059788754	2.876542604665776	0.000042345320597887365	3.375023079770144	0.009685266409442008	9.38030277430812	232.77609187804308	4.739906350617673	0.9983779543047903	55.84434706660277	1411.8107067372903	-0.04341288711442112
3.624799331103679	7.033444816053512	2.8770695208268657	0.000041209740507977194	2.8770695208268653	0.00004120974050797752	3.3763571628844558	0.009527226866638974	9.379418499382274	233.1589277521338	4.741624247632155	0.9983914017714195	55.90596706658908	1412.8632300684073	-0.04341288711442112
3.6290142140468227	7.033444816053512	2.8775887590425677	0.00004010597502846079	2.8775887590425677	0.000040105975028460805	3.377672375747265	0.009371700206949407	9.378543379980867	233.54043785063752	4.743318606420454	0.998404703390483	55.967386266770106	1413.9018136676889	-0.04341288711442112
3.6332290969899663	7.033444816053512	2.878100414880867	0.000039033085210940426	2.8781004148808664	0.00003903308521094051	3.3789689402767134	0.009218651167296569	9.377677420985542	233.92063692775577	4.744989699995035	0.9984178612472715	56.02860664446619	1414.9266083511613	-0.04341288711442112
3.6374439799331104	7.033444816053512	2.878604583415114	0.00003799016133865974	2.878604583415114	0.00003799016133865973	3.3802470777236904	0.009068044749263657	9.376820622514515	234.29953971083745	4.7466378005644545	0.9984308773919862	56.08963017601872	1415.9377648568084	-0.04341288711442112
3.641658862876254	7.033444816053512	2.8791013591977124	0.00003697632197591742	2.8791013591977124	0.00003697632197591731	3.3815070085878123	0.008919846227691028	9.37597298012133	234.6771608941552	4.748263179432712	0.998443753840312	56.15045883590307	1416.9354337759821	-0.04341288711442112
3.645873745819398	7.033444816053512	2.879590836235008	0.00003599071304903096	2.879590836235008	0.000035990713049030864	3.3827489525370273	0.008774021158734815	9.375134484989085	235.05351513294556	4.749866106902802	0.9984564925739835	56.211094595874435	1417.919765487341	-0.04341288711442112
3.650088628762542	7.033444816053512	2.8800731079633657	0.00003503250695783209	2.880073107963366	0.00003503250695783209	3.3839731283307297	0.008630535387403925	9.374305124119932	235.42861703769964	4.751446852184316	0.9984690955413459	56.27153942414538	1418.8909100932183	-0.04341288711442112
3.6543035117056855	7.033444816053512	2.8805482672264247	0.0000341009017166777	2.8805482672264247	0.00003410090171667778	3.385179753746357	0.008489355054585972	9.37348488051991	235.80248116870547	4.7530056833050915	0.9984815646579089	56.331795284595586	1419.8490173584426	-0.04341288711442112
3.658518394648829	7.033444816053512	2.8810164062534964	0.00003319512012402671	2.881016406253497	0.00003319512012402666	3.3863690455094058	0.008350446603578443	9.37267373337909	236.17512203083515	4.75454286702683	0.998493901806896	56.391864136012664	1420.794236651559	-0.04341288711442112
3.662733277591973	7.033444816053512	2.8814776166390805	0.00003231440895963427	2.8814776166390805	0.00003231440895963429	3.3875412192267493	0.008213776786138317	9.37187165824689	236.54655406856781	4.756058668764533	0.9985061088397851	56.45174793136358	1421.7267168883877	-0.04341288711442112
3.6669481605351173	7.033444816053512	2.8819319893235367	0.00003145803820844618	2.881931989323537	0.00003145803820844609	3.3886964893233347	0.008079312668062801	9.371078627202902	236.9167916612575	4.757553352509924	0.9985181875768451	56.51144861709754	1422.6466064780095	-0.04341288711442112
3.671163043478261	7.033444816053512	2.8823796145748073	0.000030625300310330774	2.8823796145748073	0.00003062530031033074	3.389835068981991	0.007947021634319196	9.370294609022825	237.2858491186207	4.759027180758499	0.9985301398076651	56.57096813247806	1423.5540532709858	-0.04341288711442112
3.6753779264214046	7.033444816053512	2.8828205819712216	0.000029815509434774335	2.8828205819712216	0.000029815509434774328	3.3909571700864505	0.007816871393733457	9.369519569339829	237.65374067645678	4.760480414440306	0.998541967291677	56.63030840894478	1424.4492045098748	-0.04341288711442112
3.6795928093645482	7.033444816053512	2.8832549803853476	0.00002902800077972817	2.8832549803853467	0.00002902800077972834	3.3920630031674013	0.007688829983256374	9.368753470801256	238.02048049258272	4.761913312854317	0.9985536717586716	56.6894713695042	1425.3322067819718	-0.04341288711442112
3.6838076923076923	7.033444816053512	2.8836828979688924	0.000028262129893788503	2.883682897968893	0.000028262129893788367	3.3931527773516144	0.0075628657718172735	9.367996273220813	238.38608264299125	4.763326133606444	0.9985652549093093	56.74845892814973	1426.2032059743046	-0.04341288711442112
3.688022575250836	7.033444816053512	2.884104422138535	0.000027517272020956485	2.884104422138535	0.000027517272020956573	3.3942267003138524	0.00743894746378425	9.367247933725968	238.75056111820248	4.764719132550753	0.9985767184156222	56.80727298930749	1427.062347230633	-0.04341288711442112
3.69223745819398	7.033444816053512	2.884519639562809	0.000026792821467199006	2.884519639562809	0.000026792821467199114	3.395284978231797	0.00731704410203989	9.36650840690116	239.11392981983823	4.766092563734339	0.9985880639215122	56.865915447312055	1427.9097749107277	-0.04341288711442112
3.6964523411371237	7.033444816053512	2.8849286361498776	0.00002608819098810526	2.8849286361498776	0.00002608819098810527	3.396327815743613	0.007197125070690985	9.36577764492626	239.47620255737746	4.767446679345252	0.9985992930432398	56.92438818590659	1428.7456325515648	-0.04341288711442112
3.7006672240802674	7.033444816053512	2.8853314970362622	0.00002540281119691867	2.8853314970362622	0.00002540281119691864	3.397355415908287	0.007079160097423022	9.365055597710828	239.837393045116	4.768781729663748	0.9986104073699078	56.98269307777037	1429.5700628306165	-0.04341288711442112
3.704882107023411	7.033444816053512	2.8857283065764445	0.00002473612999227394	2.8857283065764445	0.000024736129992273986	3.398367980168536	0.00696311925551499	9.364342213023932	240.19751489930576	4.7700979630165765	0.9986214084639389	57.040831984071005	1430.3832075310575	-0.04341288711442112
3.709096989966555	7.033444816053512	2.8861191483333686	0.00002408761200496642	2.8861191483333686	0.00002408761200496643	3.3993657083163034	0.00684897296552683	9.363637436619765	240.5565816354807	4.771395625734372	0.9986322978615444	57.09880675404207	1431.185207508937	-0.04341288711442112
3.713311872909699	7.033444816053512	2.886504105069757	0.000023456738063126803	2.886504105069757	0.00002345673806312675	3.400348798460673	0.0067366919966736424	9.362941212359011	240.91460666595466	4.772674962111885	0.9986430770731888	57.156619224584134	1431.9762026621656	-0.04341288711442112
3.717526755852843	7.033444816053512	2.8868832587402533	0.000022843004675175335	2.8868832587402533	0.00002284300467517523	3.4013174469981777	0.006626247467899366	9.362253482326084	241.2716032974898	4.77393621437112	0.9986537475840458	57.21427121988963	1432.756331901342	-0.04341288711442112
3.7217416387959865	7.033444816053512	2.8872566904843833	0.00002224592352995629	2.887256690484383	0.000022245923529956324	3.402271848585461	0.006517610848662425	9.361574186942397	241.6275847291347	4.775179622627267	0.998664310854449	57.27176455109092	1433.525733122383	-0.04341288711442112
3.72595652173913	7.033444816053512	2.8876244806202362	0.00002166502101348248	2.8876244806202362	0.000021665021013482506	3.4032121961141093	0.006410753959446719	9.360903265075558	241.9825640502152	4.776405424857227	0.9986747683203342	57.32910101592982	1434.2845431808123	-0.04341288711442112
3.7301714046822743	7.033444816053512	2.88798670863892	0.000021099837741720008	2.8879867086389206	0.000021099837741719998	3.4041386806876726	0.006305648972009811	9.36024065414471	242.33655423848262	4.777613856870764	0.9986851213936775	57.386282398448856	1435.032897867744	-0.04341288711442112
3.734386287625418	7.033444816053512	2.888343453199722	0.000020549928108876644	2.888343453199722	0.000020549928108876637	3.405051491600771	0.006202268409380096	9.359586290222092	242.68956815841113	4.778805152284204	0.9986953714629241	57.4433104687039	1435.7709318875147	-0.04341288711442112
3.738601170568562	7.033444816053512	2.8886947921259494	0.000020014859850671213	2.88869479212595	0.000020014859850671196	3.4059508163202032	0.00610058514561545	9.358940108130843	243.04161855963775	4.779979542496494	0.9987055198934127	57.50018698249643	1436.4987788368471	-0.04341288711442112
3.7428160535117057	7.033444816053512	2.889040802401448	0.000019494213622073993	2.8890408024014484	0.00001949421362207392	3.406836840467991	0.006000572405334002	9.35830204153916	243.39271807554053	4.7811372566676145	0.9987155680277919	57.556913681125536	1437.2165711855482	-0.04341288711442112
3.7470309364548493	7.033444816053512	2.8893815601677417	0.000018987582589032327	2.8893815601677417	0.000018987582589032365	3.407709747806278	0.005902203763029235	9.357672023050894	243.7428792219493	4.782278521699261	0.9987255171864308	57.6134922911591	1437.9244402586887	-0.04341288711442112
3.751245819397993	7.033444816053512	2.8897171407218014	0.000018494572033704655	2.889717140721802	0.000018494572033704587	3.408569720224041	0.0058054531421791195	9.357049984292699	244.0921143959863	4.783403562217665	0.9987353686678223	57.66992452422279	1438.6225162201836	-0.04341288711442112
3.755460702341137	7.033444816053512	2.8900476185143895	0.00001801479897274794	2.890047618514389	0.00001801479897274798	3.4094169377254984	0.005710294814161071	9.356435855997752	244.44043587502787	4.784512600558534	0.9987451237489811	57.72621207680733	1439.3109280577787	-0.04341288711442112
3.759675585284281	7.033444816053512	2.8903730671489893	0.0000175478917882145	2.8903730671489893	0.00001754789178821445	3.410251578420224	0.005616703396981797	9.35582956808625	244.78785581578884	4.785605856754011	0.9987547836858337	57.7823566300926	1439.9898035693577	-0.04341288711442112
3.763890468227425	7.033444816053512	2.89069355938125	0.000017093489870631964	2.89069355938125	0.00001709348987063198	3.4110738185147764	0.0055246538538335525	9.355231049742573	245.13438625351372	4.786683548521505	0.9987643497136036	57.83835984978786	1440.6592693505047	-0.04341288711442112
3.7681053511705684	7.033444816053512	2.8910091671189697	0.000016651243273853048	2.8910091671189697	0.000016651243273853065	3.411883832305906	0.005434121491484885	9.354640229489407	245.48003910128318	4.787745891254442	0.9987738230471892	57.89422338598831	1441.319450783332	-0.04341288711442112
3.772320234113712	7.033444816053512	2.891319961422575	0.000016220812381273736	2.8913199614225746	0.000016220812381273824	3.4126817921752184	0.005345081958516214	9.354057035258828	245.82482614942367	4.788793098014776	0.9987832048815348	57.949948873046814	1441.9704720264945	-0.04341288711442112
3.776535117056856	7.033444816053512	2.8916260125060673	0.00001580186758303767	2.8916260125060673	0.000015801867583037685	3.4134678685852116	0.005257511243409361	9.353481394460365	246.16875906501542	4.789825379527213	0.9987924963919972	58.00553792946032	1442.6124560063486	-0.04341288711442112
3.78075	7.033444816053512	2.891927389738422	0.000015394088963851895	2.8919273897384223	0.00001539408896385187	3.414242230076655	0.0051713856724993085	9.352913234046236	246.51184939149778	4.790842944175041	0.9988016987347041	58.06099215777009	1443.2455244092007	-0.04341288711442112