2.5205	7.953177257525083	2.347107094575881	0.05850727450203975	2.347107094575881	0.05850727450203977	2.5906601836551806	0.13145503415226148	8.916251908880705	112.2094372730158	3.660770756163771	0.9654777266656082	35.434729204350774	1017.9165856534157	-0.04341288711442112
2.524714882943144	7.953177257525083	2.3492952240083484	0.05779592712771355	2.349295224008348	0.05779592712771362	2.5916263269082473	0.13108142294026803	8.918973818752985	112.47600084137625	3.6634018893036924	0.9659631565355996	35.50027098786723	1020.2491937955227	-0.04341288711442112
2.528929765886288	7.953177257525083	2.3515176801146804	0.05708295999144814	2.3515176801146804	0.05708295999144819	2.5926296988462267	0.13070377135670977	8.921736375743711	112.74511484143619	3.6660458705793872	0.9664395145374887	35.56582717711293	1022.5764918749638	-0.04341288711442112
2.5331446488294316	7.953177257525083	2.3537741156400527	0.05636855360291708	2.3537741156400527	0.05636855360291707	2.5936703697913193	0.13032210745973483	8.924539576612013	113.01679481537687	3.6687040297053826	0.9669070827037985	35.63141194386656	1024.8996734001796	-0.04341288711442112
2.5373595317725752	7.953177257525083	2.3560641705461176	0.055652890383577465	2.3560641705461176	0.055652890383577534	2.5947484129752056	0.12993645842470816	8.92738341133801	113.29105652285259	3.6713776539474487	0.967366130650675	35.6970389854595	1027.2198940442242	-0.04341288711442112
2.5415744147157193	7.953177257525083	2.3583874712771498	0.054936154715425844	2.3583874712771498	0.05493615471542582	2.5958639038563884	0.12954685065004515	8.930267862115572	113.5679158992372	3.674067989381654	0.9678169162246392	35.76272154336201	1029.5382730482852	-0.04341288711442112
2.545789297658863	7.953177257525083	2.360743630064432	0.05421853297539299	2.360743630064432	0.05421853297539299	2.5970169194480603	0.12915330985893597	8.933192902350612	113.8473890140804	3.676776242033139	0.9682596861083794	35.828472420213224	1031.8558945165396	-0.04341288711442112
2.550004180602007	7.953177257525083	2.3631322442701883	0.05350021355529076	2.3631322442701888	0.05350021355529065	2.5982075376554103	0.12875586119722293	8.93615849566471	114.12949202971173	3.679503578902181	0.9686946763886306	35.894303995400264	1034.173808609079	-0.04341288711442112
2.5542190635451507	7.953177257525083	2.365552895772393	0.052781386867223425	2.365552895772393	0.05278138686722344	2.5994358366213057	0.12835452932768326	8.939164594903943	114.414241159929	3.6822511288843667	0.9691221130889217	35.960228239281996	1036.4930326389883	-0.04341288711442112
2.5584339464882944	7.953177257525083	2.368005150392132	0.052062245334347834	2.368005150392132	0.05206224533434795	2.6007018940796147	0.12794933852092258	8.942211141153159	114.70165262872892	3.6850199835917006	0.9695422126697686	36.026256726149164	1038.814552079526	-0.04341288711442112
2.5626488294314385	7.953177257525083	2.370488557365169	0.05134298336688619	2.370488557365169	0.05134298336688626	2.6020057867154427	0.1275403127430746	8.94529806275609	114.99174262903806	3.6878111980807446	0.9699551824986651	36.092400646004194	1041.1393214867812	-0.04341288711442112
2.566863712374582	7.953177257525083	2.373002648859593	0.05062379732328308	2.3730026488595923	0.05062379732328309	2.6033475895318197	0.12712747574046473	8.948425274341819	115.28452728141693	3.690625791493835	0.9703612212920485	36.15867081523992	1043.4682653429834	-0.04341288711442112
2.5710785953177258	7.953177257525083	2.3755469395415254	0.049904885456414465	2.375546939541526	0.04990488545641435	2.604727375222509	0.12671085112137712	8.9515926758586	115.5800225927202	3.6934647476191445	0.9707605195312451	36.2250776862923	1045.8022788254175	-0.04341288711442112
2.57529347826087	7.953177257525083	2.378120926190862	0.04918644784478007	2.3781209261908622	0.04918644784477997	2.606145213550681	0.12629046243504988	8.954800151615899	115.87824441469873	3.6963290153749626	0.9711532598542413	36.29163135633603	1048.1422285054823	-0.04341288711442112
2.5795083612040135	7.953177257525083	2.3807240873691957	0.04846868630861801	2.3807240873691957	0.048468686308617996	2.607601170733472	0.12586633324798638	8.958047569336022	116.17920840254743	3.699219509223587	0.9715396174249844	36.35834157509053	1050.4889529823704	-0.04341288711442112
2.583723244147157	7.953177257525083	2.383355883141985	0.047751804310928694	2.3833558831419857	0.04775180431092865	2.60909530883244	0.12543848721767029	8.9613347792167	116.48292997340315	3.702137109519866	0.9719197602817932	36.42521775179848	1052.8432634555666	-0.04341288711442112
2.5879381270903012	7.953177257525083	2.3860157548571053	0.04703600684341618	2.3860157548571053	0.04703600684341623	2.610627685150147	0.1250069481637435	8.964661613006236	116.78942426480911	3.705082662799381	0.9722938496663289	36.49226896143719	1055.205944240195	-0.04341288711442112
2.592153010033445	7.953177257525083	2.388703124981902	0.04632150029740057	2.3887031249819013	0.04632150029740072	2.61219835163326	0.12457174013668612	8.968027883093145	117.09870609317575	3.708056982011145	0.9726620403344779	36.55950395022048	1057.5777532291263	-0.04341288711442112
2.596367892976589	7.953177257525083	2.3914173970007293	0.04560849231981126	2.3914173970007293	0.04560849231981124	2.6138073542825526	0.12413288748403752	8.971433381612119	117.41078991226422	3.711060846699457	0.9730244808503886	36.62693114044533	1059.9594223055512	-0.04341288711442112
2.6005827759197326	7.953177257525083	2.3941579553749794	0.04489719165440928	2.3941579553749794	0.044897191654409314	2.615454732570435	0.12369041491416678	8.97487787956855	117.7256897717396	3.714095003139615	0.9733813138648191	36.69455863473663	1062.3516577096864	-0.04341288711442112
2.6047976588628763	7.953177257525083	2.396924165567475	0.04418780796845476	2.396924165567475	0.04418780796845478	2.6171405188667762	0.12324434755759225	8.978361125984039	118.04341927584501	3.717160164432129	0.9737326763788662	36.76239421974207	1064.755140363176	-0.04341288711442112
2.6090125418060204	7.953177257525083	2.3997153741328217	0.04348055166510537	2.399715374132822	0.04348055166510538	2.61886473787365	0.1227947110258528	8.981882847065043	118.36399154224563	3.7202570105596813	0.9740786999940625	36.83044536932424	1067.1705261544846	-0.04341288711442112
2.613227424749164	7.953177257525083	2.402530908875399	0.04277563368188045	2.4025309088753986	0.04277563368188047	2.6206274060701182	0.1223415314678931	8.985442745397608	118.68741916111821	3.72338618841156	0.9744195111497638	36.89871924730044	1069.598446188786	-0.04341288711442112
2.6174423076923077	7.953177257525083	2.4053700790762425	0.04207326527561618	2.4053700790762425	0.04207326527561622	2.622428531167939	0.12188483562394162	8.989040499170686	119.01371415455351	3.7265483117797906	0.9747552313486788	36.96722270977557	1072.039507005545	-0.04341288711442112
2.6216571906354518	7.953177257525083	2.408232175789886	0.04137365779441223	2.4082321757898866	0.04137365779441222	2.6242681115792568	0.12142465087684687	8.992675761430817	119.34288793634593	3.729743961331238	0.975085977371328	37.035962307112875	1074.4942907669495	-0.04341288711442112
2.6258720735785954	7.953177257525083	2.4111164722121163	0.04067702243713174	2.411116472212116	0.04067702243713176	2.626146135897599	0.120961005300809	8.996348159371285	119.67495127226698	3.7329736845602133	0.9754118614801692	37.10494428558871	1076.963355420476	-0.04341288711442112
2.6300869565217395	7.953177257525083	2.4140222241190896	0.03998357000111931	2.4140222241190896	0.03998357000111932	2.6280625823932837	0.12049392770746722	9.000057293658532	120.00991424090468	3.736237995725582	0.9757329916140672	37.17417458877285	1079.4472348385464	-0.04341288711442112
2.634301839464883	7.953177257525083	2.4169486703780794	0.039293510618875434	2.41694867037808	0.03929351061887545	2.6300174185245937	0.1200234476892811	9.003802737798877	120.34778619516814	3.7395373757767083	0.9760494715737379	37.24365885867731	1081.9464389383763	-0.04341288711442112
2.638516722408027	7.953177257525083	2.4198950335297646	0.03860705348450374	2.419895033529764	0.0386070534845038	2.63201060046611	0.11954959566013827	9.007584037548684	120.68857572456231	3.742872272272352	0.9763614011987507	37.31340243671482	1084.461453784979	-0.04341288711442112
2.642731605351171	7.953177257525083	2.4228605204415805	0.03792440657083849	2.4228605204415805	0.03792440657083852	2.634042072655587	0.11907240289312575	9.011400710370923	121.03229061833534	3.746243099296615	0.9766688765366328	37.38341036450742	1086.992741680266	-0.04341288711442112
2.6469464882943146	7.953177257525083	2.4258443230312388	0.03724577633824418	2.425844323031239	0.03724577633824414	2.6361117673607652	0.11859190155540357	9.01525224494118	121.37893782960779	3.749650237375927	0.9769719900045762	37.45368738458389	1089.5407412410775	-0.04341288711442112
2.651161371237458	7.953177257525083	2.4288456190592362	0.03657136743614458	2.428845619059236	0.03657136743614459	2.638219604267666	0.11810812474010193	9.019138100706142	121.7285234405998	3.7530940334010525	0.9772708305442084	37.52423794100481	1092.1058674690028	-0.04341288711442112
2.6553762541806023	7.953177257525083	2.431863572988624	0.03590138239843073	2.4318635729886235	0.03590138239843078	2.6403654900917686	0.11762110649518405	9.023057707497477	122.08105262906759	3.756574800557993	0.9775654837698606	37.595066179952376	1094.6885118147231	-0.04341288711442112
2.659591137123746	7.953177257525083	2.4348973369099682	0.03523602133396154	2.4348973369099687	0.03523602133396151	2.642549318213539	0.11713088184920732	9.027010465203858	122.43652963606513	3.7600928182714792	0.9778560321107269	37.66617595032054	1097.289042239535	-0.04341288711442112
2.6638060200668896	7.953177257525083	2.437946051528966	0.03457548161343836	2.4379460515289653	0.034575481613438416	2.6447709683397513	0.11663748683392411	9.030995743503908	122.79495773514685	3.7636483321647187	0.9781425549472791	37.73757080434043	1099.9078032766768	-0.04341288711442112
2.6680209030100337	7.953177257525083	2.441008847213808	0.03391995755399304	2.441008847213808	0.03391995755399307	2.647030306192065	0.11614095850365959	9.035012881662684	123.15633920313037	3.767241554038998	0.9784251287422763	37.8092539982752	1102.545116095029	-0.04341288711442112
2.6722357859531773	7.953177257525083	2.4440848450988497	0.03326964010288923	2.4440848450988493	0.033269640102889284	2.6493271832241194	0.11564133495142512	9.039061188393882	123.52067529252656	3.770872661876361	0.9787038271666769	37.88122849321527	1105.2012785675383	-0.04341288711442112
2.6764506688963214	7.953177257525083	2.447173158240836	0.03262471652177166	2.447173158240836	0.03262471652177168	2.651661436368541	0.11513865532171687	9.04313994179017	123.88796620575366	3.774541799868676	0.978978721220738	37.95349695600522	1107.8765653467792	-0.04341288711442112
2.680665551839465	7.953177257525083	2.450272892823494	0.03198537007293764	2.450272892823494	0.031985370072937634	2.6540328878150827	0.1146329598199644	9.047248389323514	124.25821107124348	3.778249078476112	0.9792498793505621	38.02606176033132	1110.5712279498644	-0.04341288711442112
2.6848804347826087	7.953177257525083	2.4533831494058465	0.031351779709134255	2.453383149405847	0.0313517797091342	2.6564413448209656	0.11412428971861065	9.051385747917134	124.63140792153698	3.7819945745177836	0.9795173675603299	38.09892498799617	1113.2854948547974	-0.04341288711442112
2.689095317725753	7.953177257525083	2.4565030242093866	0.030724119768387494	2.456503024209386	0.03072411976838752	2.658886599554593	0.11361268735979507	9.055551204090705	125.00755367347647	3.785778331297283	0.9797812495204361	38.17208843040674	1116.01957161031	-0.04341288711442112
2.6933102006688965	7.953177257525083	2.4596316104387856	0.030102559675383063	2.4596316104387856	0.03010255967538307	2.6613684289735	0.11309819615464187	9.059743914179819	125.38664411058097	3.7896003587654685	0.9800415866717255	38.24555359029862	1118.7736409610295	-0.04341288711442112
2.69752508361204	7.953177257525083	2.462767999630556	0.02948726365090454	2.462767999630556	0.029487263650904514	2.663886594737338	0.11258086057916088	9.06396300463055	125.76867386768842	3.7934606337226042	0.9802984383260095	38.319321683717746	1121.5478629896706	-0.04341288711442112
2.7017399665551842	7.953177257525083	2.465911283023866	0.028878390430811626	2.4659112830238654	0.02887839043081163	2.6664408431566393	0.11206072616677482	9.068207572369712	126.15363641794569	3.79735910006183	0.9805518617630251	38.39339364227886	1124.34237527786	-0.04341288711442112
2.705954849498328	7.953177257525083	2.4690605529474086	0.0282760929960113	2.4690605529474086	0.0282760929960113	2.669030905177838	0.11153783949750798	9.072476685250866	126.54152406220975	3.801295669055526	0.9808019123239834	38.46777011571747	1127.1572930869704	-0.04341288711442112
2.7101697324414715	7.953177257525083	2.472214904216151	0.027680518314820317	2.4722149042161514	0.027680518314820247	2.6716564964049803	0.11101224818387842	9.07676938257597	126.93232792092205	3.805270219685999	0.9810486435018398	38.542451474750266	1129.992709560269	-0.04341288711442112
2.7143846153846156	7.953177257525083	2.475373435531536	0.0270918070990715	2.475373435531536	0.027091807099071538	2.6743173171583012	0.11048400085355764	9.08108467569206	127.32603792849945	3.809282599021452	0.9812921070284061	38.61743781425515	1132.848695947377	-0.04341288711442112
2.7185994983277593	7.953177257525083	2.478535250878769	0.02651009357523138	2.478535250878769	0.02651009357523139	2.6770130525697713	0.1099531471288635	9.085421548662062	127.72264283028225	3.813332622638079	0.9815323529584069	38.69272895678125	1135.7253018519982	-0.04341288711442112
2.7228143812709034	7.953177257525083	2.4816994609146983	0.02593550527172361	2.481699460914698	0.025935505271723603	2.67974337271547	0.10941973760317704	9.089778959008438	128.1221301820625	3.817420075088713	0.9817694297505831	38.76832445639594	1138.6225555036228	-0.04341288711442112
2.727029264214047	7.953177257525083	2.484865184339857	0.025368162823559352	2.484865184339857	0.02536816282355934	2.6825079327844663	0.10888382381438574	9.094155838527904	128.52448635220316	3.821544710418118	0.9820033843459187	38.844223602872475	1141.540464053673	-0.04341288711442112
2.7312441471571907	7.953177257525083	2.4880315492483907	0.02480817979526499	2.4880315492483907	0.02480817979526499	2.685306373283872	0.10834545821545627	9.09855109417542	128.92969652635858	3.825706252724951	0.9822342622430761	38.920425426221954	1144.479013896579	-0.04341288711442112
2.7354590301003348	7.953177257525083	2.4911976944495438	0.02425566252300138	2.4911976944495438	0.02425566252300136	2.6881383202792066	0.10780469414228015	9.102963609014703	129.33774471476974	3.8299043967696584	0.9824621075711016	38.99692870156691	1147.4381710157497	-0.04341288711442112
2.7396739130434784	7.953177257525083	2.494362770754836	0.023710709976628903	2.494362770754836	0.02371070997662887	2.691003385669491	0.10726158577891465	9.107392243232866	129.748613762126	3.83413880862781	0.9826869631594649	39.07373195435524	1150.4178813545811	-0.04341288711442112
2.743888795986622	7.953177257525083	2.497525942225047	0.023173413642366237	2.497525942225047	0.023173413642366244	2.6939011674959326	0.10671618812038004	9.111835835215924	130.16228535994702	3.8384091263876514	0.9829088706054884	39.15083346590805	1153.4180712121931	-0.04341288711442112
2.748103678929766	7.953177257525083	2.5006863873715495	0.022643857426548467	2.5006863873715495	0.0226438574265485	2.6968312502830774	0.10616855693317478	9.116293202681756	130.57874006143766	3.8427149608905586	0.9831278703392137	39.228231279293496	1156.4386476635107	-0.04341288711442112
2.75231856187291	7.953177257525083	2.503843300306869	0.022122117580856148	2.503843300306869	0.02212211758085619	2.699793205411161	0.10561874871367681	9.120763143867007	130.9979572987586	3.847055896512819	0.983344001685752	39.30592320551667	1159.479499003162	-0.04341288711442112
2.7565334448160534	7.953177257525083	2.506995891839639	0.02160826264925337	2.5069958918396393	0.021608262649253356	2.7027865915181604	0.10506682064461408	9.125244438763831	131.41991540263703	3.851431491986815	0.9835573029251611	39.38390683001298	1162.5404952123995	-0.04341288711442112
2.7607483277591975	7.953177257525083	2.510143390509589	0.021102353436733595	2.510143390509589	0.021102353436733626	2.7058109549299125	0.10451283054979649	9.129735850402312	131.8445916242331	3.8558412812594822	0.9837678113498853	39.46217951943039	1165.621488448189	-0.04341288711442112
2.764963210702341	7.953177257525083	2.5132850435586707	0.02060444299983055	2.51328504355867	0.020604442999830573	2.7088658301166713	0.10395683684729899	9.134236126174352	132.27196215917303	3.8602847743857986	0.9839755633197987	39.54073842868488	1168.7223135534425	-0.04341288711442112
2.7691780936454853	7.953177257525083	2.516420117834758	0.020114576658723442	2.5164201178347585	0.0201145766587234	2.7119507401740863	0.10339889850130472	9.138743999194094	132.7020021736359	3.864761458454505	0.984180594314883	39.619580508269216	1171.8427885870751	-0.04341288711442112
2.773392976588629	7.953177257525083	2.5195479006250454	0.01963279203062651	2.5195479006250454	0.01963279203062652	2.7150651973268043	0.10283907497280721	9.143258189690528	133.1346858323898	3.8692707985436225	0.9843829389855797	39.69870251179758	1174.9827153727663	-0.04341288711442112
2.7776078595317726	7.953177257525083	2.522667700416569	0.019159119084030996	2.522667700416569	0.019159119084031017	2.7182087034525404	0.10227742616938468	9.147777406427197	133.5699863286496	3.873812238702632	0.9845826312008473	39.778101003763005	1178.1418800648341	-0.04341288711442112
2.7818227424749167	7.953177257525083	2.5257788475819276	0.018693580213243997	2.525778847581927	0.018693580213244007	2.7213807506245153	0.10171401239425434	9.152300348144147	134.0078759156288	3.8783852029583517	0.9847797040939599	39.857772367485886	1181.320053729736	-0.04341288711442112
2.7860376254180603	7.953177257525083	2.5288806949887244	0.01823619033255591	2.5288806949887244	0.018236190332555934	2.724580821670096	0.1011488942948158	9.156825705017168	134.44832593965117	3.8829890963413747	0.9849741901060829	39.937712813230334	1184.5169929415847	-0.04341288711442112
2.790252508361204	7.953177257525083	2.5319726185317895	0.017786956989261925	2.531972618531789	0.017786956989261946	2.7278083907433777	0.10058213281089405	9.161352160129361	134.89130687468003	3.8876233059298007	0.9851661210276624	40.01791838646354	1187.732440389966	-0.04341288711442112
2.794467391304348	7.953177257525083	2.53505401758771	0.017345880494668644	2.53505401758771	0.01734588049466863	2.7310629239094215	0.10001378912288869	9.165878390949947	135.33678835811764	3.892287201906915	0.9853555280376667	40.0983849762335	1190.966125498262	-0.04341288711442112
2.7986822742474917	7.953177257525083	2.5381243153917725	0.016912954072125744	2.538124315391772	0.016912954072125775	2.7343438797379425	0.09944392460002667	9.170403070815606	135.78473922773236	3.896980138629562	0.9855424417407195	40.17910832363979	1194.217765050727	-0.04341288711442112
2.8028971571906354	7.953177257525083	2.5411829593377706	0.016488164021052562	2.54118295933777	0.016488164021052566	2.737650709904075	0.09887260074892155	9.174924870409324	136.23512755955431	3.9017014557037455	0.9857268922021671	40.260084030371544	1197.487063826423	-0.04341288711442112
2.8071120401337795	7.953177257525083	2.5442294212017016	0.016071489895858968	2.5442294212017016	0.01607148989585899	2.740982859794007	0.098299879162627	9.179442459232158	136.68792070659308	3.9064504790641643	0.9859089089811234	40.341307567287004	1200.77371523817	-0.04341288711442112
2.811326923076923	7.953177257525083	2.5472631972907434	0.015662904698607538	2.5472631972907434	0.01566290469860756	2.7443397691132536	0.0977258214703661	9.183954507063337	137.14308533822364	3.9112265220543736	0.9860885211615392	40.422774283009325	1204.077401974666	-0.04341288711442112
2.815541806020067	7.953177257525083	2.5502838085192803	0.01526237508422277	2.55028380851928	0.015262375084222776	2.747720872495314	0.09715048928811783	9.188459685404208	137.60058748008598	3.9160288865042383	0.9862657573813441	40.504479412512914	1207.3977966438686	-0.04341288711442112
2.819756688963211	7.953177257525083	2.553290800414217	0.014869861577015277	2.553290800414217	0.014869861577015269	2.751125600108689	0.09657394417021666	9.192956668902022	138.06039255435437	3.9208568638016144	0.9864406458597109	40.58641808567634	1210.7345624158902	-0.04341288711442112
2.8239715719063545	7.953177257525083	2.5562837430520093	0.014485318797276596	2.5562837430520093	0.014485318797276608	2.754553378260074	0.09599624756213106	9.197444136749318	138.5224654202227	3.9257097359550506	0.9866132144224977	40.6685853357771	1214.0873536635252	-0.04341288711442112
2.8281864548494986	7.953177257525083	2.559262230930246	0.014108695696682029	2.5592622309302464	0.01410869569668201	2.758003629991816	0.09541746075456096	9.201920774055361	138.98677041446572	3.930586776644593	0.98678349052592	40.75097610790501	1217.4558165986996	-0.04341288711442112
2.8324013377926422	7.953177257525083	2.5622258827768567	0.013739935801242146	2.5622258827768567	0.013739935801242146	2.7614757756717174	0.0948376448389888	9.206385273186003	139.45327139193614	3.935487252257859	0.9869515012785106	40.833585267272205	1220.8395899031618	-0.04341288711442112
2.836616220735786	7.953177257525083	2.5651743413002013	0.013378977460554232	2.5651743413002013	0.013378977460554251	2.7649692335733853	0.09425686066480689	9.210836335068768	139.9219317658632	3.94041042290863	0.9871172734614283	40.9164076073982	1224.2383053517362	-0.04341288711442112
2.84083110367893	7.953177257525083	2.568107272883558	0.0130257541021202	2.5681072728835583	0.013025754102120195	2.768483420445464	0.09367516879813055	9.215272670460251	140.39271454782536	3.9453555434355403	0.9872808335471729	40.999437858150216	1227.651588426692	-0.04341288711442112
2.8450459866220736	7.953177257525083	2.571024367227558	0.012680194489529822	2.571024367227558	0.012680194489529829	2.7720177520680727	0.09309262948240304	9.21969300117294	140.86558238726863	3.950321864378249	0.9874422077167687	41.082670693618596	1231.0790589215726	-0.04341288711442112
2.8492608695652173	7.953177257525083	2.573925336944414	0.012342222983334683	2.5739253369444146	0.012342222983334681	2.7755716437951556	0.092509302600862	9.224096061259358	141.34049761046657	3.955308632929224	0.987601421875483	41.16610073981191	1234.5203315333465	-0.04341288711442112
2.8534757525083614	7.953177257525083	2.576809917107652	0.012011759803489732	2.576809917107652	0.012011759803489709	2.7791445110812214	0.09192524764096077	9.228480598151123	141.81742225880097	3.960315093858815	0.9877585016671401	41.24972258215329	1237.9750164413676	-0.04341288711442112
2.857690635451505	7.953177257525083	2.5796778647612753	0.011688721292278027	2.5796778647612753	0.011688721292278034	2.7827357699913877	0.09134052366079229	9.232845373751314	142.29631812627056	3.965340490411988	0.9879134724870955	41.333530772764576	1241.442719872105	-0.04341288711442112
2.861905518394649	7.953177257525083	2.582528958392211	0.011373020176692394	2.5825289583922113	0.01137302017669238	2.7863448376935636	0.09075518925757206	9.237189165478457	142.7771467961313	3.970384065174996	0.9880663594939403	41.41751983752437	1244.9230446484946	-0.04341288711442112
2.8661204013377928	7.953177257525083	2.5853629973699035	0.011064565829302165	2.5853629973699035	0.011064565829302181	2.7899711329318415	0.0901693025382158	9.241510767260975	143.2598696765842	3.975445060910545	0.9882171876199954	41.5016842828881	1248.4155907229167	-0.04341288711442112
2.8703352842809364	7.953177257525083	2.58817980135688	0.01076326452669488	2.58817980135688	0.010763264526694896	2.7936140764802655	0.08958292109203923	9.2458089904811	143.74444803543435	3.9805227213602725	0.9883659815806654	41.586018602460186	1251.919955693	-0.04341288711442112
2.8745501672240805	7.953177257525083	2.5909792096939985	0.010469019704646417	2.590979209693999	0.010469019704646398	2.797273091576193	0.08899610196559794	9.250082664867426	144.2308430336471	3.9856162920133147	0.9885127658827148	41.67051728330812	1255.4357352993384	-0.04341288711442112
2.878765050167224	7.953177257525083	2.5937610807641036	0.010181732209235763	2.5937610807641036	0.010181732209235747	2.800947604332775	0.08840890163966743	9.254330639335866	144.71901575775064	3.9907250208403213	0.9886575648315338	41.75517481201268	1258.9625239046345	-0.04341288711442112
2.882979933110368	7.953177257525083	2.596525291337557	0.009901300543191183	2.5965252913375574	0.009901300543191155	2.8046370441299477	0.08782137600836619	9.258551782778563	145.2089272510199	3.9958481589919463	0.9888004025374552	41.839985680446254	1262.4999149535092	-0.04341288711442112
2.887194816053512	7.953177257525083	2.599271735903119	0.009627621106817533	2.599271735903119	0.009627621106817537	2.8083408439836726	0.08723358036040187	9.262744984800905	145.70053854340577	4.000984961461523	0.9889413029211861	41.92494439127598	1266.0475014126698	-0.04341288711442112
2.8914096989966556	7.953177257525083	2.602000325987469	0.009360588432922383	2.6020003259874684	0.009360588432922395	2.812058440893189	0.08664556936241671	9.266909156407012	146.1938106801729	4.006134687711524	0.9890802897184192	42.010045463188106	1269.6048761910336	-0.04341288711442112
2.895624581939799	7.953177257525083	2.604710989466382	0.00910009541522878	2.604710989466382	0.009100095415228784	2.8157892761659866	0.08605739704441241	9.27104323063374	146.68870474920428	4.011296602263447	0.9892173864836782	42.09528343583014	1273.1716325394302	-0.04341288711442112
2.8998394648829433	7.953177257525083	2.607403669870672	0.008846033529818803	2.607403669870672	0.008846033529818817	2.8195327957206753	0.0854691167871997	9.275146163134366	147.18518190696736	4.016469975251367	0.9893526165934617	42.180652874471626	1276.7473644298736	-0.04341288711442112
2.904054347826087	7.953177257525083	2.6100783256895426	0.008598293049225379	2.6100783256895426	0.008598293049225395	2.8232884503676097	0.08488078131184251	9.279216932712327	147.6832034031106	4.021654082939023	0.989486003248741	42.26614837438233	1280.331666914166	-0.04341288711442112
2.908269230769231	7.953177257525083	2.6127349296740476	0.008356763248842205	2.612734929674047	0.008356763248842207	2.8270556960675437	0.08429244267103389	9.283254541806253	148.18273060369137	4.0268482082008665	0.9896175694768656	42.3517645649302	1283.9241364619256	-0.04341288711442112
2.9124841137123747	7.953177257525083	2.615373468143043	0.008121332605386687	2.615373468143043	0.008121332605386706	2.830833994168466	0.08370415224235452	9.28725801692733	148.68372501302693	4.032051640967349	0.9897473381329328	42.43749611340057	1287.5243712780568	-0.04341288711442112
2.9166989966555183	7.953177257525083	2.6179939402938666	0.007891888987203366	2.6179939402938666	0.007891888987203357	2.8346228116209433	0.08311596072334539	9.291226409050196	149.18614829417317	4.037263678634931	0.9898753319006691	42.52333772854019	1291.131971599791	-0.04341288711442112
2.9209138795986624	7.953177257525083	2.620596357519832	0.007668319836249213	2.620596357519832	0.007668319836249207	2.8384216211723348	0.08252791812833492	9.295158793958818	149.68996228803852	4.04248362644151	0.9900015732928769	42.60928416383039	1294.7465399735763	-0.04341288711442112
2.925128762541806	7.953177257525083	2.623180742736367	0.007450512341653529	2.623180742736367	0.007450512341653531	2.842229901540289	0.08194007378694716	9.299054272548718	150.19512903114483	4.047710797807813	0.9901260846514889	42.69533022049337	1298.3676815119807	-0.04341288711442112
2.9293436454849497	7.953177257525083	2.625747129717574	0.0072383536047882155	2.625747129717574	0.007238353604788226	2.846047137566104	0.08135247634421239	9.302911971087227	150.70161077206023	4.052944514645741	0.9902488881472795	42.78147075023883	1301.9950041310751	-0.04341288711442112
2.933558528428094	7.953177257525083	2.628295562444639	0.007031730795832949	2.628295562444639	0.007031730795832957	2.8498728203483488	0.08076517376221662	9.306731041433228	151.20936998651516	4.058184107634307	0.9903700057792716	42.867700657755236	1305.6281187685486	-0.04341288711442112
2.9377734113712375	7.953177257525083	2.6308260944674986	0.006830531301855522	2.630826094467498	0.006830531301855536	2.853706447357431	0.08017821332320402	9.310510661218114	151.71836939123372	4.063428916464223	0.9904894593738806	42.95401490295351	1309.2666395830333	-0.04341288711442112
2.941988294314381	7.953177257525083	2.633338788280984	0.006634642866464063	2.6333387882809838	0.006634642866464086	2.8575475225317453	0.0795916416340512	9.314250033989778	152.22857195651366	4.068678290052179	0.990607270583835	43.04040850297103	1312.9101841351753	-0.04341288711442112
2.9462031772575252	7.953177257525083	2.635833714716393	0.006443953721126004	2.6358337147163935	0.006443953721125996	2.861395556355967	0.07900550463204097	9.317948389321158	152.73994091757697	4.07393158672565	0.9907234608869052	43.126876533941726	1316.5583735507957	-0.04341288711442112
2.950418060200669	7.953177257525083	2.638310952349461	0.006258352708272149	2.638310952349461	0.006258352708272146	2.86525006592227	0.07841984759184983	9.321604982885335	153.25243978473569	4.079188174379559	0.9908380515844785	43.21341413254238	1320.2108326668672	-0.04341288711442112
2.954632943143813	7.953177257525083	2.6407705869254463	0.006077729396334679	2.640770586925447	0.006077729396334666	2.869110574975164	0.07783471513366384	9.325219096498842	153.7660323524086	4.084447430605758	0.9909510638000055	43.300016497322424	1323.8671901607522	-0.04341288711442112
2.9588478260869566	7.953177257525083	2.643212710801907	0.005901974186892931	2.643212710801907	0.0059019741868929386	2.87297661394058	0.0772501512323555	9.328790038134892	154.2806827070218	4.089708742796461	0.9910625184773529	43.3866788898254	1327.5270786632846	-0.04341288711442112
2.9630627090301003	7.953177257525083	2.645637422409718	0.005730978414115999	2.6456374224097177	0.005730978414116006	2.8768477199400926	0.07666619922762499	9.332317141908435	154.79635523384488	4.094971508222902	0.9911724363790838	43.47339663551191	1331.1901348563852	-0.04341288711442112
2.9672775919732444	7.953177257525083	2.6480448257326894	0.005564634436714289	2.6480448257326894	0.005564634436714283	2.880723436790944	0.0760829018350358	9.335799768034745	155.31301462279995	4.100235134090364	0.9912808380846936	43.560165124492734	1334.8559995557985	-0.04341288711442112
2.971492474916388	7.953177257525083	2.6504350298059562	0.0054028357226265705	2.6504350298059562	0.005402835722626577	2.8846033149925234	0.07550030115787211	9.339237302763044	155.83062587327936	4.105499037570538	0.9913877439888209	43.646979812079266	1338.524317779451	-0.04341288711442112
2.975707357859532	7.953177257525083	2.652808148233499	0.005245476926675835	2.652808148233499	0.005245476926675828	2.8884869117003493	0.07491843869971966	9.342629158287313	156.34915429803942	4.110762645812883	0.9914931742994582	43.73383621916403	1342.1947388023807	-0.04341288711442112
2.9799222408026758	7.953177257525083	2.6551642987246407	0.005092453961447078	2.6551642987246407	0.00509245396144708	2.892373790687935	0.0743373553777212	9.34597477263536	156.86856552618693	4.116025395935572	0.9915971490361746	43.820729932435675	1345.8669161984826	-0.04341288711442112
2.9841371237458194	7.953177257525083	2.657503602649727	0.004943664061638221	2.6575036026497267	0.004943664061638217	2.896263522297634	0.07375709153641015	9.349273609538342	157.38882550532992	4.121286734997764	0.9916996880283746	43.90765660444205	1349.540507870124	-0.04341288711442112
2.988352006688963	7.953177257525083	2.6598261846147038	0.00479900584214965	2.6598261846147038	0.004799005842149667	2.9001556833808837	0.07317768696206903	9.352525158281678	157.90990050291612	4.1265461199538604	0.9918008109136018	43.99461195350581	1353.2151760658996	-0.04341288711442112
2.992566889632107	7.953177257525083	2.662132172054633	0.004658379350174189	2.662132172054633	0.004658379350174183	2.904049857228896	0.07259918089752548	9.35572893353947	158.43175710682607	4.131803017591305	0.9919005371359042	44.08159176350523	1356.890587387479	-0.04341288711442112
2.996781772575251	7.953177257525083	2.664421694845763	0.004521686111558589	2.664421694845763	0.0045216861115585875	2.907945633494208	0.07202161205733554	9.35888447519335	158.95436222524532	4.1370569044527175	0.9919988859442725	44.16859188352576	1360.5664127859413	-0.04341288711442112
3.000996655518395	7.953177257525083	2.666694884936045	0.004388829171701953	2.6666948849360446	0.004388829171701955	2.911842608104083	0.07144501864327148	9.361991348137572	159.47768308588266	4.142307266743768	0.9920958763911608	44.25560822739361	1364.2423275484425	-0.04341288711442112
3.0052115384615385	7.953177257525083	2.6689518759936393	0.004259713131261391	2.6689518759936393	0.00425971313126139	2.9157403831662014	0.07086943836006646	9.365049142071296	160.0016872345581	4.147553600227554	0.9921915273311	44.3426367730968	1367.9180112756078	-0.04341288711442112
3.009426421404682	7.953177257525083	2.671192803073167	0.004134244176928483	2.6711928030731675	0.004134244176928469	2.919638566867485	0.07029490843134535	9.368057471279647	160.5263425332198	4.152795410106795	0.9922858574194107	44.42967356210439	1371.5931478504642	-0.04341288711442112
3.0136413043478263	7.953177257525083	2.6734178022992805	0.0040123301075398006	2.6734178022992805	0.00401233010753979	2.9235367733666515	0.06972146561568639	9.371015974404573	161.05161715742764	4.158032210894736	0.9923788851110221	44.51671469859041	1375.2674253993905	-0.04341288711442112
3.01785618729097	7.953177257525083	2.6756270105671094	0.0038938803557799777	2.6756270105671094	0.0038938803557799777	2.9274346226811105	0.06914914622275778	9.373924314206647	161.57747959334412	4.163263526275726	0.9924706286594034	44.60375634857025	1378.9405362456807	-0.04341288711442112
3.022071070234114	7.953177257525083	2.677820565259201	0.003778806005729892	2.677820565259201	0.003778806005729888	2.931331740568873	0.06857798612947445	9.376782177318978	162.10389863427807	4.16848888895655	0.9925611061156099	44.690794738957784	1382.6121768563494	-0.04341288711442112
3.0262859531772577	7.953177257525083	2.679998603978425	0.0036670198065082414	2.679998603978425	0.0036670198065082565	2.935227758406005	0.06800802079612722	9.379589273994126	162.63084337681786	4.173707840509266	0.9926503353274498	44.77782615654922	1386.2820477826324	-0.04341288711442112
3.0305008361204013	7.953177257525083	2.6821612642964303	0.0035584361822470364	2.6821612642964308	0.0035584361822470273	2.939122313060272	0.06743928528242883	9.382345337845045	163.15828321659723	4.178919931206636	0.9927383339387721	44.86484694694221	1389.9498535948537	-0.04341288711442112
3.034715719063545	7.953177257525083	2.684308683517118	0.0034529712386352713	2.684308683517118	0.0034529712386352743	2.9430150467614684	0.06687181426343698	9.385050125580873	163.68618784372856	4.184124719850847	0.992825119388878	44.95185351339565	1393.6153028120552	-0.04341288711442112
3.038930602006689	7.953177257525083	2.686440998454685	0.003350542766257896	2.6864409984546853	0.003350542766257892	2.94690560696905	0.06630564204530363	9.387703416738532	164.2145272379476	4.189321773596504	0.9929107089120573	45.038842315637865	1397.2781078270177	-0.04341288711442112
3.0431454849498327	7.953177257525083	2.6885583452256285	0.0032510702409497337	2.688558345225629	0.003251070240949729	2.950793646237395	0.06574080258081808	9.390305013410481	164.7432716634891	4.194510667768394	0.9929951195372492	45.125809868627236	1400.9379848269664	-0.04341288711442112
3.047360367892977	7.953177257525083	2.6906608590543915	0.0031544748213735824	2.6906608590543915	0.003154474821373581	2.954678822079498	0.06517732948468818	9.39285473996996	165.2723916637555	4.199690985675268	0.9930783680878265	45.21275274127521	1404.5946537107532	-0.04341288711442112
3.0515752508361205	7.953177257525083	2.6927486740919613	0.0030606793440281824	2.6927486740919613	0.0030606793440281863	2.958560796829249	0.06461525604853943	9.395352442793767	165.8018580557851	4.2048623184198775	0.9931604711815054	45.29966755513318	1408.2478380026557	-0.04341288711442112
3.055790133779264	7.953177257525083	2.694821923247033	0.002969608315878864	2.6948219232470336	0.0029696083158788616	2.96243923750295	0.06405461525558304	9.397797989983399	166.33164192456812	4.210024264706238	0.9932414452303755	45.386550983051656	1411.8972647634046	-0.04341288711442112
3.060005016722408	7.953177257525083	2.6968807380291957	0.002881187904798495	2.6968807380291957	0.002881187904798487	2.9663138156604	0.0634954397949271	9.400191271085054	166.86171461723563	4.215176430644665	0.9933213064410497	45.47339974781533	1415.5426644988056	-0.04341288711442112
3.064219899665552	7.953177257525083	2.6989252484037123	0.0027953459279955995	2.6989252484037127	0.002795345927995597	2.970184207266086	0.06293776207549141	9.402532196809053	167.39204773715915	4.220318429555383	0.9934000708149339	45.56021062076106	1419.1837710664763	-0.04341288711442112
3.068434782608696	7.953177257525083	2.700955582657316	0.002712011838600963	2.7009555826573157	0.0027120118386009698	2.974050092550668	0.062381614239505376	9.404820698748761	167.9226131379753	4.225449881770992	0.99347775414861	45.646980420380785	1422.8203215808517	-0.04341288711442112
3.0726496655518396	7.953177257525083	2.7029718672746696	0.002631116710572726	2.7029718672746696	0.002631116710572721	2.977911155873369	0.06182702817555039	9.40705672909979	168.453382917581	4.230570414438742	0.9935543720343325	45.73370601091706	1426.4520563171388	-0.04341288711442112
3.0768645484949833	7.953177257525083	2.704974226824933	0.0025525932220744948	2.7049742268249326	0.0025525932220745004	2.9817670855854153	0.061274035531131456	9.409240260379464	168.98432941210982	4.235679661322837	0.9936299398606343	45.82038430095299	1430.0787186143123	-0.04341288711442112
3.081079431438127	7.953177257525083	2.7069627838580557	0.002476375637471081	2.7069627838580557	0.0024763756374710805	2.9856175738950235	0.06072266772474114	9.411371285146961	169.51542518992633	4.240777262607455	0.9937044728130372	45.90701224200231	1433.7000547776634	-0.04341288711442112
3.085294314381271	7.953177257525083	2.7089376588103335	0.0024023997880798444	2.7089376588103335	0.0024023997880798426	2.9894623167341545	0.06017295595740365	9.41344981572431	170.04664304565614	4.245862864700959	0.9937779858748665	45.99358682710325	1437.315813981199	-0.04341288711442112
3.0895091973244146	7.953177257525083	2.7108989699188277	0.0023306030518072717	2.7108989699188277	0.002330603051807268	2.993301013627402	0.05962493122366936	9.415475883918445	170.57795599427885	4.25093612004168	0.9938504938281632	46.08010508941953	1440.9257481701557	-0.04341288711442112
3.0937240802675587	7.953177257525083	2.7128468331442073	0.002260924331793637	2.7128468331442077	0.002260924331793632	2.9971333675632437	0.05907862432204552	9.417449540744357	171.10933726530104	4.255996686905761	0.9939220112546907	46.16656410085237	1444.5296119639852	-0.04341288711442112
3.0979389632107024	7.953177257525083	2.7147813621016854	0.0021933040341803552	2.714781362101686	0.0021933040341803453	3.0009590848680143	0.058534065864838815	9.419370856149609	171.6407602970386	4.261044229217531	0.9939925525370338	46.25296097066737	1448.1271625601255	-0.04341288711442112
3.102153846153846	7.953177257525083	2.716702667999597	0.002127684045109101	2.716702667999597	0.0021276840451090935	3.0047778750827483	0.057991286287398865	9.421239918740056	172.17219873101794	4.266078416362635	0.9940621318597832	46.339292844138384	1451.7181596387397	-0.04341288711442112
3.10636872909699	7.953177257525083	2.7186108595853122	0.0020640077070537507	2.7186108595853127	0.002064007707053745	3.008589450843223	0.057450315856742235	9.423056835506975	172.70362640652317	4.271098923004438	0.9941307632108035	46.42555690121241	1455.3023652687784	-0.04341288711442112
3.110583612040134	7.953177257525083	2.7205060430981307	0.002002219794580075	2.7205060430981307	0.0020022197945800775	3.0123935277634173	0.05691118467954185	9.424821731555522	173.2350173553059	4.276105428903994	0.9941984603825802	46.51175035519821	1458.8795438155996	-0.04341288711442112
3.114798494983278	7.953177257525083	2.7223883222288	0.0019422664896225981	2.7223883222288	0.0019422664896225936	3.016189824322561	0.056373922709472835	9.426534749834452	173.76634579647117	4.2810976187439005	0.9942652369736416	46.59787045148108	1462.44946185037	-0.04341288711442112
3.1190133779264215	7.953177257525083	2.724257798085348	0.0018840953563611278	2.724257798085348	0.0018840953563611324	3.0199780617559915	0.05583855975390158	9.428196050867088	174.29758613155732	4.286075181956272	0.9943311063900503	46.68391446626611	1466.0118880614418	-0.04341288711442112
3.123228260869565	7.953177257525083	2.7261145691649427	0.0018276553157740843	2.7261145691649427	0.0018276553157740858	3.023757963950045	0.05530512547990189	9.429805812483384	174.82871293982748	4.2910378125552535	0.9943960818469636	46.76987970535338	1469.5665931680212	-0.04341288711442112
3.127443143812709	7.953177257525083	2.7279587313314906	0.0017728966199404375	2.7279587313314906	0.001772896619940437	3.0275292573411408	0.054773649419596136	9.431364229553099	175.35970097378595	4.295985208974267	0.9944601763702544	46.85576350294659	1473.113349836266	-0.04341288711442112
3.131658026755853	7.953177257525083	2.72979037779865	0.0017197708261570102	2.7297903777986496	0.0017197708261570124	3.0312916708191717	0.0542441609748095	9.432871513719721	175.89052515492753	4.300917073908174	0.9945234027981922	46.94156322049708	1476.6519325979991	-0.04341288711442112
3.1358729096989966	7.953177257525083	2.7316095991180736	0.0016682307709322808	2.731609599118073	0.0016682307709322871	3.0350449356354563	0.053716689421028356	9.434327893135244	176.42116056974265	4.305833114160725	0.9945857737831791	47.02727624558624	1480.182117772299	-0.04341288711442112
3.1400877926421407	7.953177257525083	2.733416483172556	0.0016182305439138914	2.733416483172556	0.0016182305439138942	3.0387887853152975	0.05319126391066062	9.435733612195364	176.9515824659797	4.310733040497374	0.9946473017935362	47.112899990847154	1483.703683390057	-0.04341288711442112
3.1443026755852843	7.953177257525083	2.7352111151738954	0.0015697254618023374	2.7352111151738954	0.0015697254618023354	3.0425229555753344	0.052667913475591126	9.437088931275117	177.4817662491812	4.315616567503735	0.9947079991153384	47.198431892927715	1487.2164091217242	-0.04341288711442112
3.148517558528428	7.953177257525083	2.736993577665227	0.0015226720422987447	2.7369935776652277	0.001522672042298744	3.046247184245784	0.052146667029028676	9.438394126464608	178.0116874795029	4.320483413449823	0.9947678778542915	47.28386941149714	1490.7200762083933	-0.04341288711442112
3.152732441471572	7.953177257525083	2.7387639505276313	0.0014770279781311645	2.7387639505276313	0.0014770279781311665	3.0499612111977443	0.05162755336663766	9.43964948930471	178.54132186882651	4.325333300160338	0.994826949937652	47.36921002829728	1494.2144673963999	-0.04341288711442112
3.1569473244147157	7.953177257525083	2.7405223109907637	0.0014327521112000275	2.7405223109907633	0.00143275211120003	3.053664778275513	0.0511106011669654	9.4408553265224	179.07064527816698	4.33016595289092	0.9948852271161807	47.45445124623906	1497.6993668754587	-0.04341288711442112
3.16116220735786	7.953177257525083	2.742268733647414	0.0013898044068790536	2.742268733647414	0.0013898044068790512	3.0573576292342346	0.050595838991145496	9.442011959765647	179.59963371539706	4.334981100210886	0.9949427209661326	47.53959058854821	1501.1745602206995	-0.04341288711442112
3.1653770903010034	7.953177257525083	2.744003290471674	0.0013481459285060895	2.7440032904716736	0.0013481459285060893	3.0610395096826872	0.050083295281899226	9.44311972533737	180.1282633332752	4.339778473892106	0.9949994428912743	47.62462559795744	1504.639834338423	-0.04341288711442112
3.169591973244147	7.953177257525083	2.7457260508406773	0.0013077388120933606	2.745726050840678	0.001307738812093352	3.064710167031539	0.04957299836181855	9.444178973928505	180.65651042780448	4.3445578088045735	0.9950554041249309	47.709553835950175	1508.0949774159697	-0.04341288711442112
3.1738068561872907	7.953177257525083	2.7474370815596645	0.0012685462412852567	2.7474370815596645	0.001268546241285257	3.0683693504469494	0.049064976430945755	9.445190070349689	181.18435143691164	4.349318842818486	0.9951106157320547	47.794372882054205	1511.5397788756482	-0.04341288711442112
3.178021739130435	7.953177257525083	2.7491364468902435	0.0012305324225880855	2.749136446890244	0.0012305324225880833	3.0720168108096653	0.04855925756364715	9.446153393261435	181.7117629394605	4.354061316713035	0.9951650886113169	47.87908033318743	1514.9740293328643	-0.04341288711442112
3.1822366220735785	7.953177257525083	2.750824208581678	0.0011936625608940533	2.7508242085816774	0.0011936625608940541	3.075652300679558	0.048055869704793454	9.447069334902451	182.238721654594	4.358784974091878	0.9952188334972152	47.963673803055336	1518.397520558488	-0.04341288711442112
3.1864515050167226	7.953177257525083	2.752500425905135	0.0011579028353187917	2.752500425905135	0.0011579028353187902	3.079275574265805	0.04755484066524093	9.44793830081602	182.76520444142406	4.363489561305605	0.9952718609621991	48.04815092160327	1521.8100454457076	-0.04341288711442112
3.1906663879598662	7.953177257525083	2.7541651556906332	0.001123220375370553	2.7541651556906332	0.00112322037537055	3.0828863874024757	0.047056198116639324	9.44876070957391	183.29118829904823	4.368174827380844	0.9953241814188062	48.132509334520684	1525.211397981165	-0.04341288711442112
3.19488127090301	7.953177257525083	2.755818452366697	0.0010895832374655657	2.755818452366697	0.0010895832374655664	3.0864844975298027	0.04655996958555563	9.449536992497858	183.81665036691822	4.372840523956437	0.9953758051218096	48.21674670280111	1528.601373220696	-0.04341288711442112
3.199096153846154	7.953177257525083	2.7574603680025076	0.0010569603818035807	2.7574603680025076	0.0010569603818035807	3.0900696636809495	0.0460661824469394	9.4502675933782	184.34156792554464	4.377486405226471	0.995426742170373	48.30086070235633	1531.9797672695781	-0.04341288711442112
3.2033110367892976	7.953177257525083	2.759090952352473	0.0010253216496147217	2.7590909523524734	0.001025321649614722	3.0936416464743552	0.045574863916933675	9.450952968189513	184.86591839754547	4.382112227890262	0.995477002510211	48.38484902368585	1535.3463772673924	-0.04341288711442112
3.2075259197324417	7.953177257525083	2.7607102529030842	0.0009946377407877116	2.7607102529030847	0.0009946377407877105	3.097200208111583	0.045086041045046266	9.451593584802934	185.3896793490335	4.386717751109239	0.9955265959357525	48.46870937160129	1538.7010013774757	-0.04341288711442112
3.2117408026755854	7.953177257525083	2.7623183149219814	0.0009648801918875624	2.762318314921981	0.0009648801918875671	3.1007451123807024	0.04459974070569506	9.45218992269511	185.91282849134464	4.391302736470793	0.9955755320923061	48.552439465006735	1542.0434387810653	-0.04341288711442112
3.215955685618729	7.953177257525083	2.763915181509098	0.0009360213545695728	2.763915181509098	0.0009360213545695737	3.1042761246651285	0.04411598958914125	9.452742472653425	186.43534368310324	4.395866947959004	0.9956238204782226	48.63603703673413	1545.3734896761023	-0.04341288711442112
3.220170568561873	7.953177257525083	2.7655008936497913	0.0009080343743952245	2.7655008936497913	0.0009080343743952251	3.107793011957832	0.043634814191832356	9.453251736477371	186.95720293261766	4.400410151932184	0.9956714704470566	48.71949983343404	1548.690955280684	-0.04341288711442112
3.2243854515050168	7.953177257525083	2.767075490269881	0.0008808931700539565	2.7670754902698813	0.0008808931700539546	3.1112955428809626	0.043156240806164835	9.453718226675967	187.47838440060988	4.404932117107299	0.9957184912097222	48.80282561552184	1551.9956378412414	-0.04341288711442112
3.2286003344481604	7.953177257525083	2.7686390082924666	0.000854572412994081	2.768639008292467	0.0008545724129940794	3.1147834877106924	0.04268029550969305	9.454142466160901	187.99886640326537	4.409432614551053	0.9957648918366422	48.88601215717838	1555.2873406453323	-0.04341288711442112
3.2328152173913045	7.953177257525083	2.770191482696471	0.0008290475074647511	2.770191482696471	0.0008290475074647498	3.118256618407289	0.04220700415380042	9.454524987935443	188.51862741560484	4.413911417677689	0.9958106812598885	48.96905724640529	1558.5658680390854	-0.04341288711442112
3.237030100334448	7.953177257525083	2.771732946576789	0.0008042945709700878	2.771732946576789	0.0008042945709700888	3.1217147086502806	0.04173639235185645	9.454866334778867	189.03764607516715	4.418368302253344	0.995855868275314	49.051958685134366	1561.831025449272	-0.04341288711442112
3.241244983277592	7.953177257525083	2.7732634312059683	0.0007802904151356024	2.7732634312059687	0.0007802904151355991	3.1251575338786153	0.041268485466882804	9.45516705892636	189.55590118599824	4.422803046406879	0.9959004615446719	49.134714289389976	1565.0826194099086	-0.04341288711442112
3.245459866220736	7.953177257525083	2.7747829660973315	0.0007570125269862573	2.7747829660973315	0.0007570125269862584	3.128584871335709	0.04080330859875169	9.45542772174428	190.07337172293643	4.427215430647072	0.9959444695977219	49.217321889504305	1568.3204575933876	-0.04341288711442112
3.2496747491638796	7.953177257525083	2.776291579069455	0.0007344390506348857	2.7762915790694547	0.0007344390506348869	3.131996500119265	0.04034088657094318	9.455648893400792	190.59003683618855	4.43160523788605	0.9959879008343226	49.29977933038438	1571.544348846068	-0.04341288711442112
3.2538896321070236	7.953177257525083	2.7777892963119033	0.000712548769378808	2.7777892963119037	0.0007125487693788074	3.1353922012356903	0.03988124391688837	9.455831152531701	191.1058758561826	4.435972253468786	0.996030763526509	49.3820844718297	1574.7541032281977	-0.04341288711442112
3.2581045150501673	7.953177257525083	2.7792761424521575	0.0006913210882020756	2.779276142452158	0.0006913210882020749	3.1387717576590077	0.03942440486592631	9.455975085901628	191.6208682986904	4.44031626520858	0.9960730658205513	49.46423518889996	1577.9495320581718	-0.04341288711442112
3.262319397993311	7.953177257525083	2.7807521406236346	0.0006707360166800904	2.780752140623634	0.0006707360166800909	3.1421349543941015	0.03897039332890236	9.456081288060409	192.13499387020943	4.444637063428295	0.9961148157389975	49.546229372331325	1581.1304479609712	-0.04341288711442112
3.266534280936455	7.953177257525083	2.7822173125347107	0.0006507741522829725	2.7822173125347107	0.0006507741522829731	3.1454815785440924	0.03851923288344153	9.456150360994851	192.64823247358905	4.448934441007189	0.9961560211826959	49.628064929000054	1584.29666492068	-0.04341288711442112
3.2707491638795987	7.953177257525083	2.7836716785386617	0.000631416664073518	2.7836716785386617	0.0006314166640735173	3.1488114193816883	0.03807094675892654	9.45618291377576	193.16056421388924	4.45320819343316	0.9961966899327975	49.70973978243193	1587.4479983369833	-0.04341288711442112
3.274964046822743	7.953177257525083	2.7851152577044624	0.0006126452767951028	2.7851152577044624	0.0006126452767951016	3.1521242684243758	0.03762555782121094	9.456179562200559	193.67196940446522	4.457458118860251	0.9962368296527384	49.79125187335706	1590.5842650855584	-0.04341288711442112
3.2791789297658864	7.953177257525083	2.7865480678882726	0.0005944422553449851	2.7865480678882726	0.000594442255344985	3.1554199195131036	0.037183088557107315	9.456140928431267	194.18242857324913	4.46168401817101	0.996276447890198	49.87259916030596	1593.705283582058	-0.04341288711442112
3.28339381270903	7.953177257525083	2.7879701258056637	0.0005767903896272897	2.7879701258056637	0.0005767903896272902	3.158698168894492	0.03674356105867599	9.45606764062841	194.69192246923615	4.4658856950438635	0.9963155520790367	49.95377962024937	1596.8108738498702	-0.04341288711442112
3.2876086956521737	7.953177257525083	2.7893814471043066	0.0005596729797808451	2.7893814471043066	0.0005596729797808455	3.161958815306042	0.03630699700735995	9.455960332580466	195.20043206913326	4.470062956024724	0.9963541495412082	50.03479124927464	1599.9008575910282	-0.04341288711442112
3.291823578595318	7.953177257525083	2.7907820464372377	0.0005430738217755229	2.7907820464372377	0.0005430738217755217	3.165201660064483	0.035873417657989445	9.455819643329669	195.70793858418457	4.474215610603197	0.9963922474886484	50.11563206330263	1602.9750582606302	-0.04341288711442112
3.2960384615384615	7.953177257525083	2.792171937536405	0.0005269771933718068	2.7921719375364047	0.0005269771933718062	3.1684265071566324	0.035442843822710096	9.455646216793768	196.2144234671256	4.478343471292538	0.9964298530251391	50.1963000988376	1606.0333011441044	-0.04341288711442112
3.3002533444816056	7.953177257525083	2.7935511332865817	0.0005113678404369534	2.7935511332865817	0.0005113678404369533	3.1716331633328965	0.035015295854852385	9.455440701384434	196.71986841927924	4.482446353713582	0.9964669731481451	50.27679341375257	1609.0754134375225	-0.04341288711442112
3.304468227424749	7.953177257525083	2.794919645799427	0.0004962309636119107	2.794919645799427	0.0004962309636119112	3.174821438202903	0.034590793632796844	9.455203749622346	197.22425539775506	4.48652407668208	0.9965036147506267	50.35711008810533	1612.1012243305415	-0.04341288711442112
3.308683110367893	7.953177257525083	2.7962774864876305	0.00048155220532252894	2.7962774864876305	0.0004815522053225294	3.177991144333081	0.034169356543866075	9.454936017749203	197.72756662273935	4.490576462299143	0.9965397846228234	50.4372482249827	1615.110565091781	-0.04341288711442112
3.312897993311037	7.953177257525083	2.7976246661391087	0.00046731763712848563	2.7976246661391087	0.0004673176371284866	3.181142097346045	0.03375100346828091	9.45463816533724	198.22978458486898	4.494603336044806	0.9965754894540128	50.517205951373484	1618.1032691566256	-0.04341288711442112
3.3171128762541806	7.953177257525083	2.7989611949910347	0.0004535137474036723	2.7989611949910347	0.0004535137474036718	3.184274116021296	0.03333575276322599	9.454310854896203	198.7308920526504	4.498604526873947	0.9966107358342389	50.59698141906371	1621.0791722169265	-0.04341288711442112
3.3213277591973247	7.953177257525083	2.800287082803713	0.0004401274293412118	2.800287082803713	0.0004401274293412128	3.187387022397158	0.03292362224705748	9.45395475147841	199.23087207992265	4.502579867314656	0.9966455302560149	50.676572805554976	1624.0381123126413	-0.04341288711442112
3.3255426421404684	7.953177257525083	2.8016023389341504	0.000427145969276672	2.8016023389341504	0.000427145969276672	3.1904806418735956	0.03251462918369712	9.453570522282252	199.7297080133374	4.5065291935685545	0.9966798791159965	50.75597831500207	1626.9799299250835	-0.04341288711442112
3.329757525083612	7.953177257525083	2.8029069724092026	0.00041455703532276427	2.8029069724092026	0.00041455703532276606	3.1935548033155885	0.03210879026724819	9.453158836254293	200.22738349983456	4.510452345612681	0.9967137887166265	50.83519617916651	1629.9044680714626	-0.04341288711442112
3.3339724080267557	7.953177257525083	2.804200991998252	0.0004023486663088983	2.8042009919982513	0.0004023486663088983	3.196609339156875	0.0317061216068751	9.452720363690702	200.72388249410042	4.514349167302779	0.9967472652677506	50.914224658384775	1632.8115724006102	-0.04341288711442112
3.3381872909698997	7.953177257525083	2.8054844062852604	0.0003905092610190026	2.80548440628526	0.0003905092610190023	3.19964408550368	0.031306638711984816	9.452255775838193	201.21918926598158	4.518219506477546	0.996780314888204	50.99306204254765	1635.7010912895742	-0.04341288711442112
3.3424021739130434	7.953177257525083	2.8067572237401426	0.000379027567720943	2.8067572237401426	0.0003790275677209426	3.202658882238225	0.030910356477745086	9.451765744495074	201.71328840784267	4.5220632150635245	0.9968129436073697	51.07170665208806	1638.572875940808	-0.04341288711442112
3.3466170568561875	7.953177257525083	2.8080194527893196	0.00036789267398103047	2.808019452789319	0.00036789267398103156	3.2056535731216567	0.030517289170982422	9.451250941612752	202.2061648418399	4.525880149180314	0.996845157366706	51.15015683897464	1641.4267804797494	-0.04341288711442112
3.350831939799331	7.953177257525083	2.809271101885387	0.0003570939967570312	2.809271101885387	0.00035709399675703125	3.2086280058961716	0.030127450416492344	9.4507120388983	202.69780382709905	4.529670169245793	0.9968769620212456	51.22841098770857	1644.262662052517	-0.04341288711442112
3.355046822742475	7.953177257525083	2.810512179575767	0.00034662127276326675	2.810512179575767	0.0003466212727632675	3.21158203238597	0.029740853183800618	9.450149707418369	203.1881909667703	4.533433140080903	0.9969083633410648	51.30646751632002	1647.0803809234062	-0.04341288711442112
3.359261705685619	7.953177257525083	2.8117426945702855	0.00033646454910127917	2.811742694570286	0.00033646454910127917	3.21451550859687	0.02935750977440813	9.4495646172052	203.67731221494975	4.5371689310138414	0.9969393670127238	51.38432487736258	1649.8798005720473	-0.04341288711442112
3.3634765886287625	7.953177257525083	2.812962655807523	0.00032661417414987874	2.8129626558075227	0.00032661417414987836	3.217428294814141	0.028977431809557946	9.44895743686497	204.1651538834381	4.540877415983103	0.9969699786406768	51.461981558901385	1652.6607877898057	-0.04341288711442112
3.3676914715719066	7.953177257525083	2.8141720725199018	0.00031706078870812954	2.8141720725199018	0.00031706078870812954	3.2203202556984403	0.02860063021855214	9.44832883318919	204.65170264832818	4.5445584736392295	0.9970002037486537	51.53943608549354	1655.4232127753012	-0.04341288711442112
3.3719063545150503	7.953177257525083	2.815370954297383	0.000307795317385171	2.815370954297383	0.00030779531738517183	3.2231912603794757	0.028227115227652835	9.447679470769575	205.13694555639697	4.548211987444867	0.9970300477810122	51.61668701915734	1658.166949228735	-0.04341288711442112
3.376121237458194	7.953177257525083	2.8165593111496925	0.0002988089602307754	2.8165593111496925	0.0002988089602307749	3.226041182547163	0.027856896349598162	9.447010011616882	205.62087003128647	4.551837845772771	0.997059516104061	51.69373296032741	1660.8918744447415	-0.04341288711442112
3.3803361204013376	7.953177257525083	2.817737153566952	0.0002900931846006258	2.817737153566952	0.0002900931846006251	3.228869900539965	0.027489982373761792	9.44632111478423	206.1034638794513	4.555435942001418	0.9970886140073538	51.77057254879292	1663.5978694034961	-0.04341288711442112
3.3845510033444817	7.953177257525083	2.8189044925787115	0.00028163971725032525	2.8189044925787115	0.0002816397172503247	3.2316772974302657	0.02712638135698062	9.44561343599552	206.584715295867	4.559006174608097	0.9971173467049559	51.847204464617214	1666.2848188599573	-0.04341288711442112
3.3887658862876253	7.953177257525083	2.820061339811225	0.0002734405366523962	2.8200613398112244	0.0002734405366523966	3.2344632611064528	0.026766100615078437	9.44488762727937	207.06461286947393	4.56254844725898	0.9971457193366808	51.923627429035264	1668.9526114308655	-0.04341288711442112
3.3929807692307694	7.953177257525083	2.8212077075428885	0.00026548786553055555	2.8212077075428885	0.00026548786553055523	3.237227684351432	0.026409146715109477	9.444144336608973	207.5431455883402	4.5660626688958645	0.9971737369693008	51.99984020532592	1671.6011396792328	-0.04341288711442112
3.397195652173913	7.953177257525083	2.822343608757842	0.000257774163605563	2.822343608757842	0.0002577741636055629	3.239970464917477	0.026055525468341924	9.443384207548668	208.02030284453917	4.569548753819554	0.9972014045977278	52.075841599658425	1674.2303001962932	-0.04341288711442112
3.4014105351170567	7.953177257525083	2.8234690571975616	0.0002502921205472268	2.823469057197561	0.0002502921205472273	3.242691505597075	0.025705241924001556	9.442607878907367	208.49607443871636	4.573006621769276	0.9972287271461685	52.15163046190826	1676.8399936804256	-0.04341288711442112
3.405625418060201	7.953177257525083	2.824584067410463	0.00024303464912710685	2.824584067410463	0.00024303464912710593	3.2453907142896496	0.025358300363792895	9.441815984399593	208.97045058434188	4.576436197998165	0.9972557094692518	52.227205686442446	1679.4301250130663	-0.04341288711442112
3.4098403010033445	7.953177257525083	2.8256886547993734	0.00023599487856666143	2.8256886547993734	0.00023599487856666184	3.24806800406387	0.025014704297217215	9.441009152314374	209.44342191162607	4.579837413344321	0.9972823563531297	52.30256621286989	1682.000603331213	-0.04341288711442112
3.4140551839464885	7.953177257525083	2.8267828356668776	0.00022916614807561345	2.826782835666878	0.00022916614807561337	3.2507232932154957	0.0246744564576933	9.440188005192615	209.91497947109963	4.5832102042973855	0.9973086725165526	52.37771102675613	1684.5513420964458	-0.04341288711442112
3.418270066889632	7.953177257525083	2.827866627258443	0.00022254200057548595	2.827866627258443	0.00022254200057548635	3.253356505320462	0.0243375587995	9.43935315951324	210.38511473683607	4.586554513060347	0.9973346626119182	52.45263916030015	1687.082259160245	-0.04341288711442112
3.422484949832776	7.953177257525083	2.828940047803307	0.00021611617660332783	2.8289400478033064	0.00021611617660332853	3.255967569283177	0.02400401249554479	9.4385052253887	210.85381960931818	4.589870287606385	0.9973603312262957	52.52734969297114	1689.5932768254204	-0.04341288711442112
3.4266998327759195	7.953177257525083	2.83000311655301	0.00020988260839081935	2.83000311655301	0.00020988260839081933	3.2585564193797207	0.02367381793596778	9.437644806269883	211.32108641792587	4.593157481730452	0.9973856828824256	52.60184175210274	1692.0843219034127	-0.04341288711442112
3.4309147157190636	7.953177257525083	2.831055853817676	0.00020383541411390092	2.8310558538176767	0.00020383541411389989	3.261122995296082	0.02334697472758248	9.43677249866136	211.7869079230595	4.596416055095737	0.9974107220396944	52.67611451344575	1694.555325767549	-0.04341288711442112
3.4351295986622072	7.953177257525083	2.8320982809998103	0.00019796889230846686	2.8320982809998103	0.00019796889230846719	3.2636672421609854	0.023023481694162157	9.435888891846668	212.25127731786492	4.599645973274368	0.9974354530950865	52.75016720167369	1697.006224401747	-0.04341288711442112
3.4393444816053513	7.953177257525083	2.8331304206257695	0.00019227751644741289	2.8331304206257695	0.00019227751644741294	3.266189110573546	0.022703336877562673	9.434994567624472	212.71418822958202	4.602847207782668	0.997459880384113	52.82399909084351	1699.436958444872	-0.04341288711442112
3.443559364548495	7.953177257525083	2.834152296374782	0.00018675592967472963	2.834152296374782	0.00018675592967472952	3.268688556625462	0.0223865375396876	9.434090100055696	213.17563472049588	4.606019736110643	0.9974840081817175	52.897609504808884	1701.8474732304974	-0.04341288711442112
3.4477742474916386	7.953177257525083	2.835163933105508	0.00018139893969230217	2.8351639331055085	0.00018139893969230212	3.271165541917742	0.02207308016528734	9.433176055221837	213.63561128849193	4.6091635417455254	0.9975078407031601	52.97099781758404	1704.2377188219014	-0.04341288711442112
3.4519891304347827	7.953177257525083	2.8361653568801524	0.0001762015137952243	2.8361653568801524	0.00017620151379522304	3.273620033571932	0.021762960465587115	9.43225299099485	214.09411286721422	4.612278614189439	0.9975313821048806	53.04416345365864	1706.6076500423162	-0.04341288711442112
3.4562040133779264	7.953177257525083	2.8371565949861117	0.0001711587740514657	2.8371565949861117	0.00017115877405146532	3.276052004235794	0.021456173382733836	9.43132145681872	214.55113482582527	4.615364948971027	0.9975546364853402	53.11710588826232	1708.9572265003264	-0.04341288711442112
3.4604188963210705	7.953177257525083	2.838137675955168	0.00016626599262196075	2.8381376759551684	0.00016626599262196089	3.278461432083461	0.021152713095051068	9.430381993503033	215.00667296837125	4.6184225476510585	0.9975776078858433	53.18982464757833	1711.2864126103502	-0.04341288711442112
3.464633779264214	7.953177257525083	2.8391086295801973	0.00016151858721720602	2.8391086295801973	0.0001615185872172062	3.280848300809972	0.020852573023092864	9.429435133028539	215.4607235327437	4.621451417821875	0.9976003002913405	53.26231930890535	1713.595177608133	-0.04341288711442112
3.4688486622073578	7.953177257525083	2.8400694869294405	0.00015691211668652607	2.8400694869294405	0.00015691211668652616	3.2832125996202985	0.020555745836476104	9.428481398364974	215.91328318925173	4.624451573100739	0.997622717631211	53.33458950076771	1715.8834955612458	-0.04341288711442112
3.4730635451505014	7.953177257525083	2.8410202803583555	0.0001524422767363455	2.841020280358356	0.00015244227673634554	3.2855543232128746	0.02026222346147852	9.427521303301276	216.36434903880416	4.627423033117146	0.9976448637800287	53.40663490297411	1718.15134537462	-0.04341288711442112
3.4772784280936455	7.953177257525083	2.8419610435190217	0.00014810489577387232	2.8419610435190217	0.0001481048957738722	3.2878734717575893	0.019971997089384425	9.426555352288082	216.81391861069835	4.630365823493903	0.9976667425583089	53.47845524662294	1720.3987107909627	-0.04341288711442112
3.481493311036789	7.953177257525083	2.8428918113672004	0.0001438959308726251	2.8428918113672004	0.00014389593087262497	3.290170050868457	0.01968505718555338	9.425584040292826	217.26198986003675	4.633279975822348	0.9976883577332394	53.550050314057586	1722.625580386311	-0.04341288711442112
3.4857081939799333	7.953177257525083	2.8438126201670046	0.00013981146385645506	2.8438126201670046	0.0001398114638564553	3.292444071570866	0.019401393499197003	9.424607852667224	217.7085611647613	4.636165527631407	0.9977097130193936	53.62141993876835	1724.8319475604692	-0.04341288711442112
3.489923076923077	7.953177257525083	2.8447235074932675	0.00013584769749869528	2.8447235074932675	0.00013584769749869522	3.294695550263611	0.0191209950738345	9.423627265027243	218.1536313223214	4.639022522350783	0.9977308120794295	53.69256400524371	1727.0178105225586	-0.04341288711442112
3.4941379598662206	7.953177257525083	2.845624512231632	0.00013200095183319907	2.8456245122316317	0.00013200095183319932	3.2969245086757617	0.01884385025840564	9.422642743145532	218.59719954598316	4.641851009268318	0.9977516585247718	53.76348244877078	1729.1831722716702	-0.04341288711442112
3.4983528428093646	7.953177257525083	2.846515674576407	0.00012826766057413787	2.846515674576407	0.0001282676605741377	3.2991309738184884	0.018569946719014577	9.421654742856227	219.03926546078705	4.644651043481604	0.9977722559162804	53.834175255185535	1731.328040572683	-0.04341288711442112
3.5025677257525083	7.953177257525083	2.847397036026248	0.00012464436764146275	2.847397036026248	0.0001246443676414629	3.3013149779319586	0.018299271451276352	9.420663709972034	219.4798290991624	4.647422685843964	0.9977926077649052	53.90464246057357	1733.4524279273228	-0.04341288711442112
3.5067826086956524	7.953177257525083	2.8482686393776935	0.00012112772378908809	2.8482686393776935	0.00012112772378908805	3.303476558427428	0.018031810793240125	9.419670080213436	219.9188908962101	4.650166002904901	0.9978127175323258	53.97488415092218	1735.5563515405136	-0.04341288711442112
3.510997491638796	7.953177257525083	2.8491305287166617	0.00011771448333283235	2.8491305287166613	0.0001177144833328326	3.305615757824734	0.017767550438856007	9.418674279150045	220.35645168466843	4.652881066845275	0.9978325886315803	54.04490046172536	1737.6398332822223	-0.04341288711442112
3.5152123745819397	7.953177257525083	2.849982749407899	0.00011440150097536593	2.849982749407899	0.00011440150097536547	3.3077326236852125	0.01750647545196203	9.417676722153685	220.79251268956304	4.655567955407153	0.9978522244276804	54.11469157754163	1739.7028996447434	-0.04341288711442112
3.5194272575250833	7.953177257525083	2.8508253480825334	0.00011118572872534779	2.8508253480825334	0.00011118572872534755	3.3098272085403786	0.017248570280751805	9.416677814363268	221.2270755225674	4.658226751818772	0.9978716282382156	54.18425773150771	1741.7455816957358	-0.04341288711442112
3.5236421404682274	7.953177257525083	2.8516583726237195	0.00010806421290813267	2.8516583726237195	0.00010806421290813237	3.311899569816381	0.016993818772699593	9.415677950661083	221.66014217607446	4.660857544714516	0.9978908033339454	54.253599204807415	1743.7679150269573	-0.04341288711442112
3.5278570234113715	7.953177257525083	2.8524818721504666	0.00010503409126543709	2.8524818721504666	0.00010503409126543717	3.313949769754456	0.01674220418990761	9.414677515660278	222.091715016994	4.663460428050218	0.9979097529393818	54.322716326097996	1745.76993969889	-0.04341288711442112
3.532071906354515	7.953177257525083	2.853295896999786	0.00010209259014140391	2.853295896999786	0.00010209259014140364	3.315977875327663	0.016493709224841363	9.413676883703474	222.52179678030058	4.666035501014089	0.9979284802333603	54.391609470896384	1747.7517001815215	-0.04341288711442112
3.536286789297659	7.953177257525083	2.854100498707142	0.00009923702175264786	2.854100498707142	0.00009923702175264774	3.3179839581539357	0.016248316016424045	9.412676418871962	222.95039056233043	4.66858286793326	0.997946988349603	54.46027906092529	1749.7132452912372	-0.04341288711442112
3.5405016722408025	7.953177257525083	2.8548957299853273	0.00009646478153988831	2.8548957299853273	0.00009646478153988813	3.3199680944057426	0.016006006166456473	9.411676475005418	223.37749981385025	4.671102638176286	0.9979652803772705	54.52872556342139	1751.6546281241062	-0.04341288711442112
3.5447165551839466	7.953177257525083	2.85568164470185	0.00009377334559881537	2.8556816447018503	0.00009377334559881538	3.3219303647165215	0.015766760756328962	9.410677395731698	223.80312833291003	4.6735949260517735	0.9979833593615064	54.596949490407745	1753.5759059856696	-0.04341288711442112
3.54893143812709	7.953177257525083	2.8564582978549056	0.00009116026818795131	2.8564582978549056	0.00009116026818795138	3.3238708540841353	0.015530560363992706	9.40967951450655	224.22728025749757	4.676059850703431	0.9980012283039734	54.66495139793179	1755.4771403174707	-0.04341288711442112
3.5531463210702343	7.953177257525083	2.8572257455479875	0.00008862317931131296	2.857225745547987	0.0000886231793113134	3.325789651771464	0.015297385081160117	9.408683154662713	224.64996005800162	4.678497536001615	0.9980188901633807	54.73273188527027	1757.3583966203723	-0.04341288711442112
3.557361204013378	7.953177257525083	2.857984044963261	0.00008615978237371795	2.857984044963261	0.00008615978237371795	3.3276868512044344	0.015067214530699667	9.407688629468248	225.07117252950772	4.680908110431768	0.9980363478560048	54.80029159410407	1759.2197443749842	-0.04341288711442112
3.5615760869565216	7.953177257525083	2.858733254333768	0.00008376785190666713	2.858733254333768	0.00008376785190666701	3.329562549867662	0.014840027884194728	9.406696242193693	225.49092278393624	4.6832917069798965	0.9980536042562028	54.86763120766377	1761.0612569592843	-0.04341288711442112
3.5657909698996653	7.953177257525083	2.8594734329145073	0.00008144523136278862	2.8594734329145077	0.00008144523136278844	3.3314168491978595	0.014615803879635802	9.405706286187545	225.90921624203506	4.685648463015242	0.9980706621969192	54.9347514498478	1762.8830115635978	-0.04341288711442112
3.5700058528428094	7.953177257525083	2.8602046409525466	0.00007918983097685798	2.8602046409525466	0.0000791898309768577	3.3332498544753277	0.01439452083921376	9.404719044960014	226.3260586252498	4.6879785201705895	0.9980875244701858	55.00165308431625	1764.6850891032393	-0.04341288711442112
3.5742207357859535	7.953177257525083	2.860926939656192	0.00007699962569149207	2.860926939656192	0.00007699962569149188	3.33506167471366	0.01417615668718498	9.403734792274374	226.74145594747972	4.690282024220252	0.9981041938276164	55.06833691356093	1766.467574128873	-0.04341288711442112
3.578435618729097	7.953177257525083	2.8616403911632964	0.00007487265314567082	2.8616403911632964	0.00007487265314567064	3.3368524225478517	0.013960688967779609	9.40275379224563	227.15541450673186	4.692559124956005	0.998120672980895	55.134803777953934	1768.230554734812	-0.04341288711442112
3.5826505016722408	7.953177257525083	2.8623450585088386	0.0000728070117242456	2.8623450585088386	0.00007280701172424551	3.338622214121113	0.013748094863122468	9.401776299446269	227.56794087669726	4.69480997606133	0.9981369646022595	55.20105455477759	1769.9741224655222	-0.04341288711442112
3.5868653846153844	7.953177257525083	2.863041005591796	0.00007080085866670524	2.8630410055917963	0.00007080085866670499	3.3403711689704854	0.013538351211140373	9.400802559018487	227.97904189825402	4.6970347349840145	0.9981530713249791	55.26709015723616	1771.6983722203886	-0.04341288711442112
3.5910802675585285	7.953177257525083	2.863728297141425	0.00006885240823347289	2.863728297141425	0.00006885240823347293	3.342099409911522	0.013331434523428087	9.399832806792661	228.3887246709146	4.699233562807464	0.9981689957438278	55.33291153345242	1773.4034021570187	-0.04341288711442112
3.595295150501672	7.953177257525083	2.8644069986829943	0.00006695992992808498	2.8644069986829943	0.00006695992992808487	3.3438070629221706	0.013127321003048344	9.398867269411577	228.79699654422873	4.701406624120846	0.9981847404155525	55.39851966544987	1775.0893135931924	-0.04341288711442112
3.5995100334448162	7.953177257525083	2.8650771765031213	0.00006512174677359685	2.8650771765031213	0.00006512174677359683	3.345494257026169	0.012925986562236827	9.39790616446024	229.20386510916512	4.703554086888493	0.9982003078593378	55.463915568124506	1776.75621090778	-0.04341288711442112
3.60372491638796	7.953177257525083	2.8657388976146656	0.00006333623364169971	2.8657388976146656	0.00006333623364169989	3.347161124175953	0.01272740683999423	9.396949700600544	229.60933818946583	4.705676122318431	0.9982157005572648	55.52910028820466	1778.4042014405645	-0.04341288711442112
3.6079397993311035	7.953177257525083	2.8663922297213804	0.00006160181563295796	2.8663922297213804	0.000061601815632958	3.3488077991354586	0.012531557219535807	9.395998077710795	230.01342383300644	4.707772904730638	0.9982309209547682	55.59407490320434	1780.0333953914042	-0.04341288711442112
3.612154682274247	7.953177257525083	2.8670372411822944	0.00005991696650672375	2.8670372411822944	0.00005991696650672372	3.3504344193628257	0.012338412845582623	9.395051487029443	230.41613030315864	4.709844611424926	0.9982459714610872	55.658840520368905	1781.643905718708	-0.04341288711442112
3.6163695652173913	7.953177257525083	2.8676740009759536	0.000058280207159248974	2.8676740009759536	0.000058280207159249123	3.352041124893292	0.01214794864146772	9.394110111302798	230.81746607017612	4.7118914225488195	0.9982608544497145	55.72339827561658	1783.235848037489	-0.04341288711442112
3.6205844481605354	7.953177257525083	2.8683025786645553	0.000056690104148609625	2.8683025786645553	0.0000566901041486096	3.3536280582223803	0.011960139326042658	9.393174124936333	231.21743980261058	4.71391352096556	0.9982755722588408	55.78774933247659	1784.8093405171237	-0.04341288711442112
3.624799331103679	7.953177257525083	2.8689230443580622	0.00005514526826505021	2.8689230443580627	0.00005514526826504995	3.3551953641895595	0.01177495943036169	9.392243694149217	231.61606035877094	4.715911092122456	0.9982901271917963	55.85189488102603	1786.3645037790027	-0.04341288711442112
3.6290142140468227	7.953177257525083	2.869535468678332	0.00005364435314543777	2.869535468678332	0.00005364435314543769	3.3567431898625086	0.011592383314129687	9.391318977131709	232.01333677823337	4.717884323919707	0.9983045215174888	55.91583613682659	1787.901460794169	-0.04341288711442112
3.6332290969899663	7.953177257525083	2.870139922723365	0.000052186053930507566	2.8701399227233653	0.00005218605393050748	3.3582716844221987	0.011412385181892942	9.390400124205193	232.40927827341847	4.719833406579962	0.9983187574708385	55.97957433986329	1789.4203367811683	-0.04341288711442112
3.6374439799331104	7.953177257525083	2.8707364780316538	0.00005076910596366334	2.8707364780316538	0.00005076910596366342	3.3597809990487955	0.011234939098963068	9.38948727798427	232.80389422123287	4.721758532518633	0.9983328372532098	56.04311075348546	1790.9212591041448	-0.04341288711442112
3.641658862876254	7.953177257525083	2.871325206546786	0.000049392283530080664	2.871325206546786	0.00004939228353008064	3.3612712868086976	0.011060019007054632	9.388580573540953	233.19719415480137	4.723659896215341	0.9983467630328402	56.10644666335341	1792.4043571714744	-0.04341288711442112
3.645873745819398	7.953177257525083	2.871906180582264	0.00004805439863494101	2.871906180582264	0.000048054398634940986	3.362742702542655	0.010887598739627162	9.387680138570277	233.58918775527977	4.725537694086395	0.9983605369452658	56.16958337638971	1793.8697623348828	-0.04341288711442112
3.650088628762542	7.953177257525083	2.8724794727866345	0.00004675429981963006	2.8724794727866345	0.00004675429981963013	3.364195402755216	0.01071765203691808	9.386786093557317	233.9798848437708	4.727392124358654	0.9983741610937449	56.23252221973835	1795.3176077893302	-0.04341288711442112
3.6543035117056855	7.953177257525083	2.8730451561089856	0.000045490871014765596	2.8730451561089856	0.000045490871014765596	3.365629545505569	0.010550152560655009	9.385898551945175	234.36929537334487	4.729223386944806	0.998387637549677	56.295264539732116	1796.7480284736919	-0.04341288711442112
3.658518394648829	7.953177257525083	2.8736033037647952	0.000044263030428973495	2.8736033037647952	0.000044263030428973414	3.3670452902998274	0.010385073908440054	9.385017620303612	234.7574294211669	4.731031683320147	0.9984009683530208	56.35781170086872	1798.1611609723361	-0.04341288711442112
3.662733277591973	7.953177257525083	2.874153989202269	0.00004306972947232505	2.874153989202269	0.000043069729472325	3.3684427979850047	0.010222389627794268	9.384143398498322	235.14429718075215	4.732817216401168	0.9984141555127086	56.42016508479892	1799.5571434178173	-0.04341288711442112
3.6669481605351173	7.953177257525083	2.874697286069093	0.0000419099517134229	2.8746972860690927	0.00004190995171342293	3.3698222306445667	0.010062073229857757	9.383275979860176	235.52990895433504	4.734580190425816	0.9984272010070574	56.48232608932481	1800.9361153946334	-0.04341288711442112
3.671163043478261	7.953177257525083	2.8752332681797412	0.00004078271186910116	2.8752332681797412	0.00004078271186910108	3.3711837514958507	0.009904098202735405	9.382415451354614	235.91427514537878	4.736320810835736	0.9984401067841783	56.5442961274117	1802.298217844266	-0.04341288711442112
3.6753779264214046	7.953177257525083	2.8757620094832856	0.0000396870548257825	2.8757620094832856	0.00003968705482578251	3.37252752478925	0.009748438024485736	9.381561893750602	236.29740625121102	4.738039284160447	0.9984528747623821	56.60607662621287	1803.6435929714937	-0.04341288711442112
3.6795928093645482	7.953177257525083	2.8762835840318086	0.00003862205469152206	2.8762835840318086	0.000038622054691522006	3.373853715709383	0.009595066175745287	9.380715381789212	236.679312855807	4.73973581790366	0.9984655068305833	56.66766902610915	1804.9723841521582	-0.04341288711442112
3.6838076923076923	7.953177257525083	2.8767980659493944	0.000037586813877821836	2.8767980659493944	0.000037586813877821924	3.375162490278189	0.009443956151986514	9.379875984351374	237.0600056227115	4.741410620431727	0.9984780048487	56.729074779763295	1806.2847358423733	-0.04341288711442112
3.688022575250836	7.953177257525083	2.8773055294017573	0.000036580462210309976	2.8773055294017573	0.000036580462210309915	3.3764540152600997	0.009295081475405297	9.379043764624795	237.4394952881117	4.743063900864343	0.9984903706480518	56.790295351190416	1807.5807934893035	-0.04341288711442112
3.69223745819398	7.953177257525083	2.8778060485665025	0.00003560215606741095	2.8778060485665025	0.00003560215606741095	3.3777284580692664	0.009148415706435632	9.378218780269677	237.81779265405874	4.744695868967518	0.9985026060317552	56.85133221484454	1808.8607034435067	-0.04341288711442112
3.6964523411371237	7.953177257525083	2.8782996976040955	0.000034651077546151714	2.878299697604095	0.00003465107754615187	3.378985986678981	0.00900393245489049	9.377401083583301	238.1949085818486	4.7463067350490435	0.9985147127751148	56.91218685472344	1810.1246128730784	-0.04341288711442112
3.7006672240802674	7.953177257525083	2.8787865506294663	0.00003372643365428668	2.8787865506294663	0.00003372643365428666	3.380226769533198	0.008861605390728338	9.376590721662977	238.5708539855524	4.747896709856191	0.9985266926260136	56.972860763489514	1811.372669679344	-0.04341288711442112
3.704882107023411	7.953177257525083	2.8792666816843573	0.00003282745552792615	2.8792666816843573	0.00003282745552792612	3.3814509754603077	0.008721408254445088	9.375787736567489	238.94563982571037	4.74946600447602	0.9985385473052982	57.03335544161013	1812.6050224144544	-0.04341288711442112
3.709096989966555	7.953177257525083	2.879740164710371	0.00003195339767389409	2.879740164710371	0.00003195339767389406	3.3826587735891405	0.0085833148670917	9.374992165476764	239.31927710318524	4.751014830238133	0.9985502785071634	57.09367239651593	1813.8218202007454	-0.04341288711442112
3.713311872909699	7.953177257525083	2.88020707352277	0.00003110353723605256	2.88020707352277	0.000031103537236052645	3.383850333267238	0.008447299139919968	9.374204040849667	239.69177685317763	4.7525433986199985	0.9985618878995316	57.15381314177857	1815.0232126519713	-0.04341288711442112
3.717526755852843	7.953177257525083	2.8806674817849918	0.000030277173284861857	2.8806674817849913	0.000030277173284861823	3.385025823981382	0.008313335083657326	9.37342339057974	240.0631501394044	4.754051921154816	0.9985733771244306	57.21377919630746	1816.2093497964042	-0.04341288711442112
3.7217416387959865	7.953177257525083	2.881121462983934	0.000029473626129450046	2.881121462983934	0.000029473626129450005	3.3861854152804294	0.008181396817414444	9.372650238148827	240.43340804844038	4.755540609341995	0.9985847477983686	57.273572083566414	1817.3803820018668	-0.04341288711442112
3.72595652173913	7.953177257525083	2.881569090405987	0.00002869223665150627	2.881569090405987	0.000028692236651506245	3.3873292767004455	0.008051458577227132	9.371884602778463	240.80256168422451	4.757009674560213	0.9985960015127044	57.33319333080988	1818.5364599026827	-0.04341288711442112
3.7301714046822743	7.953177257525083	2.88201043711383	0.000027932365660317065	2.8820104371138306	0.00002793236566031703	3.388457577692131	0.007923494724238336	9.371126499578933	241.17062216273035	4.75845932798311	0.9986071398340167	57.392644468339476	1819.6777343285955	-0.04341288711442112
3.734386287625418	7.953177257525083	2.8824455759239935	0.00002719339326828803	2.8824455759239935	0.000027193393268288084	3.3895704875505652	0.007797479752521923	9.370375939695885	241.53760060680014	4.759889780497601	0.9986181643044681	57.45192702878067	1820.8043562356463	-0.04341288711442112
3.738601170568562	7.953177257525083	2.8828745793851955	0.000026474718286315817	2.8828745793851955	0.000026474718286315827	3.390668175347266	0.007673388296554423	9.369632930454527	241.90350814114578	4.761301242624844	0.998629076442168	57.51104254638004	1821.9164766390697	-0.04341288711442112
3.7428160535117057	7.953177257525083	2.8832975197574178	0.00002577575763839689	2.8832975197574173	0.00002577575763839701	3.3917508098644777	0.007551195138339536	9.368897475501088	242.26835588750583	4.76269392444374	0.9986398777415302	57.5699925563222	1823.0142465480906	-0.04341288711442112
3.7470309364548493	7.953177257525083	2.8837144689917764	0.00002509594579486042	2.8837144689917764	0.00002509594579486038	3.392818559531813	0.007430875214189798	9.36816957494181	242.6321549599713	4.76406803551713	0.9986505696736291	57.62877859406787	1824.0978169027987	-0.04341288711442112
3.751245819397993	7.953177257525083	2.8841254987111404	0.00002443473422365278	2.8841254987111404	0.000024434734223652763	3.3938715923651155	0.007312403621171624	9.367449225479174	242.9949164604688	4.765423784820577	0.9986611536865508	57.687402194712234	1825.1673385129698	-0.04341288711442112
3.755460702341137	7.953177257525083	2.8845306801915234	0.000023791590859101266	2.884530680191523	0.000023791590859101304	3.3949100759076174	0.007195755623219741	9.366736420545463	243.35665147440716	4.766761380673731	0.9986716312057426	57.7458648923637	1826.2229619988893	-0.04341288711442112
3.759675585284281	7.953177257525083	2.884930084344195	0.000023165999587615377	2.8849300843441954	0.000023165999587615408	3.395934177173244	0.007080906656927272	9.366031150433411	243.7173710664748	4.768081030674207	0.9986820036343578	57.8041682195424	1827.2648377341084	-0.04341288711442112
3.763890468227425	7.953177257525083	2.885323781698576	0.00002255745974978178	2.885323781698576	0.0000225574597497818	3.396944062592199	0.006967832337017281	9.365333402424197	244.07708627659966	4.769382941634077	0.9986922723535969	57.86231370659958	1828.293115790217	-0.04341288711442112
3.7681053511705684	7.953177257525083	2.885711842385862	0.000021965485658343657	2.8857118423858616	0.000021965485658343718	3.397939897958714	0.006856508461502832	9.364643160912564	244.43580811606353	4.7706673195188705	0.9987024387230472	57.920302881157156	1829.3079458835618	-0.04341288711442112
3.772320234113712	7.953177257525083	2.886094336123359	0.000021389606131563027	2.8860943361233593	0.000021389606131562996	3.3989218483809007	0.006746911016543177	9.363960407529026	244.79354756376296	4.771934369388998	0.9987125040810166	57.978137267566225	1830.3094773238615	-0.04341288711442112
3.776535117056856	7.953177257525083	2.8864713321995796	0.000020829364041471623	2.886471332199579	0.000020829364041471603	3.3998900782327883	0.006639016181001419	9.363285121259313	245.1503155626272	4.773184295343731	0.998722469744865	58.03581838638657	1831.297858964806	-0.04341288711442112
3.78075	7.953177257525083	2.886842899460006	0.00002028431587654866	2.886842899460006	0.00002028431587654872	3.4008447511083872	0.006532800330712567	9.362617278560842	245.50612301617815	4.774417300467484	0.9987323370113326	58.09334775388444	1832.2732391564678	-0.04341288711442112