2.5205	8.210702341137123	2.3571494978931353	0.05725941785110353	2.3571494978931353	0.05725941785110353	2.6078885753801675	0.12730146750841254	8.917623277659432	113.53314469916512	3.6756334668564556	0.9651679802438194	35.57541803746289	1092.34847225717	-0.04341288711442112
2.524714882943144	8.210702341137123	2.3592038015063155	0.056590474251288235	2.3592038015063155	0.05659047425128829	2.6087892554616485	0.12694794234373868	8.920220901298064	113.79657147082615	3.6783038907261205	0.965666786232161	35.64150333902056	1094.9047212308167	-0.04341288711442112
2.528929765886288	8.210702341137123	2.3612909344562776	0.055919837840039656	2.3612909344562776	0.055919837840039614	2.6097253408592183	0.1265906446238456	8.922856891872238	114.06241622971454	3.6809813436884573	0.9661558291006436	35.70755136676955	1097.450460103172	-0.04341288711442112
2.5331446488294316	8.210702341137123	2.3634105752217964	0.055247670613557336	2.363410575221796	0.05524767061355735	2.6106968614093655	0.12622960615520132	8.9255312180856	114.330691453484	3.6836672420419148	0.9666354246596283	35.77357730345086	1099.9870633566543	-0.04341288711442112
2.5373595317725752	8.210702341137123	2.365562393174564	0.05457413582438276	2.3655623931745637	0.05457413582438278	2.611703851497117	0.12586485758308524	8.928243844938004	114.60140991972595	3.686362953996912	0.9671058743523169	35.83959578712117	1102.5158588321426	-0.04341288711442112
2.5415744147157193	8.210702341137123	2.3677460478263366	0.05389939806081421	2.3677460478263357	0.05389939806081431	2.6127463493688197	0.12549642850313958	8.930994732775643	114.87458466496312	3.689069801458633	0.9675674660429255	35.90562093581449	1105.0381297142878	-0.04341288711442112
2.545789297658863	8.210702341137123	2.369961188112147	0.05322362331335586	2.369961188112147	0.05322362331335589	2.613824396462585	0.12512434756771204	8.933783836353385	115.15022894429715	3.691789061659963	0.9680204747523954	35.97166637025134	1107.5551163708226	-0.04341288711442112
2.550004180602007	8.210702341137123	2.372207451709809	0.05254697902829456	2.3722074517098095	0.052546979028294534	2.614938036754659	0.12474864258736831	8.936611103908296	115.42835619161413	3.6945219686545623	0.9684651633457168	36.037745234735674	1110.0680180555457	-0.04341288711442112
2.5542190635451507	8.210702341137123	2.3744844643961054	0.05186963414846725	2.374484464396106	0.05186963414846715	2.6160873161201654	0.12436934062791968	8.939476476243513	115.7089799802586	3.6972697146794125	0.9689017831745903	36.10387021636889	1112.5779944839906	-0.04341288711442112
2.5584339464882944	8.210702341137123	2.3767918394402434	0.05119175914125827	2.376791839440243	0.051191759141258376	2.6172722817068044	0.12398646810327993	8.942379885821797	115.99211398409723	3.700033451395358	0.969330574678829	36.170053562698705	1115.0861672900078	-0.04341288711442112
2.5626488294314385	8.210702341137123	2.379129177035393	0.05051352601383856	2.3791291770353924	0.050513526013838586	2.618492981320358	0.1236000508644244	8.945321255868429	116.27777193890662	3.7028142910137256	0.969751767949612	36.23630709791316	1117.5936213709927	-0.04341288711442112
2.566863712374582	8.210702341137123	2.3814960637692275	0.049835108315647844	2.381496063769228	0.04983510831564786	2.6197494628209266	0.12321011428470562	8.948300499483185	116.56596760402485	3.705613307316528	0.9701655832574497	36.30264223768071	1120.1014061289202	-0.04341288711442112
2.5710785953177258	8.210702341137123	2.3838920721346204	0.04915668112810487	2.383892072134621	0.04915668112810479	2.6210417735291243	0.12281668334173668	8.951317518761547	116.85671472422439	3.708431536577377	0.9705722315474736	36.369070002731114	1122.610536613918	-0.04341288711442112
2.57529347826087	8.210702341137123	2.3863167600816504	0.0484784210415366	2.3863167600816504	0.04847842104153663	2.6223699596414267	0.12241978269604939	8.954372203925232	117.15002699176104	3.711269978389655	0.9709719149044527	36.43560103126408	1125.1219945765645	-0.04341288711442112
2.5795083612040135	8.210702341137123	2.3887696706123545	0.04780050611930159	2.3887696706123545	0.04780050611930167	2.6237340656542383	0.12201943676668564	8.957464432462595	117.44591800857691	3.7141295964084104	0.971364826989749	36.50224559026824	1127.6367294349043	-0.04341288711442112
2.583723244147157	8.210702341137123	2.3912503314195543	0.04712311584910661	2.3912503314195543	0.04712311584910658	2.625134133796148	0.12161566980388243	8.960594068279397	117.7444012486291	3.7170113190117298	0.9717511534522322	36.56901358582581	1130.1556591615451	-0.04341288711442112
2.5879381270903012	8.210702341137123	2.3937582545713187	0.046446431081514	2.3937582545713187	0.04644643108151404	2.626570203468181	0.12120850595897352	8.963760960860798	118.04549002033669	3.719916039887468	0.9721310723150302	36.63591457247553	1132.6796710961962	-0.04341288711442112
2.592153010033445	8.210702341137123	2.3962929362426024	0.04577063395565844	2.396292936242602	0.04577063395565856	2.6280423106919018	0.12079796935161653	8.966964944445595	118.3491974291417	3.722844618550687	0.9725047543398317	36.70295776170129	1135.2096226884973	-0.04341288711442112
2.596367892976589	8.210702341137123	2.3988538564955766	0.04509590781221537	2.3988538564955766	0.045095907812215404	2.629550487565258	0.1203840841344459	8.970205837213648	118.65553634018207	3.7257978807969305	0.9728723633703246	36.770152029609214	1137.7463421757877	-0.04341288711442112
2.6005827759197326	8.210702341137123	2.4014404791102937	0.04442243709368671	2.4014404791102937	0.04442243709368668	2.631094761726382	0.11996687455521925	8.97348344048803	118.96451934109542	3.728776619096521	0.9732340566562391	36.83750592385491	1140.2906292003531	-0.04341288711442112
2.6047976588628763	8.210702341137123	2.404052251467171	0.043750407232102204	2.404052251467171	0.04375040723210221	2.6326751558254426	0.11954636501652524	8.976797537953097	119.27615870496517	3.731781592934496	0.9735899851593404	36.90502766987663	1142.8432553702787	-0.04341288711442112
2.6090125418060204	8.210702341137123	2.4066886044828766	0.043080004524269695	2.4066886044828766	0.0430800045242697	2.634291687004982	0.1191225801330953	8.980147894890347	119.59046635344187	3.734813529101071	0.9739402938426216	36.97272517649022	1145.4049647680833	-0.04341288711442112
2.613227424749164	8.210702341137123	2.409348952600962	0.04241141599475508	2.4093489526009626	0.04241141599475504	2.6359443663890247	0.11869554478676148	8.983534257433506	119.90745382006533	3.7378731219369934	0.9742851219438491	37.04060604089676	1147.9764744109423	-0.04341288711442112
2.6174423076923077	8.210702341137123	2.4120326938386993	0.041744829246802735	2.4120326938387	0.041744829246802694	2.637633198581608	0.11826528417907349	8.986956351844935	120.22713221383471	3.740961033538342	0.9746246032345292	37.10867755315373	1150.5584746663185	-0.04341288711442112
2.6216571906354518	8.210702341137123	2.414739209891245	0.041080432301477426	2.414739209891244	0.0410804323014775	2.639358181175213	0.11783182388159963	8.990413883815114	120.54951218306546	3.744077893924965	0.9749588662652782	37.176946700156684	1153.1516296265718	-0.04341288711442112
2.6258720735785954	8.210702341137123	2.4174678662943276	0.040418413425338	2.4174678662943276	0.040418413425337994	2.641119304269914	0.11739518988390382	8.993906537787526	120.87460387959328	3.747224301176904	0.9752880345985162	37.24542016917842	1155.7565774461027	-0.04341288711442112
2.6300869565217395	8.210702341137123	2.420218012646316	0.03975896094702727	2.4202180126463166	0.03975896094702726	2.6429165500039176	0.116955408639199	8.997433976310829	121.2024169233768	3.7504008215428177	0.9756122270293262	37.31410435100951	1158.3739306443915	-0.04341288711442112
2.634301839464883	8.210702341137123	2.4229889828904128	0.03910226306321423	2.4229889828904128	0.03910226306321427	2.6447498920963697	0.11651250710766654	9.000995839420748	121.53296036756599	3.753607989524488	0.975931557795262	37.38300534274312	1161.0042763782303	-0.04341288711442112
2.638516722408027	8.210702341137123	2.4257800956575464	0.038448507634378855	2.425780095657546	0.03844850763437889	2.6466192954033763	0.11606651279741294	9.004591744053956	121.86624266410675	3.7568463079414065	0.976246136775837	37.45212895024627	1163.6481766863903	-0.04341288711442112
2.642731605351171	8.210702341137123	2.428590654670202	0.037797881971005726	2.4285906546702014	0.037797881971005684	2.6485247154881386	0.11561745380304886	9.008221283496223	122.20227162995224	3.760116247979293	0.97655606968236	37.52148069035719	1166.3061687098152	-0.04341288711442112
2.6469464882943146	8.210702341137123	2.431419949207263	0.03715057261080463	2.431419949207263	0.03715057261080465	2.650466098206273	0.11516535884185375	9.01188402686733	122.5410544139617	3.763418249226373	0.9768614582387461	37.59106579284828	1168.9787648904032	-0.04341288711442112
2.651161371237458	8.210702341137123	2.4342672546295865	0.03650676508764822	2.434267254629586	0.036506765087648274	2.6524433793073183	0.11471025728749874	9.015579518644993	122.88259746456589	3.7667527197010986	0.9771624003538791	37.66088920219173	1171.6664531513006	-0.04341288711442112
2.6553762541806023	8.210702341137123	2.4371318329658593	0.03586664369297048	2.437131832965859	0.03586664369297054	2.6544564840536173	0.11425217920128274	9.019307278230453	123.22690649829063	3.7701200358751277	0.977458990286062	37.7309555791661	1174.3696970617018	-0.04341288711442112
2.659591137123746	8.210702341137123	2.44001293355779	0.03523039123044954	2.44001293355779	0.035230391230449534	2.6565053268575496	0.11379115536085731	9.023066799557766	123.57398646921617	3.7735205426949032	0.9777513188000503	37.80126930233739	1177.0889359888336	-0.04341288711442112
2.6638060200668896	8.210702341137123	2.4429097937635778	0.03459818876483955	2.442909793763578	0.03459818876483949	2.658589810938363	0.11332721728639009	9.026857550749408	123.92384153947249	3.7769545536054903	0.9780394733171275	37.8718344694505	1179.8245852399505	-0.04341288711442112
2.6680209030100337	8.210702341137123	2.445821639718096	0.03397021536589186	2.445821639718096	0.033970215365891815	2.660709827999667	0.1128603972641376	9.03067897382034	124.27647505085528	3.7804223505799683	0.9783235380586486	37.94265489876357	1182.5770361969765	-0.04341288711442112
2.6722357859531773	8.210702341137123	2.44874768714802	0.033346647848349245	2.44874768714802	0.033346647848349224	2.6628652579287464	0.11239072836738602	9.034530484432747	124.63188949765852	3.783924184157712	0.9786035941834441	38.0137341303579	1185.346656446394	-0.04341288711442112
2.6764506688963214	8.210702341137123	2.4516871422396718	0.032727660509056636	2.451687142239672	0.03272766050905661	2.665055968518773	0.11191824447472919	9.038411471703514	124.99008650081275	3.7874602734946174	0.9788797199194461	38.08507542745304	1188.1337899068105	-0.04341288711442112
2.680665551839465	8.210702341137123	2.454639202557093	0.0321134248622748	2.454639202557093	0.032113424862274774	2.6672818152149977	0.11144298028565373	9.042321298066385	125.35106678342208	3.791030806428376	0.9791519906898734	38.1566817777577	1190.9387569566447	-0.04341288711442112
2.6848804347826087	8.210702341137123	2.457603058007515	0.03150410937431974	2.457603058007515	0.031504109374319765	2.6695426408860228	0.1109649713333989	9.046259299190778	125.71483014779285	3.794635939561725	0.979420479234285	38.22855589488421	1193.7618545642865	-0.04341288711442112
2.689095317725753	8.210702341137123	2.4605778918509675	0.030899879198698264	2.460577891850967	0.030899879198698302	2.671838275621032	0.11048425399507995	9.05022478395863	126.08137545403451	3.7982757983662783	0.9796852557247852	38.30070021985277	1196.6033564228198	-0.04341288711442112
2.6933102006688965	8.210702341137123	2.4635628817505815	0.030300895912920754	2.463562881750582	0.030300895912920664	2.674168536554029	0.11000086549904868	9.05421703450101	126.45070060032599	3.8019504773096684	0.9799463878776428	38.373116922711446	1199.4635130915221	-0.04341288711442112
2.69752508361204	8.210702341137123	2.4665572008597243	0.029707317258205378	2.4665572008597243	0.02970731725820534	2.6765332277158733	0.10951484392948918	9.058235306295622	126.82280250492362	3.80566004000829	0.9802039410605665	38.44580790429475	1202.3425521460438	-0.04341288711442112
2.7017399665551842	8.210702341137123	2.4695600189418285	0.029119296883296522	2.4695600189418285	0.029119296883296526	2.678932139914881	0.10902622822824808	9.062278828326235	127.19767708998674	3.8094045194079045	0.9804579783958562	38.51877479814314	1205.2406783391586	-0.04341288711442112
2.705954849498328	8.210702341137123	2.4725705035186216	0.0285369840936133	2.4725705035186216	0.02853698409361331	2.6813650506467868	0.108535058193896	9.066346803304992	127.57531926729857	3.8131839179941927	0.9807085608596333	38.59201897260408	1208.158073773851	-0.04341288711442112
2.7101697324414715	8.210702341137123	2.4755878210420135	0.02796052360695584	2.4755878210420135	0.02796052360695587	2.6838317240345213	0.10804137447804875	9.070438407958001	127.95572292594076	3.8169982080349363	0.9809557473773357	38.665541533131965	1211.0948980902676	-0.04341288711442112
2.7143846153846156	8.210702341137123	2.4786111380848883	0.0273900553169646	2.478611138084888	0.027390055316964604	2.686331910798386	0.10754521857896104	9.074552793374574	128.33888092198507	3.820847331855558	0.9811995949156463	38.739343324804636	1214.0512886680694	-0.04341288711442112
2.7185994983277593	8.210702341137123	2.4816396225457265	0.026825714065514275	2.4816396225457265	0.02682571406551432	2.6888653482569533	0.10704663283243403	9.07868908542015	128.72478507025164	3.8247312021492785	0.9814401585710097	38.81342493507007	1217.0273608454183	-0.04341288711442112
2.7228143812709034	8.210702341137123	2.48467244486193	0.026267629425181464	2.4846724448619306	0.02626762942518145	2.691431760358957	0.10654566040007367	9.082846385212623	129.1134261381806	3.82864970232314	0.9816774916548795	38.887786696736875	1220.0232081558524	-0.04341288711442112
2.727029264214047	8.210702341137123	2.4877087792265464	0.025715925492886718	2.4877087792265464	0.0257159254928867	2.694030857746297	0.10604234525495708	9.08702376966154	129.50479384185024	3.832602686880714	0.9819116457758222	38.96242869121828	1223.0389025839777	-0.04341288711442112
2.7312441471571907	8.210702341137123	2.4907478048030347	0.025170720695758063	2.490747804803035	0.02517072069575799	2.696662337848115	0.10553673216477095	9.091220292069309	129.89887684416806	3.8365899818421334	0.9821426709185969	39.037350752038506	1226.0744948408385	-0.04341288711442112
2.7354590301003348	8.210702341137123	2.493788706932754	0.024632127610193507	2.493788706932754	0.0246321276101935	2.699325885005847	0.1050288666724909	9.09543498279328	130.29566275525573	3.8406113852019352	0.9823706155203141	39.112552468608165	1229.130014659688	-0.04341288711442112
2.7396739130434784	8.210702341137123	2.4968306783297476	0.024100252795041594	2.4968306783297476	0.02410025279504161	2.702021170628927	0.10451879507468961	9.099666849967315	130.69513813503255	3.8446666674247645	0.9825955265437739	39.18803319027239	1232.205471112614	-0.04341288711442112
2.743888795986622	8.210702341137123	2.4998729202575527	0.023575196639729772	2.4998729202575527	0.02357519663972979	2.7047478533807072	0.10400656439756845	9.103914880281005	131.09728849799524	3.8487555719788635	0.9828174495480683	39.263792030634136	1235.300852948396	-0.04341288711442112
2.748103678929766	8.210702341137123	2.5029146436828373	0.023057053228089378	2.502914643682837	0.0230570532280894	2.7075055793940734	0.10349222237080984	9.108178039814657	131.50209832018595	3.8528778159070223	0.9830364287565281	39.33982787215296	1238.4161289517788	-0.04341288711442112
2.75231856187291	8.210702341137123	2.5059550704007956	0.022545910218533177	2.5059550704007956	0.022545910218533204	2.710293982516033	0.10297581739936702	9.112455274927722	131.9095510483241	3.857033090434361	0.98325250712209	39.41613937101684	1241.5512483241769	-0.04341288711442112
2.7565334448160534	8.210702341137123	2.5089934341274067	0.02204184874114429	2.5089934341274063	0.02204184874114435	2.713112684580421	0.1024573985333109	9.116745513198085	132.31962911107018	3.8612210616121003	0.9834657263901474	39.492724962283475	1244.7061410856518	-0.04341288711442112
2.7607483277591975	8.210702341137123	2.51202898155391	0.021544943312132334	2.51202898155391	0.021544943312132324	2.7159612957077734	0.10193701543586364	9.12104766440945	132.7323139323813	3.865441370996241	0.9836761271589491	39.56958286528452	1247.8807184978518	-0.04341288711442112
2.764963210702341	8.210702341137123	2.5150609733590765	0.021055261766007548	2.5150609733590765	0.021055261766007558	2.718839414631241	0.10141471834975636	9.12536062158374	133.14758594690332	3.8696936363598216	0.9838837489376009	39.64671108928497	1251.074873507444	-0.04341288711442112
2.7691780936454853	8.210702341137123	2.518088685175188	0.020572865205713907	2.5180886851751882	0.020572865205713886	2.7217466290473973	0.10089055806204829	9.129683262055416	133.56542461734676	3.873977452437329	0.984088630201724	39.72410743938868	1254.2884812094671	-0.04341288711442112
2.773392976588629	8.210702341137123	2.52111140850392	0.02009780797085503	2.52111140850392	0.020097807970855048	2.7246825159905415	0.10036458586756355	9.134014448584102	133.98580845376844	3.8782923916994627	0.9842908084468219	39.80176952267787	1257.5213993298137	-0.04341288711442112
2.7776078595317726	8.210702341137123	2.524128451578644	0.019630137624038622	2.524128451578644	0.019630137624038625	2.7276466422290615	0.09983685353109721	9.138353030501959	134.40871503468364	3.882638005156334	0.9844903202393988	39.87969475457329	1260.7734687259333	-0.04341288711442112
2.7818227424749167	8.210702341137123	2.52713914017014	0.01916989495524998	2.5271391401701404	0.01916989495524996	2.7306385646823923	0.09930741324854576	9.142697844892119	134.83412102992392	3.8870138231870963	0.9846872012658766	39.95788036540166	1264.0445139047756	-0.04341288711442112
2.7860376254180603	8.210702341137123	2.530142818332967	0.018717114004067736	2.530142818332967	0.018717114004067736	2.7336578308568567	0.09877631760712915	9.14704771779418	135.26200222514274	3.8914193563937194	0.9848814863793572	40.036323407153404	1267.3343435568336	-0.04341288711442112
2.790252508361204	8.210702341137123	2.533138849090289	0.018271822099420756	2.533138849090289	0.01827182209942075	2.7367039792988446	0.09824361954485691	9.151401465432953	135.69233354787602	3.8958540964766213	0.985073209644266	40.11502076041477	1270.6427511050647	-0.04341288711442112
2.794467391304348	8.210702341137123	2.536126615055186	0.01783403991649924	2.5361266150551858	0.01783403991649925	2.73977654006339	0.09770937230941762	9.155757895466165	136.12508909503867	3.900317517129524	0.9852624043789239	40.19396914145479	1273.9695152672848	-0.04341288711442112
2.7986822742474917	8.210702341137123	2.5391055189871126	0.017403781550323495	2.5391055189871126	0.017403781550323495	2.7428750351965334	0.0971736294166412	9.160115808247324	136.56024216175877	3.904809074951176	0.9854491031960879	40.27316510944983	1277.3144006307557	-0.04341288711442112
2.8028971571906354	8.210702341137123	2.5420749842823738	0.016981054605399407	2.5420749842823733	0.016981054605399417	2.7459989792294643	0.09663644460870967	9.164473998099323	136.9977652714202	3.9093282103710414	0.985633338041501	40.35260507382426	1280.6771582373258	-0.04341288711442112
2.8071120401337795	8.210702341137123	2.545034455398091	0.0165658603007965	2.545034455398091	0.016565860300796494	2.7491478796826954	0.09609787181226934	9.168831254594934	137.43763020680214	3.913874348586418	0.9858151402304935	40.43228530168809	1284.0575261776885	-0.04341288711442112
2.811326923076923	8.210702341137123	2.547983398209435	0.01615819358991647	2.5479833982094355	0.016158193589916468	2.752321237578352	0.09555796509660593	9.173186363840053	137.87980804219052	3.9184469005082248	0.9859945404826824	40.512201925351	1287.4552301931913	-0.04341288711442112
2.815541806020067	8.210702341137123	2.55092130030028	0.015758043294152636	2.5509213003002804	0.015758043294152604	2.7555185479586193	0.09501677863204157	9.177538109755535	138.32426917632992	3.923045263712516	0.9861715689548063	40.59235094989013	1290.869984283425	-0.04341288711442112
2.819756688963211	8.210702341137123	2.5538476711879494	0.015365392249576768	2.5538476711879494	0.015365392249576757	2.758739300408599	0.0944743666486971	9.181885275353997	138.77098336609836	3.9276688233952015	0.9863462552717456	40.67272826075287	1294.3014913181503	-0.04341288711442112
2.8239715719063545	8.210702341137123	2.556762042482933	0.014980217465747568	2.556762042482933	0.01498021746574756	2.7619829795816186	0.09393078339576949	9.186226644007506	139.2199197607718	3.9323169533270264	0.986518628555772	40.75332963137159	1297.7494436517577	-0.04341288711442112
2.8281864548494986	8.210702341137123	2.5596639679849225	0.014602490295684924	2.559663967984923	0.014602490295684922	2.7652490657252264	0.09338608310146064	9.190561000702646	139.67104693675452	3.9369890168062383	0.9866887174540745	40.83415073077088	1301.2135237387217	-0.04341288711442112
2.8324013377926422	8.210702341137123	2.562553023716732	0.014232176616030151	2.562553023716732	0.01423217661603018	2.7685370352060357	0.09284031993369377	9.194887133279249	140.12433293264556	3.9416843676061464	0.9868565501646099	40.91518713114537	1304.693404748311	-0.04341288711442112
2.836616220735786	8.210702341137123	2.5654288078981007	0.013869237016377685	2.5654288078981007	0.013869237016377696	2.771846361031806	0.09229354796173173	9.199203833649742	140.57974528452806	3.9464023509152097	0.9870221544603286	40.99643431539008	1308.1887511771133	-0.04341288711442112
2.84083110367893	8.210702341137123	2.568290940861468	0.013513626996759481	2.568290940861468	0.01351362699675949	2.77517651336894	0.09174582111882687	9.203509898995518	141.03725106134675	3.951142304266905	0.9871855577118247	41.07788768456148	1311.699219457613	-0.04341288711442112
2.8450459866220736	8.210702341137123	2.5711390649122134	0.013165297172247011	2.5711390649122134	0.01316529717224699	2.778526960053931	0.09119719316600067	9.207804132937671	141.49681690026685	3.9559035584571944	0.9873467869084649	41.1595425652524	1315.2244585614717	-0.04341288711442112
2.8492608695652173	8.210702341137123	2.5739728441359584	0.012824193483640771	2.573972844135959	0.012824193483640766	2.781897167097157	0.09064771765705666	9.212085346679126	141.95840904189427	3.9606854384471695	0.9875058686780459	41.24139421686166	1318.7641105959176	-0.04341288711442112
2.8534757525083614	8.210702341137123	2.5767919641557895	0.012490257413224019	2.576791964155789	0.012490257413224057	2.785286599177678	0.09009744790491285	9.216352360115778	142.42199336525508	3.965487264248868	0.9876628293050383	41.323437838742464	1322.3178113919673	-0.04341288711442112
2.857690635451505	8.210702341137123	2.5795961318422815	0.012163426204574997	2.5795961318422815	0.012163426204575004	2.788694720127549	0.089546436949343	9.220604002914023	142.88753542241733	3.970308351792012	0.9878176947474677	41.40566857721159	1325.8851910829699	-0.04341288711442112
2.861905518394649	8.210702341137123	2.582385074979512	0.011843633085449048	2.582385074979512	0.011843633085449041	2.7921209934045543	0.08899473752618679	9.224839115552905	143.35500047267115	3.9751480137700588	0.9879704906524924	41.48808153240682	1329.4658746724174	-0.04341288711442112
2.8661204013377928	8.210702341137123	2.5851585418901686	0.011530807492775384	2.585158541890169	0.011530807492775347	2.795564882552106	0.08844240203809932	9.22905655032878	143.82435351616343	3.980005560463625	0.988121242370731	41.57067176497651	1333.059482589682	-0.04341288711442112
2.8703352842809364	8.210702341137123	2.5879163010229838	0.011224875298843875	2.5879163010229838	0.011224875298843882	2.799025851645239	0.08788948252689227	9.233255172320856	144.29555932690022	3.9848803005397158	0.9882699749693964	41.65343430258906	1336.665631232618	-0.04341288711442112
2.8745501672240805	8.210702341137123	2.590658140505847	0.010925759037793343	2.5906581405058473	0.01092575903779333	2.802503365721868	0.0873360306475036	9.237433860316436	144.76858248504502	3.9897715418255126	0.9884167132442963	41.73636414625178	1340.283933496128	-0.04341288711442112
2.878765050167224	8.210702341137123	2.5933838676677814	0.010633378131559724	2.5933838676677814	0.010633378131559726	2.8059968911982964	0.08678209764363819	9.241591507694354	145.24338740842538	3.9946785920551853	0.9885614817307514	41.819456276426685	1343.9139992856042	-0.04341288711442112
2.882979933110368	8.210702341137123	2.5960933085331095	0.010347649114484454	2.5960933085331095	0.010347649114484445	2.8095058962683384	0.08622773432509967	9.2457270232659	145.71993838318923	3.9996007595887813	0.9887043047134919	41.902705658935254	1347.555436014532	-0.04341288711442112
2.887194816053512	8.210702341137123	2.5987863072910447	0.010068485855832348	2.598786307291045	0.01006848585583233	2.813029851285381	0.08567299104683267	9.24983933207248	146.1981995935468	4.004537354102221	0.9888452062355859	41.986107250644146	1351.2078490855283	-0.04341288711442112
2.8914096989966556	8.210702341137123	2.6014627257438416	0.009795799779521218	2.6014627257438416	0.009795799779521224	2.8165682291267946	0.08511791768968346	9.253927376139332	146.6781351505408	4.009487687247483	0.9889842101064578	42.06965600492368	1354.8708423540686	-0.04341288711442112
2.895624581939799	8.210702341137123	2.6041224427366734	0.009529500080414186	2.6041224427366734	0.009529500080414203	2.820120505540347	0.0845625636428775	9.257990115185294	147.1597091198032	4.014451073282516	0.9891213399090483	42.15334687687539	1358.5440185745185	-0.04341288711442112
2.8998394648829433	8.210702341137123	2.6067653535721482	0.009269493936583937	2.6067653535721482	0.009269493936583951	2.8236861594720994	0.08400697778821402	9.262026527288116	147.642885548246	4.0194268296700715	0.9892566190061715	42.23717482832128	1362.2269798277753	-0.04341288711442112
2.904054347826087	8.210702341137123	2.6093913694124975	0.00901568671700536	2.6093913694124975	0.009015686717005351	2.827264673375747	0.08345120848595243	9.266035609505854	148.12762848966622	4.024414277645496	0.9893900705461237	42.32113483255462	1365.9193279304516	-0.04341288711442112
2.908269230769231	8.210702341137123	2.6120004166720885	0.008767982184194827	2.612000416672089	0.008767982184194783	2.8308555335030117	0.08289530356238245	9.270016378454173	148.61390202922001	4.02941274275284	0.9895217174675917	42.40522187884675	1369.6206648250054	-0.04341288711442112
2.9124841137123747	8.210702341137123	2.614592436403018	0.008526282691361018	2.6145924364030186	0.008526282691361001	2.8344582301751564	0.08233931029904304	9.273967870840307	149.10167030675495	4.034421555349494	0.9896515825039147	42.48943097671064	1373.3305929508526	-0.04341288711442112
2.9166989966555183	8.210702341137123	2.6171673836762714	0.008290489373688285	2.6171673836762714	0.008290489373688288	2.8380722580355693	0.08178327542355784	9.277889143954065	149.59089753897928	4.039440051079248	0.9897796881867473	42.573757159919985	1377.048715596217	-0.04341288711442112
2.9209138795986624	8.210702341137123	2.6197252269608167	0.008060502333424936	2.6197252269608167	0.008060502333424932	2.84169711628346	0.0812272451020556	9.28177927611667	150.08154804045543	4.044467571313915	0.98990605684917	42.658195490284236	1380.7746372306942	-0.04341288711442112
2.925128762541806	8.210702341137123	2.622265947502864	0.007836220818497922	2.622265947502864	0.007836220818497906	2.845332308888825	0.0806712649331297	9.28563736708821	150.57358624341163	4.049503463563806	0.9900307106282952	42.742741061181164	1384.5079638185705	-0.04341288711442112
2.9293436454849497	8.210702341137123	2.624789538707403	0.007617543394422152	2.6247895387074034	0.007617543394422152	2.8489773447889375	0.08011537994328734	9.289462538434776	151.06697671637562	4.054547081857424	0.9901536714674122	42.82738900084945	1388.2483031129782	-0.04341288711442112
2.933558528428094	8.210702341137123	2.6272960055238963	0.007404368109321875	2.6272960055238963	0.007404368109321872	2.852631738066535	0.07955963458384667	9.293253933856187	151.56168418162534	4.059597787090777	0.9902749611177114	42.9121344754436	1391.9952649310394	-0.04341288711442112
2.9377734113712375	8.210702341137123	2.629785363837953	0.0071965926519211194	2.629785363837953	0.007196592651921124	2.856295008110171	0.07900407272921682	9.297010719475677	152.057673531476	4.064654947346949	0.9903946011396331	42.99697269185565	1395.7484614102534	-0.04341288711442112
2.941988294314381	8.210702341137123	2.6322576398705557	0.006994114502405682	2.6322576398705557	0.006994114502405673	2.8599666797569427	0.07844873767651754	9.300732084092505	152.55490984340372	4.069717938186423	0.9905126129038733	43.08189890030741	1399.5075072463305	-0.04341288711442112
2.9462031772575252	8.210702341137123	2.634712869586324	0.006796831076094682	2.634712869586324	0.0067968310760946875	2.8636462834181193	0.07789367214647278	9.304417239398962	153.05335839402818	4.07478614290888	0.9906290175920892	43.1669083967177	1403.2720199128125	-0.04341288711442112
2.950418060200669	8.210702341137123	2.637151098112189	0.006604639859895901	2.637151098112189	0.006604639859895883	2.8673333551881535	0.07733891828551524	9.308065420163167	153.5529846719761	4.0798589527873395	0.9907438361973359	43.251996524851535	1407.0416198629175	-0.04341288711442112
2.954632943143813	8.210702341137123	2.63957237916759	0.006417438541555195	2.6395723791675896	0.006417438541555215	2.871027436937485	0.07678451766904851	9.311675884378904	154.05375438964177	4.084935767275279	0.9908570895242683	43.33715867825534	1410.8159307139097	-0.04341288711442112
2.9588478260869566	8.210702341137123	2.641976774507278	0.006235125131738247	2.6419767745072775	0.006235125131738251	2.874728076389738	0.07623051130579646	9.315247913384002	154.5556334938733	4.090015994187666	0.990968798189139	43.422390301985246	1414.5945794144784	-0.04341288711442112
2.9630627090301003	8.210702341137123	2.6443643533776306	0.006057598079011964	2.6443643533776306	0.006057598079011968	2.8784348271838414	0.07567693964317976	9.318780811948779	155.05858817561287	4.095099049856813	0.9910789826196222	43.507686894135254	1418.377196395623	-0.04341288711442112
2.9672775919732444	8.210702341137123	2.646735191987254	0.005884756377818546	2.646735191987254	0.00588475637781855	2.8821472489216267	0.07512384257365678	9.322273908335896	155.56258487851795	4.10018435926393	0.9911876630544897	43.593044007171414	1422.1634157054957	-0.04341288711442112
2.971492474916388	8.210702341137123	2.6490893729925737	0.0057164996695569575	2.6490893729925733	0.005716499669556961	2.8858649072015985	0.07457125944195653	9.325726554333274	156.06759030660243	4.105271356147406	0.9912948595431661	43.678457249080125	1425.952875128788	-0.04341288711442112
2.975707357859532	8.210702341137123	2.6514269849989045	0.005552728336908741	2.6514269849989045	0.0055527283369087455	2.8895873736393454	0.0740192290531509	9.329138125261375	156.57357143092167	4.110359483088706	0.9914005919451853	43.763922284336914	1429.7452162911447	-0.04341288711442112
2.9799222408026758	8.210702341137123	2.653748122077489	0.00539334359156109	2.653748122077489	0.005393343591561088	2.8933142258753106	0.07346778968149528	9.33250801995644	157.08049549534357	4.115448191576916	0.991504879929571	43.84943483470341	1433.5400847491753	-0.04341288711442112
2.9841371237458194	8.210702341137123	2.656052883298853	0.005238247555495823	2.656052883298853	0.005238247555495828	2.897045047570562	0.07291697907997277	9.335835660731144	157.58833002144146	4.120536942053014	0.9916077429741628	43.93499067986094	1437.3371300667202	-0.04341288711442112
2.988352006688963	8.210702341137123	2.6583413722826856	0.005087343336028407	2.6583413722826856	0.0050873433360284085	2.900779428391096	0.07236683449048777	9.339120493313999	158.09704281254025	4.125625203934669	0.9917092003649025	44.02058565788649	1441.1360058777716	-0.04341288711442112
2.992566889632107	8.210702341137123	2.660613696764465	0.004940535094788661	2.6606136967644654	0.004940535094788648	2.9045169639814454	0.07181739265463807	9.342361986769106	158.60660195696286	4.130712455622876	0.9918092711951034	44.10621566558118	1444.9363699368892	-0.04341288711442112
2.996781772575251	8.210702341137123	2.662869968178864	0.0047977281108480515	2.662869968178864	0.004797728110848046	2.90825725592809	0.07126868982501397	9.345559633397402	159.11697583050557	4.135798184491129	0.9919079743647128	44.191876658656454	1448.7378841574573	-0.04341288711442112
3.000996655518395	8.210702341137123	2.6651103012599826	0.004658828838202442	2.665110301259983	0.004658828838202447	2.911999911713404	0.07072076177695864	9.348712948620967	159.628133098188	4.140881886858329	0.9920053285795843	44.277564651787294	1452.5402146385295	-0.04341288711442112
3.0052115384615385	8.210702341137123	2.667334813658356	0.004523744957826805	2.667334813658356	0.004523744957826804	2.915744544660719	0.0701736438207367	9.351821470851581	160.14004271531454	4.145963067946369	0.9921013523507738	44.3632757185395	1456.3430316808315	-0.04341288711442112
3.009426421404682	8.210702341137123	2.669543625574588	0.0043923854245225425	2.669543625574588	0.00439238542452254	2.9194907738710922	0.06962737081405602	9.35488476134479	160.65267392788286	4.151041241823313	0.9921960639938662	44.44900599117813	1460.1460097924619	-0.04341288711442112
3.0136413043478263	8.210702341137123	2.671736859409486	0.004264660508779051	2.671736859409486	0.004264660508779045	2.923238224152435	0.06908197717488385	9.357902404040733	161.1659962723823	4.156115931333174	0.9922894816283475	44.53475166036504	1463.9488276848977	-0.04341288711442112
3.01785618729097	8.210702341137123	2.673914639430472	0.004140481833874252	2.673914639430472	0.004140481833874258	2.9269865259415844	0.0685374968945097	9.360874005392942	161.67997957502004	4.161186668013276	0.9923816231770294	44.62050897475273	1467.7511682599477	-0.04341288711442112
3.022071070234114	8.210702341137123	2.6760770914540046	0.004019762408437811	2.6760770914540046	0.004019762408437817	2.930735315219878	0.06799396355080208	9.36379919418616	162.1945939504099	4.166252992000012	0.9924725063655325	44.70627424048118	1471.5527185881183	-0.04341288711442112
3.0262859531772577	8.210702341137123	2.678224342543717	0.0039024166547001566	2.6782243425437167	0.003902416654700167	2.934484233422802	0.06745141032161117	9.366677621344246	162.70980979976292	4.17131445192395	0.9925621487218373	44.792043820584766	1475.3531698789984	-0.04341288711442112
3.0305008361204013	8.210702341137123	2.680356520723962	0.003788360432648368	2.680356520723962	0.0037883604326483765	2.93823292734428	0.06690986999827103	9.369508959729252	163.22559780861718	4.176370604795181	0.992650567575908	44.877814134316445	1479.1522174442464	-0.04341288711442112
3.034715719063545	8.210702341137123	2.6824737547084134	0.003677511060306629	2.682473754708413	0.0036775110603066387	2.9419810490361704	0.06636937499915267	9.372292903932633	163.74192894414355	4.181421015879739	0.9927377800593925	44.963581656395476	1482.9495606536786	-0.04341288711442112
3.038930602006689	8.210702341137123	2.6845761736433165	0.00356978733035652	2.684576173643317	0.003569787330356509	2.9457282557033904	0.06582995738323175	9.375029170059372	164.25877445205757	4.186465258567846	0.9928238031054054	45.049342916184735	1486.744902884961	-0.04341288711442112
3.0431454849498327	8.210702341137123	2.6866639068650366	0.0034651095233064364	2.686663906865036	0.003465109523306443	2.949474209595294	0.06529164886362222	9.377717495506054	164.77610585317862	4.1915029142348885	0.9929086534483933	45.13509449680447	1490.5379514674682	-0.04341288711442112
3.047360367892977	8.210702341137123	2.6887370836714957	0.003363399417415774	2.6887370836714957	0.003363399417415766	2.95321857789376	0.06475448082103738	9.380357638733642	165.2938949396697	4.196533572095846	0.9929923476240895	45.220833034188686	1494.3284176208153	-0.04341288711442112
3.0515752508361205	8.210702341137123	2.6907958331070088	0.003264580295574511	2.690795833107009	0.003264580295574509	2.956961032598345	0.06421848431714956	9.382949379035532	165.81211377097978	4.2015568290538114	0.9930749019695551	45.306555216088384	1498.1160163884342	-0.04341288711442112
3.055790133779264	8.210702341137123	2.6928402837602	0.003168576949331005	2.6928402837601997	0.003168576949331002	2.960701250409156	0.06368369010779795	9.385492516301916	166.33073466953704	4.206572289543507	0.9931563326233113	45.392257781029635	1501.9004665668238	-0.04341288711442112
3.060005016722408	8.210702341137123	2.6948705635744767	0.003075315680257067	2.6948705635744767	0.003075315680257067	2.9644389126077133	0.06315012865602149	9.387986870780766	166.84973021621119	4.211579565370298	0.9932366555255621	45.477937517229925	1505.6814906308086	-0.04341288711442112
3.064219899665552	8.210702341137123	2.6968867996706556	0.0029847242988319134	2.696886799670656	0.002984724298831911	2.9681737049362873	0.06261783014488037	9.390432282836244	167.36907324557848	4.216578275545421	0.993315886418507	45.56359126147856	1509.4588146552544	-0.04341288711442112
3.068434782608696	8.210702341137123	2.6988891181813233	0.0028967321210194995	2.6988891181813237	0.0028967321210194978	2.9719053174761294	0.062086824490034526	9.39282861270503	167.88873684102074	4.221568046118125	0.9933940408467441	45.649215897986856	1513.2321682337586	-0.04341288711442112
3.0726496655518396	8.210702341137123	2.700877644096457	0.0028112699627083223	2.700877644096457	0.00281126996270832	2.9756334445249486	0.06155714135205015	9.39517574025104	168.40869432968316	4.2265485100051965	0.9934711341577627	45.734808357211804	1517.001284394614	-0.04341288711442112
3.0768645484949833	8.210702341137123	2.7028525011199074	0.002728270132174781	2.7028525011199074	0.002728270132174781	2.979357784474021	0.06102881014840771	9.39747356471902	168.92891927731924	4.231519306818535	0.9935471815025243	45.82036561465832	1520.7658995144843	-0.04341288711442112
3.081079431438127	8.210702341137123	2.704813811536266	0.002647666420725449	2.704813811536266	0.002647666420725458	2.9830780396852283	0.06050186006518611	9.399722004487309	169.44938548304435	4.236480082691222	0.9936221978361298	45.905884689664155	1524.525753230151	-0.04341288711442112
3.085294314381271	8.210702341137123	2.7067616960877885	0.002569394091664978	2.706761696087789	0.002569394091664975	2.9867939163685144	0.0599763200683915	9.401920996820392	169.97006697403413	4.241430490102801	0.9936961979185723	45.99136264417262	1528.2805883487842	-0.04341288711442112
3.0895091973244146	8.210702341137123	2.7086962738608316	0.0024933898677323135	2.7086962738608316	0.0024933898677323096	2.9905051244598506	0.059452218914920016	9.404070497621207	170.4909380001746	4.246370187703961	0.9937691963155726	46.07679658149517	1532.0301507569068	-0.04341288711442112
3.0937240802675587	8.210702341137123	2.710617662181537	0.002419591917137481	2.7106176621815377	0.0024195919171374784	2.99421137750026	0.05892958516311693	9.406170481183807	171.01197302870494	4.251298840141429	0.9938412073994952	46.16218364507033	1535.7741893286086	-0.04341288711442112
3.0979389632107024	8.210702341137123	2.712525976520222	0.002347939838328711	2.712525976520222	0.0023479398383287166	2.997912392515947	0.05840844718292778	9.40822093994633	171.53314673885714	4.256216117883166	0.993912245350343	46.24752101721937	1539.5124558330986	-0.04341288711442112
3.102153846153846	8.210702341137123	2.714421330404255	0.0022783746436085828	2.7144213304042544	0.002278374643608581	3.001607889900071	0.05788883316560614	9.410221884244772	172.05443401653145	4.261121697044665	0.9939823241568274	46.332805917905795	1543.2447048421545	-0.04341288711442112
3.10636872909699	8.210702341137123	2.7163038353388864	0.002210838741715743	2.716303835338886	0.0022108387417157475	3.0052975932961763	0.05737077113297365	9.412173342067433	172.5758099490117	4.266015259216418	0.9940514576175117	46.41803560349875	1546.9706936375464	-0.04341288711442112
3.110583612040134	8.210702341137123	2.718173600735764	0.0021452759194794386	2.718173600735764	0.0021452759194794417	3.008981229483671	0.05685428894620833	9.414075358810324	173.09724981974753	4.2708964912930805	0.9941196593420238	46.50320736554502	1550.690182118804	-0.04341288711442112
3.114798494983278	8.210702341137123	2.7200307338487897	0.002081631322648763	2.7200307338487897	0.002081631322648766	3.012658528265603	0.05633941431414394	9.415927997033684	173.61872910322492	4.275765085304773	0.9941869427523369	46.588318529553156	1554.4029327116796	-0.04341288711442112
3.1190133779264215	8.210702341137123	2.7218753397169015	0.0020198514359939623	2.721875339716901	0.002019851435993965	3.016329222358837	0.055826174801072485	9.41773133621944	174.14022345993178	4.280620738250631	0.9942533210841139	46.67336645379062	1558.1087102773888	-0.04341288711442112
3.123228260869565	8.210702341137123	2.723707521113544	0.001959884062769106	2.7237075211135435	0.001959884062769108	3.019993047286962	0.05531459783403033	9.41948547252992	174.661708731446	4.285463151935146	0.9943188073881132	46.75834852809859	1561.8072820230277	-0.04341288711442112
3.127443143812709	8.210702341137123	2.725527378502465	0.001901678303621721	2.7255273785024654	0.0019016783036217154	3.0236497412760888	0.05480471070955641	9.42119051856764	175.18316093565585	4.290292032807482	0.9943834145316524	46.84326217272586	1565.49841741336	-0.04341288711442112
3.131658026755853	8.210702341137123	2.7273350099995466	0.001845184535028803	2.7273350099995466	0.0018451845350288066	3.0272990451536788	0.054296540599915635	9.422846603136177	175.70455626212734	4.295107091804042	0.9944471552001262	46.92810483718446	1569.1818880841356	-0.04341288711442112
3.1358729096989966	8.210702341137123	2.7291305113403865	0.0017903543873336607	2.729130511340387	0.0017903543873336576	3.030940702250653	0.05379011455877018	9.424453871002147	176.22587106763547	4.299908044194604	0.9945100418985781	47.01287399912933	1572.8574677572478	-0.04341288711442112
3.1400877926421407	8.210702341137123	2.730913975853355	0.0017371407224530556	2.730913975853355	0.0017371407224530575	3.0345744583068957	0.05328545952629536	9.426012482658162	176.74708187187065	4.3046946094322305	0.9945720869533186	47.09756716326415	1576.5249321578667	-0.04341288711442112
3.1443026755852843	8.210702341137123	2.7326854944378756	0.0016854976113193925	2.7326854944378756	0.0016854976113193905	3.0382000613803513	0.05278260233372663	9.427522614086726	177.26816535333404	4.309466511007248	0.9946333025135901	47.182181860275584	1580.1840589338092	-0.04341288711442112
3.148517558528428	8.210702341137123	2.7344451555476317	0.0016353803111185672	2.7344451555476312	0.0016353803111185709	3.0418172617597747	0.05228156970733525	9.428984456524837	177.78909834543063	4.314223476305359	0.9946937005532752	47.266715645797	1583.834627577205	-0.04341288711442112
3.152732441471572	8.210702341137123	2.7361930451785597	0.0015867452423787435	2.7361930451785597	0.0015867452423787463	3.045425811881437	0.05178238827181819	9.430398216229472	178.30985783277904	4.318965236470378	0.9947532928726434	47.3511660994053	1587.4764193488543	-0.04341288711442112
3.1569473244147157	8.210702341137123	2.7379292468612424	0.0015395499659630095	2.7379292468612424	0.0015395499659630078	3.0490254662496485	0.051285084553110004	9.431764114243313	178.83042094773236	4.323691526271361	0.9948120911001344	47.43553082364951	1591.1092172051385	-0.04341288711442112
3.16116220735786	8.210702341137123	2.739653841657673	0.0014937531600125885	2.739653841657673	0.0014937531600125872	3.0526159813615337	0.05078968498059359	9.433082386161146	179.3507649671423	4.328402083974755	0.9948701066941771	47.51980744311629	1594.7328057279476	-0.04341288711442112
3.1653770903010034	8.210702341137123	2.7413669081620338	0.0014493145968859876	2.7413669081620338	0.0014493145968859826	3.0561971156359027	0.05029621588872296	9.434353281896321	179.87086730935508	4.333096651221423	0.9949273509450374	47.603993603531286	1598.346971057602	-0.04341288711442112
3.169591973244147	8.210702341137123	2.743068522505352	0.0014061951201342438	2.7430685225053515	0.0014061951201342468	3.0597686293464266	0.049804703518046195	9.435577065447227	180.39070553145626	4.337774972908729	0.9949838349766953	47.688086970897984	1601.9515008288681	-0.04341288711442112
3.1738068561872907	8.210702341137123	2.744758758363892	0.0013643566215496578	2.744758758363892	0.0013643566215496574	3.0633302845592802	0.04931517401562448	9.436754014663771	180.91025732677855	4.342436797078051	0.9950395697487477	47.77208523067749	1605.5461841104234	-0.04341288711442112
3.178021739130435	8.210702341137123	2.7464376869709897	0.0013237620183228396	2.7464376869709897	0.001323762018322844	3.066881845075129	0.04882765343485613	9.4378844210133	181.42950052266133	4.3470818748074604	0.9950945660583336	47.85598608700679	1609.1308113475936	-0.04341288711442112
3.1822366220735785	8.210702341137123	2.7481053771322945	0.001284375230338669	2.7481053771322945	0.0012843752303386723	3.070423076375766	0.04834216773469369	9.43896858934614	181.9484130784891	4.35170996011006	0.9951488345420796	47.9397872619603	1612.7051743087386	-0.04341288711442112
3.1864515050167226	8.210702341137123	2.7497618952441614	0.0012461611576402624	2.749761895244161	0.0012461611576402604	3.0739537455752894	0.047858742778262325	9.44000683766026	182.4669730839992	4.356320809837822	0.9952023856780641	48.023486494853	1616.269066035233	-0.04341288711442112
3.1906663879598662	8.210702341137123	2.751407305315093	0.0012090856580865635	2.7514073053150936	0.0012090856580865602	3.077473621375964	0.04737740433088017	9.440999496865025	182.98515875787032	4.360914183591149	0.9952552297877956	48.10708154158767	1619.8222807952282	-0.04341288711442112
3.19488127090301	8.210702341137123	2.753041668990097	0.0011731155252268832	2.753041668990097	0.0011731155252268847	3.0809824740288296	0.04689817805747685	9.441946910543743	183.50294844659916	4.365489843634235	0.9953073770382059	48.190570174046584	1623.3646140412736	-0.04341288711442112
3.199096153846154	8.210702341137123	2.754665045577752	0.0011382184664138842	2.754665045577752	0.0011382184664138885	3.0844800752989876	0.046421089519424044	9.442849434714745	184.02032062365814	4.370047554816155	0.9953588374436527	48.27395017952782	1626.8958623717995	-0.04341288711442112
3.2033110367892976	8.210702341137123	2.75627749207996	0.0011043630811734355	2.75627749207996	0.0011043630811734342	3.0879661984357396	0.04594616417077453	9.443707437590925	184.53725388895	4.374587084497979	0.9954096208679318	48.35721936022811	1630.4158234966962	-0.04341288711442112
3.2075259197324417	8.210702341137123	2.7578790632241668	0.0010715188398485323	2.7578790632241668	0.0010715188398485328	3.0914406181474967	0.04547342735391701	9.444521299337357	185.05372696855272	4.379108202485724	0.995459737026296	48.4403755327716	1633.9242962068995	-0.04341288711442112
3.2117408026755854	8.210702341137123	2.759469811497995	0.0010396560625321348	2.759469811497995	0.001039656062532135	3.0949031105815186	0.045002904294655185	9.44529141182687	185.56971871476009	4.3836106809693245	0.9955091954874776	48.52341652778574	1637.4210803481399	-0.04341288711442112
3.215955685618729	8.210702341137123	2.7610497871861694	0.0010087458983020115	2.7610497871861694	0.0010087458983020097	3.09835345330852	0.04453462009671498	9.446018178393441	186.08520810642202	4.388094294467669	0.9955580056757162	48.60634018952508	1640.905976798922	-0.04341288711442112
3.220170568561873	8.210702341137123	2.76261903840958	0.0009787603047693807	2.7626190384095795	0.0009787603047693807	3.101791425312037	0.04406859973569244	9.446702013582927	186.6001742495752	4.39255881977953	0.9956061768727842	48.68914437554159	1644.3787874526568	-0.04341288711442112
3.2243854515050168	8.210702341137123	2.764177611166466	0.0009496720279509888	2.764177611166466	0.000949672027950989	3.105216806982697	0.04360486805244679	9.447343342901334	187.114596378378	4.397004035940665	0.9956537182200144	48.771826956404354	1647.8393152041624	-0.04341288711442112
3.2286003344481604	8.210702341137123	2.765725549375551	0.0009214545824733834	2.7657255493755506	0.0009214545824733853	3.108629380117232	0.0431434497459545	9.447942602560087	187.62845385633648	4.401429724186854	0.9957006387203228	48.85438581546645	1651.2873639404077	-0.04341288711442112
3.2328152173913045	8.210702341137123	2.767262894921072	0.0008940822321165115	2.7672628949210716	0.0008940822321165119	3.11202892792231	0.042684369365630255	9.448500239218319	188.14172617782765	4.405835667922999	0.9957469472402292	48.9368188486806	1654.722738535607	-0.04341288711442112
3.237030100334448	8.210702341137123	2.7687896876996065	0.0008675299707025619	2.7687896876996065	0.0008675299707025602	3.115415235023092	0.04222765130313199	9.449016709721924	188.65439296991457	4.410221652698201	0.9957926525118704	49.01912396446293	1658.1452448506657	-0.04341288711442112
3.241244983277592	8.210702341137123	2.7703059656686015	0.0008417735033349711	2.7703059656686015	0.0008417735033349706	3.1187880874764837	0.0417733197836612	9.44949248083921	189.16643399445005	4.414587466186777	0.9958377631350077	49.10129908360481	1661.554689736933	-0.04341288711442112
3.245459866220736	8.210702341137123	2.7718117648965497	0.0008167892279911193	2.7718117648965492	0.0008167892279911199	3.122147272789089	0.041321398856772364	9.449928028993133	189.67782915047206	4.418932898175258	0.9958822875790247	49.18334213923327	1664.9508810443642	-0.04341288711442112
3.2496747491638796	8.210702341137123	2.7733071196146852	0.0007925542174718062	2.7733071196146852	0.0007925542174718064	3.1254925799396927	0.04087191238671044	9.450323839989768	190.18855847687593	4.423257740555179	0.9959262341849165	49.26525107681866	1668.3336276339553	-0.04341288711442112
3.2538896321070236	8.210702341137123	2.7747920622701594	0.0007690462017090843	2.774792062270159	0.0007690462017090846	3.1288237994062924	0.04042488404228896	9.450680408743008	190.69860215536733	4.427561787321677	0.9959696111672663	49.34702385422989	1671.7027393944927	-0.04341288711442112
3.2581045150501673	8.210702341137123	2.7762666235806046	0.0007462435504336832	2.776266623580605	0.0007462435504336799	3.132140723197599	0.03998033728633095	9.450998238995497	191.2079405136899	4.431844834577859	0.9960124266162104	49.428658441837094	1675.058027263626	-0.04341288711442112
3.262319397993311	8.210702341137123	2.777730832590002	0.0007241252562021827	2.7777308325900014	0.0007241252562021854	3.1354431448888467	0.03953829536468776	9.451277843035433	191.71655402911497	4.436106680544741	0.9960546884993902	49.51015282266044	1678.3993032531334	-0.04341288711442112
3.266534280936455	8.210702341137123	2.7791847167257924	0.0007026709177836139	2.779184716725792	0.0007026709177836163	3.138730859661918	0.039098781294857235	9.451519741409452	192.22442333219715	4.440347125576771	0.9960964046638883	49.591504992564964	1681.7263804784043	-0.04341288711442112
3.2707491638795987	8.210702341137123	2.7806283018571483	0.0006818607239043851	2.7806283018571483	0.0006818607239043848	3.1420036643495974	0.0386618178542245	9.45172446263138	192.73152921077883	4.444565972182778	0.9961375828381505	49.67271296050104	1685.039073192069	-0.04341288711442112
3.274964046822743	8.210702341137123	2.7820616123543145	0.0006616754373499555	2.7820616123543145	0.0006616754373499546	3.145261357483854	0.03822742756794344	9.45189254288676	193.23785261423953	4.448763025052182	0.9961782306338894	49.75377474878845	1688.3371968216454	-0.04341288711442112
3.2791789297658864	8.210702341137123	2.783484671149	0.0006420963794209801	2.7834846711490004	0.000642096379420978	3.1485037393481163	0.037795632696483124	9.452024525733393	193.74337465798706	4.452938091086499	0.9962183555479729	49.83468839344522	1691.6205680112666	-0.04341288711442112
3.28339381270903	8.210702341137123	2.7848974997956715	0.0006231054147414954	2.7848974997956715	0.0006231054147414966	3.1517306120332633	0.037366455222866864	9.452120961797593	194.24807662816957	4.457090979435796	0.9962579649642914	49.91545194455822	1694.889004667246	-0.04341288711442112
3.2876086956521737	8.210702341137123	2.7863001185337324	0.0006046849364159021	2.7863001185337324	0.0006046849364159031	3.1549417794973205	0.03693991683962241	9.45218240846636	194.75193998660964	4.461221501540089	0.9962970661556085	49.99606346669558	1698.1423260074832	-0.04341288711442112
3.291823578595318	8.210702341137123	2.787692546350496	0.0005868178515313825	2.787692546350496	0.000586817851531383	3.1581370476286517	0.0365160389354749	9.452209429575479	195.2549463759453	4.465329471175513	0.9963356662853904	50.07652103936008	1701.3803526146214	-0.04341288711442112
3.2960384615384615	8.210702341137123	2.789074801044847	0.0005694875670020209	2.789074801044847	0.0005694875670020207	3.1613162243124604	0.03609484258180818	9.452202595093524	195.7570776249629	4.469414704504945	0.9963737724096139	50.15682275748036	1704.602906492683	-0.04341288711442112
3.3002533444816056	8.210702341137123	2.790446899291601	0.0005526779757502932	2.790446899291601	0.0005526779757502925	3.1644791195005717	0.03567634851891748	9.452162480802079	196.2583157541239	4.473477020133227	0.9964113914785555	50.236966731942175	1707.809811127386	-0.04341288711442112
3.304468227424749	8.210702341137123	2.7918088567063655	0.0005363734432218908	2.7918088567063655	0.0005363734432218905	3.1676255452841127	0.035260577142089924	9.452089667971899	196.7586429812546	4.477516239166387	0.9964485303385558	50.31695109015403	1711.0008915496117	-0.04341288711442112
3.308683110367893	8.210702341137123	2.7931606879109228	0.0005205587942289896	2.7931606879109223	0.0005205587942289928	3.170755315969088	0.03484754848753588	9.451984743035528	197.25804172740072	4.481532185274958	0.9964851957337637	50.39677397664879	1714.175974402163	-0.04341288711442112
3.312897993311037	8.210702341137123	2.7945024065990554	0.0005052193001171257	2.794502406599055	0.0005052193001171277	3.1738682481546427	0.03443728221820145	9.451848297256378	197.7564946228336	4.485524684761187	0.9965213943078555	50.476433553719424	1717.3348880096653	-0.04341288711442112
3.3171128762541806	8.210702341137123	2.7958340256026237	0.0004903406662510017	2.7958340256026237	0.0004903406662510022	3.1769641608136405	0.0340297976094992	9.451680926394205	198.25398451317767	4.489493566629598	0.996557132605732	50.55592800208443	1720.47746245117	-0.04341288711442112
3.3213277591973247	8.210702341137123	2.797155556957994	0.00047590901981353384	2.7971555569579936	0.0004759090198135342	3.180042875375648	0.03362511353497772	9.451483230367684	198.7504944656715	4.493438662661191	0.9965924170751909	50.63525552158576	1723.6035296357338	-0.04341288711442112
3.3255426421404684	8.210702341137123	2.798467011972557	0.0004619108979133332	2.7984670119725576	0.00046191089791333104	3.1831042158118183	0.033223248451972276	9.45125581291371	199.24600777552104	4.497359807490516	0.9966272540685752	50.714414331912685	1726.712923380356	-0.04341288711442112
3.329757525083612	8.210702341137123	2.7997684012913946	0.000448333235994864	2.799768401291394	0.00044833323599486333	3.1861480087216822	0.032824220387260815	9.450999281244119	199.74050797235128	4.501256838685792	0.9966616498443962	50.793402673353555	1729.8054794904297	-0.04341288711442112
3.3339724080267557	8.210702341137123	2.80105973496394	0.0004351633565458859	2.80105973496394	0.0004351633565458869	3.1891740834215185	0.03242804692276195	9.450714245699874	200.2339788267289	4.505129596831606	0.9966956105689321	50.87221880757102	1732.8810358423448	-0.04341288711442112
3.3381872909698997	8.210702341137123	2.802341022510558	0.000422388958096672	2.8023410225105576	0.00042238895809667204	3.1921822720340858	0.03203474518130589	9.450401319402957	200.72640435674458	4.508977925613985	0.9967291423178004	50.95086101839982	1735.9394324680864	-0.04341288711442112
3.3424021739130434	8.210702341137123	2.8036122729889814	0.0004099981045052408	2.8036122729889814	0.0004099981045052409	3.1951724095795004	0.03164433181251356	9.450061117906358	201.21776883463681	4.512801671907581	0.9967622510775059	51.029327612664616	1738.9805116416221	-0.04341288711442112
3.3466170568561875	8.210702341137123	2.804873495060511	0.0003979792145229779	2.8048734950605114	0.0003979792145229767	3.19814433406705	0.03125682297881224	9.449694258842447	201.7080567934459	4.516600685864738	0.9967949427469615	51.107616921016145	1742.0041179669224	-0.04341288711442112
3.350831939799331	8.210702341137123	2.806124697055873	0.00038632105163502364	2.806124697055873	0.0003863210516350241	3.201097886587627	0.03087223434162816	9.449301361569997	202.197253033674	4.520374821006072	0.9968272231389835	51.185727298782524	1745.010098467276	-0.04341288711442112
3.355046822742475	8.210702341137123	2.8073658870406932	0.00037501271416952856	2.8073658870406937	0.0003750127141695269	3.204032911406657	0.030490581047778374	9.448883046820265	202.6853426299437	4.524123934312427	0.9968590979817611	51.263657126835064	1747.9983026758473	-0.04341288711442112
3.359261705685619	8.210702341137123	2.8085970728804566	0.00036404362567031404	2.808597072880457	0.0003640436256703143	3.2069492560571398	0.03011187771610863	9.44843993634246	203.17231093762965	4.527847886317783	0.9968905729202989	51.34140481246451	1750.968582727106	-0.04341288711442112
3.3634765886287625	8.210702341137123	2.8098182623048937	0.00035340352552702025	2.8098182623048937	0.000353403525527021	3.209846771432682	0.02973613842439517	9.447972652548968	203.65814359945327	4.531546541202902	0.9969216535178334	51.4189687902664	1753.9207934489586	-0.04341288711442112
3.3676914715719066	8.210702341137123	2.811029462971711	0.0003430824598571833	2.811029462971711	0.0003430824598571832	3.2127253118802037	0.02936337669655312	9.447481818160744	204.14282655202084	4.535219766889467	0.9969523452572226	51.49634752303343	1756.854792455395	-0.04341288711442112
3.3719063545150503	8.210702341137123	2.812230682529548	0.0003330707726346106	2.812230682529548	0.0003330707726346113	3.215584735292067	0.028993605490179816	9.446968055853214	204.6263460322858	4.53886743513429	0.9969826535423103	51.57353950265093	1759.7704402392962	-0.04341288711442112
3.376121237458194	8.210702341137123	2.8134219286801248	0.000323359097058346	2.8134219286801248	0.00032335909705834623	3.2184249031974357	0.028626837184461008	9.446431987903173	205.10868858392564	4.542489421623473	0.9970125836992617	51.6505432509953	1762.6676002653196	-0.04341288711442112
3.3803361204013376	8.210702341137123	2.8146032092394626	0.00031393834715678443	2.8146032092394626	0.0003139383471567841	3.2212456808525793	0.028263083568475317	9.445874235837053	205.58984106361024	4.54608560606609	0.9970421409778756	51.72735732083085	1765.5461390624969	-0.04341288711442112
3.3845510033444817	8.210702341137123	2.8157745321980836	0.00030479970962138587	2.8157745321980836	0.00030479970962138544	3.224046937329844	0.027902355829924123	9.44529542008093	206.069790647145	4.549655872287154	0.9970713305528671	51.80398029670362	1768.4059263163426	-0.04341288711442112
3.3887658862876253	8.210702341137123	2.8169359057801557	0.00029593463586452475	2.8169359057801553	0.0002959346358645263	3.2268285456051395	0.02754466454431533	9.444696159612844	206.54852483547958	4.553200108319611	0.9971001575251265	51.880410795830045	1771.2468349602877	-0.04341288711442112
3.3929807692307694	8.210702341137123	2.818087338501459	0.00028733483429612	2.818087338501459	0.00028733483429612045	3.2295903826436403	0.02719001966462842	9.444077071617755	207.0260314605605	4.556718206495052	0.997128626922951	51.95664746897737	1774.0687412661375	-0.04341288711442112
3.397195652173913	8.210702341137123	2.8192288392261053	0.0002789922628137612	2.819228839226105	0.00027899226281376136	3.2323323294834503	0.026838430511490142	9.44343877114557	207.50229869101074	4.560210063532819	0.9971567437032501	52.03268900133354	1776.8715249333204	-0.04341288711442112
3.4014105351170567	8.210702341137123	2.8203604172219254	0.00027089912150107484	2.820360417221926	0.0002708991215010747	3.235054271317038	0.026489905763883864	9.442781870772723	207.97731503762543	4.5636755806272635	0.9971845127527265	52.10853411336423	1779.6550691766975	-0.04341288711442112
3.405625418060201	8.210702341137123	2.821482082214494	0.00026304784552916023	2.821482082214494	0.00026304784552915947	3.237756097570246	0.026144453450416622	9.442106980267818	208.4510693586691	4.567114663532958	0.9972119388890294	52.18418156165536	1782.4192608127717	-0.04341288711442112
3.4098403010033445	8.210702341137123	2.8225938444396586	0.00025543109825604276	2.822593844439659	0.00025543109825604254	3.2404377019785935	0.02580208094116845	9.441414706261645	208.92355086495718	4.570527222647494	0.9972390268618849	52.259630139737844	1785.1639903439827	-0.04341288711442112
3.4140551839464885	8.210702341137123	2.823695714694527	0.00024804176451918814	2.8236957146945265	0.00024804176451918836	3.243098982660669	0.0254627949401451	9.440705651922032	209.39474912470664	4.57391317309158	0.9972657813541997	52.334878678892196	1787.889152040843	-0.04341288711442112
3.418270066889632	8.210702341137123	2.824787704386857	0.00024087294411611118	2.824787704386857	0.00024087294411611089	3.2457398421884656	0.025126601478353838	9.439980416634066	209.8646540681489	4.577272434786338	0.9972922069831401	52.40992604893205	1790.5946440218092	-0.04341288711442112
3.422484949832776	8.210702341137123	2.8258698255827808	0.00023391794546829327	2.825869825582781	0.00023391794546829279	3.248360187654416	0.02479350590751981	9.439239595686011	210.33325599188706	4.580604932527434	0.9973183083011873	52.48477115896332	1793.2803683306026	-0.04341288711442112
3.4266998327759195	8.210702341137123	2.8269420910527616	0.00022717027946373507	2.8269420910527616	0.00022717027946373474	3.2509599307349224	0.024463512894463538	9.438483779961336	210.80054556298523	4.583910596055785	0.9973440897971674	52.55941295811669	1795.9462310107224	-0.04341288711442112
3.4309147157190636	8.210702341137123	2.8280045143158064	0.0002206236534733901	2.828004514315807	0.00022062365347338928	3.2535389877502943	0.02413662641614894	9.43771355563738	211.26651382278465	4.587189360124808	0.9973695558972594	52.6338504362533	1798.5921421771282	-0.04341288711442112
3.4351295986622072	8.210702341137123	2.829057109681792	0.00021427196553707782	2.829057109681792	0.0002142719655370776	3.25609727972082	0.02381284975542069	9.436929503890887	211.73115219042927	4.590441164563725	0.9973947109659776	52.70808262463914	1801.2180160846694	-0.04341288711442112
3.4393444816053513	8.210702341137123	2.8300998922919067	0.00020810929871433245	2.8300998922919067	0.00020810929871433243	3.258634732418869	0.023492185497440993	9.436132200610917	212.19445246609305	4.593665954336946	0.9974195593071327	52.78210859658813	1803.823771193272	-0.04341288711442112
3.443559364548495	8.210702341137123	2.8311328781571587	0.00020212991559585792	2.8311328781571583	0.0002021299155958573	3.2611512764169115	0.023174635526832753	9.43532221611947	212.65640683390438	4.596863679599263	0.997444105164769	52.85592746807178	1806.4093302296271	-0.04341288711442112
3.4477742474916386	8.210702341137123	2.832156084194863	0.00019632825297135535	2.8321560841948625	0.00019632825297135603	3.2636468471312177	0.022860201025543644	9.434500114900125	213.11700786455017	4.600034295746586	0.9974683527240804	52.92953839829295	1808.974620245169	-0.04341288711442112
3.4519891304347827	8.210702341137123	2.8331695282631584	0.00019069891664948082	2.8331695282631584	0.00019069891664948114	3.2661213848612833	0.02254888247142848	9.4336664553352	213.57624851756606	4.60317776346232	0.9974923061123044	53.002940590224	1811.5195726703832	-0.04341288711442112
3.4562040133779264	8.210702341137123	2.834173229193397	0.0001852366764259782	2.834173229193397	0.00018523667642597808	3.2685748348246584	0.02224067963756446	9.432821789451491	214.0341221432891	4.606294048758823	0.997515969399594	53.07613329110508	1814.0441233649874	-0.04341288711442112
3.4604188963210705	8.210702341137123	2.8351672068205067	0.00017993646119584432	2.8351672068205067	0.0001799364611958441	3.271007147187303	0.021935591592291418	9.431966662675181	214.49062248448521	4.609383123014313	0.9975393465998695	53.14911579290488	1816.548212664238	-0.04341288711442112
3.464633779264214	8.210702341137123	2.8361514820111755	0.00017479335420581265	2.836151482011176	0.00017479335420581243	3.2734182770891738	0.021633616699987646	9.431101613595924	214.945743677629	4.612444963004538	0.9975624416716504	53.221887432738306	1819.031785420821	-0.04341288711442112
3.4688486622073578	8.210702341137123	2.837126076689969	0.00016980258844317037	2.837126076689969	0.00016980258844317064	3.2758081846651907	0.021334752622570723	9.430227173740679	215.3994802538513	4.615479550929701	0.9975852585188659	53.294447593244804	1821.494791042672	-0.04341288711442112
3.4730635451505014	8.210702341137123	2.838091013863231	0.00016495954215737192	2.8380910138632305	0.00016495954215737323	3.278176835061309	0.02103899632172746	9.429343867357192	215.85182713953228	4.618486874435986	0.9976078009916476	53.36679570292183	1823.937183526202	-0.04341288711442112
3.4772784280936455	8.210702341137123	2.8390463176408685	0.0001602597345106932	2.839046317640869	0.00016025973451069288	3.2805241984458187	0.020746344061864798	9.428452211207642	216.30277965655307	4.621466926632045	0.9976300728871023	53.438931236416046	1826.3589214851836	-0.04341288711442112
3.481493311036789	8.210702341137123	2.839992013255949	0.0001556988213544682	2.839992013255949	0.00015569882135446837	3.282850250015756	0.02045679141377409	9.427552714372478	216.75233352219746	4.624419706100132	0.9976520779500672	53.51085371476964	1828.7599681750314	-0.04341288711442112
3.4857081939799333	8.210702341137123	2.8409281270821207	0.00015127259112745307	2.840928127082121	0.0001512725911274525	3.2851549699984184	0.020170333259003543	9.42664587806466	217.20048484870395	4.6273452169018885	0.9976738198738463	53.58256270562159	1831.140291512453	-0.04341288711442112
3.489923076923077	8.210702341137123	2.8418546866488774	0.00014697696087292625	2.841854686648877	0.00014697696087292671	3.287438343647999	0.019886963794925196	9.425732195454454	217.64723014247147	4.630243468578811	0.9976953023009307	53.6540578233637	1833.4998640904978	-0.04341288711442112
3.4941379598662206	8.210702341137123	2.8427717206546657	0.00014280797237127993	2.8427717206546657	0.00014280797237127955	3.2897003612373465	0.01960667654048639	9.424812151504968	218.09256630291986	4.633114476147361	0.9977165288237015	53.72533872925123	1835.8386631889182	-0.04341288711442112
3.4983528428093646	8.210702341137123	2.8436792589778346	0.0001387617883849046	2.8436792589778346	0.00013876178838490426	3.291941018044839	0.0193294643426329	9.423886222818396	218.5364906210044	4.635958260088639	0.9977375029851159	53.79640513146699	1838.1566707798067	-0.04341288711442112
3.5025677257525083	8.210702341137123	2.844577332685464	0.00013483468901224934	2.8445773326854646	0.00013483468901224907	3.294160314336446	0.01905531938338671	9.422954877493178	218.97900077739163	4.638774846332748	0.9977582282793788	53.86725678513984	1840.4538735285394	-0.04341288711442112
3.5067826086956524	8.210702341137123	2.84546597404007	0.00013102306814804013	2.84546597404007	0.00013102306814804024	3.2963582553429718	0.018784233187564857	9.422018574992022	219.420094840297	4.641564266237755	0.9977787081525981	53.93789349231672	1842.7302627900008	-0.04341288711442112
3.510997491638796	8.210702341137123	2.846345216504259	0.00012732343004667586	2.846345216504259	0.00012732343004667493	3.298534851232641	0.01851619663111727	9.421077766020964	219.85977126299608	4.644326556563484	0.9977989460034267	54.00831510188978	1844.9858346001947	-0.04341288711442112
3.5152123745819397	8.210702341137123	2.847215094743299	0.00012373238598596675	2.847215094743299	0.00012373238598596673	3.300690117078946	0.018251199950070008	9.420132892419273	220.29802888100465	4.647061759439927	0.9978189451836883	54.078521509476985	1847.2205896631117	-0.04341288711442112
3.5194272575250833	8.210702341137123	2.8480756446256805	0.00012024665102839728	2.84807564462568	0.00012024665102839733	3.3028240728239497	0.017989232750048847	9.419184387060298	220.73486690894185	4.649769922330561	0.9978387089989922	54.14851265725788	1849.4345333330414	-0.04341288711442112
3.5236421404682274	8.210702341137123	2.8489269032217055	0.00011686304087717722	2.8489269032217055	0.00011686304087717767	3.3049367432371097	0.017730284016364287	9.418232673763267	221.1702849370827	4.652451097990583	0.9978582407093326	54.218288533765055	1851.6276755923298	-0.04341288711442112
3.5278570234113715	8.210702341137123	2.8497689088001334	0.00011357846882445596	2.8497689088001334	0.00011357846882445567	3.307028157869687	0.017474342124634713	9.41727816721582	221.60428292760415	4.655105344420112	0.9978775435296772	54.28784917363106	1853.8000310246211	-0.04341288711442112
3.532071906354515	8.210702341137123	2.8506017008229327	0.000110389942789078	2.850601700822933	0.00011038994278907801	3.309098351004898	0.017221394851923894	9.41632127290732	222.03686121053715	4.657732724812556	0.9978966206305424	54.357194657292546	1855.951618783727	-0.04341288711442112
3.536286789297659	8.210702341137123	2.851425319938185	0.00010729456244142569	2.851425319938185	0.0001072945624414254	3.3111473616038913	0.016971429388369406	9.415362387072769	222.46802047943112	4.6603333074981474	0.9979154751385577	54.426325110651426	1858.0824625581067	-0.04341288711442112
3.5405016722408025	8.210702341137123	2.852239807971192	0.00010428951641284379	2.852239807971192	0.00010428951641284397	3.313175233247668	0.016724432349276532	9.414401896647126	222.89776178673844	4.662907165882836	0.9979341101370189	54.4952407046943	1860.1925905311316	-0.04341288711442112
3.5447165551839466	8.210702341137123	2.853045207913874	0.00010137207958728948	2.853045207913874	0.00010137207958728959	3.3151820140751895	0.016480389787650433	9.413440179230177	223.32608653893962	4.665454378382805	0.9979525286664307	54.56394165507263	1862.282035337302	-0.04341288711442112
3.54893143812709	8.210702341137123	2.8538415639124484	0.00009853961047291515	2.8538415639124484	0.00009853961047291523	3.3171677567176334	0.016239287207142697	9.412477603061326	223.75299649140328	4.667975028354449	0.9979707337250387	54.632428221641796	1864.3508340143183	-0.04341288711442112
3.5531463210702343	8.210702341137123	2.8546289212535054	0.00009578954865129727	2.8546289212535054	0.00009578954865129722	3.319132518229092	0.01600110957538425	9.411514527004508	224.17849374300448	4.6704692040202715	0.9979887282693526	54.7007007079628	1866.399027951345	-0.04341288711442112
3.557361204013378	8.210702341137123	2.8554073263485242	0.0000931194123021364	2.8554073263485247	0.00009311941230213657	3.3210763600138065	0.015765841337677087	9.410551300542812	224.60258073050764	4.67293699839067	0.9980065152146592	54.768759460766454	1868.4266628334437	-0.04341288711442112
3.5615760869565216	8.210702341137123	2.8561768267169003	0.00009052679580128691	2.8561768267169003	0.00009052679580128688	3.3229993477501387	0.01553346643101716	9.409588263782714	225.02526022272863	4.675378509181939	0.9980240974355276	54.836604869382526	1870.4337885824573	-0.04341288711442112
3.5657909698996653	8.210702341137123	2.856937470967535	0.0000880093673900571	2.8569374709675355	0.0000880093673900568	3.3249015513114006	0.015303968298422002	9.408625747467589	225.4465353144851	4.677793838730535	0.9980414777663048	54.904237365133966	1872.42045929435	-0.04341288711442112
3.5700058528428094	8.210702341137123	2.8576893087790554	0.00008556486691375097	2.8576893087790554	0.00008556486691375093	3.3267830446836912	0.015077329903534878	9.407664073000214	225.8664094203438	4.680183093903773	0.998058659001605	54.97165742069783	1874.3867331731617	-0.04341288711442112
3.5742207357859535	8.210702341137123	2.858432390878774	0.00008319110362748506	2.8584323908787734	0.00008319110362748505	3.3286439058810497	0.014853533745476077	9.40670355247426	226.28488626819123	4.682546386007364	0.998075643896789	55.03886554943618	1876.3326724619048	-0.04341288711442112
3.578435618729097	8.210702341137123	2.8591667690203795	0.00008088595406738335	2.859166769020379	0.00008088595406738355	3.330484216857894	0.014632561873916258	9.405744488714095	226.70196989262018	4.684883830689649	0.9980924351684392	55.1058623046953	1878.2583433702769	-0.04341288711442112
3.5826505016722408	8.210702341137123	2.8598924959605196	0.00007864735998527985	2.85989249596052	0.00007864735998527964	3.332304063419124	0.01441439590434192	9.404787175322992	227.11766462816348	4.68719554784304	0.9981090354948245	55.17264827907805	1880.1638159996212	-0.04341288711442112
3.5868653846153844	8.210702341137123	2.8606096254342637	0.00007647332634513856	2.860609625434264	0.00007647332634513868	3.3341035351278876	0.01419901703348768	9.403831896739128	227.5319751023718	4.689481661502623	0.998125447516362	55.23922410368836	1882.0491642650852	-0.04341288711442112
3.5910802675585285	8.210702341137123	2.861318212129595	0.00007436191937940545	2.8613182121295946	0.00007436191937940556	3.3358827252113925	0.013986406054905849	9.402878928299428	227.9449062287649	4.69174229974234	0.99814167383607	55.30559044735166	1883.914465815338	-0.04341288711442112
3.595295150501672	8.210702341137123	2.862018311660935	0.00007231126470361984	2.862018311660935	0.00007231126470361972	3.3376417304647297	0.013776543374650105	9.401928536310558	228.35646319965167	4.693977594568752	0.9981577170200162	55.37174801581094	1885.7598019498364	-0.04341288711442112
3.5995100334448162	8.210702341137123	2.86270998054181	0.00007031954548759058	2.86270998054181	0.00007031954548759057	3.339380651153038	0.013569409027043207	9.400980978126993	228.7666514788443	4.696187681812701	0.9981735795977601	55.43769755090138	1887.5852575339084	-0.04341288711442112
3.60372491638796	8.210702341137123	2.8633932761567205	0.00006838500068154522	2.8633932761567205	0.00006838500068154509	3.3410995909121275	0.013364982690507019	9.400036502235771	229.17547679427176	4.69837270101904	0.9981892640627904	55.50343982970463	1889.3909209118112	-0.04341288711442112
3.6079397993311035	8.210702341137123	2.864068256732302	0.00006650592329564464	2.8640682567323026	0.00006650592329564444	3.3427986566477887	0.01316324370342578	9.399095348347679	229.58294513051342	4.700532795334692	0.9982047728729568	55.568975663685066	1891.1768838179537	-0.04341288711442112
3.612154682274247	8.210702341137123	2.8647349813078162	0.00006468065873137676	2.864734981307816	0.00006468065873137687	3.3444779584338895	0.012964171080021694	9.398157747494382	229.9890627212539	4.702668111395121	0.9982201084508975	55.63430589780874	1892.9432412863964	-0.04341288711442112
3.6163695652173913	8.210702341137123	2.8653935097050556	0.00006290760316330447	2.865393509705056	0.00006290760316330431	3.3461376094095003	0.012767743526216803	9.397223922131316	230.3938360416807	4.704778799209498	0.998235273184462	55.699431409647225	1894.6900915588344	-0.04341288711442112
3.6205844481605354	8.210702341137123	2.866043902497747	0.00006118520196973775	2.866043902497747	0.00006118520196973788	3.347777725675187	0.012573939455459142	9.396294086245932	230.7972718008312	4.706865012044757	0.9982502694271294	55.76435310846813	1896.4175359912474	-0.04341288711442112
3.624799331103679	8.210702341137123	2.8666862209805086	0.000059511948210910885	2.8666862209805086	0.000059511948210910946	3.3493984261886722	0.012382737004490389	9.395368445471075	231.1993769339057	4.7089269063087515	0.9982650994984227	55.82907193431404	1898.125678959397	-0.04341288711442112
3.6290142140468227	8.210702341137123	2.867320527137391	0.00005788638115331216	2.867320527137391	0.00005788638115331216	3.3509998326599595	0.012194114049034099	9.394447197202917	231.60015859454964	4.710964641432554	0.9982797656843199	55.89358885707018	1899.814627763219	-0.04341288711442112
3.6332290969899663	8.210702341137123	2.8679468836101467	0.00005630708483880817	2.8679468836101463	0.00005630708483880821	3.35258206944617	0.012008048219383513	9.393530530723437	231.99962414712485	4.712978379752323	0.9982942702376593	55.957904875524484	1901.4844925304512	-0.04341288711442112
3.6374439799331104	8.210702341137123	2.8685653536662197	0.00005477268669728566	2.86856535366622	0.000054772686697285545	3.354145263446217	0.011824516915868713	9.392618627326945	232.39778115897872	4.71496828639076	0.9983086153785439	56.022021016420204	1903.1353861195437	-0.04341288711442112
3.641658862876254	8.210702341137123	2.8691760011665335	0.00005328185620154729	2.8691760011665335	0.00005328185620154741	3.3556895439953993	0.01164349732418607	9.391711660450227	232.79463739271318	4.716934529138305	0.9983228032947404	56.08593833350228	1904.767424021984	-0.04341288711442112
3.645873745819398	8.210702341137123	2.8697788905331745	0.00005183330356321925	2.869778890533175	0.000051833303563218945	3.3572150427602105	0.01146496643056937	9.390809795806321	233.1902007984792	4.718877278334429	0.9983368361420757	56.14965790656084	1906.380724264317	-0.04341288711442112
3.650088628762542	8.210702341137123	2.870374086716974	0.00005042577846849824	2.870374086716974	0.000050425778468498295	3.3587218936333576	0.011288901036787981	9.38991319152127	233.58447950629207	4.720796706748981	0.9983507160448298	56.213180840471054	1907.9754073098773	-0.04341288711442112
3.6543035117056855	8.210702341137123	2.8709616551650656	0.00004905806885256701	2.870961655165066	0.000049058068852567104	3.3602102326291976	0.011115277774954772	9.389021998273687	233.9774818183826	4.722692989463829	0.9983644450961261	56.27650826423174	1909.5515959604045	-0.04341288711442112
3.658518394648829	8.210702341137123	2.8715416617885143	0.00004772899971154212	2.8715416617885143	0.00004772899971154209	3.361680197779766	0.01094407312212874	9.388136359436979	234.3692162015992	4.7245663037551	0.9983780253583187	56.33964133000525	1911.1094152578225	-0.04341288711442112
3.662733277591973	8.210702341137123	2.872114172929989	0.000046437431950866917	2.8721141729299893	0.00004643743195086676	3.36313192903143	0.010775263414697896	9.387256411223644	234.75969127985806	4.726416828975875	0.9983914588633763	56.40258121215745	1912.6489923860731	-0.04341288711442112
3.6669481605351173	8.210702341137123	2.8726792553315788	0.000045182261269085016	2.8726792553315788	0.00004518226126908507	3.3645655681423166	0.010608824862531204	9.386382282831553	235.1489158266549	4.728244746439715	0.998404747613264	56.46532910630105	1914.1704565733276	-0.04341288711442112
3.671163043478261	8.210702341137123	2.8732369761028083	0.0000439624170759348	2.8732369761028087	0.000043962417075934814	3.3659812585807103	0.010444733562883252	9.385514096591926	235.53689875765173	4.730050239305094	0.9984178935803221	56.527886228342894	1915.6739389946438	-0.04341288711442112
3.6753779264214046	8.210702341137123	2.8737874026888632	0.00004277686144377591	2.8737874026888632	0.000042776861443775984	3.367379145424421	0.010282965514044434	9.384651968118693	235.92364912333653	4.731833492460849	0.9984308987076417	56.590253813536485	1917.1595726751743	-0.04341288711442112
3.6795928093645482	8.210702341137123	2.874330602839097	0.00004162458809135046	2.874330602839097	0.00004162458809135058	3.3687593752612957	0.010123496628723461	9.383796006458981	236.30917610176994	4.733594692412792	0.9984437649094384	56.65243311554074	1918.6274923940725	-0.04341288711442112
3.6838076923076923	8.210702341137123	2.8748666445758184	0.00004050462139893943	2.8748666445758184	0.000040504621398939334	3.370122096090904	0.009966302747154553	9.382946314244416	236.69348899141704	4.735334027171521	0.9984564940714239	56.71442540548538	1920.0778345891033	-0.04341288711442112
3.688022575250836	8.210702341137123	2.875395596163468	0.00003941601545395927	2.875395596163468	0.00003941601545395917	3.3714674572275984	0.009811359649918777	9.382102987843187	237.07659720408407	4.737051686141731	0.9984690880511731	56.77623197104585	1921.5107372622638	-0.04341288711442112
3.69223745819398	8.210702341137123	2.8759175260781644	0.00003835785312611522	2.8759175260781644	0.000038357853126115195	3.372795609204948	0.009658643070472766	9.381266117512471	237.458510257955	4.738747860012968	0.9984815486784909	56.83785411552715	1922.926339886347	-0.04341288711442112
3.6964523411371237	8.210702341137123	2.8764325029776394	0.000037329245171233136	2.876432502977639	0.00003732924517123335	3.374106703681601	0.009508128707379292	9.380435787550944	237.83923777073073	4.7404227406518915	0.9984938777557755	56.899293156957086	1924.3247833125154	-0.04341288711442112
3.7006672240802674	8.210702341137123	2.8769405956716603	0.000036329329362895624	2.87694059567166	0.0000363293293628957	3.375400893348767	0.009359792236230477	9.379612076451398	238.21878945288972	4.7420765209963305	0.9985060770583787	56.960550427191855	1925.7062096791676	-0.04341288711442112
3.704882107023411	8.210702341137123	2.877441873092921	0.00003535726965107064	2.877441873092921	0.0000353572696510707	3.3766783318392877	0.009213609321261139	9.378795057053045	238.59717510106185	4.743709394951051	0.9985181483349649	57.021627271032905	1927.0707623219857	-0.04341288711442112
3.709096989966555	8.210702341137123	2.8779364042684215	0.000034412255346916194	2.877936404268422	0.00003441225534691615	3.3779391736383735	0.009069555626647076	9.377984796693385	238.9744045915235	4.7453215572853376	0.998530093307867	57.08252504535631	1928.4185856853087	-0.04341288711442112
3.713311872909699	8.210702341137123	2.878424258291387	0.000033493500332976275	2.878424258291387	0.00003349350033297619	3.379183573996094	0.008927606827484159	9.377181357359452	239.35048787381888	4.746913203532509	0.9985419136734394	57.1432451182557	1929.749825234923	-0.04341288711442112
3.717526755852843	8.210702341137123	2.878905504293765	0.000032600242297998844	2.8789055042937646	0.000032600242297998905	3.380411688841693	0.00878773862044501	9.376384795838348	239.72543496451388	4.748484529891487	0.9985536111024095	57.20378886819976	1931.0646273723712	-0.04341288711442112
3.7217416387959865	8.210702341137123	2.8793802114192486	0.000031731741995648834	2.879380211419248	0.00003173174199564886	3.38162367469967	0.008649926734112913	9.37559516386667	240.09925594107568	4.750035733130241	0.998565187240226	57.26415768320307	1932.3631393506694	-0.04341288711442112
3.72595652173913	8.210702341137123	2.8798484487969245	0.000030887282526376295	2.8798484487969245	0.00003088728252637626	3.3828196886077855	0.00851414693898924	9.374812508278907	240.47196093588983	4.7515670104914625	0.998576643707405	57.32435296001302	1933.645509191704	-0.04341288711442112
3.7301714046822743	8.210702341137123	2.8803102855155363	0.000030066168641746275	2.8803102855155363	0.000030066168641746353	3.383999888036997	0.008380375057174387	9.37403687115461	240.84356013041844	4.753078559600354	0.998587982099873	57.3843761033126	1934.911885605259	-0.04341288711442112
3.734386287625418	8.210702341137123	2.880765790598343	0.000029267726070554675	2.880765790598343	0.00002926772607055469	3.385164430813289	0.008248586971722614	9.373268289964042	241.21406374948947	4.754570578374533	0.9985992039893086	57.44422852493821	1936.1624179096534	-0.04341288711442112
3.738601170568562	8.210702341137123	2.8812150329786452	0.000028491300866051933	2.8812150329786452	0.000028491300866051987	3.38631347504153	0.008118758635669588	9.372506797712392	241.5834820557342	4.756043264936251	0.9986103109234798	57.50391164311514	1937.397255954185	-0.04341288711442112
3.7428160535117057	8.210702341137123	2.881658081475927	0.000027736258773652053	2.881658081475927	0.000027736258773652155	3.3874471790312666	0.007990866080735704	9.371752423082258	241.95182534416054	4.75749681752673	0.9986213044265809	57.563426881708686	1938.6165500432214	-0.04341288711442112
3.7470309364548493	8.210702341137123	2.8820950047726903	0.00002700198461847836	2.8820950047726903	0.000027001984618478355	3.388565701224583	0.007864885425704035	9.371005190574426	242.3191039368739	4.758931434422911	0.9986321859995646	57.622775669493585	1939.8204508621834	-0.04341288711442112
3.751245819397993	8.210702341137123	2.8825258713919415	0.000026287881712154515	2.8825258713919415	0.000026287881712154488	3.389669200125975	0.007740792884476979	9.370265120646797	242.68532817794278	4.760347313856449	0.9986429571204728	57.68195943944052	1941.009109405315	-0.04341288711442112
3.755460702341137	8.210702341137123	2.882950749675324	0.0000255933712782497	2.882950749675324	0.000025593371278249668	3.3907578342341997	0.007618564773813136	9.36953222985119	243.05050842840103	4.761744653934915	0.9986536192447643	57.74097962801928	1942.1826769051922	-0.04341288711442112
3.759675585284281	8.210702341137123	2.883369707761979	0.000024917891895791382	2.8833697077619784	0.000024917891895791504	3.391831761976265	0.007498177520747006	9.368806530968335	243.41465506140585	4.763123652565495	0.99866417380564	57.79983767452146	1943.3413047642296	-0.04341288711442112
3.763890468227425	8.210702341137123	2.8837828135680446	0.000024260898960305228	2.883782813568045	0.000024260898960305167	3.3928911416433887	0.0073796076696952305	9.368088033140571	243.7777784575334	4.7644845073808995	0.9986746222143646	57.85853502039994	1944.4851444879719	-0.04341288711442112
3.7681053511705684	8.210702341137123	2.8841901347668455	0.00002362186416183125	2.8841901347668455	0.000023621864161831384	3.3939361313289913	0.007262831889253353	9.367376742002334	244.13988900021747	4.765827415667589	0.9986849658605869	57.91707310862648	1945.6143476202312	-0.04341288711442112
3.772320234113712	8.210702341137123	2.8845917387697866	0.000023000274979392273	2.8845917387697866	0.00002300027497939223	3.394966888868803	0.007147826978685583	9.366672659808538	244.50099707134078	4.767152574296447	0.9986952061126552	57.975453383068455	1946.7290656802238	-0.04341288711442112
3.776535117056856	8.210702341137123	2.884987692707889	0.00002239563419140938	2.8849876927078895	0.0000223956341914093	3.395983571782884	0.007034569874114276	9.365975785560417	244.86111304695777	4.768460179655607	0.9987053443179325	58.03367728788228	1947.8294501014518	-0.04341288711442112
3.78075	8.210702341137123	2.885378063414049	0.000021807459401562805	2.885378063414049	0.000021807459401562754	3.396986337219761	0.00692303765441143	9.3652861151292	245.220247293171	4.769750427585752	0.9987153818031059	58.091746266926556	1948.9156521725963	-0.04341288711442112