2.5205	8.615384615384615	2.371739983492811	0.055477183296671194	2.371739983492811	0.05547718329667123	2.6328393432805353	0.12142503517007901	8.919831123793374	115.45699686144125	3.697507038899331	0.9647462449784447	35.78016188684235	1214.8837348367224	-0.04341288711442112
2.524714882943144	8.615384615384615	2.3736112744130184	0.0548654457559133	2.3736112744130184	0.05486544575591336	2.6336488833890535	0.12109898214620898	8.922255009508854	115.71612167543284	3.70024113475657	0.9652646799474073	35.84708556366615	1217.8174142764194	-0.04341288711442112
2.528929765886288	8.615384615384615	2.375513345810648	0.05425194813340338	2.375513345810648	0.054251948133403394	2.634491423747441	0.12076950012722061	8.924714281114772	115.97748833149356	3.7029737286906825	0.9657722968567704	35.91389599774582	1220.7314951935641	-0.04341288711442112
2.5331446488294316	8.615384615384615	2.3774459013621123	0.053636830621302284	2.377445901362112	0.05363683062130232	2.635366938554523	0.1204366259577102	8.927208866456942	116.24110516663343	3.7057063966805934	0.9662694662697157	35.98061017200491	1223.6276909626054	-0.04341288711442112
2.5373595317725752	8.615384615384615	2.379408640405611	0.05302023380081104	2.379408640405611	0.05302023380081103	2.6362754089062923	0.12010039493734256	8.929738693719552	116.50698093571755	3.708440655973416	0.9667565409981533	36.04724439674319	1226.5076509223315	-0.04341288711442112
2.5415744147157193	8.615384615384615	2.3814012571473118	0.05240229875825766	2.3814012571473118	0.052402298758257686	2.6372168220612724	0.11976084094594654	8.932303690501707	116.77512476905783	3.7111779677863432	0.9672338571488553	36.11381434506238	1229.372963533688	-0.04341288711442112
2.545789297658863	8.615384615384615	2.383423439905861	0.05178316718887023	2.383423439905861	0.051783167188870216	2.638191170735853	0.11941799656145945	8.934903782918123	117.04554613139044	3.713919739796952	0.9677017350948631	36.18033508553771	1232.22515930803	-0.04341288711442112
2.550004180602007	8.615384615384615	2.3854748703939657	0.05116298148860884	2.3854748703939657	0.05116298148860881	2.6391984524268333	0.11907189317128856	8.937538894721884	117.31825478208783	3.716667328437752	0.968160480378392	36.2468211123534	1235.065713522881	-0.04341288711442112
2.5542190635451507	8.615384615384615	2.387555223035912	0.050541884834395326	2.3875552230359114	0.0505418848343954	2.640238668758536	0.11872256107762058	8.940208946446985	117.59326073645923	3.7194220410092496	0.9686103845508662	36.31328637309889	1237.896048740647	-0.04341288711442112
2.5584339464882944	8.615384615384615	2.389664164320244	0.049920021253014736	2.3896641643202443	0.049920021253014604	2.6413118248521537	0.11837002959715431	8.94291385456898	117.87057422801021	3.7221851376246957	0.9690517259552067	36.379744294405654	1240.7175371445323	-0.04341288711442112
2.5626488294314385	8.615384615384615	2.391801352187114	0.04929753567891151	2.391801352187114	0.04929753567891152	2.6424179287153406	0.11801432715567767	8.945653530682282	118.15020567155209	3.7249578329987076	0.9694847704550147	36.44620780558979	1243.5315027047416	-0.04341288711442112
2.566863712374582	8.615384615384615	2.3939664354499115	0.04867457400108272	2.3939664354499115	0.0486745740010827	2.6435569906501146	0.11765548137788255	8.948427880692742	118.4321656270539	3.727741298090704	0.9699097721148744	36.51268936044875	1246.3392231868224	-0.04341288711442112
2.5710785953177258	8.615384615384615	2.396159053251161	0.04805128309920976	2.396159053251161	0.0480512830992097	2.6447290226775246	0.11729351917275728	8.951236804024605	118.71646476415158	3.73053666161365	0.9703269738356289	36.57920095735155	1249.1419320133432	-0.04341288711442112
2.57529347826087	8.615384615384615	2.3983788345527155	0.047427810869166614	2.3983788345527155	0.04742781086916662	2.6459340379776006	0.11692846681487415	8.954080192840948	119.00311382723324	3.733345011417411	0.9707366079481297	36.645754157747064	1251.9408199889067	-0.04341288711442112
2.5795083612040135	8.615384615384615	2.4006253976605163	0.046804306238003905	2.4006253976605167	0.04680430623800387	2.6471720503433214	0.1165603500218539	8.95695793127703	119.29212360103074	3.736167395755583	0.9711388967686607	36.71236010320688	1254.737036897967	-0.04341288711442112
2.583723244147157	8.615384615384615	2.4028983497843814	0.04618091916848867	2.402898349784382	0.046180919168488634	2.648443073647592	0.11618919402825183	8.959869894686232	119.58350487666334	3.7390048244440273	0.9715340531189643	36.77902953110997	1257.5316929841504	-0.04341288711442112
2.5879381270903012	8.615384615384615	2.405197286633275	0.0455578006532806	2.4051972866332756	0.045557800653280585	2.649747121322172	0.11581502365610148	8.962815948898175	119.87726841807543	3.7418582699185556	0.9719222808135342	36.845772789066295	1260.3258603190213	-0.04341288711442112
2.592153010033445	8.615384615384615	2.4075217920467926	0.044935102698798864	2.4075217920467926	0.04493510269879888	2.6510842058478707	0.11543786338231009	8.965795949489133	120.17342492883328	3.7447286681990244	0.9723037751166298	36.912599848172015	1263.1205740678965	-0.04341288711442112
2.596367892976589	8.615384615384615	2.409871437663607	0.044312978298836944	2.409871437663607	0.04431297829883696	2.652454338255322	0.11505773740308774	8.968809741064852	120.47198501924493	3.7476169197664277	0.9726787231712478	36.979520315180075	1265.916833659606	-0.04341288711442112
2.6005827759197326	8.615384615384615	2.412245782627704	0.043691581397984576	2.4122457826277044	0.04369158139798451	2.653857527635812	0.1146746696955679	8.971857156555952	120.77295917377667	3.7505238903592386	0.973047304402113	37.04654344366479	1268.7156038667263	-0.04341288711442112
2.6047976588628763	8.615384615384615	2.41464437333333	0.04307106684491335	2.41464437333333	0.04307106684491336	2.655293780661767	0.11428868407676174	8.974938016526439	121.07635771874928	3.7534504116948884	0.9734096908945683	37.11367814425375	1271.517815802345	-0.04341288711442112
2.6090125418060204	8.615384615384615	2.417066743209604	0.042451590335594855	2.4170667432096042	0.04245159033559481	2.656763101116612	0.113899804259966	8.97805212849585	121.38219079030101	3.7563972821219576	0.9737660477511078	37.18093299399538	1274.3243678391066	-0.04341288711442112
2.613227424749164	8.615384615384615	2.419512412545792	0.041833308346529166	2.4195124125457923	0.04183330834652917	2.6582654894338353	0.11350805390873361	8.981199286275775	121.69046830261469	3.7593652672083695	0.9741165334271396	37.24831624492645	1277.136126455876	-0.04341288711442112
2.6174423076923077	8.615384615384615	2.421980888358247	0.04121637805807704	2.4219808883582474	0.04121637805807704	2.6598009422451643	0.11311345668849895	8.98437926932158	122.00119991640989	3.76235510027058	0.9744613000474548	37.315835831899406	1279.9539270171044	-0.04341288711442112
2.6216571906354518	8.615384615384615	2.424471664299987	0.04060095726801121	2.424471664299987	0.04060095726801127	2.6613694519378663	0.11271603631593757	8.987591842100244	122.3143950077064	3.7653674828485326	0.9748004937047479	37.383499379726175	1282.778574489657	-0.04341288711442112
2.6258720735785954	8.615384615384615	2.4269842206139476	0.03998720429541765	2.4269842206139476	0.03998720429541765	2.6629710062213485	0.11231581660612364	8.990836753475536	122.63006263687946	3.7684030851310593	0.9751342547414429	37.45131420969261	1285.610844101709	-0.04341288711442112
2.6300869565217395	8.615384615384615	2.429518024130757	0.0393752778751132	2.429518024130757	0.03937527787511324	2.664605587703121	0.11191282151754882	8.99411373611144	122.94821151801638	3.7714625463359193	0.9754627180159703	37.51928734549288	1288.451481947894	-0.04341288711442112
2.634301839464883	8.615384615384615	2.432072528312034	0.038765337042763005	2.432072528312034	0.03876533704276301	2.666273173474597	0.1115070751950352	8.997422505895509	123.26884998861357	3.7745464750489854	0.9757860131545621	37.58742551863387	1291.3012055450151	-0.04341288711442112
2.638516722408027	8.615384615384615	2.4346471733398474	0.038157541010928595	2.434647173339847	0.038157541010928615	2.6679737347068273	0.11109860201059524	9.000762761382983	123.59198597962786	3.777655449526273	0.9761042647895407	37.65573517335263	1294.1607043419767	-0.04341288711442112
2.642731605351171	8.615384615384615	2.4372413862532256	0.03755204903629144	2.437241386253225	0.03755204903629146	2.669707236256849	0.11068742660224949	9.00413418326369	123.91762698593499	3.7807900179631426	0.9764175927850164	37.724222471093434	1297.0306401879836	-0.04341288711442112
2.6469464882943146	8.615384615384615	2.439854581132162	0.03694902027835575	2.4398545811321624	0.036949020278355706	2.671473636284932	0.11027357391083506	9.007536433852783	124.2457800372214	3.783950698734168	0.9767261124508252	37.79289329458377	1299.9116477623909	-0.04341288711442112
2.651161371237458	8.615384615384615	2.442486159329647	0.036348613649956715	2.442486159329647	0.036348613649956736	2.6732728858833457	0.10985706921481303	9.010969156607084	124.57645166936042	3.7871379806074508	0.9770299347454883	37.86175325154988	1302.8043349697327	-0.04341288711442112
2.6553762541806023	8.615384615384615	2.445135509752063	0.035750987659947525	2.4451355097520624	0.03575098765994757	2.675104928717266	0.10943793816308162	9.014431975668726	124.90964789632217	3.7903523229370495	0.9773291664689097	37.9308076781108	1305.7092833033394	-0.04341288711442112
2.659591137123746	8.615384615384615	2.4478020091880333	0.03515630024848368	2.4478020091880333	0.03515630024848369	2.676969700678378	0.10901620680580293	9.017924495437565	125.24537418266407	3.7935941558368445	0.9776239104454795	38.000061641886504	1308.6270481806512	-0.04341288711442112
2.6638060200668896	8.615384615384615	2.4504850226857524	0.034564708615359124	2.4504850226857524	0.0345647086153591	2.6788671295519237	0.10859190162323633	9.02144630017417	125.5836354166622	3.796863880339252	0.9779142656981957	38.06951994485567	1311.5581592533538	-0.04341288711442112
2.6680209030100337	8.615384615384615	2.453183903978551	0.03397636904189948	2.453183903978551	0.033976369041899476	2.68079713469786	0.10816504955257807	9.024996953635043	125.92443588413907	3.800161868542099	0.9782003276143804	38.13918712599751	1314.503120695382	-0.04341288711442112
2.6722357859531773	8.615384615384615	2.4558979959582596	0.033391436706958585	2.4558979959582596	0.033391436706958585	2.682759626746863	0.10773567801279776	9.028575998741715	126.26777924304739	3.8034884637467234	0.978482188103514	38.20906746374916	1317.462411471575	-0.04341288711442112
2.6764506688963214	8.615384615384615	2.4586266311957914	0.0328100654976033	2.4586266311957914	0.03281006549760322	2.6847545073120065	0.10730381492745927	9.032182957285572	126.61366849887916	3.8068439805905303	0.9787599357476848	38.279164978311584	1320.4364855899273	-0.04341288711442112
2.680665551839465	8.615384615384615	2.4613691325079645	0.03223240781512726	2.4613691325079645	0.03223240781512721	2.6867816687167507	0.10686948874552182	9.03581732966976	126.96210598095396	3.810228705176751	0.9790336559451	38.34948343383204	1323.4257723399378	-0.04341288711442112
2.6848804347826087	8.615384615384615	2.464124813569539	0.031658614377062154	2.464124813569539	0.03165861437706215	2.6888409937401296	0.10643272846010343	9.03947859469004	127.31309331966112	3.8136428952044774	0.9793034310470858	38.42002634049381	1326.4306765198214	-0.04341288711442112
2.689095317725753	8.615384615384615	2.466892979569062	0.03108883401590295	2.466892979569062	0.03108883401590294	2.690932355379835	0.10599356362520154	9.043166209355991	127.66663142471626	3.8170867801015804	0.9795693404889642	38.49079695653967	1329.4515786549698	-0.04341288711442112
2.6933102006688965	8.615384615384615	2.4696729279069705	0.030523213475294318	2.469672927906971	0.0305232134752943	2.693055616634023	0.10555202437035156	9.04687960875411	128.02272046450298	3.820560561163287	0.9798314609151648	38.56179829025653	1332.4888352101625	-0.04341288711442112
2.69752508361204	8.615384615384615	2.47246394893401	0.029961897204471073	2.4724639489340103	0.029961897204471052	2.6952106303024794	0.1051081414132271	9.050618205954098	128.38135984655904	3.8240644116987883	0.9800898662989116	38.63303310194543	1335.5427787977078	-0.04341288711442112
2.7017399665551842	8.615384615384615	2.4752653267279827	0.029405027151758675	2.4752653267279827	0.02940502715175865	2.697397238808006	0.10466194607016054	9.054381391959783	128.7425481992811	3.8275984771884968	0.9803446280567892	38.70450390590235	1338.6137183838894	-0.04341288711442112
2.705954849498328	8.615384615384615	2.478076339906333	0.028852742557988566	2.478076339906334	0.02885274255798849	2.699615274038528	0.10421347026459549	9.058168535705601	129.10628335489974	3.8311628754539666	0.9805958151584754	38.77621297243067	1341.7019394956087	-0.04341288711442112
2.7101697324414715	8.615384615384615	2.480896262472135	0.028305179750681277	2.480896262472135	0.028305179750681298	2.701864557210765	0.10376274653345403	9.061978984099955	129.47256233379892	3.8347576968429236	0.9808434942319086	38.84816232990905	1344.8077044294562	-0.04341288711442112
2.7143846153846156	8.615384615384615	2.4837243646905187	0.02776247193989137	2.483724364690519	0.027762471939891342	2.7041448987558927	0.10330980803143583	9.06581206211616	129.84138133022853	3.8383830044311567	0.9810877296641294	38.92035376693302	1347.931252464904	-0.04341288711442112
2.7185994983277593	8.615384615384615	2.4865599139925596	0.02722474901660366	2.4865599139925596	0.02722474901660367	2.7064560982277994	0.10285468853324946	9.069667072931715	130.21273569946868	3.842038834243209	0.981328583698023	38.992788834549394	1351.0728000834556	-0.04341288711442112
2.7228143812709034	8.615384615384615	2.489402175903413	0.026692137354579766	2.489402175903413	0.026692137354579773	2.7087979442344827	0.10239742243378418	9.073543298116698	130.58661994650478	3.8457251954936926	0.9815661165251762	39.06546884860238	1354.2325411955007	-0.04341288711442112
2.727029264214047	8.615384615384615	2.492250414991107	0.02616475961656906	2.492250414991107	0.026164759616569083	2.711170214392809	0.10193804474625467	9.077439997871297	130.96302771624525	3.8494420708504675	0.9818003863750323	39.13839489220435	1357.410647376198	-0.04341288711442112
2.7312441471571907	8.615384615384615	2.4951038958325826	0.025642734565763926	2.4951038958325826	0.025642734565763933	2.713572675307221	0.10147659109831884	9.081356411313184	131.34195178534623	3.8531894167214262	0.9820314496005285	39.21156781834923	1360.6072681120518	-0.04341288711442112
2.7354590301003348	8.615384615384615	2.4979618839929936	0.025126176883400707	2.497961883992994	0.025126176883400648	2.716005082572386	0.10101309772622132	9.085291756814252	131.723384055661	3.8569671635657015	0.9822593607603751	39.28498825267808	1363.8225310592009	-0.04341288711442112
2.7396739130434784	8.615384615384615	2.500823647014561	0.02461519699335833	2.500823647014561	0.024615196993358335	2.718467180800176	0.10054760146697711	9.089245232386942	132.10731554936257	3.8607752162306075	0.9824841726981274	39.358656596410626	1367.0565423147702	-0.04341288711442112
2.743888795986622	8.615384615384615	2.5036884554108427	0.024109900894605612	2.5036884554108427	0.024109900894605615	2.7209587036709104	0.1000801397486507	9.093216016119541	132.4937364057566	3.8646134543149713	0.9827059366181897	39.43257302945116	1370.309386702171	-0.04341288711442112
2.748103678929766	8.615384615384615	2.506555583662411	0.023610390002300616	2.506555583662411	0.023610390002300637	2.7234793740088983	0.0996107505787699	9.097203266659893	132.88263587980853	3.868481732559522	0.9829247021588778	39.50673751367738	1373.5811280712344	-0.04341288711442112
2.75231856187291	8.615384615384615	2.5094243112098176	0.023116760998314254	2.5094243112098176	0.023116760998314268	2.726028903882202	0.09913947253093153	9.101206123746836	133.2740023424004	3.872379881264849	0.9831405174626562	39.58114979641865	1376.8718096139482	-0.04341288711442112
2.7565334448160534	8.615384615384615	2.5122939234396666	0.022629105691905786	2.512293923439666	0.022629105691905845	2.7286069947263445	0.09866634472965789	9.105223708788149	133.66782328232011	3.8763077067371188	0.9833534292436608	39.65580941412861	1380.181454196333	-0.04341288711442112
2.7607483277591975	8.615384615384615	2.515163712659711	0.022147510891225578	2.515163712659711	0.022147510891225564	2.7312133374917154	0.0981914068335717	9.109255125483951	134.0640853099878	3.880264991761663	0.9835634828526039	39.73071569625542	1383.51006470692	-0.04341288711442112
2.764963210702341	8.615384615384615	2.518032979058855	0.021672058286266352	2.5180329790588547	0.021672058286266373	2.7338476128142144	0.09771469901696228	9.113299460494003	134.46277416290715	3.884251496104266	0.9837707223391539	39.805867769310794	1386.8576244221015	-0.04341288711442112
2.7691780936454853	8.615384615384615	2.520901031648095	0.021202824343821258	2.5209010316480946	0.021202824343821293	2.7365094912087047	0.09723626194981749	9.117355784147396	134.86387471283467	3.8882669570399453	0.9839751905118754	39.88126456113912	1390.2240973885766	-0.04341288711442112
2.773392976588629	8.615384615384615	2.523767189178426	0.020739880214947208	2.523767189178426	0.020739880214947156	2.7391986332845413	0.09675613677641502	9.121423151192564	135.26737097463416	3.892311089908556	0.9841769289958069	39.95690480538333	1393.609428822779	-0.04341288711442112
2.7776078595317726	8.615384615384615	2.5266307810320066	0.02028329165535398	2.526630781032006	0.020283291655354013	2.7419146899826	0.09627436509255333	9.125500601585859	135.67324611679777	3.896383588696705	0.9843759782877485	40.032787046146034	1397.013545527276	-0.04341288711442112
2.7818227424749167	8.615384615384615	2.5294911480829714	0.019833118959073116	2.529491148082971	0.019833118959073148	2.744657302832991	0.09579098892151941	9.129587161316408	136.08148247359492	3.900484126645139	0.9845723778093315	40.10890964284129	1400.436356323897	-0.04341288711442112
2.7860376254180603	8.615384615384615	2.532347643524362	0.019389416905688763	2.532347643524362	0.01938941690568875	2.74742610423242	0.09530605068890245	9.133681843264647	136.49206155879628	3.9046123568803193	0.9847661659579254	40.1852707752291	1403.877752502988	-0.04341288711442112
2.790252508361204	8.615384615384615	2.535199633658162	0.018952234721319468	2.5351996336581615	0.018952234721319492	2.75022071774052	0.09481959319633741	9.137783648092514	136.90496408094168	3.9087679130694744	0.9849573801554505	40.26186844862877	1407.3376082886255	-0.04341288711442112
2.794467391304348	8.615384615384615	2.538046498645256	0.01852161605348478	2.538046498645256	0.018521616053484756	2.753040758393801	0.09433165959430571	9.141891565162151	137.32016996007573	3.9129504100973462	0.9851460568951458	40.33870049929906	1410.8157813188102	-0.04341288711442112
2.7986822742474917	8.615384615384615	2.5408876332127277	0.018097598959890878	2.5408876332127277	0.0180975989598909	2.755885833036275	0.09384229335409151	9.146004573480576	137.73765834590017	3.917159444763461	0.9853322317863484	40.41576459997753	1414.312113140104	-0.04341288711442112
2.8028971571906354	8.615384615384615	2.543722447316036	0.01768021591110047	2.543722447316036	0.017680215911100482	2.7587555406655637	0.0933515382390057	9.150121642667576	138.15740763727413	3.921394596498305	0.9855159395973357	40.49305826556788	1417.8264297158403	-0.04341288711442112
2.8071120401337795	8.615384615384615	2.546550366753858	0.01726949380697629	2.546550366753858	0.01726949380697627	2.7616494727931356	0.09285943827499922	9.154241733943518	138.5793955029812	3.925655428096565	0.9856972142962759	40.57057885896239	1421.358541946834	-0.04341288711442112
2.811326923076923	8.615384615384615	2.549370833733815	0.016865454006704944	2.5493708337338155	0.016865454006704934	2.764567213817489	0.0923660377207727	9.158363801134389	139.0035989036931	3.9299414864658386	0.9858760890903381	40.64832359698802	1424.9082462037281	-0.04341288711442112
2.815541806020067	8.615384615384615	2.552183307387503	0.01646811237213981	2.5521833073875024	0.01646811237213984	2.767508341408881	0.09187138103750184	9.162486791690785	139.4299941150417	3.934252303388788	0.9860525964630061	40.726289556461744	1428.4753248697323	-0.04341288711442112
2.819756688963211	8.615384615384615	2.5549872642335774	0.016077479324130856	2.554987264233578	0.016077479324130825	2.7704724269041985	0.09137551285829731	9.166609647717786	139.85855675171203	3.938587396296809	0.9862267682096393	40.80447368034074	1432.0595468925987	-0.04341288711442112
2.8239715719063545	8.615384615384615	2.557782198588058	0.015693559911438004	2.557782198588058	0.015693559911438	2.773459035710657	0.0908784779575045	9.170731307012653	140.28926179247134	3.9429462690533157	0.9863986354713276	40.88287278395386	1435.6606683446892	-0.04341288711442112
2.8281864548494986	8.615384615384615	2.5605676229211682	0.015316353891770693	2.5605676229211682	0.015316353891770707	2.7764677277168106	0.09038032121996632	9.17485070410717	140.722083606035	3.9473284127444255	0.9865682287670836	40.9614835612974	1439.278432989686	-0.04341288711442112
2.8324013377926422	8.615384615384615	2.56334306816047	0.014945855824432384	2.56334306816047	0.01494585582443236	2.779498057709464	0.08988108761035649	9.178966771311549	141.15699597767633	3.9517333064750204	0.9867355780244121	41.04030259138048	1442.9125728546994	-0.04341288711442112
2.836616220735786	8.615384615384615	2.5661080839403567	0.014582055173995783	2.5661080839403567	0.014582055173995795	2.7825495757951253	0.08938082214268635	9.183078439756937	141.59397213648782	3.9561604181682104	0.9869007126083069	41.11932634460487	1446.562808806477	-0.04341288711442112
2.84083110367893	8.615384615384615	2.56886223879814	0.01422493642439671	2.56886223879814	0.01422493642439669	2.7856218278244507	0.08887956985010108	9.187184640433426	142.03298478318916	3.9606092053658877	0.9870636613487116	41.198551189161755	1450.2288511301992	-0.04341288711442112
2.8450459866220736	8.615384615384615	2.571605120317431	0.013874479202780886	2.571605120317431	0.013874479202780897	2.7887143558183944	0.08837737575505697	9.19128430522079	142.47400611839078	3.965079116028483	0.9872244525664928	41.277973397431104	1453.9104001095895	-0.04341288711442112
2.8492608695652173	8.615384615384615	2.574336335219611	0.01353065841241527	2.574336335219611	0.01353065841241528	2.7918266983945625	0.08787428483998386	9.195376367908999	142.91700787120982	3.9695695893317224	0.9873831140979673	41.357589152366586	1457.6071466068845	-0.04341288711442112
2.8534757525083614	8.615384615384615	2.577055509404602	0.013193444373937116	2.5770555094046026	0.013193444373937106	2.7949583911925275	0.08737034201852063	9.199459765205969	143.36196132814828	3.974080056458486	0.9875396733180282	41.437394553851625	1461.3187726413419	-0.04341288711442112
2.857690635451505	8.615384615384615	2.579762287942249	0.0128628029741981	2.5797622879422484	0.01286280297419813	2.7981089672966886	0.08686559210741493	9.20353343772981	143.80883736213073	3.9786099413837213	0.9876941571619142	41.51738562501033	1465.0449519649014	-0.04341288711442112
2.861905518394649	8.615384615384615	2.582456335015957	0.012538695821939545	2.5824563350159573	0.012538695821939538	2.8012779576554987	0.08636007979916496	9.207596330983305	144.2576064616161	3.9831586616505903	0.9878465921456686	41.597558318459434	1468.7853506337049	-0.04341288711442112
2.8661204013377928	8.615384615384615	2.5851373338203185	0.012221080409528783	2.585137333820318	0.012221080409528788	2.8044648914957357	0.08585384963548535	9.211647396308098	144.70823875968478	3.987725629135907	0.9879970043853299	41.67790852248586	1472.5396275741184	-0.04341288711442112
2.8703352842809364	8.615384615384615	2.587804986414737	0.011909910279977882	2.587804986414737	0.011909910279977886	2.8076692967307455	0.08534694598166268	9.215685591816637	145.1607040630187	3.9923102508032553	0.9881454196149032	41.75843206713708	1476.307435142114	-0.04341288711442112
2.8745501672240805	8.615384615384615	2.5904590135351557	0.011605135198469027	2.5904590135351557	0.011605135198469028	2.8108907003615027	0.08483941300186568	9.219709883299759	145.61497188068745	3.996911929442029	0.9882918632031561	41.83912473021071	1480.0884196747177	-0.04341288711442112
2.878765050167224	8.615384615384615	2.5930991543661133	0.011306701327618476	2.5930991543661133	0.011306701327618483	2.814128628869436	0.08433129463547231	9.223719245108079	146.07101145265574	4.001530064390845	0.9884363601692853	41.91998224313056	1483.882222032417	-0.04341288711442112
2.882979933110368	8.615384615384615	2.5957251662755754	0.011014551405717294	2.595725166275576	0.011014551405717278	2.817382608600157	0.0838226345744555	9.227712661005736	146.5287917779458	4.006164052244021	0.9885789351975015	42.0010002966988	1487.6884781315318	-0.04341288711442112
2.887194816053512	8.615384615384615	2.5983368245148366	0.010728624927212858	2.598336824514837	0.010728624927212846	2.820652166136966	0.08331347624188862	9.23168912499452	146.9882816423613	4.010813287539423	0.9887196126505765	42.08217454671086	1491.5068194653	-0.04341288711442112
2.8914096989966556	8.615384615384615	2.6009339218861958	0.01044885832470192	2.6009339218861958	0.010448858324701911	2.823936828663607	0.08280386277158941	9.23564764210773	147.44944964572915	4.015477163426911	0.9888584165824007	42.16350061942622	1495.3368736130603	-0.04341288711442112
2.895624581939799	8.615384615384615	2.603516268380834	0.010175185151742755	2.6035162683808335	0.010175185151742773	2.8272361243152826	0.08229383698895218	9.239587229172054	147.91226422857508	4.020155072315889	0.9889953707495958	42.24497411688338	1499.1782647363912	-0.04341288711442112
2.8998394648829433	8.615384615384615	2.606083690789513	0.009907536265815276	2.606083690789513	0.009907536265815269	2.8305495825173597	0.08178344139298292	9.243506915536775	148.37669369818238	4.024846406501091	0.9891304986222283	42.32659062205139	1503.0306140614957	-0.04341288711442112
2.904054347826087	8.615384615384615	2.608636032288707	0.009645840010789325	2.608636032288707	0.00964584001078932	2.83387673431112	0.08127271813956664	9.247405743769402	148.84270625397596	4.029550558765715	0.9892638233936708	42.40834570381099	1506.8935403471348	-0.04341288711442112
2.908269230769231	8.615384615384615	2.6111731520047807	0.009390022398293105	2.6111731520047807	0.0093900223982931	2.8372171126661674	0.08076170902596604	9.251282770317317	149.3102700121917	4.03426692296122	0.9893953679896527	42.490234921759026	1510.7666603374887	-0.04341288711442112
2.9124841137123747	8.615384615384615	2.6136949245586507	0.009140007287416214	2.6136949245586507	0.009140007287416216	2.84057025277879	0.08025045547658081	9.255137066134518	149.77935302976758	4.038994894562863	0.989525155076548	42.57225383082863	1514.6495891992076	-0.04341288711442112
2.9166989966555183	8.615384615384615	2.6162012395936154	0.008895716562206571	2.6162012395936154	0.00889571656220656	2.843935692356221	0.07973899852994741	9.25896771727373	150.24992332744162	4.043733871200854	0.9896532070689427	42.65439798572374	1518.5419409424671	-0.04341288711442112
2.9209138795986624	8.615384615384615	2.6186920012886166	0.008657070306472201	2.6186920012886166	0.008657070306472201	2.8473129718861854	0.07922737882699613	9.262773825443105	150.7219489119972	4.048483253166199	0.989779546136522	42.73666294515987	1522.443328825204	-0.04341288711442112
2.925128762541806	8.615384615384615	2.6211671278594952	0.0084239869754264	2.621167127859495	0.008423986975426394	2.850701634891781	0.07871563660054348	9.266554508528088	151.19539779764804	4.053242443891428	0.9899041942103234	42.81904427591248	1526.3533657406306	-0.04341288711442112
2.9293436454849497	8.615384615384615	2.6236265510504206	0.00819638356376223	2.6236265510504206	0.008196383563762248	2.8541012281713476	0.0782038116660143	9.270308901078115	151.67023802652426	4.058010850405609	0.9900271729883944	42.90153755666736	1530.2716645874239	-0.04341288711442112
2.933558528428094	8.615384615384615	2.6260702156177542	0.007974175769779006	2.6260702156177547	0.007974175769779006	2.8575113020232776	0.07769194341337776	9.274036154758592	152.14643768824206	4.062787883763692	0.9901485039408937	42.98413838167296	1534.1978386225237	-0.04341288711442112
2.9377734113712375	8.615384615384615	2.6284980788084797	0.00775727815522197	2.6284980788084797	0.007757278155221972	2.860931410455806	0.07718007080027	9.277735438768577	152.62396493854786	4.067572959450225	0.9902682083146767	43.06684236419461	1538.1315017964712	-0.04341288711442112
2.941988294314381	8.615384615384615	2.6309101098351806	0.007545604300538109	2.6309101098351806	0.007545604300538119	2.864361111381701	0.07666823234628503	9.281405940224483	153.102788017017	4.072365497757413	0.9903863071374024	43.149645139769504	1542.07226907111	-0.04341288711442112
2.9462031772575252	8.615384615384615	2.6333062893494787	0.007339066955287422	2.6333062893494787	0.007339066955287413	2.8677999667979908	0.07615646612840293	9.285046864510482	153.58287526380485	4.077164924137707	0.9905028212211965	43.232542369263626	1546.0197567197029	-0.04341288711442112
2.950418060200669	8.615384615384615	2.635686608915728	0.0071375781834865076	2.635686608915728	0.007137578183486505	2.8712475429508695	0.0756448097775238	9.288657435596319	154.0641951354461	4.081970669531235	0.9906177711659073	43.315529741732526	1549.973582609551	-0.04341288711442112
2.954632943143813	8.615384615384615	2.638051070486651	0.006941049503697273	2.63805107048665	0.006941049503697287	2.8747034104859654	0.07513330047607104	9.29223689632324	154.54671621970618	4.086782170668361	0.9907311773619881	43.39860297708756	1553.9333664672	-0.04341288711442112
2.9588478260869566	8.615384615384615	2.64039968588242	0.006749392023710195	2.64039968588242	0.006749392023710195	2.8781671445841366	0.07462197495663596	9.295784508658864	155.0304072494801	4.091598870347715	0.9908430599930365	43.481757828569854	1557.8987301264083	-0.04341288711442112
2.9630627090301003	8.615384615384615	2.6427324762746696	0.00656251656970092	2.642732476274669	0.006562516569700939	2.8816383250831277	0.07411086950161395	9.2992995539219	155.51523711575544	4.096420217690195	0.9909534390380231	43.56499008503537	1561.8692977590545	-0.04341288711442112
2.9672775919732444	8.615384615384615	2.6450494716767596	0.0063803338097730596	2.6450494716767596	0.006380333809773061	2.8851165365854166	0.07360001994379739	9.30278133297781	156.0011748796481	4.101245668369531	0.9910623342732404	43.648295573055414	1565.8446960893896	-0.04341288711442112
2.971492474916388	8.615384615384615	2.647350710441439	0.006202754371830149	2.647350710441439	0.006202754371830138	2.8886013685524765	0.07308946166788496	9.306229166406194	156.48818978351778	4.1060746848197835	0.9911697652739944	43.73167015883476	1569.8245545917173	-0.04341288711442112
2.975707357859532	8.615384615384615	2.6496362387670516	0.00602968895574479	2.6496362387670516	0.006029688955744785	2.892092415385937	0.07257922961285909	9.309642394641127	156.97625126118757	4.110906736420592	0.9912757514160728	43.81510974995364	1573.8085056720477	-0.04341288711442112
2.9799222408026758	8.615384615384615	2.6519061102132375	0.005861048439821072	2.6519061102132375	0.005861048439821074	2.895589276496005	0.07206935827518822	9.31302037808552	157.4653289472822	4.11574129966069	0.9913803118770088	43.89861029693705	1577.796184833965	-0.04341288711442112
2.9841371237458194	8.615384615384615	2.654160385226983	0.00569674398157006	2.654160385226983	0.005696743981570058	2.8990915563575137	0.07155988171281279	9.31636249720051	157.9553926857028	4.120577858280452	0.9914834656371678	43.982167794657144	1581.7872308292	-0.04341288711442112
2.988352006688963	8.615384615384615	2.6563991306797985	0.005536687112839183	2.656399130679799	0.005536687112839165	2.9025988645541108	0.0710508335498638	9.31966815257112	158.44641253726508	4.125415903394126	0.9915852314806771	44.06577828357327	1585.7812857932558	-0.04341288711442112
2.992566889632107	8.615384615384615	2.6586224194166608	0.005380789829357409	2.6586224194166608	0.005380789829357405	2.9061108158109605	0.07054224698207291	9.32293676494925	158.9383587865197	4.130254933592505	0.991685627996221	44.14943785081538	1589.7779953665706	-0.04341288711442112
2.996781772575251	8.615384615384615	2.6608303298173577	0.005228964674774726	2.660830329817358	0.005228964674774711	2.9096270300165834	0.07003415478281844	9.326167775275339	159.4312019477913	4.135094455026971	0.9917846735777196	44.23314263111792	1593.7770088018267	-0.04341288711442112
3.000996655518395	8.615384615384615	2.6630229453705576	0.005081124819294451	2.6630229453705576	0.005081124819294449	2.913147132234024	0.0695265893097792	9.329360644679443	159.92491277044158	4.139933981475294	0.9918823864249104	44.31688880760641	1597.777979057562	-0.04341288711442112
3.0052115384615385	8.615384615384615	2.665200354261181	0.004937184133005454	2.665200354261181	0.00493718413300545	2.9166707527021924	0.06901958251212743	9.332514854463398	160.4194622434108	4.144773034390457	0.991978784543849	44.40067261244719	1601.780562878989	-0.04341288711442112
3.009426421404682	8.615384615384615	2.66736264897121	0.00479705725404085	2.66736264897121	0.004797057254040853	2.9201975268275535	0.0685131659382367	9.335629906064742	160.91482159904317	4.149611142932923	0.9920738857473442	44.48449032736242	1605.7844208662068	-0.04341288711442112
3.0136413043478263	8.615384615384615	2.669509925894297	0.004660659651694855	2.6695099258942974	0.004660659651694842	2.9237270951668863	0.06800737074384315	9.338705321003829	161.41096231624167	4.154447843987388	0.9921677076553432	44.5683382840192	1609.7892175305537	-0.04341288711442112
3.01785618729097	8.615384615384615	2.671642284964224	0.004527907684644175	2.671642284964224	0.0045279076846441784	2.927259103401428	0.0675022277006306	9.341740640815008	161.90785612296918	4.159282682164624	0.9922602676952776	44.65221286429659	1613.7946213394332	-0.04341288711442112
3.022071070234114	8.615384615384615	2.6737598292974076	0.004398718654423607	2.673759829297408	0.004398718654423588	2.9307932023030716	0.06699776720518284	9.344735426963133	162.40547499813906	4.164115209789432	0.9923515831023861	44.73611050043885	1617.800304750339	-0.04341288711442112
3.0262859531772577	8.615384615384615	2.6758626648494053	0.004273010854316218	2.675862664849405	0.004273010854316237	2.9343290476929633	0.06649401928827081	9.347689260746332	162.9037911729143	4.168944986875293	0.9924416709200206	44.820027675099055	1621.8059442344409	-0.04341288711442112
3.0305008361204013	8.615384615384615	2.6779509000854484	0.004150703613820948	2.677950900085448	0.004150703613820953	2.937866300393065	0.06599101362442854	9.35060174318608	163.40277713145298	4.173771581086637	0.9925305479999488	44.90396092128025	1625.811220290366	-0.04341288711442112
3.034715719063545	8.615384615384615	2.6800246456649224	0.004031717338865604	2.6800246456649224	0.004031717338865604	2.941404626171149	0.06548877954177805	9.353472494905587	163.90240561112745	4.178594567689429	0.9926182310026609	44.987906822179575	1629.815817448643	-0.04341288711442112
3.038930602006689	8.615384615384615	2.6820840141396483	0.003915973547936859	2.6820840141396483	0.003915973547936869	2.9449436956796395	0.06498734603206824	9.356301155997393	164.40264960224593	4.183413529490848	0.9927047363976891	45.07186201094115	1633.8194242673421	-0.04341288711442112
3.0431454849498327	8.615384615384615	2.6841291196659056	0.0038033949042977255	2.684129119665905	0.0038033949042977334	2.948483184388946	0.06448674176087811	9.359087385881312	164.90348234731746	4.188228056768935	0.9927900804639457	45.15582317032471	1637.8217333195134	-0.04341288711442112
3.047360367892977	8.615384615384615	2.6861600777298555	0.003693905244468915	2.686160077729856	0.003693905244468915	2.952022772515454	0.06398699507796571	9.361830863153182	165.40487733987118	4.193037747192651	0.992874279290089	45.239787032293215	1641.8224411727365	-0.04341288711442112
3.0515752508361205	8.615384615384615	2.6881770048862834	0.003587429603144767	2.6881770048862834	0.0035874296031447677	2.9555621449448948	0.06348813402771074	9.364531285425704	165.90680832287705	4.197842205733363	0.9929573487749186	45.32375037752741	1645.8212483614782	-0.04341288711442112
3.055790133779264	8.615384615384615	2.690180018510332	0.0034838942347178606	2.690180018510332	0.00348389423471786	2.959100991151379	0.06299018635962476	9.367188369161928	166.40924928678942	4.20264104456829	0.9930393046278085	45.407710034871556	1649.8178593526504	-0.04341288711442112
3.060005016722408	8.615384615384615	2.6921692365619734	0.003383226631582701	2.6921692365619734	0.0033832266315827106	2.962639005112554	0.06249317953889496	9.369801849502206	166.91217446724144	4.207433882976619	0.9931201623691807	45.49166288071576	1653.8119825048616	-0.04341288711442112
3.064219899665552	8.615384615384615	2.6941447773629297	0.00328535553938758	2.6941447773629297	0.003285355539387578	2.9661758852213134	0.06199714075692784	9.372371480085373	167.41555834242195	4.212220347228986	0.9931999373310214	45.575605838320286	1657.8033300218617	-0.04341288711442112
3.068434782608696	8.615384615384615	2.6961067593856884	0.0031902109694010926	2.6961067593856884	0.0031902109694010895	2.969711334194372	0.06150209694186808	9.374897032864713	167.9193756301553	4.217000070470801	0.993278644657446	45.6595358770859	1661.7916179005215	-0.04341288711442112
3.0726496655518396	8.615384615384615	2.698055301054375	0.003097724208154834	2.698055301054375	0.0030977242081548333	2.9732450589782666	0.06100807476905192	9.377378297919575	168.42360128472305	4.221772692600332	0.9933562993053116	45.74345001177713	1665.7765658740166	-0.04341288711442112
3.0768645484949833	8.615384615384615	2.699990520557041	0.0030078278245233812	2.6999905205570416	0.0030078278245233773	2.976776770652949	0.060515100671381335	9.37981508326303	168.9282104934393	4.226537860141815	0.993432916044882	45.82734530170064	1669.757897350417	-0.04341288711442112
3.081079431438127	8.615384615384615	2.701912535669086	0.0029204556743953154	2.701912535669086	0.0029204556743953067	2.980306184333462	0.06002320084958252	9.38220721464617	169.43317867301414	4.231295226114328	0.9935085094605445	45.911218849844744	1673.7353393471906	-0.04341288711442112
3.085294314381271	8.615384615384615	2.7038214635874636	0.0028355429030863873	2.703821463587464	0.0028355429030863795	2.983833019070049	0.05953240128232353	9.384554535359777	169.93848146573114	4.236044449897043	0.9935830939515798	45.995067801984604	1677.7086224221368	-0.04341288711442112
3.0895091973244146	8.615384615384615	2.7057174207752532	0.00275302594564209	2.705717420775253	0.002753025945642094	2.9873569977468954	0.05904272773617728	9.386856906033467	170.44409473545053	4.240785197091142	0.9936566837329872	46.078889345755734	1681.677480600896	-0.04341288711442112
3.0937240802675587	8.615384615384615	2.7076005228163216	0.0026728425251695254	2.707600522816322	0.002672842525169523	2.9908778469800246	0.058554205775389605	9.38911420443313	170.9499945634787	4.2455171393791815	0.993729292836362	46.162680709701796	1685.6416513016804	-0.04341288711442112
3.0979389632107024	8.615384615384615	2.7094708842796424	0.0025949316493365194	2.7094708842796424	0.002594931649336522	2.994395297014449	0.05806686077144741	9.391326325256804	171.4561572443097	4.250239954382172	0.9938009351108292	46.24643916229902	1689.6008752574112	-0.04341288711442112
3.102153846153846	8.615384615384615	2.711328618592973	0.0025192336051685126	2.711328618592973	0.00251923360516851	2.997909081621046	0.057580717912414384	9.393493179929562	171.96255928127357	4.254953325514978	0.9938716242240294	46.33016201096201	1693.554896435693	-0.04341288711442112
3.10636872909699	8.615384615384615	2.713173837925484	0.002445689952270124	2.7131738379254844	0.0024456899522701204	3.0014189379933005	0.05709580221202063	9.395614696397521	172.4691773821013	4.259656941840378	0.993941373663158	46.41384660103371	1697.5034619569544	-0.04341288711442112
3.110583612040134	8.615384615384615	2.715006653079038	0.0023742435145922003	2.7150066530790387	0.002374243514592194	3.0049246066442934	0.05661213851848372	9.39769081892151	172.97598845443596	4.264350497922274	0.9940101967360574	46.49749031476352	1701.4463220110767	-0.04341288711442112
3.114798494983278	8.615384615384615	2.7168271733877125	0.002304838370860589	2.7168271733877125	0.002304838370860594	3.008425831304072	0.056129751523049894	9.399721507870439	173.4829696012989	4.269033693678384	0.9940781065723587	46.581090570276096	1705.3832297727952	-0.04341288711442112
3.1190133779264215	8.615384615384615	2.7186355066253105	0.002237419843776827	2.71863550662531	0.0022374198437768297	3.01192235881781	0.055648665768227204	9.401706739514836	173.99009811654213	4.273706234232925	0.9941451161246749	46.66464482053543	1709.3139413162874	-0.04341288711442112
3.123228260869565	8.615384615384615	2.720431758920436	0.0021719344880971026	2.7204317589204363	0.0021719344880971035	3.0154139390448145	0.05516890565570773	9.403646505820516	174.49735148029166	4.278367829769462	0.994211238169841	46.74815055230507	1713.2382155290713	-0.04341288711442112
3.127443143812709	8.615384615384615	2.7222160346788677	0.0021083300776894814	2.7222160346788673	0.0021083300776894897	3.0189003247587114	0.054690495453956586	9.405540814242732	175.00470735440612	4.283018195384423	0.9942764853102017	46.83160528510898	1717.1558140256238	-0.04341288711442112
3.131658026755853	8.615384615384615	2.723988436512918	0.0020465555916647773	2.723988436512918	0.0020465555916647747	3.0223812715490324	0.05421345930545213	9.40738968752093	175.5121435779694	4.287657050941584	0.9943408699749441	46.91500657019543	1721.066501060975	-0.04341288711442112
3.1358729096989966	8.615384615384615	2.7257490651774	0.001986561199672451	2.7257490651774	0.0019865611996724504	3.0258565377242674	0.05373782123357357	9.409193163474045	176.01963816281997	4.292284120927668	0.9944044044214726	46.99835198950522	1724.970043444386	-0.04341288711442112
3.1400877926421407	8.615384615384615	2.727498019512021	0.001928298246445967	2.727498019512021	0.0019282982464459753	3.029325884216789	0.05326360514911095	9.410951294796783	176.52716928915072	4.296899134309685	0.9944671007368274	47.08163915464916	1728.866210453635	-0.04341288711442112
3.1443026755852843	8.615384615384615	2.729235396389799	0.0018717192356800215	2.7292353963897993	0.0018717192356800187	3.0327890744896235	0.052790834856396344	9.412664148856567	177.03471530117605	4.301501824393907	0.9945289708391402	47.16486570589446	1732.754773749852	-0.04341288711442112
3.148517558528428	8.615384615384615	2.7309612906712792	0.00181677781331533	2.7309612906712792	0.0018167778133153334	3.036245874445334	0.05231953405904252	9.414331807491434	177.54225470288776	4.306091928686997	0.9945900264791288	47.24802931116386	1736.6355072932963	-0.04341288711442112
3.152732441471572	8.615384615384615	2.732675795164309	0.0017634287503031714	2.732675795164309	0.0017634287503031625	3.039696052337228	0.05184972636527506	9.415954366808903	178.04976615391618	4.310669188759495	0.9946502792416269	47.33112766504958	1740.508187260287	-0.04341288711442112
3.1569473244147157	8.615384615384615	2.7343790005890214	0.0017116279249177779	2.734379000589021	0.001711627924917777	3.0431393786828806	0.05138143529285714	9.417531936985595	178.55722846549529	4.315233350111737	0.994709740547147	47.414158487842535	1744.3725919613516	-0.04341288711442112
3.16116220735786	8.615384615384615	2.736070995547904	0.0016613323046796751	2.7360709955479035	0.0016613323046796758	3.0465756261803465	0.05091468427358654	9.41906464206795	179.06462059656388	4.319784162042736	0.9947684216534751	47.49711952458163	1748.2285017610466	-0.04341288711442112
3.1653770903010034	8.615384615384615	2.7377518665005844	0.001612499927950319	2.7377518665005844	0.001612499927950317	3.05000456962694	0.05044949665737202	9.4205526197736	179.57192164999003	4.324321377521841	0.9948263336572949	47.58000854412115	1752.0756989993108	-0.04341288711442112
3.169591973244147	8.615384615384615	2.7394216977431958	0.0015650898852533073	2.7394216977431958	0.001565089885253308	3.053425985840907	0.04998589571586926	9.421996021293612	180.0791108689476	4.328844753063676	0.9948834874958381	47.662823338221195	1755.9139679147875	-0.04341288711442112
3.1738068561872907	8.615384615384615	2.7410805713920974	0.0015190623003743338	2.7410805713920974	0.0015190623003743355	3.0568396535860725	0.049523904645673654	9.423395011095558	180.58616763345069	4.333354048606486	0.9949398939485619	47.74556172066143	1759.743094570219	-0.04341288711442112
3.178021739130435	8.615384615384615	2.742728567371662	0.0014743783112890956	2.742728567371662	0.0014743783112890936	3.0602453534994485	0.049063546571070794	9.424749766727034	181.09307145704435	4.3378490273938235	0.9949955636388477	47.828221526378776	1763.5628667799338	-0.04341288711442112
3.1822366220735785	8.615384615384615	2.7443657634060363	0.001431000050963595	2.744365763406036	0.001431000050963596	3.0636428680220824	0.04860484454632859	9.426060478619858	181.59980198367515	4.342329455860095	0.9950505070357225	47.91080061063229	1767.3730740398012	-0.04341288711442112
3.1864515050167226	8.615384615384615	2.7459922350146075	0.0013888906280695363	2.7459922350146075	0.001388890628069539	3.0670319813331224	0.04814782155753558	9.427327349894627	182.1063389847403	4.346795103519806	0.9951047344555987	47.99329684819515	1771.1735074596097	-0.04341288711442112
3.1906663879598662	8.615384615384615	2.747608055511051	0.0013480141076533322	2.7476080555110505	0.0013480141076533348	3.0704124792872682	0.04769250052397579	9.428550596165673	182.61266235632786	4.35124574286089	0.9951582560640317	48.07570813257601	1774.963959698171	-0.04341288711442112
3.19488127090301	8.615384615384615	2.7492132960057103	0.0013083354917951713	2.74921329600571	0.0013083354917951726	3.0737841493555846	0.04723890429904238	9.42973044534602	183.1187521166476	4.355681149241928	0.9952110818774922	48.158032375269194	1778.7442249010328	-0.04341288711442112
3.199096153846154	8.615384615384615	2.7508080254112577	0.0012698207002910507	2.7508080254112577	0.0012698207002910461	3.077146780569914	0.04678705567068162	9.430867137452593	183.62458840367168	4.360101100793822	0.9952632217651532	48.24026750503781	1782.5140986412869	-0.04341288711442112
3.2033110367892976	8.615384615384615	2.7523923104513477	0.001232436551388813	2.7523923104513472	0.001232436551388815	3.08050016347077	0.04633697736137141	9.431960924411072	184.1301514729754	4.364505378325532	0.9953146854506874	48.32241146722711	1786.2733778631707	-0.04341288711442112
3.2075259197324417	8.615384615384615	2.75396621567225	0.0011961507426058989	2.75396621567225	0.0011961507426058993	3.083844090058976	0.045888692027626916	9.433012069860716	184.63542169580046	4.368893765234415	0.9953654825140754	48.40446222311255	1790.0218608289522	-0.04341288711442112
3.2117408026755854	8.615384615384615	2.7555298034572044	0.0011609318316551027	2.7555298034572044	0.0011609318316551038	3.0871783537509168	0.0454422222590386	9.434020848958546	185.14037955733	4.37326604742094	0.9954156223934225	48.486417749280776	1793.759347068912	-0.04341288711442112
3.215955685618729	8.615384615384615	2.7570831340434423	0.0011267492175015459	2.7570831340434427	0.0011267492175015448	3.0905027493375896	0.044997590576839885	9.43498754818305	185.64500565519052	4.377622013208019	0.9954651143867812	48.56827603704592	1797.485637334675	-0.04341288711442112
3.220170568561873	8.615384615384615	2.758626265541711	0.0010935731215725444	2.758626265541711	0.001093573121572547	3.0938170729474326	0.044554819432005066	9.435912465137056	186.14928069818063	4.381961453264975	0.9955139676539788	48.650035091901145	1801.2005335559184	-0.04341288711442112
3.2243854515050168	8.615384615384615	2.7601592539582076	0.0010613745691396732	2.7601592539582076	0.001061374569139671	3.097121122013022	0.04411393120287854	9.436795908349739	186.65318550523216	4.386284160536271	0.9955621912184496	48.731692933007004	1804.9038388006034	-0.04341288711442112
3.2286003344481604	8.615384615384615	2.7616821532187594	0.0010301253708909753	2.761682153218759	0.0010301253708909766	3.1004146952415663	0.04367494819234188	9.437638197077375	187.15670100460076	4.390589930174867	0.9956097939690673	48.81324759271555	1808.5953572386281	-0.04341288711442112
3.2328152173913045	8.615384615384615	2.7631950151952203	0.000999798104708781	2.7631950151952203	0.0009997981047087784	3.1036975925893904	0.043237892624514246	9.438439661102983	187.65980823329969	4.39487855948058	0.9956567846619798	48.894697116133216	1812.274894109266	-0.04341288711442112
3.237030100334448	8.615384615384615	2.7646978897339087	0.0009703660976676815	2.7646978897339087	0.0009703660976676831	3.1069696152402644	0.042802786640996286	9.439200640534368	188.16248833676786	4.399149847843141	0.9957031719224413	48.9760395607206	1815.9422556921415	-0.04341288711442112
3.241244983277592	8.615384615384615	2.7661908246860123	0.0009418034082653122	2.766190824686012	0.0009418034082653127	3.110230565587682	0.042369652296658726	9.439921485600582	188.66472256877844	4.403403596690184	0.9957489642466432	49.05727299593081	1819.5972492819906	-0.04341288711442112
3.245459866220736	8.615384615384615	2.767673865939902	0.000914084808896921	2.7676738659399014	0.0009140848088969225	3.113480247221106	0.04193851155498061	9.440602556446626	189.1664922915926	4.407639609440178	0.9957941700035415	49.138395502886844	1823.2396831672133	-0.04341288711442112
3.2496747491638796	8.615384615384615	2.7691470574552075	0.0008871857685840405	2.7691470574552075	0.0008871857685840412	3.116718464916114	0.04150938628294443	9.441244222926114	189.6677789763511	4.41185769146022	0.9958387974366796	49.21940517409754	1826.8693666122108	-0.04341288711442112
3.2538896321070236	8.615384615384615	2.7706104412985986	0.0008610824359655871	2.7706104412985986	0.000861082435965586	3.119945024628483	0.041082298245493885	9.441846864391813	190.16856420370883	4.416057650028755	0.9958828546660035	49.30030011321266	1830.4861098435701	-0.04341288711442112
3.2581045150501673	8.615384615384615	2.7720640576812414	0.0008357516225588051	2.7720640576812414	0.0008357516225588041	3.1231597334922796	0.04065726909955908	9.442410869484064	190.66882966471826	4.420239294303338	0.9959263496896729	49.38107843481832	1834.0897240402155	-0.04341288711442112
3.262319397993311	8.615384615384615	2.7735079449977214	0.000811170786296837	2.7735079449977214	0.0008111707862968361	3.1263623998217245	0.0402343203876637	9.442936635916515	191.16855716194252	4.424402435293124	0.995969290385861	49.4617382642705	1837.6800213273198	-0.04341288711442112
3.266534280936455	8.615384615384615	2.7749421398665075	0.000787318015347761	2.7749421398665075	0.0007873180153477603	3.129552833117053	0.0398134735311157	9.44342457025948	191.66772861081787	4.428546885836421	0.9960116845145482	49.54227773756914	1841.2568147742447	-0.04341288711442112
3.2707491638795987	8.615384615384615	2.7763666771717985	0.0007641720122197694	2.776366677171799	0.0007641720122197678	3.132730844074213	0.039394749822794346	9.443875087720569	192.16632604125238	4.432672460583079	0.9960535397193028	49.62269500127166	1844.8199183963793	-0.04341288711442112
3.274964046822743	8.615384615384615	2.7777815901066782	0.000741712078156073	2.7777815901066782	0.0007417120781560715	3.1358962445983183	0.038978170419547015	9.444288611922367	192.66433159945575	4.436778975981663	0.9960948635290524	49.70298821244524	1848.3691471608345	-0.04341288711442112
3.2791789297658864	8.615384615384615	2.7791869102175952	0.0007199180978219557	2.7791869102175952	0.0007199180978219545	3.1390488478210004	0.038563756334199006	9.444665574677405	193.16172755001222	4.440866250271585	0.9961356633598432	49.783155538659784	1851.904316996188	-0.04341288711442112
3.28339381270903	8.615384615384615	2.7805826674499663	0.0006987705242863921	2.7805826674499667	0.0006987705242863905	3.1421884681213554	0.038151528427198496	9.445006415759819	193.6584962781717	4.444934103479805	0.9961759465165857	49.863195158018	1855.425244805948	-0.04341288711442112
3.2876086956521737	8.615384615384615	2.7819688901949897	0.0006782503642990031	2.7819688901949897	0.0006782503642990005	3.145314921150668	0.03774150739790052	9.445311582674062	194.15462029237685	4.4489823574224205	0.9962157201947874	49.94310525922633	1858.93174848607	-0.04341288711442112
3.291823578595318	8.615384615384615	2.783345605337489	0.0006583391638634159	2.7833456053374888	0.0006583391638634176	3.1484280238606934	0.03733371377550903	9.445581530420315	194.65008222700698	4.453010835710785	0.9962549914822714	50.022884041702795	1862.4236469461957	-0.04341288711442112
3.2960384615384615	8.615384615384615	2.7847128383047997	0.0006390189941068233	2.7847128383047997	0.0006390189941068247	3.1515275945355126	0.03692816790968888	9.44581672125665	195.1448648453425	4.4570193637622735	0.9962937673608785	50.10252971572384	1865.9007601347755	-0.04341288711442112
3.3002533444816056	8.615384615384615	2.7860706131165762	0.0006202724374454224	2.7860706131165762	0.0006202724374454228	3.154613452826798	0.03652488996086582	9.446017624457754	195.63895104273632	4.461007768815466	0.9963320547081558	50.1820405026079	1869.3629090678974	-0.04341288711442112
3.304468227424749	8.615384615384615	2.7874189524355524	0.0006020825740445723	2.787418952435552	0.0006020825740445734	3.157685419792558	0.036123899890225165	9.446184716070436	196.13232385000063	4.4649758799498676	0.9963698602990265	50.26141463493702	1872.8099158619195	-0.04341288711442112
3.308683110367893	8.615384615384615	2.788757877619071	0.0005844329685725681	2.7887578776190716	0.0005844329685725673	3.1607433179390627	0.03572521744943327	9.446318478665509	196.62496643698327	4.468923528109786	0.9964071908074447	50.340650356813526	1876.241603769631	-0.04341288711442112
3.312897993311037	8.615384615384615	2.7900874087714467	0.0005673076572458296	2.7900874087714467	0.0005673076572458289	3.1637869712660467	0.03532886217009297	9.446419401086398	197.11686211634589	4.472850546132555	0.9964440528080315	50.419745924153524	1879.6577972201126	-0.04341288711442112
3.3171128762541806	8.615384615384615	2.791407564797022	0.0005506911351636478	2.791407564797022	0.0005506911351636479	3.16681620531498	0.034934853352954265	9.446487978194256	197.6079943475249	4.476756768780787	0.996480452777693	50.49869960501456	1883.058321862034	-0.04341288711442112
3.3213277591973247	8.615384615384615	2.792718363453902	0.0005345683439297094	2.792718363453903	0.0005345683439297096	3.1698308472203265	0.0345432100568996	9.446524710609694	198.0983467408728	4.4806420327786665	0.9965163970972206	50.577509679957835	1886.4430046104314	-0.04341288711442112
3.3255426421404684	8.615384615384615	2.794019821408261	0.0005189246595578411	2.794019821408261	0.0005189246595578415	3.172830725763629	0.03415395108772387	9.44653010445104	198.5879030619661	4.484506176851982	0.9965518920528712	50.65617444244271	1889.811673696722	-0.04341288711442112
3.329757525083612	8.615384615384615	2.7953119542892404	0.0005037458806585358	2.7953119542892404	0.0005037458806585363	3.1758156714304135	0.03376709498672574	9.446504671069382	199.07664723608133	4.488349041772049	0.9965869438379286	50.73469219925459	1893.1641587220874	-0.04341288711442112
3.3339724080267557	8.615384615384615	2.7965947767443233	0.0004890182169031943	2.7965947767443233	0.0004890182169031935	3.1787855164696883	0.033382660019136	9.446448926780363	199.56456335282368	4.492170470403152	0.9966215585542451	50.81306127096352	1896.5002907139256	-0.04341288711442112
3.3381872909698997	8.615384615384615	2.7978683024950683	0.00047472827776257596	2.797868302495069	0.000474728277762574	3.1817400949558143	0.03300066416240624	9.446363392592525	200.05163567088874	4.495970307753245	0.9966557422137619	50.8912799924113	1899.8199021851858	-0.04341288711442112
3.3424021739130434	8.615384615384615	2.7991325443933315	0.00046086306151532956	2.799132544393331	0.00046086306151533015	3.184679242852904	0.03262112509437119	9.446248593932971	200.53784862297573	4.499748401028268	0.9966895007400105	50.969346713230294	1903.1228271968682	-0.04341288711442112
3.3466170568561875	8.615384615384615	2.8003875144776895	0.00044740994452315344	2.800387514477689	0.00044740994452315333	3.1876027980812647	0.03224406018131747	9.446105060369723	201.02318682081093	4.503504599689281	0.9967228399695919	51.04725979838727	1906.408901423034	-0.04341288711442112
3.350831939799331	8.615384615384615	2.801633224030154	0.0004343566707682896	2.801633224030154	0.00043435667076829	3.1905106005859065	0.03186948646597898	9.445933325331335	201.50763506028687	4.5072387555126525	0.9967557656536351	51.12501762875466	1909.6779622185427	-0.04341288711442112
3.355046822742475	8.615384615384615	2.802869683633067	0.0004216913416491761	2.8028696836330664	0.00042169134164917724	3.1934024924069724	0.031497420655479794	9.445733925823873	201.99117832670774	4.510950722653035	0.9967882834592342	51.20261860170666	1912.9298486892842	-0.04341288711442112
3.359261705685619	8.615384615384615	2.804096903226117	0.00040940240603002705	2.804096903226117	0.00040940240603002824	3.196278317751859	0.031127879109252438	9.4455074021453	202.47380180012257	4.514640357708894	0.9968203989708642	51.280061131738705	1916.1644017647138	-0.04341288711442112
3.3634765886287625	8.615384615384615	2.8053148921633904	0.0003974786505400207	2.8053148921633904	0.0003974786505400208	3.199137923068845	0.03076087782695674	9.44525429759747	202.95549086073532	4.518307519790358	0.9968521176917741	51.35734365110833	1919.3814642725088	-0.04341288711442112
3.3676914715719066	8.615384615384615	2.8065236592704528	0.0003859091901174786	2.8065236592704523	0.00038590919011747806	3.201981157122165	0.030396432436420102	9.444975158196064	203.43623109438798	4.521952070589432	0.996883445045359	51.43446461049786	1922.5808810153612	-0.04341288711442112
3.3719063545150503	8.615384615384615	2.8077232129013208	0.0003746834587947446	2.807723212901321	0.00037468345879474347	3.2048078710682035	0.03003455818163014	9.444670532378465	203.9160082980914	4.525573874451988	0.9969143863765091	51.511422479694005	1925.7624988494404	-0.04341288711442112
3.376121237458194	8.615384615384615	2.8089135609953315	0.000363791200719006	2.8089135609953315	0.00036379120071900595	3.207617918532757	0.02967526991079934	9.444340970709975	204.39480848560498	4.529172798451723	0.9969449469529374	51.58821574828627	1928.9261667646588	-0.04341288711442112
3.3803361204013376	8.615384615384615	2.810094711133777	0.00035322246140466506	2.810094711133777	0.00035322246140466403	3.2104111556890853	0.02931858206453325	9.443987025588545	204.87261789304176	4.53274871246558	0.9969751319664844	51.66484292637982	1932.0717359663229	-0.04341288711442112
3.3845510033444817	8.615384615384615	2.8112666705962988	0.00034296757921249785	2.8112666705962988	0.00034296757921249796	3.213187441336628	0.028964508664122646	9.443609250948244	205.34942298449263	4.536301489250584	0.9970049465343996	51.74130254532247	1935.1990599581352	-0.04341288711442112
3.3887658862876253	8.615384615384615	2.812429446416924	0.00033301717705111017	2.812429446416924	0.00033301717705110936	3.215946636980147	0.028613063299989618	9.443208201961795	205.8252104576529	4.53983100452178	0.9970343957006028	51.81759315844325	1938.3079946262483	-0.04341288711442112
3.3929807692307694	8.615384615384615	2.8135830454397017	0.0003233621542959787	2.8135830454397017	0.0003233621542959793	3.2186886069091147	0.02826425912030998	9.442784434742348	206.29996724943933	4.543337137031077	0.9970634844369201	51.893713341801174	1941.3983983242306	-0.04341288711442112
3.397195652173913	8.615384615384615	2.814727474373899	0.00031399367892152185	2.814727474373899	0.00031399367892152207	3.2214132182772266	0.02791810881983892	9.442338506045028	206.7736805415883	4.546819768646883	0.9970922176442993	51.969661694942715	1944.4701319588146	-0.04341288711442112
3.4014105351170567	8.615384615384615	2.81586273984861	0.000304903179841615	2.81586273984861	0.0003049031798416156	3.2241203411816777	0.027574624628966125	9.441870972968177	207.2463377662124	4.550278784434046	0.9971206001540021	52.045436841664596	1947.5230590760234	-0.04341288711442112
3.405625418060201	8.615384615384615	2.816988848466798	0.00029608233945397223	2.816988848466798	0.0002960823394539721	3.226809848742176	0.027233818303024043	9.441382392654976	207.7179266113113	4.553714072734135	0.997148636728773	52.12103743078177	1950.5570459476767	-0.04341288711442112
3.4098403010033445	8.615384615384615	2.8181058068586555	0.0002875230863838007	2.818105806858655	0.00028752308638380124	3.229481617179399	0.026895701111873165	9.440873321995527	208.18843502621965	4.557125525245715	0.9971763320639879	52.196462136897786	1953.5719616579863	-0.04341288711442112
3.4140551839464885	8.615384615384615	2.819213621734222	0.000279217588422331	2.819213621734222	0.00027921758842233083	3.2321355258927262	0.026560283829791264	9.44034431732985	208.6578512269794	4.560513037104343	0.9972036907887777	52.271709661175386	1956.567678189999	-0.04341288711442112
3.418270066889632	8.615384615384615	2.8203122999352033	0.0002711582456556635	2.8203122999352033	0.00027115824565566326	3.23477145753704	0.026227576725687166	9.439795934152018	209.12616370162144	4.563876506962154	0.9972307174671315	52.346778732105946	1959.5440705117298	-0.04341288711442112
3.422484949832776	8.615384615384615	2.8214018484859245	0.00026333768377957006	2.8214018484859245	0.0002633376837795707	3.2373892980984196	0.025897589553664956	9.439228726815953	209.59336121534864	4.567215837066751	0.997257416598977	52.42166810627565	1962.5010166617762	-0.04341288711442112
3.4266998327759195	8.615384615384615	2.8224822746433307	0.0002557487475958776	2.8224822746433307	0.0002557487475958783	3.2399889369684995	0.025570331543958776	9.438643248242968	210.05943281559976	4.570530933339127	0.9972837926212383	52.4963765691259	1965.4383978341334	-0.04341288711442112
3.4309147157190636	8.615384615384615	2.8235535859460272	0.0002483844946860775	2.8235535859460277	0.0002483844946860771	3.2425702670173635	0.025245811394260763	9.43804004963169	210.52436783699116	4.573821705450536	0.9973098499088735	52.57090293570719	1968.356098462118	-0.04341288711442112
3.4351295986622072	8.615384615384615	2.824615790262219	0.00024123818925798313	2.824615790262219	0.00024123818925798302	3.24513318466471	0.0249240372614645	9.437419680170501	210.98815590611423	4.577088066897906	0.9973355927758883	52.645246051423136	1971.2540063010713	-0.04341288711442112
3.4393444816053513	8.615384615384615	2.8256688958365457	0.00023430329616119452	2.8256688958365457	0.00023430329616119452	3.247677589949147	0.024605016753841726	9.436782686752911	211.45078694618132	4.580329935077683	0.99736102547633	52.71940479276347	1974.1320125096831	-0.04341288711442112
3.443559364548495	8.615384615384615	2.8267129113357647	0.00022757347506719816	2.8267129113357647	0.00022757347506719827	3.2502033865954836	0.02428875692367193	9.436129613696343	211.91225118151323	4.583547231357947	0.9973861522052592	52.793378068024815	1976.9900117298282	-0.04341288711442112
3.4477742474916386	8.615384615384615	2.8277478458931595	0.00022104257481013145	2.8277478458931595	0.0002210425748101315	3.2527104820797543	0.023975264260344107	9.4354610024645	212.3725391418466	4.586739881148445	0.997410977099701	52.867164818016036	1979.8279021645528	-0.04341288711442112
3.4519891304347827	8.615384615384615	2.828773709151647	0.00021470462788418233	2.8287737091516467	0.00021470462788418277	3.2551987876917954	0.023664544683948994	9.434777391393654	212.8316416664517	4.589907813968313	0.9974355042395745	52.940764016746144	1982.6455856540244	-0.04341288711442112
3.4562040133779264	8.615384615384615	2.829790511305605	0.00020855384509358923	2.829790511305605	0.00020855384509358926	3.257668218595415	0.02335660353937072	9.43407931542353	213.2895499080665	4.593050963511634	0.9974597376486031	53.01417467209602	1985.442967749525	-0.04341288711442112
3.4604188963210705	8.615384615384615	2.8307982631412165	0.00020258461035157683	2.8307982631412165	0.00020258461035157677	3.2601186938856674	0.02305144559090378	9.433367305832624	213.74625533660836	4.596169267710069	0.9974836812952025	53.087395826467436	1988.219957784853	-0.04341288711442112
3.464633779264214	8.615384615384615	2.8317969760754376	0.0001967914756242531	2.8317969760754376	0.00019679147562425296	3.262550136643404	0.022749075017398344	9.432641889978767	214.20174974268124	4.599262668792947	0.9975073390933509	53.160426557412215	1990.9764689453918	-0.04341288711442112
3.4688486622073578	8.615384615384615	2.8327866621934215	0.00019116915601588563	2.8327866621934215	0.00019116915601588582	3.2649624739867185	0.02244949540795361	9.431903591044891	214.6560252408497	4.602331113344183	0.9975307149034379	53.233265978236716	1993.712418334328	-0.04341288711442112
3.4730635451505014	8.615384615384615	2.8337673342844596	0.00018571252499181804	2.8337673342844596	0.0001857125249918186	3.2673556371193273	0.022152709758164968	9.431152927790635	215.10907427268523	4.605374552356201	0.9975538125330948	53.30591323858228	1996.4277270361176	-0.04341288711442112
3.4772784280936455	8.615384615384615	2.8347390058762834	0.00018041660973555022	2.834739005876283	0.00018041660973555084	3.269729561375604	0.02185872046693943	9.430390414309793	215.56088960956333	4.608392941280389	0.9975766357380053	53.3783675249782	1999.122320176805	-0.04341288711442112
3.481493311036789	8.615384615384615	2.8357016912678086	0.0001752765866363937	2.8357016912678086	0.0001752765866363937	3.272084186262283	0.021567529333883596	9.429616559794184	216.0114643552171	4.61138624007422	0.9975991882226973	53.450628061367674	2001.7961269812506	-0.04341288711442112
3.4857081939799333	8.615384615384615	2.836655405560188	0.00017028777690436515	2.836655405560188	0.00017028777690436571	3.274419455496614	0.021279137557273557	9.428831868304012	216.4607919480302	4.614354413244656	0.9976214736413178	53.52269410960377	2004.4490808269463	-0.04341288711442112
3.489923076923077	8.615384615384615	2.8376001646862377	0.00016544564230887144	2.837600164686238	0.00016544564230887114	3.276735317041001	0.02099354573260991	9.42803683854523	216.90886616307375	4.617297429887953	0.9976434955983878	53.594564969916	2007.0811192944889	-0.04341288711442112
3.4941379598662206	8.615384615384615	2.838535985438069	0.0001607457810380634	2.8385359854380687	0.00016074578103806393	3.2790317231338064	0.020710753851766895	9.427231963653796	217.35568111386368	4.620215263725371	0.997665257649541	53.666239981343324	2009.6921842142553	-0.04341288711442112
3.4983528428093646	8.615384615384615	2.8394628854931008	0.00015618392367544945	2.8394628854931008	0.00015618392367544977	3.281308630316564	0.02043076130273002	9.426417730987614	217.8012312538614	4.6231078931351925	0.9976867633022438	53.737718522136774	2012.2822217096268	-0.04341288711442112
3.5025677257525083	8.615384615384615	2.840380883438211	0.00015175592929085756	2.8403808834382107	0.00015175592929085783	3.2835659994571773	0.020153566869933234	9.425594621925784	218.24551137768162	4.625975301180405	0.9977080160165007	53.80900001012608	2014.8511822361618	-0.04341288711442112
3.5067826086956524	8.615384615384615	2.8412899987922	0.0001474577816425049	2.8412899987922	0.00014745778164250477	3.2858037957693402	0.0198791687351866	9.42476311167591	218.68851662203224	4.628817475632392	0.9977290192055405	53.880083903053176	2017.3990206170192	-0.04341288711442112
3.510997491638796	8.615384615384615	2.842190252026414	0.00014328558548732165	2.8421902520264135	0.0001432855854873222	3.2880219888279134	0.019607564479199324	9.423923669089282	219.13024246636357	4.631634408990289	0.9977497762364888	53.950969698869244	2019.92569607429	-0.04341288711442112
3.5152123745819397	8.615384615384615	2.8430816645836168	0.00013923556299652581	2.8430816645836163	0.00013923556299652625	3.29022055258037	0.019338751083690695	9.423076756484383	219.57068473323756	4.6344260984960615	0.9977702904310226	54.02165693599607	2022.431172256289	-0.04341288711442112
3.5194272575250833	8.615384615384615	2.8439642588950305	0.00013530405027365939	2.8439642588950305	0.00013530405027365944	3.2923994653541615	0.01907272493408789	9.422222829478713	220.0098395884075	4.637192546145233	0.9977905650660125	54.092145193550444	2024.91541726073	-0.04341288711442112
3.5236421404682274	8.615384615384615	2.8448380583955974	0.00013148749397226742	2.844838058395598	0.00013148749397226672	3.294558709860073	0.018809481822801545	9.42136233682917	220.44770354061356	4.639933758693174	0.9978106033741468	54.162434091531026	2027.3784036536529	-0.04341288711442112
3.5278570234113715	8.615384615384615	2.845703087537413	0.000127782448010559	2.845703087537413	0.00012778244801055924	3.2966982731914714	0.01854901695307611	9.420495720281039	220.88427344108726	4.642649747656946	0.9978304085445436	54.23252329096734	2029.8201084841332	-0.04341288711442112
3.532071906354515	8.615384615384615	2.846559371801403	0.00012418557038034538	2.846559371801403	0.00012418557038034554	3.2988181468195674	0.018291324943401546	9.41962341442588	221.3195464827767	4.645340529312769	0.997849983723348	54.30241249403128	2032.2405132947783	-0.04341288711442112
3.536286789297659	8.615384615384615	2.847406937707165	0.0001206936200477368	2.8474069377071647	0.00012069362004773698	3.3009183265845476	0.018036399832480912	9.418745846568106	221.7535201992804	4.648006124688903	0.9978693320143158	54.372101444109326	2034.6396041278233	-0.04341288711442112
3.5405016722408025	8.615384615384615	2.8482458128210766	0.0001173034539430517	2.8482458128210766	0.0001173034539430519	3.30299881268274	0.01778423508474142	9.417863436600648	222.18619246350326	4.650646559554194	0.9978884564793843	54.441589925837214	2037.0173715270441	-0.04341288711442112
3.5447165551839466	8.615384615384615	2.8490760257626127	0.00011401202403750779	2.8490760257626127	0.00011401202403750778	3.3050596096497356	0.01753482359637615	9.416976596889516	222.61756148603027	4.653261864402078	0.9979073601392295	54.5108777650953	2039.3738105352747	-0.04341288711442112
3.54893143812709	8.615384615384615	2.8498976062089385	0.00011081637450429305	2.8498976062089385	0.00011081637450429305	3.3071007263395877	0.017288157701903985	9.416085732167438	223.04762581322603	4.655852074430235	0.9979260459738127	54.57996482896609	2041.7089206876954	-0.04341288711442112
3.5531463210702343	8.615384615384615	2.8507105848977727	0.00010771363896170695	2.8507105848977727	0.00010771363896170687	3.3091221759000597	0.017044229181234282	9.415191239436503	223.47638432505983	4.658417229515834	0.9979445169229136	54.64885102565326	2044.022706000828	-0.04341288711442112
3.557361204013378	8.615384615384615	2.851514993628564	0.00010470103779609697	2.851514993628564	0.00010470103779609713	3.3111239757440454	0.0168030292672197	9.414293507879863	223.90383623266402	4.6609573741864585	0.9979627758866524	54.71753630436249	2046.3151749572996	-0.04341288711442112
3.5615760869565216	8.615384615384615	2.852310865262013	0.00010177587556237983	2.852310865262013	0.00010177587556237996	3.3131061475172174	0.016564548653680494	9.413392918782492	224.32998107563324	4.6634725575868	0.9979808257260017	54.78602065514534	2048.5863404864476	-0.04341288711442112
3.5657909698996653	8.615384615384615	2.853098233717934	0.00009893553846002429	2.853098233717934	0.00009893553846002422	3.3150687170619095	0.01632877750388676	9.412489845460845	224.75481871906072	4.665962833441081	0.9979986692632863	54.85430410870495	2050.836219940717	-0.04341288711442112
3.5700058528428094	8.615384615384615	2.853877133971538	0.0000961774918823722	2.853877133971538	0.00009617749188237236	3.3170117143774016	0.016095705459476545	9.411584653201478	225.178349350328	4.668428260011409	0.9980163092826745	54.92238673616563	2053.064835068036	-0.04341288711442112
3.5742207357859535	8.615384615384615	2.854647602048153	0.00009349927803727386	2.854647602048153	0.00009349927803727396	3.3189351735766635	0.01586532164979304	9.410677699208522	225.60057347565106	4.670868900052096	0.9980337485306577	54.99026864880635	2055.272211980162	-0.04341288711442112
3.578435618729097	8.615384615384615	2.8554096750164155	0.00009089851363705678	2.855409675016416	0.00009089851363705636	3.320839132839635	0.015637614701622764	9.4097693325599	226.02149191638784	4.673284820760019	0.9980509897165224	55.057949997758485	2057.4583811170896	-0.04341288711442112
3.5826505016722408	8.615384615384615	2.8561633909799986	0.00008837288765588373	2.8561633909799986	0.00008837288765588387	3.3227236343631947	0.015412572749312115	9.408859894172203	226.44110580512006	4.675676093721193	0.9980680355128113	55.1254309736694	2059.623377207654	-0.04341288711442112
3.5868653846153844	8.615384615384615	2.8569087890678917	0.0000859201591526438	2.8569087890678917	0.00008592015915264404	3.3245887243078687	0.015190183445244648	9.407949716774084	226.85941658151168	4.678042794853614	0.9980848885557777	55.19271180633205	2061.767239226362	-0.04341288711442112
3.5910802675585285	8.615384615384615	2.857645909423288	0.00008353815515752183	2.857645909423288	0.00008353815515752185	3.3264344527414176	0.014970433970657096	9.407039124888003	227.27642598795384	4.680385004346445	0.9981015514458299	55.259792764281	2063.890010346542	-0.04341288711442112
3.595295150501672	8.615384615384615	2.8583747931911625	0.00008122476862047373	2.8583747931911625	0.00008122476862047367	3.3282608735794676	0.014753311046772338	9.40612843482028	227.69213606501054	4.682702806595856	0.9981180267479685	55.326674154357754	2065.9917378900523	-0.04341288711442112
3.5995100334448162	8.615384615384615	2.8590954825045154	0.00007897795641988569	2.8590954825045154	0.00007897795641988592	3.3300680445232076	0.014538800946228893	9.405217954659095	228.1065491466629	4.684996290137372	0.9981343169922159	55.39335632124368	2068.0724732734534	-0.04341288711442112
3.60372491638796	8.615384615384615	2.8598080204694463	0.00007679573742970125	2.8598080204694463	0.0000767957374297014	3.3318560269944477	0.01432688950478381	9.404307984280582	228.51966785537834	4.687265547575254	0.998150424674039	55.45983964696501	2070.1322719510654	-0.04341288711442112
3.6079397993311035	8.615384615384615	2.8605124511489657	0.00007467619064341761	2.8605124511489657	0.0000746761906434176	3.333624886067932	0.014117562133269571	9.40339881536233	228.93149509699006	4.689510675508518	0.9981663522547639	55.52612455036641	2072.171193354593	-0.04341288711442112
3.612154682274247	8.615384615384615	2.8612088195457424	0.0000726174533533121	2.8612088195457424	0.00007261745335331236	3.3353746904013035	0.013910803829779937	9.402490731404646	229.34203405542266	4.691731774454347	0.9981821021619849	55.592211486559705	2074.1893008299858	-0.04341288711442112
3.6163695652173913	8.615384615384615	2.8618971715837636	0.00007061771938335793	2.861897171583764	0.0000706177193833578	3.3371055121626934	0.013706599192063755	9.401584007758968	229.7512881872564	4.693928948768593	0.9981976767899672	55.65810094634474	2076.1866615712465	-0.04341288711442112
3.6205844481605354	8.615384615384615	2.8625775540889498	0.00006867523737434052	2.8625775540889498	0.00006867523737434047	3.3388174269560955	0.013504932430106833	9.40067891166334	230.15926121614328	4.696102306563694	0.9982130785000427	55.72379345560503	2078.1633465514933	-0.04341288711442112
3.624799331103679	8.615384615384615	2.8632500147688478	0.00006678830911966076	2.8632500147688478	0.00006678830911966073	3.3405105137447313	0.013305787378876548	9.399775702284744	230.5659571270899	4.698251959624187	0.9982283096210017	55.7892895746803	2080.119430451446	-0.04341288711442112
3.6290142140468227	8.615384615384615	2.8639146021914197	0.00006495528795041883	2.8639146021914197	0.000064955287950419	3.3421848547725355	0.01310914751120887	9.39887463076808	230.97138016061675	4.700378023319975	0.9982433724494769	55.85458989771627	2082.0549915854613	-0.04341288711442112
3.6332290969899663	8.615384615384615	2.86457136576295	0.00006317457716839271	2.86457136576295	0.00006317457716839287	3.3438405354838006	0.01291499595081823	9.397975940291328	231.3755348067929	4.702480616517368	0.9982582692503247	55.91969505199251	2083.970111825161	-0.04341288711442112
3.6374439799331104	8.615384615384615	2.8652203557052305	0.00006144462852552267	2.8652203557052305	0.00006144462852552257	3.3454776444413357	0.012723315485405083	9.397079866127044	231.77842579917683	4.704559861488322	0.9982730022569992	55.9846056972317	2085.864876521012	-0.04341288711442112
3.641658862876254	8.615384615384615	2.8658616230319587	0.00005976394074862075	2.8658616230319587	0.000059763940748620866	3.347096273243055	0.012534088579843363	9.39618663570947	232.18005810865188	4.706615883817755	0.9982875736719238	56.049322524888964	2087.739374421784	-0.04341288711442112
3.645873745819398	8.615384615384615	2.8664952195245235	0.000058131058107987344	2.8664952195245235	0.000058131058107987426	3.3486965164373554	0.012347297389425582	9.395296468707455	232.58043693718577	4.708648812309383	0.9983019856668559	56.1138462574255	2089.593697592258	-0.04341288711442112
3.650088628762542	8.615384615384615	2.867121197707124	0.000056544569028720735	2.8671211977071245	0.000056544569028720694	3.3502784714372047	0.012162923773147254	9.394409577102442	232.97956771150376	4.710658778889926	0.9983162403832498	56.178177647564745	2091.4279413290915	-0.04341288711442112
3.6543035117056855	8.615384615384615	2.867739610821389	0.000055003104743465666	2.867739610821389	0.00005500310474346574	3.351842238433337	0.011980949307007549	9.393526165271778	233.37745607670996	4.712645918512213	0.9983303399326137	56.242317477535764	2093.2422040752745	-0.04341288711442112
3.658518394648829	8.615384615384615	2.86835051280046	0.00005350533798545473	2.86835051280046	0.00005350533798545465	3.353387920306468	0.011801355297310988	9.392646430076624	233.77410788984253	4.714610369056995	0.9983442863968633	56.30626655830235	2095.03658733307	-0.04341288711442112
3.662733277591973	8.615384615384615	2.8689539582426518	0.000052049981720669875	2.8689539582426513	0.00005204998172067021	3.354915622538799	0.011624122793949108	9.391770560954448	234.1695292133881	4.716552271233861	0.9983580818286728	56.37002572878075	2096.811195575745	-0.04341288711442112
3.6669481605351173	8.615384615384615	2.8695500023847424	0.00005063578791800925	2.8695500023847424	0.00005063578791800928	3.356425453124972	0.011449232603643653	9.390898740015883	234.56372630876365	4.7184717684813995	0.9983717282518202	56.43359585504783	2098.566136158273	-0.04341288711442112
3.671163043478261	8.615384615384615	2.87013870107488	0.000049261546356385245	2.87013870107488	0.000049261546356385265	3.357917522482432	0.011276665303137132	9.390031142145318	234.95670562976107	4.720369006866525	0.9983852276615319	56.49697782953832	2100.301519226924	-0.04341288711442112
3.6753779264214046	8.615384615384615	2.8707201107452796	0.00004792608346766411	2.8707201107452796	0.00004792608346766409	3.359391943361599	0.01110640125230865	9.38916793510553	235.34847381598703	4.722244134983512	0.9983985820248218	56.56017257023639	2102.0174576282297	-0.04341288711442112
3.6795928093645482	8.615384615384615	2.8712942883846377	0.00004662826121445321	2.871294288384638	0.0000466282612144531	3.360848830755731	0.01093842060720374	9.388309279645505	235.73903768628506	4.724097303852521	0.9984117932808285	56.62318101985936	2103.714066817163	-0.04341288711442112
3.6838076923076923	8.615384615384615	2.8718612915103994	0.00004536697600170307	2.8718612915103994	0.00004536697600170319	3.362288301810753	0.010772703332960354	9.387455329611635	236.1284042321605	4.725928666817973	0.9984248633411494	56.686004145036634	2105.3914647648458	-0.04341288711442112
3.688022575250836	8.615384615384615	2.8724211781408973	0.000044141157621165946	2.8724211781408977	0.000044141157621165783	3.3637104757351386	0.010609229216615798	9.386606232061808	236.51658061121663	4.727738379446902	0.9984377940901722	56.74864293548509	2107.0497718659176	-0.04341288711442112
3.69223745819398	8.615384615384615	2.872974006767389	0.00004294976822775786	2.8729740067673886	0.00004294976822775789	3.3651154737099027	0.01044797787978241	9.385762127382106	236.90357414060057	4.729526599427272	0.9984505873854022	56.81109840318082	2108.6891108455598	-0.04341288711442112
3.6964523411371237	8.615384615384615	2.873519836326093	0.0000417918013468964	2.873519836326093	0.00004179180134689643	3.366503418798945	0.010288928791176264	9.384923149406085	237.28939229048083	4.731293486466607	0.9984632450577896	56.873371581530144	2110.3096066665003	-0.04341288711442112
3.7006672240802674	8.615384615384615	2.8740587261702086	0.000040666280911926465	2.8740587261702086	0.000040666280911926485	3.36787443585971	0.010132061278988868	9.38408942553612	237.67404267755109	4.733039202190893	0.9984757689120518	56.935463524539635	2111.911386435984	-0.04341288711442112
3.704882107023411	8.615384615384615	2.8745907360420144	0.00003957226033074357	2.8745907360420144	0.00003957226033074363	3.3692286514544123	0.00997735454308662	9.383261076866804	238.05753305857763	4.734763910043995	0.9984881607269944	56.99737530598736	2113.4945793129177	-0.04341288711442112
3.709096989966555	8.615384615384615	2.875115926045031	0.00003850882158078977	2.875115926045031	0.000038508821580789835	3.370566193761779	0.009824787667030934	9.382438218309966	238.4398713239872	4.736467775187576	0.99850042225583	57.059108018595026	2115.059316415202	-0.04341288711442112
3.713311872909699	8.615384615384615	2.8756343566163576	0.000037475074331566784	2.8756343566163576	0.00003747507433156667	3.3718871924895706	0.009674339629904402	9.381620958721285	238.8210654915139	4.738150964401816	0.9985125552264935	57.120662773203925	2116.6057307275396	-0.04341288711442112
3.717526755852843	8.615384615384615	2.8761460884991394	0.00003647015509388838	2.8761460884991394	0.000036470155093888424	3.3731917787878043	0.009525989317936781	9.38080940102804	239.2011236998979	4.739813645986831	0.998524561341957	57.182040697953624	2118.1339570096093	-0.04341288711442112
3.7217416387959865	8.615384615384615	2.8766511827152907	0.000035493226395067624	2.876651182715291	0.000035493226395067475	3.374480085162943	0.009379715535918832	9.38000364235809	239.58005420265704	4.741455989665131	0.9985364422805402	57.243242937466505	2119.644131704963	-0.04341288711442112
3.72595652173913	8.615384615384615	2.877149700538406	0.00003454347597930031	2.877149700538406	0.00003454347597930032	3.375752245392943	0.009235497018398537	9.379203774169481	239.9578653619196	4.74307816648493	0.9985481996962208	57.30427065203658	2121.1363928504547	-0.04341288711442112
3.7301714046822743	8.615384615384615	2.877641703467001	0.000033620116032482064	2.877641703467001	0.00003362011603248213	3.377008394443432	0.009093312440649665	9.37840988238089	240.33456564234186	4.744680348724722	0.9985598352189409	57.3651250168261	2122.6108799866042	-0.04341288711442112
3.734386287625418	8.615384615384615	2.878127253198022	0.000032722382430758566	2.878127253198022	0.00003272238243075858	3.378248668384936	0.008953140429407319	9.377622047502376	240.7101636050992	4.746262709798952	0.9985713504549129	57.42580722106872	2124.0677340687503	-0.04341288711442112
3.738601170568562	8.615384615384615	2.878606411600703	0.000031849534012096776	2.8786064116007033	0.00003184953401209674	3.3794732043113105	0.00881495957336393	9.376840344766462	241.08466790196726	4.747825424164997	0.9985827469869218	57.48631846728097	2125.5070973791935	-0.04341288711442112
3.7428160535117057	8.615384615384615	2.8790792406907992	0.000031000851870201395	2.8790792406907992	0.00003100085187020148	3.3806821402594402	0.008678748433419438	9.376064844259297	241.45808726949247	4.749368667231552	0.9985940263746267	57.546659970483	2126.9291134404243	-0.04341288711442112
3.7470309364548493	8.615384615384615	2.8795458026051635	0.000030175638670120535	2.8795458026051635	0.000030175638670120514	3.3818756151301703	0.008544485552682581	9.375295611051605	241.83043052324985	4.750892615268305	0.9986051901548589	57.6068329574276	2128.3339269293547	-0.04341288711442112
3.751245819397993	8.615384615384615	2.8800061595767943	0.000029373217984878962	2.8800061595767943	0.00002937321798487904	3.383053768610697	0.008412149466216507	9.374532705329568	242.20170655220974	4.752397445317312	0.9986162398419196	57.666838665841226	2129.72168359292	-0.04341288711442112
3.755460702341137	8.615384615384615	2.8804603739102714	0.00002859293365253612	2.880460373910271	0.000028592933652536204	3.3842167410983097	0.008281718710527257	9.37377618252513	242.57192431319626	4.753883335105788	0.9986271769278738	57.726678343674585	2131.0925301648117	-0.04341288711442112
3.759675585284281	8.615384615384615	2.880908507957656	0.000027834149153045073	2.880908507957656	0.000027834149153044992	3.385364673625599	0.008153171832791403	9.373026093445807	242.94109282545293	4.755350462960566	0.9986380028828437	57.78635324836486	2132.446614283589	-0.04341288711442112
3.763890468227425	8.615384615384615	2.881350624094861	0.000027096247004326517	2.881350624094861	0.00002709624700432649	3.3864977077871603	0.008026487399820164	9.372282484403716	243.3092211653132	4.756799007724204	0.998648719155298	57.84586464610985	2133.7840844121406	-0.04341288711442112
3.7681053511705684	8.615384615384615	2.8817867846985314	0.000026378628176978263	2.881786784698531	0.00002637862817697827	3.3876159856679045	0.007901644006757452	9.371545397343922	243.6763184609874	4.758229148672927	0.9986593271723421	57.905213811155335	2135.1050897586865	-0.04341288711442112
3.772320234113712	8.615384615384615	2.882217052123379	0.000025680711527073227	2.882217052123379	0.000025680711527073227	3.3887196497728223	0.007778620285513041	9.370814869971575	244.04239388744952	4.759641065436129	0.9986698283400032	57.96440202509359	2136.409780199095	-0.04341288711442112
3.776535117056856	8.615384615384615	2.882641488680083	0.000025001933246486363	2.8826414886800826	0.000025001933246486458	3.3898088429584585	0.00765739491292688	9.370090935878151	244.40745666144716	4.7610349379178745	0.998680224043515	58.02343057617688	2137.6983062008967	-0.04341288711442112
3.78075	8.615384615384615	2.883060156613697	0.00002434174633023408	2.883060156613697	0.000024341746330234013	3.3908837083659855	0.0075379466186656936	9.369373624666434	244.77151603662503	4.7624109462201405	0.9986905156476	58.08230075864368	2138.970818748782	-0.04341288711442112