2.5205	8.762541806020067	2.376729893132037	0.054875109442982635	2.376729893132037	0.05487510944298261	2.641345668410187	0.11945889196293734	8.920652775531684	116.11480090539067	3.705064112204481	0.9646109133372629	35.85024795742636	1261.1472083223466	-0.04341288711442112
2.524714882943144	8.762541806020067	2.37854164329857	0.05428179726758724	2.37854164329857	0.05428179726758726	2.642125188575648	0.11914177612849251	8.923019173059998	116.37252806591007	3.707821718363608	0.9651360786794357	35.91747063313241	1264.2260239957452	-0.04341288711442112
2.528929765886288	8.762541806020067	2.3803835062099648	0.05368671110708511	2.3803835062099648	0.053686711107085165	2.642936946765691	0.11882133789742988	8.925420019061171	116.6324408721991	3.710574879792184	0.9656500522900315	35.98455382441599	1267.2816479088413	-0.04341288711442112
2.5331446488294316	8.762541806020067	2.3822551913754055	0.053089984879730406	2.382255191375405	0.05308998487973046	2.6437808989750637	0.1184976157267841	8.92785522744062	116.89454632542318	3.713325236649461	0.9661532250405628	36.05151522269994	1270.3159339425545	-0.04341288711442112
2.5373595317725752	8.762541806020067	2.3841564054632127	0.05249175261861188	2.3841564054632127	0.05249175261861186	2.644657008900214	0.11817064640150335	8.930324713735626	117.15885188495747	3.716074365994921	0.9666459687317146	36.11837179537419	1273.3306644426202	-0.04341288711442112
2.5415744147157193	8.762541806020067	2.386086851487825	0.0518921485989656	2.3860868514878244	0.05189214859896558	2.6455652471777786	0.11784046516549512	8.932828394186423	117.42536542486427	3.7188237848585195	0.9671286372441588	36.185139825543146	1276.327553895406	-0.04341288711442112
2.545789297658863	8.762541806020067	2.388046228037231	0.051291307453065996	2.388046228037231	0.05129130745306603	2.6465055906579567	0.11750710584474539	8.935366184836347	117.69409519203934	3.721574953071911	0.9676015676051862	36.25183494866908	1279.3082523346993	-0.04341288711442112
2.550004180602007	8.762541806020067	2.3900342285390104	0.05068936427318398	2.3900342285390104	0.05068936427318398	2.647478021709485	0.11717060096316365	8.937938000658281	117.96504976584906	3.7243292758791453	0.968065080978347	36.31847218636527	1282.2743485001931	-0.04341288711442112
2.5542190635451507	8.762541806020067	2.3920505405632997	0.05008645470305299	2.3920505405632992	0.05008645470305305	2.6484825275531287	0.11683098185176437	8.94054375470471	118.23823801908729	3.7270881063434564	0.9685194835825791	36.38506597756625	1285.227372766339	-0.04341288711442112
2.5584339464882944	8.762541806020067	2.3940948451615127	0.04948271501819545	2.3940948451615123	0.04948271501819548	2.6495190996210924	0.11648827875171033	8.943183357279407	118.51366908011009	3.7298527475655225	0.9689650675467012	36.4516302072839	1288.1687998587831	-0.04341288711442112
2.5626488294314385	8.762541806020067	2.39616681623978	0.04887828219542668	2.3961668162397793	0.048878282195426746	2.650587732939899	0.11614252091170975	8.945856715128745	118.79135229601322	3.732624454727134	0.9694021117045812	36.518178233137945	1291.1000513739834	-0.04341288711442112
2.566863712374582	8.762541806020067	2.398266119966336	0.04827329397180374	2.3982661199663364	0.0482732939718037	2.651688425534557	0.11579373668020783	8.948563730650937	119.07129719673277	3.735404436973046	0.9698308823358114	36.58472290983247	1294.0224981163556	-0.04341288711442112
2.5710785953177258	8.762541806020067	2.400392414212449	0.04766788889322909	2.400392414212449	0.047667888893229114	2.652821177852184	0.11544195359276084	8.951304301122068	119.35351345996813	3.7381938591428794	0.970251633856266	36.651276611736314	1296.9374622661164	-0.04341288711442112
2.57529347826087	8.762541806020067	2.4025453480264995	0.047062206352905256	2.402545348026499	0.04706220635290527	2.653985992203319	0.1150871984549533	8.954078317937524	119.63801087683015	3.74099384336379	0.9706646094625264	36.71785125371024	1299.8462193898347	-0.04341288711442112
2.5795083612040135	8.762541806020067	2.4047245611411303	0.04645638661979339	2.4047245611411308	0.046456386619793386	2.6551828722193886	0.11472949742118398	8.956885665867983	119.92479931813052	3.7438054705138684	0.9710700417338006	36.78445831031175	1302.7500003047692	-0.04341288711442112
2.583723244147157	8.762541806020067	2.4069296835135816	0.04585057085719824	2.406929683513581	0.0458505708571983	2.6564118223251074	0.11436887606959817	8.959726222329303	120.2138887012459	3.746629781565584	0.9714681531946404	36.85110883349926	1305.649992807281	-0.04341288711442112
2.5879381270903012	8.762541806020067	2.409160334899358	0.045244901131598084	2.4091603348993584	0.04524490113159806	2.657672847224545	0.11400535947343832	8.962599856665687	120.50528895748815	3.749467778817702	0.9718591568414744	36.91781346894526	1308.5473432746824	-0.04341288711442112
2.592153010033445	8.762541806020067	2.4114161244596355	0.04463952041180435	2.411416124459636	0.0446395204118043	2.6589659513999275	0.11363897226903732	8.965506429445789	120.79900999993063	3.7523204270236565	0.972243256635709	36.98458247106118	1311.4431581492936	-0.04341288711442112
2.596367892976589	8.762541806020067	2.413696650402878	0.04403457255853316	2.413696650402878	0.04403457255853318	2.6602911386223203	0.11326973872066577	8.968445791771682	121.09506169164551	3.755188654423762	0.9726206479659164	37.05142571682792	1314.3385053127827	-0.04341288711442112
2.6005827759197326	8.762541806020067	2.4160014996611965	0.04343020230446569	2.4160014996611965	0.04343020230446567	2.6616484114733994	0.11289768278242346	8.97141778460046	121.39345381431065	3.7580733536880655	0.9729915180814172	37.11835271851876	1317.2344153582717	-0.04341288711442112
2.6047976588628763	8.762541806020067	2.418330247602179	0.04282655522485923	2.418330247602179	0.04282655522485923	2.663037770877815	0.11252282815733508	8.974422238078796	121.69419603716196	3.760975382776398	0.9733560464993662	37.18537263539619	1320.131882767252	-0.04341288711442112
2.6090125418060204	8.762541806020067	2.4206824577769006	0.04222377769878221	2.4206824577769	0.04222377769878229	2.6644592156456364	0.11214519835379898	8.977458970890707	121.99729788626648	3.7638955657216138	0.9737144053872837	37.25249428445716	1323.0318669978158	-0.04341288711442112
2.613227424749164	8.762541806020067	2.4230576817048903	0.04162201686104637	2.4230576817048903	0.04162201686104643	2.665912742024493	0.11176481673952343	8.980527789618831	122.30276871409917	3.7668346933417096	0.9740667599228056	37.31972615029686	1325.935293490285	-0.04341288711442112
2.6174423076923077	8.762541806020067	2.4254554586968955	0.0410214205449157	2.4254554586968955	0.041021420544915664	2.667398343261178	0.11138170659305935	8.983628488119841	122.61061766941572	3.7697935238861975	0.9744132686322914	37.38707639415621	1328.8430545959818	-0.04341288711442112
2.6216571906354518	8.762541806020067	2.427875315716333	0.04042213721568046	2.4278753157163337	0.040422137215680394	2.6689160091725994	0.11099589115303084	8.986760846914756	122.92085366742106	3.772772783621886	0.9747540837097908	37.454552862214605	1331.7560104345323	-0.04341288711442112
2.6258720735785954	8.762541806020067	2.4303167672801926	0.039824315895212174	2.4303167672801926	0.03982431589521217	2.670465725725903	0.11060739366515451	8.989924632594638	123.23348536022894	3.775773167362763	0.975089351317752	37.52216309318437	1334.6749896847027	-0.04341288711442112
2.6300869565217395	8.762541806020067	2.4327793154003685	0.03922810607760904	2.4327793154003685	0.03922810607760902	2.6720474746279455	0.11021623742711494	8.993119597243004	123.54852110763301	3.778795338948795	0.9754192118707494	37.589914325262534	1337.6007903136795	-0.04341288711442112
2.634301839464883	8.762541806020067	2.4352624495661344	0.03863365763608874	2.435262449566135	0.038633657636088746	2.6736612329240894	0.10982244583136533	8.996345477875508	123.86596894819297	3.7818399316778297	0.9757438003034026	37.657813502489255	1340.5341802491894	-0.04341288711442112
2.638516722408027	8.762541806020067	2.437765646768601	0.0380411207212895	2.4377656467686015	0.038041120721289456	2.6753069726065903	0.10942604240590442	8.9996019958983	124.18583657066188	3.784907548694947	0.9760632463235714	37.7258672805621	1343.4758979988555	-0.04341288711442112
2.642731605351171	8.762541806020067	2.440288371567838	0.03745064565117854	2.440288371567838	0.037450645651178546	2.6769846602327556	0.1090270508530775	9.002888856586006	124.50813128577416	3.78799876334322	0.9763776746518311	37.79408203215128	1346.4266532208346	-0.04341288711442112
2.6469464882943146	8.762541806020067	2.442830076203364	0.03686238279278521	2.442830076203364	0.0368623827927852	2.6786942565533085	0.10862549508642898	9.006205748580793	124.83285999843034	3.7911141194798588	0.976687205248148	37.86246385176005	1349.3871272496865	-0.04341288711442112
2.651161371237458	8.762541806020067	2.4453902007484873	0.03627648243602045	2.445390200748488	0.03627648243602043	2.6804357161512073	0.10822139926564657	9.009552343413612	125.16002918030344	3.7942541317613805	0.9769919535266144	37.931018560170706	1352.3579735811559	-0.04341288711442112
2.6553762541806023	8.762541806020067	2.447968173308977	0.035693094659866656	2.447968173308977	0.03569309465986669	2.6822089870914416	0.10781478782961029	9.0129282950491	125.48964484290948	3.7974192859014457	0.9772920305590294	37.99975170851587	1355.3398183194436	-0.04341288711442112
2.659591137123746	8.762541806020067	2.450563410266411	0.03511236919125915	2.4505634102664104	0.03511236919125918	2.6840140105823047	0.10740568552756448	9.016333239455648	125.82171251118504	3.800610038904946	0.9775875432680625	38.068668582013586	1358.333260590473	-0.04341288711442112
2.6638060200668896	8.762541806020067	2.4531753165663233	0.03453445525702331	2.453175316566323	0.03453445525702339	2.6858507206486015	0.10699411744842605	9.019766794201859	126.15623719761113	3.8038268192815634	0.9778785946106722	38.137774203400824	1361.3388729243227	-0.04341288711442112
2.6680209030100337	8.762541806020067	2.455803286051224	0.03395950142926141	2.455803286051224	0.03395950142926143	2.687719043817422	0.1065801090482337	9.02322855808108	126.49322337693468	3.8070700272421627	0.9781652837524086	38.207073336101026	1364.3572016100595	-0.04341288711442112
2.6722357859531773	8.762541806020067	2.4584467018383522	0.033387655464623654	2.458446701838352	0.03338765546462364	2.689618898817086	0.10616368617573932	9.026718110765438	126.8326749615398	3.8103400348811904	0.9784477062331836	38.27657048715861	1367.3887670260337	-0.04341288711442112
2.6764506688963214	8.762541806020067	2.461104936741824	0.0328190641379399	2.461104936741824	0.032819064137939856	2.691550196289854	0.10574487509614523	9.030235012490861	127.1745952775179	3.8136371863480947	0.978725954125042	38.34626990997204	1370.4340639485292	-0.04341288711442112
2.680665551839465	8.762541806020067	2.463777353738684	0.03225387307072352	2.4637773537386836	0.032253873070723554	2.6935128385190925	0.10532370251297987	9.033778803774577	127.51898704149514	3.81696179801071	0.9790001161824375	38.4161756068557	1373.493561841591	-0.04341288711442112
2.6848804347826087	8.762541806020067	2.4664633064781607	0.03169222655509836	2.4664633064781607	0.031692226555098325	2.6955067191715494	0.10490019558811298	9.037349005166663	127.86585233827336	3.8203141586135705	0.9792702779854721	38.48629133146086	1376.5677051308214	-0.04341288711442112
2.689095317725753	8.762541806020067	2.46916213983317	0.03113426737373874	2.46916213983317	0.031134267373738717	2.697531723055383	0.10447438195990154	9.040945117036857	128.21519259933945	3.823694529433721	0.9795365220765296	38.55662059108203	1379.6569134636466	-0.04341288711442112
2.6933102006688965	8.762541806020067	2.4718731904930076	0.030580136616443956	2.471873190493007	0.03058013661644397	2.69958772589471	0.10404628975946016	9.044566619398374	128.56700858230926	3.827103144436919	0.9797989280906994	38.62716664887768	1382.76158195872	-0.04341288711442112
2.69752508361204	8.762541806020067	2.4745957875957814	0.030029973494010806	2.4745957875957814	0.030029973494010827	2.7016745941212124	0.1036159476250549	9.048212971769656	128.92130035135546	3.8305402104365176	0.9800575728803594	38.69793252602896	1385.8820814467374	-0.04341288711442112
2.7017399665551842	8.762541806020067	2.4773292533990965	0.029483915150090575	2.4773292533990965	0.029483915150090603	2.7037921846835884	0.10318338471461215	9.051883613075704	129.27806725868734	3.8340059072576786	0.9803125306342586	38.768921003862445	1389.0187587051155	-0.04341288711442112
2.705954849498328	8.762541806020067	2.4800729039871405	0.028942096471752162	2.48007290398714	0.02894209647175219	2.7059403448754202	0.10274863071633829	9.055577961589899	129.6373079271362	3.8375003879091043	0.9805638729914143	38.84013462595932	1392.171936688652	-0.04341288711442112
2.7101697324414715	8.762541806020067	2.4828260500121466	0.028404649899499035	2.4828260500121466	0.028404649899499018	2.7081189121820732	0.10231171585745409	9.059295414917552	129.99902023390433	3.841023778764538	0.9808116691501196	38.91157570027347	1395.3419147583609	-0.04341288711442112
2.7143846153846156	8.762541806020067	2.485587997467997	0.027871705237507156	2.4855879974679973	0.027871705237507143	2.7103277141472146	0.10187267091104138	9.06303535002204	130.36320129553363	3.844576179756074	0.9810559859723269	38.983246301279166	1398.5289689104243	-0.04341288711442112
2.7185994983277593	8.762541806020067	2.488358048493498	0.02734338946487218	2.488358048493498	0.02734338946487217	2.7125665682595037	0.10143152720100619	9.066797123294503	130.72984745414743	3.848157664581238	0.9812968880836634	39.055148272167784	1401.733352007211	-0.04341288711442112
2.7228143812709034	8.762541806020067	2.4911355022027135	0.026819826548662867	2.491135502202713	0.026819826548662905	2.714835281859995	0.10098831660516358	9.07058007066783	131.09895426502177	3.8517682809257576	0.9815344379693077	39.12728322711345	1404.9552940122294	-0.04341288711442112
2.727029264214047	8.762541806020067	2.49391965553934	0.026301137259602453	2.49391965553934	0.02630113725960244	2.717133652070505	0.10054307155646688	9.074383507775202	131.47051648551903	3.855408050703333	0.9817686960659396	39.1996525536209	1408.1950022304304	-0.04341288711442112
2.7312441471571907	8.762541806020067	2.496709804152327	0.025787438991175242	2.4967098041523266	0.02578743899117527	2.7194614657436538	0.10009582504237732	9.078206730154232	131.84452806545252	3.859076970314459	0.9819997208499668	39.27225741497662	1411.45266155582	-0.04341288711442112
2.7354590301003348	8.762541806020067	2.4995052432892666	0.025278845582990674	2.499505243289266	0.025278845582990688	2.721818499434569	0.09964661060241309	9.082049013496295	132.22098213889936	3.862775010925156	0.9822275689222068	39.34509875281257	1414.728434727459	-0.04341288711442112
2.7396739130434784	8.762541806020067	2.502305268704382	0.024775467149198017	2.502305268704382	0.024775467149198024	2.7242045193947253	0.09919546232389272	9.085909613941595	132.59987101751213	3.86650211876711	0.9824522950891938	39.41817728979838	1418.0224625953724	-0.04341288711442112
2.743888795986622	8.762541806020067	2.5051091775775296	0.02427740991275289	2.5051091775775296	0.024277409912752936	2.7266192815880093	0.09874241483590361	9.08978776841972	132.9811861853573	3.8702582154601717	0.9826739524412688	39.49149353247276	1421.3348643975044	-0.04341288711442112
2.748103678929766	8.762541806020067	2.5079162694406527	0.023784776046309755	2.5079162694406523	0.02378477604630976	2.729062531729139	0.09828750330153312	9.093682695035437	133.3649182953062	3.874043198358104	0.9828925924275935	39.5650477742239	1424.6657380487788	-0.04341288711442112
2.75231856187291	8.762541806020067	2.5107258471079854	0.023297663520492975	2.5107258471079854	0.02329766352049301	2.731534005344453	0.09783076340840062	9.097593593499298	133.75105716700045	3.8778569409182766	0.9831082649282239	39.63884009842786	1428.015160443205	-0.04341288711442112
2.7565334448160534	8.762541806020067	2.513537217606246	0.02281616596027175	2.5135372176062454	0.022816165960271764	2.7340334278549676	0.09737223135754124	9.101519645602364	134.13959178640548	3.8816992930958145	0.9833210183233644	39.71287038175169	1431.383187769789	-0.04341288711442112
2.7607483277591975	8.762541806020067	2.5163496931010765	0.022340372510120887	2.516349693101076	0.0223403725101209	2.7365605146816336	0.09691194385068479	9.1054600157343	134.53051030696457	3.88557008176262	0.9835308995599152	39.78713829762724	1434.76985584297	-0.04341288711442112
2.764963210702341	8.762541806020067	2.5191625918159177	0.021870367708619328	2.519162591815918	0.021870367708619325	2.739114971372492	0.09644993807599413	9.109413851443808	134.92380005235538	3.889469111151421	0.9837379542154199	39.86164331989968	1438.175180448063	-0.04341288711442112
2.7691780936454853	8.762541806020067	2.521975238939518	0.0214062313730853	2.521975238939518	0.021406231373085303	2.741696493751387	0.095986251692323	9.113380284040074	135.31944752084195	3.893396163324817	0.983942226559507	39.936384726653195	1441.59915770209	-0.04341288711442112
2.773392976588629	8.762541806020067	2.5247869675184056	0.020948038494797275	2.5247869675184056	0.02094803849479727	2.7443047680878956	0.09552092281205994	9.117358429234047	135.71743839121922	3.897350998669245	0.9841437596129168	40.01136160421531	1445.0417644302888	-0.04341288711442112
2.7776078595317726	8.762541806020067	2.5275971193306215	0.020495859145297394	2.5275971193306215	0.020495859145297425	2.7469394712878765	0.09505398998263198	9.121347387817766	136.1177575303271	3.9013333564134203	0.9843425952041943	40.08657285133909	1448.5029585583352	-0.04341288711442112
2.7818227424749167	8.762541806020067	2.5304050457372	0.020049758394211872	2.5304050457372	0.020049758394211862	2.7496002711041294	0.09458549216674628	9.125346246380182	136.52038900211636	3.905342955170928	0.9845387740241301	40.16201718356267	1451.9826795204217	-0.04341288711442112
2.7860376254180603	8.762541806020067	2.5332101085079257	0.01960979623896334	2.533210108507926	0.01960979623896331	2.752286826366418	0.09411546872145023	9.129354078057442	136.92531607823318	3.9093794935060657	0.9847323356780127	40.23769313774107	1455.4808486828094	-0.04341288711442112
2.790252508361204	8.762541806020067	2.536011680618132	0.01917602754668152	2.536011680618132	0.019176027546681493	2.7549987872301376	0.0936439593760983	9.133369943315595	137.33252125008806	3.91344265052236	0.984923318735768	40.31359907674806	1458.9973697828168	-0.04341288711442112
2.794467391304348	8.762541806020067	2.538809147013422	0.01874850200855334	2.538809147013422	0.018748502008553325	2.7577357954427906	0.09317100420931229	9.137392890763616	137.7419862423688	3.9175320864726433	0.985111760780043	40.389733194340884	1462.5321293826912	-0.04341288711442112
2.7986822742474917	8.762541806020067	2.541601905339404	0.018327264106783644	2.5416019053394034	0.018327264106783668	2.760497484627319	0.09269664362503295	9.141421957994252	138.15369202794503	3.9216474433896202	0.9852976984522941	40.466093520181374	1466.0849973379004	-0.04341288711442112
2.8028971571906354	8.762541806020067	2.544389366633772	0.017912353094266073	2.5443893666337725	0.017912353094266066	2.7632834805813795	0.09222091832775318	9.145456172450428	138.56761884411657	3.925788345735768	0.9854811674969376	40.542677925006004	1469.6558272792845	-0.04341288711442112
2.8071120401337795	8.762541806020067	2.5471709559782525	0.017503802986995737	2.5471709559782525	0.017503802986995727	2.7660934015914136	0.09174386929703948	9.14949455231441	138.98374621013815	3.9299544010710443	0.9856622028036137	40.61948412593438	1473.2444571081871	-0.04341288711442112
2.811326923076923	8.762541806020067	2.549946113108259	0.01710164256918031	2.549946113108259	0.017101642569180304	2.7689268587605436	0.09126553776143129	9.153536107417384	139.40205294596603	3.934145200737152	0.9858408384476144	40.696509691907885	1476.850709503932	-0.04341288711442112
2.815541806020067	8.762541806020067	2.5527142929782842	0.016705895410941994	2.5527142929782847	0.016705895410941952	2.771783456349019	0.09078596517183099	9.15757984016648	139.82251719214887	3.9383603205566104	0.9860171077285261	40.77375204924596	1480.4743924425804	-0.04341288711442112
2.819756688963211	8.762541806020067	2.555474966281378	0.016316579898431362	2.5554749662813774	0.01631657989843139	2.7746627921260827	0.0903051931744782	9.161624746486572	140.2451164307938	3.9425993215450927	0.9861910432071322	40.8512084873091	1484.1152997260613	-0.04341288711442112
2.8239715719063545	8.762541806020067	2.558227619921346	0.015933709276109143	2.5582276199213463	0.01593370927610913	2.777564457732019	0.08982326358361613	9.165669816774104	140.669827507531	3.946861750635262	0.9863626767406222	40.928876164256074	1487.7732115205818	-0.04341288711442112
2.8281864548494986	8.762541806020067	2.5609717574365396	0.015557291700891096	2.5609717574365396	0.015557291700891089	2.7804880390490583	0.08934021835395181	9.169714036859892	141.09662665439078	3.95114714141026	0.9865320395161505	41.00675211288129	1491.4478949031386	-0.04341288711442112
2.8324013377926422	8.762541806020067	2.563706899374486	0.01518733030778798	2.5637068993744863	0.015187330307787966	2.7834331165799555	0.08885609955300888	9.173756388978372	141.5254895135185	3.955455014845165	0.9866991620827921	41.08483324652065	1495.1391044150919	-0.04341288711442112
2.836616220735786	8.762541806020067	2.566432583616801	0.014823823286620186	2.566432583616801	0.014823823286620214	2.7863992658328542	0.08837094933347486	9.177795852740195	141.95639116163454	3.959784880054374	0.9868640743819344	41.1631163650102	1498.8465826214028	-0.04341288711442112
2.84083110367893	8.762541806020067	2.569148365654168	0.014466763969334159	2.5691483656541676	0.014466763969334197	2.78938605771117	0.0878848099056408	9.181831406105502	142.3893061351556	3.964136235043114	0.9870268057761505	41.24159816068416	1502.5700606743958	-0.04341288711442112
2.8450459866220736	8.762541806020067	2.5718538188114324	0.014116140927399965	2.5718538188114324	0.014116140927399969	2.792393058907179	0.08739772351002856	9.18586202635509	142.8242084558863	3.968508567461129	0.9871873850765964	41.32027522439786	1506.309258880696	-0.04341288711442112
2.8492608695652173	8.762541806020067	2.5745485344231107	0.013771938078729236	2.5745485344231103	0.01377193807872927	2.795419832297989	0.08690973239030012	9.189886691056719	143.2610716571926	3.972901355356648	0.987345840568972	41.39914405156095	1510.0638872700642	-0.04341288711442112
2.8534757525083614	8.762541806020067	2.5772321219599377	0.013434134803512462	2.5772321219599377	0.013434134803512465	2.798465937342703	0.08642087876653104	9.19390437902408	143.69986881057187	3.9773140679287833	0.9875022000380931	41.47820104816678	1513.8336461648469	-0.04341288711442112
2.857690635451505	8.762541806020067	2.579904209107197	0.013102706068349476	2.5799042091071973	0.013102706068349467	2.8015309304793496	0.0859312048089468	9.197914071265618	144.1405725525192	3.981746166276364	0.9876564907911108	41.55744253680269	1517.6182267486251	-0.04341288711442112
2.861905518394649	8.762541806020067	2.582564441796015	0.01277762255801084	2.5825644417960145	0.012777622558010848	2.804614365520599	0.08544075261218403	9.20191475192119	144.5831551116196	3.9861971041416586	0.9878087396794276	41.63686476262928	1521.4173116330116	-0.04341288711442112
2.8661204013377928	8.762541806020067	2.585212484188724	0.012458850814161293	2.5852124841887236	0.012458850814161312	2.807715794046774	0.08494956417017503	9.205905409183663	145.02758833575766	3.9906663286467916	0.9879589731193457	41.71646389931142	1525.2305754209654	-0.04341288711442112
2.8703352842809364	8.762541806020067	2.58784801861992	0.012146353380346187	2.58784801861992	0.01214635338034619	2.810834765795265	0.08445768135170918	9.209885036203765	145.47384371937778	3.9951532810215316	0.9881072171114963	41.79623605489091	1529.057685265711	-0.04341288711442112
2.8745501672240805	8.762541806020067	2.590470745494791	0.011840088952543043	2.590470745494791	0.011840088952543057	2.813970829045101	0.08396514587674776	9.213852631975818	145.9218924307025	3.9996573973205773	0.9882534972590902	41.87617727758591	1532.8983014238686	-0.04341288711442112
2.878765050167224	8.762541806020067	2.5930803831465306	0.011540012534571657	2.59308038314653	0.01154001253457166	2.8171235309956644	0.08347199929355094	9.21780720220247	146.37170533883085	4.004178109128813	0.9883978387850326	41.95628356150503	1536.7520778016617	-0.04341288711442112
2.882979933110368	8.762541806020067	2.595676667654822	0.011246075597655699	2.595676667654822	0.011246075597655706	2.8202924181385685	0.08297828295667146	9.221747760136688	146.82325304064085	4.008714844253072	0.9885402665479468	42.03655085226477	1540.6186624931024	-0.04341288711442112
2.887194816053512	8.762541806020067	2.598259352627434	0.010958226243437475	2.598259352627434	0.010958226243437483	2.8234770366217052	0.08248403800587004	9.22567332739923	147.27650588741838	4.01326702739892	0.9886808050571476	42.1169750524979	1544.4976983090414	-0.04341288711442112
2.8914096989966556	8.762541806020067	2.600828208947149	0.01067640936975279	2.600828208947149	0.010676409369752789	2.826676932604678	0.08198930534598985	9.229582934770288	147.7314340111481	4.017834080831281	0.9888194784866111	42.19755202724394	1548.3888232961326	-0.04341288711442112
2.895624581939799	8.762541806020067	2.6033830244862375	0.0104005668384917	2.6033830244862375	0.0104005668384917	2.8298916526047133	0.08149412562783778	9.233475622953796	148.18800735039358	4.022415425017545	0.9889563106879811	42.27827760921011	1552.2916712447034	-0.04341288711442112
2.8998394648829433	8.762541806020067	2.6059236037908233	0.010130637644885093	2.6059236037908238	0.010130637644885093	2.8331207438323647	0.0809985392300992	9.237350443313249	148.64619567570685	4.027010479252099	0.9890913252026555	42.359147603894726	1556.2058721846365	-0.04341288711442112
2.904054347826087	8.762541806020067	2.608449767737534	0.00986655808757918	2.608449767737534	0.00986655808757918	2.836363754516348	0.08050258624231602	9.241206458578148	149.10596861451276	4.031618662261379	0.9892245452729973	42.440157794564904	1560.1310528685597	-0.04341288711442112
2.908269230769231	8.762541806020067	2.610961353164749	0.009608261938887181	2.610961353164749	0.00960826193888718	2.839620234216838	0.08000630644895322	9.245042743519981	149.5672956754063	4.036239392788327	0.9893559938527098	42.52130394708013	1564.0668372414193	-0.04341288711442112
2.9124841137123747	8.762541806020067	2.6134582124809116	0.009355680614630959	2.613458212480911	0.009355680614630985	2.8428897341267256	0.07950973931456802	9.248858385597158	150.03014627181952	4.040872090155638	0.989485693616421	42.60258181455572	1568.012846895906	-0.04341288711442112
2.9166989966555183	8.762541806020067	2.6159402132522938	0.009108743343015757	2.615940213252294	0.009108743343015755	2.846171807360433	0.07901292397009073	9.252652485568396	150.4944897450148	4.045516174807072	0.989613666968515	42.68398714186072	1571.9687015130967	-0.04341288711442112
2.9209138795986624	8.762541806020067	2.6184072377724967	0.008867377332016995	2.6184072377724967	0.008867377332016972	2.8494660092297215	0.0785158992002324	9.256424158073896	150.9602953863548	4.050171068826134	0.989739936051255	42.765515669943454	1575.9340192877003	-0.04341288711442112
2.925128762541806	8.762541806020067	2.620859182616122	0.008631507934783766	2.6208591826161216	0.008631507934783764	2.852771897506351	0.07801870343201128	9.26017253218434	151.42753245882523	4.054836196431822	0.9898645227522349	42.84716313998276	1579.9084173375952	-0.04341288711442112
2.9293436454849497	8.762541806020067	2.623295958178806	0.00840105881260493	2.6232959581788053	0.008401058812604946	2.856089032671183	0.07752137472440189	9.263896751917315	151.89617021777062	4.059510984450904	0.9899874487112015	42.92892529735947	1583.8915120971328	-0.04341288711442112
2.933558528428094	8.762541806020067	2.6257174882058703	0.008175952095014804	2.6257174882058703	0.00817595209501479	2.859416978149593	0.0770239507590967	9.267595976721305	152.36617793081962	4.064194862766564	0.9901087353262827	43.01079789544668	1587.8829196939937	-0.04341288711442112
2.9377734113712375	8.762541806020067	2.6281237093117102	0.007956108536652682	2.62812370931171	0.007956108536652686	2.862755300533011	0.07652646883237017	9.271269381927263	152.8375248969758	4.068887264743115	0.9902284037596627	43.0927766992159	1591.8822563092633	-0.04341288711442112
2.941988294314381	8.762541806020067	2.6305145704920077	0.007741447670525303	2.6305145704920077	0.0077414476705253	2.866103569786586	0.07602896584802642	9.274916159168159	153.31018046486128	4.073587627626875	0.9903464749427384	43.17485748865918	1595.8891385206916	-0.04341288711442112
2.9462031772575252	8.762541806020067	2.632890032630695	0.007531887957359163	2.632890032630695	0.007531887957359162	2.869461359442819	0.0755314783114187	9.278535516766603	153.78411405008882	4.078295392922971	0.9904629695807932	43.25703606202496	1599.9031836288227	-0.04341288711442112
2.950418060200669	8.762541806020067	2.635250068003583	0.0073273469307623944	2.635250068003583	0.007327346930762398	2.87282824678131	0.07503404232451052	9.282126680091194	154.25929515176216	4.083010006748325	0.9905779081572225	43.339308238869016	1603.9240099661201	-0.04341288711442112
2.954632943143813	8.762541806020067	2.6375946597804187	0.007127741337952085	2.637594659780419	0.0071277413379520664	2.876203812994651	0.07453669358195723	9.285688891882023	154.7356933680939	4.087730920160936	0.9906913109373453	43.42166986292105	1607.9512371890105	-0.04341288711442112
2.9588478260869566	8.762541806020067	2.6399238015270288	0.006932987275837443	2.6399238015270297	0.006932987275837424	2.8795876433405545	0.0740394673681825	9.28922141254597	155.21327841113597	4.092457589465636	0.9908031979718315	43.504116804767506	1611.9844865529112	-0.04341288711442112
2.9630627090301003	8.762541806020067	2.642237496709148	0.006743000322279822	2.642237496709148	0.006743000322279822	2.882979327280474	0.07354239855541123	9.292723520422529	155.69202012063013	4.097189476496722	0.990913589099778	43.58664496435366	1616.023381170404	-0.04341288711442112
2.9672775919732444	8.762541806020067	2.644535758199359	0.00655769566238484	2.6445357581993596	0.006557695662384835	2.8863784586048493	0.07304552160263444	9.296194512020884	156.17188847697585	4.101926048877755	0.9910225039514625	43.66925027330651	1620.0675462526806	-0.04341288711442112
2.971492474916388	8.762541806020067	2.6468186077884925	0.006376988209711	2.646818607788492	0.006376988209711008	2.889784635545221	0.07254887055546952	9.299633702229029	156.6528536133235	4.106666780258931	0.9911299619508019	43.7519286970811	1624.1166093344534	-0.04341288711442112
2.975707357859532	8.762541806020067	2.6490860757027614	0.00620079272230653	2.6490860757027614	0.006200792722306532	2.893197460873578	0.07205247904687408	9.303040424495935	157.13488582680742	4.111411150532612	0.991235982317545	43.83467623693495	1628.1702004826789	-0.04341288711442112
2.9799222408026758	8.762541806020067	2.6513382001277264	0.006029023913516681	2.651338200127726	0.006029023913516692	2.896616541989151	0.07155638029868402	9.306414030987556	157.61795558892524	4.1161586460274	0.9913405840692211	43.91748893173249	1632.2279524892583	-0.04341288711442112
2.9841371237458194	8.762541806020067	2.6535750267401452	0.005861596557525762	2.6535750267401452	0.00586159655752576	2.9000414909930643	0.07106060712393007	9.30975389271775	158.10203355508213	4.12090875968147	0.9914437860228744	44.000362859585174	1636.2895010481986	-0.04341288711442112
2.988352006688963	8.762541806020067	2.655796608248596	0.005698425589625494	2.6557966082485964	0.005698425589625471	2.9034719247511416	0.07056519192989939	9.31305939965498	158.5870905733127	4.125660991195572	0.9915456067966006	44.083294139329965	1640.354484917396	-0.04341288711442112
2.992566889632107	8.762541806020067	2.65800300394373	0.005539426201220271	2.6580030039437297	0.00553942620122028	2.9069074649453004	0.0700701667218963	9.316329960805918	159.07309769220274	4.130414847166523	0.9916460648109134	44.16627893185221	1644.4225460656248	-0.04341288711442112
2.996781772575251	8.762541806020067	2.6601942792589064	0.00538451392960193	2.6601942792589064	0.005384513929601921	2.9103477381139924	0.06957556310766098	9.3195650042771	159.5600261680361	4.135169841201869	0.9917451782899577	44.24931344125795	1648.4933298051187	-0.04341288711442112
3.000996655518395	8.762541806020067	2.662370505341703	0.005233604742547581	2.662370505341703	0.005233604742547582	2.9137923756818602	0.0690814123024168	9.322763977315216	160.04784747116872	4.139925494016036	0.9918429652625886	44.33239391589779	1652.5664849099185	-0.04341288711442112
3.0052115384615385	8.762541806020067	2.6645317586370743	0.005086615117804444	2.6645317586370747	0.0050866151178044295	2.917241013979435	0.06858774513448361	9.325926346327803	160.53653329168446	4.144681333509303	0.9919394435633383	44.41551664925262	1656.641663720923	-0.04341288711442112
3.009426421404682	8.762541806020067	2.6666781204823766	0.004943462117550051	2.6666781204823766	0.004943462117550052	2.9206932942529154	0.0680945920514385	9.329051596884701	161.0260555443266	4.149436894829691	0.9920346308332809	44.49867798068149	1660.7185222376263	-0.04341288711442112
3.0136413043478263	8.762541806020067	2.668809676714807	0.004804063457921478	2.6688096767148064	0.004804063457921475	2.9241488626647487	0.06760198312676662	9.332139233701788	161.51638637275076	4.154191720418907	0.992128544520817	44.58187429604009	1664.796720197337	-0.04341288711442112
3.01785618729097	8.762541806020067	2.6709265172914836	0.004668337573724952	2.670926517291484	0.0046683375737249545	2.9276073702853536	0.06710994806696982	9.33518878060786	162.00749815311798	4.158945360042939	0.9922212018823887	44.66510202817506	1668.8759211422805	-0.04341288711442112
3.022071070234114	8.762541806020067	2.673028735922394	0.0045362036784455575	2.6730287359223937	0.004536203678445584	2.931068473076417	0.06661851621909154	9.338199780495614	162.49936349705263	4.1636973708079985	0.9923126199831394	44.74835765729833	1672.955792475025	-0.04341288711442112
3.0262859531772577	8.762541806020067	2.675116429716421	0.0044075818196853385	2.675116429716421	0.004407581819685343	2.934531831866324	0.06612771657861478	9.341171795257956	162.9919552540002	4.168447317162663	0.9924028156975304	44.83163771124882	1677.0360055028457	-0.04341288711442112
3.0305008361204013	8.762541806020067	2.6771896988405115	0.004282392930167983	2.6771896988405115	0.0042823929301679855	2.937997112318071	0.06563757779770023	9.344104405710457	163.4852465130065	4.173194770886904	0.9924918057099276	44.914938765646276	1681.116235471483	-0.04341288711442112
3.034715719063545	8.762541806020067	2.6792486461920166	0.004160558874453085	2.679248646192016	0.00416055887445309	2.941463984890131	0.06514812819372391	9.346997211500883	163.97921060394506	4.177939311068644	0.9925796065151636	44.998257443942116	1685.196161588735	-0.04341288711442112
3.038930602006689	8.762541806020067	2.681293377084273	0.0040420024915079	2.681293377084273	0.004042002491507901	2.944932124790812	0.06465939575807371	9.34984983100698	164.47382109823027	4.182680524068797	0.9926662344190906	45.08159041737492	1689.2754670385727	-0.04341288711442112
3.0431454849498327	8.762541806020067	2.683323998945277	0.0039266476332906145	2.683323998945277	0.003926647633290623	2.9484012119264085	0.0641714081651764	9.352661901223163	164.9690518090324	4.187418003475234	0.9927517055391275	45.164934404833595	1693.3538389860728	-0.04341288711442112
3.047360367892977	8.762541806020067	2.685340621029449	0.003814419199499372	2.685340621029449	0.0038144191994993696	2.9518709308437256	0.06368419278171021	9.355433077637153	165.46487679103384	4.192151350046649	0.9928360358048117	45.24828617263602	1697.4309685738613	-0.04341288711442112
3.0515752508361205	8.762541806020067	2.6873433541422598	0.0037052431686465537	2.68734335414226	0.003705243168646548	2.9553409706672715	0.0631977766759808	9.358163034097359	165.9612703397442	4.196880171646776	0.9929192409583615	45.331642534226305	1701.506550910406	-0.04341288711442112
3.055790133779264	8.762541806020067	2.6893323103776385	0.0035990466256155735	2.6893323103776385	0.003599046625615593	2.9588110250316566	0.06271218662741392	9.36085146267182	166.45820699041113	4.201604083169827	0.9930013365552545	45.41500034979786	1705.5802850507725	-0.04341288711442112
3.060005016722408	8.762541806020067	2.691307602867891	0.003495757785860553	2.691307602867891	0.0034957577858605636	2.962280792009527	0.06222744913614387	9.363498073499489	166.9556615165477	4.206322706457697	0.9930823379648284	45.49835652584602	1709.6518739702378	-0.04341288711442112
3.064219899665552	8.762541806020067	2.693269345545948	0.0033953060164071186	2.693269345545948	0.0033953060164071134	2.965749974035473	0.061743590432663184	9.366102594634665	167.4536089281061	4.211035670209646	0.9931622603709083	45.58170801465615	1713.7210245312945	-0.04341288711442112
3.068434782608696	8.762541806020067	2.69521765291967	0.003297621853811901	2.69521765291967	0.003297621853811907	2.969218277826295	0.0612606364874994	9.368664771885133	167.95202446932367	4.21574260988502	0.9932411187724631	45.66505181373138	1717.7874474444432	-0.04341288711442112
3.0726496655518396	8.762541806020067	2.6971526398579453	0.0032026370192370685	2.697152639857945	0.003202637019237075	2.972685414298005	0.060778613020898944	9.37118436864489	168.45088361626745	4.220443167599735	0.9933189279842988	45.74838496516575	1721.8508572233368	-0.04341288711442112
3.0768645484949833	8.762541806020067	2.6990744213883064	0.0031102844307927487	2.6990744213883064	0.003110284430792741	2.9761510984799595	0.06029754551248067	9.373661165721957	168.95016207410364	4.225136992016992	0.9933957026377848	45.83170455496637	1725.9109721345862	-0.04341288711442112
3.081079431438127	8.762541806020067	2.700983112505719	0.0030204982132993837	2.700983112505719	0.003020498213299382	2.979615049426386	0.05981745921084464	9.376094961161842	169.44983577411082	4.229823738232823	0.9934714571816221	45.91500771232944	1729.9675141427217	-0.04341288711442112
3.085294314381271	8.762541806020067	2.7028788279923015	0.0029332137056162313	2.7028788279923015	0.002933213705616237	2.9830769901258103	0.05933837914309579	9.378485570067369	169.94988087047247	4.234503067657129	0.9935462058826517	45.99829160887514	1734.0202088507876	-0.04341288711442112
3.0895091973244146	8.762541806020067	2.7047616822475966	0.0028483674656816192	2.7047616822475966	0.0028483674656816197	2.986536647408561	0.05886033012427386	9.380832824415306	170.45027373686088	4.239174647890593	0.9936199628267052	46.081553457844734	1738.068785436856	-0.04341288711442112
3.0937240802675587	8.762541806020067	2.7066317891290548	0.0027658972734046945	2.7066317891290543	0.0027658972734046984	2.989993751852714	0.058383336766657204	9.383136572870164	170.95099096283863	4.243838152597995	0.9936927419194989	46.164790513263604	1742.112976586897	-0.04341288711442112
3.0979389632107024	8.762541806020067	2.708489261802497	0.002685742131544536	2.708489261802497	0.002685742131544543	2.9934480376889137	0.05790742348891657	9.385396680595976	171.45200935010908	4.248493261378625	0.993764556887573	46.24800006907642	1746.1525184245106	-0.04341288711442112
3.102153846153846	8.762541806020067	2.7103342126020764	0.002607842264709869	2.7103342126020764	0.0026078422647098677	2.9968992427041283	0.05743261452510825	9.38761302906598	171.95330590861877	4.2531396596339075	0.9938354212792745	46.33117945825465	1750.1871504376195	-0.04341288711442112
3.10636872909699	8.762541806020067	2.7121667528995284	0.0025321391166056475	2.712166752899529	0.0025321391166056462	3.000347108144858	0.056958933933475266	9.389785515871072	172.45485785255218	4.257777038433066	0.9939053484657855	46.414326051883656	1754.2166154028046	-0.04341288711442112
3.110583612040134	8.762541806020067	2.71398699298229	0.0024585753456507825	2.713986992982291	0.0024585753456507773	3.003791378619907	0.056486405605045475	9.39191405452701	172.95664259622322	4.262405094376951	0.9939743516421955	46.49743725822979	1758.2406593073244	-0.04341288711442112
3.114798494983278	8.762541806020067	2.715795041940206	0.002387094819084356	2.715795041940206	0.0023870948190843535	3.007231802003072	0.056015053272003325	9.3939985742809	173.45863774989317	4.267023529460634	0.9940424438286187	46.58051052179304	1762.2590312693517	-0.04341288711442112
3.1190133779264215	8.762541806020067	2.7175910075604595	0.00231764260567481	2.7175910075604595	0.002317642605674811	3.0106681293359454	0.05554490051582396	9.396039019917206	173.9608211155277	4.2716320509351045	0.9941096378713538	46.66354332234728	1766.2714834566837	-0.04341288711442112
3.123228260869565	8.762541806020067	2.7193749962304308	0.002250164967140352	2.7193749962304308	0.0022501649671403607	3.014100114731133	0.05507597077514445	9.398035351563475	174.4631706825158	4.2762303711684435	0.994175946444087	46.746533173971656	1770.2777710042117	-0.04341288711442112
3.127443143812709	8.762541806020067	2.7211471128481333	0.0021846093483855705	2.7211471128481337	0.0021846093483855688	3.0175275152760235	0.054608287353368194	9.399987544496081	174.965664623361	4.2808182075068055	0.9942413820491373	46.8294776240756	1774.2776519304546	-0.04341288711442112
3.131658026755853	8.762541806020067	2.7229074607399144	0.0021209243666531884	2.722907460739915	0.002120924366653184	3.020950090937393	0.05414187342597964	9.40189558894609	175.46828128936681	4.285395282135553	0.99430595701874	46.912374252420165	1778.2708870534204	-0.04341288711442112
3.1358729096989966	8.762541806020067	2.724656141585152	0.0020590597996859162	2.724656141585152	0.0020590597996859128	3.0243676044670518	0.05367675204755808	9.403759489905532	175.97099920633184	4.289961321940953	0.9943696835163728	46.995220670139595	1782.2572399061416	-0.04341288711442112
3.1400877926421407	8.762541806020067	2.72639325534762	0.0019989665729884974	2.7263932553476202	0.001998966572988499	3.027779821308735	0.05321294615847649	9.40557926693421	176.47379707026994	4.294516058372659	0.9944325735381165	47.078014518764164	1786.236476652085	-0.04341288711442112
3.1443026755852843	8.762541806020067	2.728118900213197	0.0019405967462762406	2.7281189002131976	0.001940596746276238	3.03118650950633	0.052750478591278786	9.407354953966955	176.97665374316273	4.299059227307212	0.9944946389140542	47.16075346924704	1790.2083660006194	-0.04341288711442112
3.148517558528428	8.762541806020067	2.7298331725337106	0.0018839034991903478	2.72983317253371	0.0018839034991903487	3.034587439613769	0.052289372076716384	9.409086599121771	177.47954824877098	4.303590568912997	0.9945558913097041	47.2434352209983	1794.1726791229376	-0.04341288711442112
3.152732441471572	8.762541806020067	2.731536166776575	0.0018288411163576426	2.731536166776575	0.0018288411163576426	3.0379823846066425	0.05182964924943799	9.410774264508612	177.98245976850697	4.30810982751678	0.9946163422274859	47.326057500927256	1798.1291895685229	-0.04341288711442112
3.1569473244147157	8.762541806020067	2.733227975479996	0.0017753649718671297	2.7332279754799957	0.001775364971867133	3.041371119795726	0.051371332653323325	9.412418026039049	178.48536763738574	4.312616751472123	0.9946760030082182	47.40861806249579	1802.077673182443	-0.04341288711442112
3.16116220735786	8.762541806020067	2.73490868921347	0.0017234315132317493	2.73490868921347	0.00172343151323175	3.0447534227426027	0.05091444474644701	9.414017973236756	178.98825134006776	4.317111093029906	0.9947348848326464	47.49111468478448	1806.0179080236555	-0.04341288711442112
3.1653770903010034	8.762541806020067	2.7365783965433477	0.001672998244900159	2.736578396543348	0.0016729982449001585	3.048129073177482	0.05045900790566998	9.41557420904889	179.4910905070014	4.3215926082112	0.9947929987229975	47.57354517157355	1809.9496742845627	-0.04341288711442112
3.169591973244147	8.762541806020067	2.7382371840031725	0.001624023711379344	2.738237184003173	0.0016240237113793372	3.0514978529193297	0.05000504443084704	9.41708684965821	179.99386491067563	4.32606105668258	0.9948503555445618	47.6559073504397	1813.8727542119013	-0.04341288711442112
3.1738068561872907	8.762541806020067	2.7398851360686653	0.0015764674800243942	2.739885136068666	0.0015764674800243968	3.054859545798551	0.04955257654864144	9.418556024296148	180.49655446200074	4.330516201634275	0.9949069660072987	47.73819907187188	1817.7869320293103	-0.04341288711442112
3.178021739130435	8.762541806020067	2.741522335137031	0.0015302901235496645	2.741522335137031	0.0015302901235496645	3.0582139375822006	0.04910162641594443	9.419981875056562	180.99913920681627	4.334957809661159	0.9949628406674651	47.820418208406366	1821.6919938616145	-0.04341288711442112
3.1822366220735785	8.762541806020067	2.743148861510439	0.0014854532023108196	2.7431488615104387	0.0014854532023108205	3.0615608159019314	0.04865221612289059	9.421364556710218	181.5015993225422	4.339385650646807	0.9950179899292649	47.902562653782894	1825.5877276610177	-0.04341288711442112
3.1864515050167226	8.762541806020067	2.7447647933834545	0.0014419192464044613	2.7447647933834545	0.0014419192464044633	3.0648999701847175	0.0482043676954651	9.42270423651988	182.0039151149788	4.343799497650784	0.9950724240465169	47.98463032212369	1829.473923135383	-0.04341288711442112
3.1906663879598662	8.762541806020067	2.7463702068342557	0.0013996517376288625	2.7463702068342557	0.0013996517376288636	3.06823119158655	0.04775810309769552	9.424001094056024	182.50606701526743	4.348199126799381	0.9951261531243406	48.066619147136635	1833.350371678787	-0.04341288711442112
3.19488127090301	8.762541806020067	2.747965175819414	0.0013586150913463026	2.7479651758194135	0.0013586150913463063	3.0715542729290863	0.047313444233426066	9.425255321012944	183.00803557701522	4.35258431717979	0.9951791871208576	48.14852708134338	1837.2168663043808	-0.04341288711442112
3.199096153846154	8.762541806020067	2.7495497721720934	0.0013187746382845487	2.749549772172093	0.0013187746382845515	3.074869008639404	0.046870412947670824	9.426467121025215	183.5098014735932	4.356954850737975	0.9952315358489066	48.23035209533415	1841.07320157979	-0.04341288711442112
3.2033110367892976	8.762541806020067	2.7511240656034923	0.001280096606312367	2.7511240656034923	0.0012800966063123696	3.0781751946929217	0.04642903102754059	9.427636709484366	184.011345495614	4.361310512180291	0.9952832089777699	48.31209217704983	1844.919173565115	-0.04341288711442112
3.2075259197324417	8.762541806020067	2.752688123707377	0.0012425481022210793	2.7526881237073773	0.0012425481022210764	3.081472628559571	0.045989320202743364	9.428764313355712	184.51264854859645	4.365651088879018	0.9953342160349128	48.39374533109315	1848.7545797537252	-0.04341288711442112
3.2117408026755854	8.762541806020067	2.754242011967549	0.0012060970935421278	2.754242011967549	0.0012060970935421278	3.0847611091532667	0.04555130214565366	9.429850170995072	185.0136916508216	4.369976370781847	0.9953845664077292	48.47530957806901	1852.5792190158627	-0.04341288711442112
3.215955685618729	8.762541806020067	2.7557857937680916	0.0011707123904279493	2.7557857937680916	0.0011707123904279501	3.0880404367847394	0.04511499847095277	9.430894531965338	185.51445593138405	4.374286150325427	0.9954342693452966	48.556782953955334	1856.39289154522	-0.04341288711442112
3.220170568561873	8.762541806020067	2.7573195304063116	0.0011363636276210045	2.7573195304063116	0.0011363636276210047	3.0913104131178346	0.04468043073483422	9.431897656852756	186.01492262844914	4.378580222353145	0.995483333960136	48.63816350950574	1860.1953988086245	-0.04341288711442112
3.2243854515050168	8.762541806020067	2.7588432811081676	0.0011030212465344804	2.7588432811081676	0.0011030212465344832	3.094570841129231	0.04424762043378046	9.432859817082676	186.515073087712	4.382858384037053	0.995531769229977	48.71944930968375	1863.9865434988146	-0.04341288711442112
3.2286003344481604	8.762541806020067	2.760357103046143	0.0010706564774651355	2.7603571030461427	0.0010706564774651372	3.0978215250717276	0.04381658900290448	9.433781294734693	187.01488876106987	4.387120434804185	0.9955795839995253	48.80063843313033	1867.7661294905251	-0.04341288711442112
3.2328152173913045	8.762541806020067	2.761861051359393	0.0010392413219577868	2.761861051359393	0.0010392413219577842	3.1010622704410746	0.043387357813862416	9.434662382357022	187.5143512055077	4.391366176267185	0.9956267869822326	48.88172897166464	1871.5339617998297	-0.04341288711442112
3.237030100334448	8.762541806020067	2.7633551791760715	0.001008748535338683	2.763355179176071	0.0010087485353386834	3.104292883946374	0.04295994817233742	9.435503382779865	188.01344208219845	4.395595412159377	0.9956733867620661	48.96271902981897	1875.2898465469245	-0.04341288711442112
3.241244983277592	8.762541806020067	2.764839537637763	0.000979151609433194	2.764839537637763	0.000979151609433193	3.1075131734841617	0.04253438131509248	9.436304608927767	188.51214315582774	4.399807948274356	0.9957193917952775	49.0436067244088	1879.0335909223948	-0.04341288711442112
3.245459866220736	8.762541806020067	2.7663141759258525	0.0009504247554824404	2.7663141759258525	0.0009504247554824384	3.1107229481160448	0.042110678406605095	9.43706638363056	189.01043629413266	4.404003592409971	0.9957648104121702	49.124390184137056	1882.7650031569128	-0.04341288711442112
3.2496747491638796	8.762541806020067	2.7677791412898336	0.0009225428872707937	2.7677791412898336	0.0009225428872707941	3.113922018050103	0.04168886053527404	9.437789039433072	189.50830346767387	4.40818215431702	0.9958096508188624	49.205067549235196	1886.4838924946612	-0.04341288711442112
3.2538896321070236	8.762541806020067	2.7692344790773507	0.000895481604476228	2.7692344790773507	0.0008954816044762286	3.1171101946258424	0.041268948709215526	9.438472918403015	190.0057267498211	4.412343445652301	0.9958539210990461	49.28563697113882	1890.1900691702065	-0.04341288711442112
3.2581045150501673	8.762541806020067	2.770680232766023	0.0008692171762527041	2.770680232766023	0.0008692171762527052	3.120287290302945	0.04085096385164251	9.439118371937386	190.50268831697576	4.416487279936483	0.9958976292157407	49.366096612201105	1893.8833443892431	-0.04341288711442112
3.262319397993311	8.762541806020067	2.772116443996838	0.0008437265250539947	2.7721164439968375	0.0008437265250539971	3.123453118653601	0.04043492679583969	9.439725760566764	190.99917044901082	4.420613472516374	0.9959407830130398	49.446444645441396	1897.5635303128684	-0.04341288711442112
3.266534280936455	8.762541806020067	2.7735431526091285	0.0008189872107061219	2.773543152609129	0.0008189872107061215	3.1266074943585496	0.04002085827973792	9.44029545375768	191.49515552994083	4.424721840531894	0.9959833902178504	49.52667925433127	1901.2304400456976	-0.04341288711442112
3.2707491638795987	8.762541806020067	2.774960396677033	0.0007949774147350295	2.7749603966770326	0.0007949774147350311	3.1297502332067806	0.039608778940094035	9.4408278297128	191.9906260488179	4.428812202887635	0.9960254584416237	49.60679863261737	1904.883887627715	-0.04341288711442112
3.274964046822743	8.762541806020067	2.7763682125473435	0.0007716759249551469	2.776368212547343	0.0007716759249551507	3.1328811520988764	0.03919870930628339	9.441323275168772	192.48556460085138	4.4328843802289875	0.9960669951820759	49.686800984181	1908.5236880299026	-0.04341288711442112
3.2791789297658864	8.762541806020067	2.777766634878709	0.000749062120323439	2.7777666348787093	0.0007490621203234369	3.136000069053946	0.03879066979371719	9.441782185191625	192.979953888751	4.436938194922843	0.9961080078248996	49.766684522934796	1912.1496571536486	-0.04341288711442112
3.28339381270903	8.762541806020067	2.7791556966821043	0.0007271159560626928	2.7791556966821043	0.000727115956062695	3.1391068032201717	0.038384680696888246	9.442204962969623	193.47377672429224	4.440973471042835	0.9961485036454629	49.846447472756175	1915.7616118339463	-0.04341288711442112
3.2876086956521737	8.762541806020067	2.7805354293625224	0.0007058179490570447	2.780535429362523	0.0007058179490570421	3.1422011748889225	0.03798076218205652	9.442592019603454	193.96701603010257	4.444990034359136	0.9961884898104979	49.926088067458075	1919.3593698464217	-0.04341288711442112
3.291823578595318	8.762541806020067	2.781905862761782	0.0006851491635222294	2.781905862761782	0.0006851491635222319	3.145283005512311	0.03757893427958927	9.442943773893553	194.45965484166015	4.448987712332624	0.9962279733797744	50.00560455079529	1922.9427499180435	-0.04341288711442112
3.2960384615384615	8.762541806020067	2.7832670252024836	0.0006650911969517409	2.783267025202484	0.0006650911969517408	3.148352117724329	0.037179216875957315	9.443260652124714	194.95167630951426	4.452966334113654	0.9962669613077633	50.08499517650896	1926.511571741754	-0.04341288711442112
3.3002533444816056	8.762541806020067	2.7846189435329305	0.0006456261663403834	2.78461894353293	0.0006456261663403841	3.1514083353652715	0.03678162970541106	9.44354308784756	195.4430637017068	4.456925730545009	0.996305460445282	50.16425820840538	1930.0656559946563	-0.04341288711442112
3.304468227424749	8.762541806020067	2.7859616431730756	0.000626736694685226	2.7859616431730756	0.0006267366946852268	3.1544514835096167	0.03638619234133746	9.443791521657124	195.93380040640832	4.46086573416933	0.9963434775411294	50.24339192047214	1933.6048243600662	-0.04341288711442112
3.308683110367893	8.762541806020067	2.7872951481613457	0.0006084058977641474	2.7872951481613457	0.0006084058977641469	3.1574813884971076	0.035992924187321036	9.44400640096822	196.42386993474906	4.4647861792406625	0.9963810192437015	50.322394597028506	1937.1288995531065	-0.04341288711442112
3.312897993311037	8.762541806020067	2.7886194812023617	0.0005906173711911284	2.7886194812023617	0.0005906173711911289	3.1604978779671185	0.0356018444679151	9.44418817978778	196.9132559238521	4.468686901740289	0.9964180921025939	50.40126453291168	1940.6377053500278	-0.04341288711442112
3.3171128762541806	8.762541806020067	2.7899346637154587	0.0005733551777474096	2.7899346637154587	0.0005733551777474112	3.163500780896137	0.035212972219141894	9.444337318483944	197.40194214005714	4.472567739396616	0.9964547025701871	50.480000033697266	1944.1310666210688	-0.04341288711442112
3.3213277591973247	8.762541806020067	2.7912407158839323	0.0005566038349871463	2.7912407158839327	0.0005566038349871433	3.1664899276382656	0.03482632627873911	9.444454283551952	197.88991248232654	4.476428531708992	0.9964908570032142	50.558599415952834	1947.6088093667643	-0.04341288711442112
3.3255426421404684	8.762541806020067	2.7925376567050213	0.0005403483031155479	2.7925376567050213	0.0005403483031155479	3.169465149968726	0.034441925276163396	9.44453954737681	198.37715098583442	4.480269119975535	0.996526561664312	50.63706100752563	1951.0707607577983	-0.04341288711442112
3.329757525083612	8.762541806020067	2.7938255040405275	0.0005245739731375291	2.793825504040528	0.0005245739731375276	3.1724262811302437	0.034059787622371086	9.444593587992827	198.86364182572999	4.484089347324731	0.9965618227235542	50.7153831478625	1954.5167491781822	-0.04341288711442112
3.3339724080267557	8.762541806020067	2.79510427466801	0.0005092666552744346	2.7951042746680095	0.0005092666552744352	3.175373155882135	0.03367993149939508	9.444616888839803	199.3493693210612	4.487889058750668	0.9965966462599664	50.79356418836078	1957.9466042716954	-0.04341288711442112
3.3381872909698997	8.762541806020067	2.7963739843325564	0.0004944125676460321	2.7963739843325564	0.0004944125676460309	3.1783056105521514	0.03330237484973082	9.44460993851627	199.83431793886547	4.49166810115197	0.9966310382630217	50.871602492751464	1961.3601569916123	-0.04341288711442112
3.3424021739130434	8.762541806020067	2.7976346477989815	0.0004799983252150508	2.797634647798982	0.0004799983252150501	3.1812234830907298	0.032927135365558635	9.444573230529342	200.3184722983986	4.495426323373982	0.9966650046341184	50.94949643751016	1964.7572396533849	-0.04341288711442112
3.3466170568561875	8.762541806020067	2.7988862789045306	0.0004660109289907435	2.79888627890453	0.0004660109289907445	3.1841266131278196	0.03255423047781059	9.444507263041798	200.80181717552017	4.499163576254506	0.9966985511880385	51.027244412299325	1968.1376859905106	-0.04341288711442112
3.350831939799331	8.762541806020067	2.8001288906118904	0.00045243775548855207	2.8001288906118904	0.0004524377554885529	3.187014842031884	0.03218367734511346	9.44441253861598	201.28433750720023	4.502879712672519	0.9967316836543849	51.104844820436526	1971.5013312131302	-0.04341288711442112
3.355046822742475	8.762541806020067	2.801362495062567	0.0004392665464419861	2.801362495062567	0.0004392665464419856	3.1898880129711302	0.03181549284261914	9.444289563954886	201.7660183961573	4.506574587600024	0.9967644076790014	51.18229607939041	1974.8480120694726	-0.04341288711442112
3.359261705685619	8.762541806020067	2.8025871036305015	0.00042648539876328644	2.8025871036305015	0.00042648539876328747	3.1927459709767443	0.03144969355075016	9.444138849640478	202.24684511560784	4.510248058156753	0.9967967288253701	51.25959662130206	1978.1775669099347	-0.04341288711442112
3.3634765886287625	8.762541806020067	2.8038027269759245	0.0004140827547489087	2.803802726975925	0.0004140827547489087	3.195588563008047	0.03108629574387595	9.44396090986937	202.7268031141245	4.5138999836676135	0.9968286525759901	51.33674489353103	1981.4898357536863	-0.04341288711442112
3.3676914715719066	8.762541806020067	2.805009375099313	0.00040204739252608303	2.8050093750993126	0.00040204739252608444	3.1984156380193136	0.030725315378947814	9.443756262185847	203.20587802058245	4.517530225722591	0.9968601843337352	51.41373935922349	1984.7846603575545	-0.04341288711442112
3.3719063545150503	8.762541806020067	2.806207057395512	0.0003903684167362273	2.806207057395512	0.00039036841673622765	3.2012270470283037	0.030366768084109045	9.443525427212785	203.68405564920045	4.521138648239257	0.996891329423191	51.49057849790416	1988.0618842873457	-0.04341288711442112
3.376121237458194	8.762541806020067	2.8073957827078164	0.0003790352494513704	2.8073957827078164	0.0003790352494513709	3.2040226431860845	0.03001066914730897	9.443268928380075	204.16132200464403	4.524725117527197	0.9969220930919707	51.56726080608613	1991.321352990977	-0.04341288711442112
3.3803361204013376	8.762541806020067	2.808575559382095	0.0003680376213192118	2.808575559382095	0.00036803762131921075	3.2068022818482445	0.029657033504936935	9.44298729165124	204.63766328720146	4.528289502354724	0.9969524805120106	51.643784797901965	1994.562913873759	-0.04341288711442112
3.3845510033444817	8.762541806020067	2.809746395320772	0.00035736556293281186	2.809746395320772	0.0003573655629328119	3.2095658206471147	0.029305875730507146	9.442681045248083	205.11306589800196	4.531831674017222	0.9969824967808438	51.72014900575029	1997.7864163752488	-0.04341288711442112
3.3887658862876253	8.762541806020067	2.8109082980367264	0.00034700939642047263	2.8109082980367264	0.00034700939642047247	3.2123131195650254	0.028957210023410253	9.442350719373875	205.58751644428295	4.5353515064073315	0.997012146922854	51.79635198096001	2000.991712047856	-0.04341288711442112
3.3929807692307694	8.762541806020067	2.8120612747069456	0.00033695972725171285	2.812061274706945	0.0003369597272517138	3.215044041008257	0.028611050197760668	9.441996845934998	206.0610017446788	4.538848876086452	0.9970414358905063	51.87239229446795	2004.1786546367439	-0.04341288711442112
3.397195652173913	8.762541806020067	2.8132053322259187	0.00032720743625497056	2.813205332225919	0.00032720743625497094	3.2177584498816025	0.028267409671361442	9.441619958261487	206.53350883452663	4.542323662357512	0.9970703685655583	51.94826853750894	2007.347100160976	-0.04341288711442112
3.4014105351170567	8.762541806020067	2.8143404772587384	0.00031774367184268527	2.8143404772587384	0.0003177436718426853	3.2204562136633847	0.027926301454808705	9.44122059082673	207.00502497118123	4.545775747338896	0.9970989497602487	52.023979322318226	2010.4969069958	-0.04341288711442112
3.405625418060201	8.762541806020067	2.815466716293767	0.00030855984243960335	2.8154667162937668	0.0003085598424396044	3.223137202480654	0.027587738140762104	9.440799278966386	207.47553763931558	4.549205016039078	0.9971271842184657	52.09952328284185	2013.6279359556847	-0.04341288711442112
3.4098403010033445	8.762541806020067	2.816584055694879	0.00029964760910988975	2.8165840556948796	0.0002996476091098892	3.225801289184464	0.027251731893402888	9.440356558596973	207.94503455620338	4.552611356431942	0.9971550766168928	52.1748990754553	2016.740050378054	-0.04341288711442112
3.4140551839464885	8.762541806020067	2.8176925017532124	0.0002909988783787931	2.8176925017532124	0.0002909988783787929	3.228448349425074	0.026918294438101797	9.439892965934437	208.41350367697436	4.55599465953262	0.9971826315661351	52.250105379688634	2019.8331162076006	-0.04341288711442112
3.418270066889632	8.762541806020067	2.8187920607382964	0.00028260579524473276	2.8187920607382964	0.00028260579524473357	3.231078261726744	0.026587437051324582	9.439409037212751	208.8809331998152	4.559354819473372	0.9972098536118217	52.32514089895457	2022.9070020807228	-0.04341288711442112
3.422484949832776	8.762541806020067	2.8198827389486025	0.0002744607363773737	2.8198827389486025	0.0002744607363773737	3.23369090756216	0.02625917055078908	9.438905308403125	209.3473115711235	4.562691733579632	0.9972367472356906	52.400004361280025	2025.9615794101771	-0.04341288711442112
3.4266998327759195	8.762541806020067	2.8209645427613452	0.0002665563034977408	2.8209645427613457	0.00026655630349774076	3.2362861714260642	0.025933505285907998	9.438382314933882	209.81262749058345	4.566005302445712	0.9972633168566485	52.47469452003731	2028.996722469525	-0.04341288711442112
3.4309147157190636	8.762541806020067	2.822037478681571	0.0002588853169360175	2.8220374786815707	0.00025888531693601745	3.238863940908139	0.02561045112852748	9.437840591411556	210.27686991616687	4.569295430010166	0.9972895668318132	52.549210154674746	2032.012308477316	-0.04341288711442112
3.4351295986622072	8.762541806020067	2.8231015533904094	0.0002514408093630364	2.82310155339041	0.00025144080936303527	3.2414241067648084	0.02529001746398989	9.437280671343322	210.74002806903894	4.572562023630486	0.9973155014575328	52.623550071444	2035.0082176807405	-0.04341288711442112
3.4393444816053513	8.762541806020067	2.8241567737924376	0.000244216019691398	2.8241567737924376	0.0002442160196913983	3.2439665629898036	0.02497221318254173	9.436703086861138	211.20209143835433	4.575804994156913	0.9973411249703849	52.6977131041222	2037.9843334385234	-0.04341288711442112
3.443559364548495	8.762541806020067	2.825203147062136	0.00023720438714214424	2.8252031470621355	0.0002372043871421448	3.246491206883398	0.024657046671100816	9.43610836844802	211.66304978594323	4.579024256005248	0.9973664415481553	52.77169811472785	2040.9405423029561	-0.04341288711442112
3.4477742474916386	8.762541806020067	2.8262406806893408	0.00023039954547307174	2.8262406806893408	0.0002303995454730716	3.248997939120054	0.024344525805409436	9.435497044666668	212.1228931508648	4.582219727228372	0.9973914553107973	52.84550399422831	2043.8767341007851	-0.04341288711442112
3.4519891304347827	8.762541806020067	2.827269382523629	0.00022379531736482116	2.827269382523629	0.0002237953173648207	3.2514866638143003	0.024034657942587766	9.434869641890756	212.58161185381908	4.585391329586247	0.9974161703213684	52.91912966323627	2046.792802012736	-0.04341288711442112
3.4562040133779264	8.762541806020067	2.828289260817626	0.0002173857089608175	2.8282892608176264	0.00021738570896081706	3.2539572885847687	0.023727449914105848	9.434226684039327	213.03919650141165	4.588538988614298	0.9974405905869491	52.99257407269503	2049.688642651579	-0.04341288711442112
3.4604188963210705	8.762541806020067	2.8293003242691523	0.00021116490455732836	2.829300324269153	0.00021116490455732847	3.2564097246161507	0.02342290801919095	9.433568692314548	213.495637990257	4.5916626336899515	0.9974647200595415	53.06583620455002	2052.5641561385087	-0.04341288711442112
3.464633779264214	8.762541806020067	2.8303025820621444	0.0002051272614399457	2.8303025820621444	0.00020512726143994556	3.2588438867189042	0.023121038018689474	9.432896184943136	213.95092751090615	4.594762198097007	0.9974885626369474	53.138915072404224	2055.419246177536	-0.04341288711442112
3.4688486622073578	8.762541806020067	2.8312960439063395	0.00019926730486275932	2.8312960439063395	0.00019926730486275948	3.2612596933866347	0.022821845129391657	9.432209676921813	214.4050565515975	4.597837619087879	0.9975121221636285	53.211809722157334	2058.253820127902	-0.04341288711442112
3.4730635451505014	8.762541806020067	2.8322807200756333	0.0001935797231667287	2.8322807200756333	0.00019357972316672852	3.2636570668509144	0.022525334018840507	9.431509679767082	214.85801690181228	4.60088883794332	0.9975354024315463	53.28451923262561	2061.067789074162	-0.04341288711442112
3.4772784280936455	8.762541806020067	2.833256621445103	0.00018805936303363288	2.833256621445103	0.00018805936303363212	3.2660359331334714	0.02223150880063198	9.430796701269664	215.30980065563267	4.6039158000295854	0.9975584071809835	53.35704271614175	2063.8610678938676	-0.04341288711442112
3.481493311036789	8.762541806020067	2.8342237595266297	0.000182701224872216	2.8342237595266297	0.00018270122487221575	3.2683962220955762	0.021940373030221796	9.430071245253927	215.76040021489035	4.606918454852829	0.9975811401013481	53.42937931913304	2066.6335753226444	-0.04341288711442112
3.4857081939799333	8.762541806020067	2.835182146503084	0.00017750045833309148	2.835182146503084	0.00017750045833309178	3.2707378674845033	0.021651929701245944	9.429333811342474	216.2098082920981	4.609896756110553	0.9976036048319574	53.50152822267617	2069.3852340165136	-0.04341288711442112
3.489923076923077	8.762541806020067	2.8361317952610516	0.00017245235794910134	2.8361317952610516	0.00017245235794910124	3.273060806976981	0.021366181242367447	9.428584894726434	216.65801791315928	4.612850661740019	0.9976258049628054	53.573488643027716	2072.115970611298	-0.04341288711442112
3.4941379598662206	8.762541806020067	2.8370727194220153	0.0001675523588978947	2.837072719422015	0.0001675523588978954	3.2753649822194153	0.02108312951465677	9.427824985941365	217.10502241983883	4.615780133963318	0.9976477440353119	53.6452598321277	2074.825715778886	-0.04341288711442112
3.4983528428093646	8.762541806020067	2.838004933372051	0.00016279603288347602	2.838004933372052	0.00016279603288347523	3.2776503388649667	0.020802775809508685	9.427054570649497	217.5508154720079	4.618685139329278	0.9976694255430554	53.71684107807765	2077.5144042804586	-0.04341288711442112
3.5025677257525083	8.762541806020067	2.838928452289882	0.00015817908413371558	2.838928452289882	0.00015817908413371575	3.279916826607139	0.020525120847109477	9.426274129428084	217.99539104963054	4.621565648751626	0.9976908529324876	53.78823170558788	2080.1819750161267	-0.04341288711442112
3.5067826086956524	8.762541806020067	2.8398432921734322	0.00015369734551060572	2.8398432921734322	0.0001536973455106054	3.282164399210111	0.020250164775446767	9.425484137564672	218.43874345451943	4.624421637543896	0.9977120296036327	53.85943107639836	2082.8283710714427	-0.04341288711442112
3.510997491638796	8.762541806020067	2.8407494698646434	0.00014934677473049234	2.8407494698646434	0.00014934677473049242	3.284393014535329	0.019977907169878708	9.424685064858839	218.88086731181687	4.627253085450213	0.9977329589107694	53.93043858966531	2085.453539759945	-0.04341288711442112
3.5152123745819397	8.762541806020067	2.841647003072763	0.00014512345069115135	2.8416470030727625	0.00014512345069115176	3.286602634564722	0.0197083470332513	9.423877375431363	219.321757571238	4.630059976672678	0.9977536441630979	54.00125368231983	2088.0574326623882	-0.04341288711442112
3.5194272575250833	8.762541806020067	2.8425359103958967	0.0001410235699030261	2.8425359103958967	0.00014102356990302597	3.288793225420125	0.01944148279657328	9.423061527540392	219.76140950803932	4.632842299894578	0.9977740886253909	54.071875829391495	2090.6400056619364	-0.04341288711442112
3.5236421404682274	8.762541806020067	2.8434162113409127	0.00013704344302176258	2.8434162113409127	0.0001370434430217625	3.290964757379047	0.019177312320243417	9.422237973405164	220.19981872372696	4.635600048299725	0.9977942955186293	54.142304544299876	2093.201218975592	-0.04341288711442112
3.5278570234113715	8.762541806020067	2.8442879263417007	0.0001331794914793059	2.844287926341701	0.00013317949147930545	3.2931172048867663	0.018915832895826757	9.421407159037493	220.6369811465058	4.638333219587882	0.9978142680206245	54.21253937911272	2095.741037181759	-0.04341288711442112
3.532071906354515	8.762541806020067	2.8451510767756885	0.0001294282442109869	2.845151076775689	0.00012942824421098675	3.295250546564542	0.0186570412483809	9.420569524080818	221.07289303145	4.641041815985911	0.9978340092666236	54.28257992476837	2098.259429243672	-0.04341288711442112
3.536286789297659	8.762541806020067	2.8460056849786883	0.00012578633447594156	2.8460056849786883	0.00012578633447594132	3.2973647652140943	0.01840093353932354	9.419725501657373	221.50755096041217	4.643725844254893	0.9978535223499044	54.35242581126373	2100.756368528809	-0.04341288711442112
3.5405016722408025	8.762541806020067	2.846851774258084	0.00012225049676832877	2.846851774258084	0.00012225049676832856	3.299459847818308	0.018147505369834848	9.418875518223397	221.9409518416656	4.646385315693176	0.9978728103223531	54.42207670780757	2103.231832824306	-0.04341288711442112
3.5447165551839466	8.762541806020067	2.8476893689042715	0.00011881756381695566	2.8476893689042715	0.00011881756381695569	3.301535785538038	0.017896751784791897	9.41801999343244	222.37309290927112	4.649020246135056	0.9978918761950315	54.49153232293653	2105.6858043480547	-0.04341288711442112
3.54893143812709	8.762541806020067	2.8485184942004707	0.00011548446367081932	2.8485184942004707	0.00011548446367081936	3.3035925737051963	0.01764866727722103	9.41715934000705	222.8039717221849	4.651630655945446	0.99791072293873	54.56079240459646	2108.118269755805	-0.04341288711442112
3.5531463210702343	8.762541806020067	2.8493391764308402	0.00011224821686827347	2.84933917643084	0.00011224821686827415	3.3056302118120007	0.017403245793262793	9.416293963618738	223.2335861630963	4.6542165700102816	0.9979293534845085	54.629856740187066	2110.5292201440116	-0.04341288711442112
3.557361204013378	8.762541806020067	2.850151442886936	0.00010910593368752528	2.8501514428869363	0.00010910593368752539	3.30764870349647	0.017160480737637106	9.41542426277638	223.66193443700396	4.656778017722742	0.9979477707242258	54.6987251565701	2112.9186510485097	-0.04341288711442112
3.5615760869565216	8.762541806020067	2.8509553218725396	0.00010605481147621887	2.8509553218725396	0.00010605481147621889	3.3096480565241855	0.016920364979596605	9.414550628723024	224.08901506953234	4.6593150329653445	0.9979659775110568	54.76739752004176	2115.286562439045	-0.04341288711442112
3.5657909698996653	8.762541806020067	2.8517508427068536	0.0001030921320579567	2.8517508427068536	0.00010309213205795642	3.3116282827663643	0.016682890859356703	9.413673445341216	224.51482690499088	4.6618276540879116	0.997983976659998	54.8358737362689	2117.6329587096384	-0.04341288711442112
3.5700058528428094	8.762541806020067	2.8525380357261114	0.00010021525921361744	2.8525380357261114	0.0001002152592136175	3.313589398174292	0.016448050194987726	9.412793089066763	224.9393691041815	4.664315923881477	0.9980017709483642	54.90415375018936	2119.9578486648616	-0.04341288711442112
3.5742207357859535	8.762541806020067	2.8533169322835956	0.00009742163623544503	2.8533169322835956	0.00009742163623544484	3.3155314227501504	0.016215834289755055	9.411909928810937	225.36264114195617	4.6667798895481	0.9980193631162718	54.972237545876425	2122.2612455019516	-0.04341288711442112
3.578435618729097	8.762541806020067	2.8540875647481334	0.00009470878355185657	2.8540875647481334	0.00009470878355185621	3.3174543805143637	0.015986233939891913	9.411024325891164	225.78464280453414	4.669219602666806	0.9980367558671147	55.04012514636875	2124.543166788982	-0.04341288711442112
3.5826505016722408	8.762541806020067	2.854849966501066	0.00009207429642105391	2.854849966501066	0.00009207429642105418	3.3193582994694744	0.015759239442788505	9.410136633970064	226.20537418658043	4.671635119155574	0.9980539518680288	55.10781661346506	2126.8036344390016	-0.04341288711442112
3.5868653846153844	8.762541806020067	2.8556041719317347	0.0000895158426915155	2.8556041719317347	0.00008951584269151553	3.321243211560646	0.01553484060558076	9.40924719900277	226.62483568805138	4.674026499229479	0.9980709537503476	55.17531204748445	2129.0426746802186	-0.04341288711442112
3.5910802675585285	8.762541806020067	2.856350216431527	0.00008703116062751442	2.856350216431527	0.00008703116062751471	3.323109152632901	0.01531302675412213	9.408356359192554	227.043028010817	4.67639380735517	0.9980877641100496	55.242611586993455	2131.260318022418	-0.04341288711442112
3.595295150501672	8.762541806020067	2.8570881363865324	0.00008461805679785667	2.8570881363865324	0.00008461805679785648	3.324956162385191	0.015093786742317842	9.407464444954593	227.45995215506588	4.678737112201681	0.9981043855081957	55.30971540850022	2133.456599219561	-0.04341288711442112
3.5995100334448162	8.762541806020067	2.8578179691688055	0.00008227440402609381	2.8578179691688055	0.00008227440402609381	3.3267842843213353	0.014877108961806688	9.406571778887734	227.87560941549677	4.681056486587683	0.9981208204713596	55.37662372611609	2135.6315572287267	-0.04341288711442112
3.60372491638796	8.762541806020067	2.8585397531263395	0.00007999813940047503	2.8585397531263395	0.00007999813940047504	3.328593565698033	0.014662981351967452	9.405678675754231	228.2900013773098	4.6833520074253725	0.9981370714920494	55.44333679118634	2137.785235165487	-0.04341288711442112
3.6079397993311035	8.762541806020067	2.8592535275717235	0.00007778726234201041	2.859253527571723	0.00007778726234201041	3.3303840574699426	0.014451391410234906	9.404785442467219	228.7031299119984	4.6856237556609575	0.9981531410291222	55.50985489188957	2139.917680255746	-0.04341288711442112
3.612154682274247	8.762541806020067	2.8599593327696105	0.00007563983272897257	2.8599593327696105	0.00007563983272897246	3.332155814232067	0.014242326202700566	9.403892378085857	229.11499717295874	4.68787181621205	0.9981690315081911	55.57617835280854	2142.0289437843003	-0.04341288711442112
3.6163695652173913	8.762541806020067	2.8606572099229712	0.00007355396907630891	2.8606572099229717	0.00007355396907630894	3.3339088941594506	0.014035772374983048	9.402999773817937	229.5256055909168	4.690096277901933	0.9981847453220255	55.642307534471534	2144.1190810400753	-0.04341288711442112
3.6205844481605354	8.762541806020067	2.861347201158231	0.0000715278467683968	2.861347201158231	0.00007152784676839681	3.335643358944393	0.013831716163344873	9.402107913029804	229.9349578691876	4.692297233390929	0.9982002848309443	55.70824283286665	2146.1881512582754	-0.04341288711442112
3.624799331103679	8.762541806020067	2.862029349509306	0.00006955969634365626	2.862029349509306	0.00006955969634365612	3.3373592737312467	0.013630143406036424	9.401217071263364	230.34305697877173	4.6944747791049375	0.9982156523632034	55.77398467892914	2148.236217559475	-0.04341288711442112
3.6290142140468227	8.762541806020067	2.862703698900632	0.00006764780182956509	2.8627036989006323	0.00006764780182956505	3.3390567070489774	0.013431039554846484	9.400327516260088	230.74990615330182	4.696629015161377	0.9982308502153769	55.8395335380038	2150.2633468859	-0.04341288711442112
3.6332290969899663	8.762541806020067	2.8633702941291874	0.00006579049912666152	2.8633702941291874	0.00006579049912666168	3.34073573074158	0.013234389686839078	9.399439507991671	231.1555088838448	4.698760045292558	0.9982458806527322	55.904889909282794	2152.269609934917	-0.04341288711442112
3.6374439799331104	8.762541806020067	2.8640291808456007	0.00006398617444015617	2.8640291808456	0.00006398617444015624	3.342396419896492	0.013040178516256506	9.398553298697257	231.55986891357088	4.700867976766712	0.9982607459096001	55.97005432522018	2154.255081089918	-0.04341288711442112
3.641658862876254	8.762541806020067	2.8646804055343935	0.00006223326275780716	2.8646804055343935	0.00006223326275780705	3.3440388527711686	0.012848390406567748	9.397669132926977	231.96299023230046	4.702952920306841	0.9982754481897396	56.03502735092537	2156.219838348793	-0.04341288711442112
3.645873745819398	8.762541806020067	2.865324015493372	0.00006053024637276741	2.865324015493372	0.000060530246372767394	3.3456631107178776	0.012659009382643296	9.39678724759147	232.36487707093153	4.705014990007402	0.9982899896666968	56.09980958353448	2158.163963249976	-0.04341288711442112
3.650088628762542	8.762541806020067	2.865960058812298	0.000058875653450112916	2.865960058812298	0.000058875653450112963	3.347269278106982	0.012472019143034634	9.395907872017421	232.76553389577	4.707054303249212	0.9983043724841609	56.16440165156394	2160.0875407964436	-0.04341288711442112
3.6543035117056855	8.762541806020067	2.866588584350811	0.000057268056635839615	2.866588584350811	0.00005726805663583944	3.348857442248699	0.012287403072341071	9.395031228008559	233.16496540275705	4.709070980612495	0.9983185987563138	56.228804214244676	2161.990659377581	-0.04341288711442112
3.658518394648829	8.762541806020067	2.867209641715706	0.00005570607170711097	2.8672096417157062	0.00005570607170711076	3.3504276933135597	0.012105144253643542	9.394157529912087	233.5631765116137	4.71106514578833	0.9983326705681764	56.29301796083969	2163.873410689193	-0.04341288711442112
3.662733277591973	8.762541806020067	2.867823281237613	0.00005418835626259465	2.867823281237613	0.000054188356262594665	3.3519801242517038	0.011925225480985914	9.393286984690285	233.96017235990908	4.713036925488691	0.9983465899759505	56.35704360994635	2165.735889651793	-0.04341288711442112
3.6669481605351173	8.762541806020067	2.8684295539471223	0.00005271360845174585	2.8684295539471223	0.00005271360845174588	3.353514830711121	0.01174762927188616	9.392419791996943	234.35595829706128	4.714986449355161	0.9983603590073569	56.42088190878411	2167.5781943273123	-0.04341288711442112
3.671163043478261	8.762541806020067	2.8690285115504004	0.000051280565741933197	2.869028511550401	0.00005128056574193314	3.355031910954942	0.011572337879859815	9.39155614425844	234.75053987827732	4.7169138498664465	0.9983739796619696	56.484533632468604	2169.4004258342943	-0.04341288711442112
3.6753779264214046	8.762541806020067	2.8696202064043974	0.000049888003722324756	2.8696202064043974	0.00004988800372232471	3.356531465778021	0.011399333306936084	9.39069622675929	235.14392285844963	4.718819262245014	0.9983874539115467	56.54799958327521	2171.2026882619225	-0.04341288711442112
3.6795928093645482	8.762541806020067	2.870204691491609	0.00004853473494349735	2.8702046914916086	0.00004853473494349743	3.358013598422772	0.011228597316152129	9.389840217731706	235.53611318600548	4.72070282436271	0.9984007837003576	56.6112805898904	2172.985088582755	-0.04341288711442112
3.6838076923076923	8.762541806020067	2.8707820203945533	0.000047219607791730834	2.8707820203945533	0.000047219607791730854	3.359478414494584	0.011060111444006582	9.3889882884492	235.92711699673313	4.722564676645845	0.9984139709455071	56.67437750665534	2174.747736564588	-0.04341288711442112
3.688022575250836	8.762541806020067	2.871352247269905	0.000045941505397017564	2.8713522472699053	0.00004594150539701761	3.360926021876735	0.010893857012858558	9.38814060332369	236.31694060757633	4.72440496197957	0.9984270175372565	56.73729121280007	2176.490744681345	-0.04341288711442112
3.69223745819398	8.762541806020067	2.871915426822435	0.000044699344573795624	2.871915426822435	0.000044699344573795725	3.3623565306451275	0.010729815143254006	9.38729732000615	236.70559051042446	4.726223825611956	0.9984399253393414	56.80002261167202	2178.2142280233475	-0.04341288711442112
3.6964523411371237	8.762541806020067	2.8724716142787132	0.00004349207479349361	2.872471614278713	0.00004349207479349375	3.3637700529827974	0.010567966766167627	9.386458589490305	237.09307336588824	4.7280214150577065	0.9984526961892874	56.86257262995789	2179.918304206928	-0.04341288711442112
3.7006672240802674	8.762541806020067	2.873020865360694	0.000042318677187950996	2.873020865360694	0.00004231867718795106	3.3651667030944226	0.010408292635143921	9.385624556219303	237.47939599708255	4.729797880001768	0.998465331898722	56.924942216901606	2181.603093283625	-0.04341288711442112
3.704882107023411	8.762541806020067	2.873563236259176	0.00004117816358283858	2.873563236259176	0.00004117816358283848	3.366546597120877	0.010250773338324894	9.384795358195012	237.86456538341605	4.7315533722029075	0.9984778342536844	56.98713234351864	2183.2687176490704	-0.04341288711442112
3.709096989966555	8.762541806020067	2.8740987836072205	0.00004006957556020607	2.87409878360722	0.00004006957556020608	3.3679098530539995	0.010095389310351062	9.383971127089811	238.24858865439955	4.733288045397405	0.9984902050149335	57.04914400180815	2184.915301951657	-0.04341288711442112
3.713311872909699	8.762541806020067	2.874627564453548	0.000038991983549319076	2.874627564453548	0.000038991983549319056	3.3692565906516485	0.009942120844123506	9.383151988360586	238.63147308347956	4.735002055203014	0.9985024459182517	57.110978203964216	2186.542973001207	-0.04341288711442112
3.717526755852843	8.762541806020067	2.875149636235952	0.00003794448594496853	2.875149636235952	0.00003794448594496847	3.370586931353103	0.009790948102416458	9.382338061364605	239.01322608189855	4.736695559023217	0.9985145586747481	57.17263598158653	2188.151859677626	-0.04341288711442112
3.7217416387959865	8.762541806020067	2.8756650567547974	0.00003692620825244682	2.875665056754797	0.00003692620825244684	3.3719009981950463	0.009641851129327117	9.38152945947736	239.39385519260188	4.738368715952053	0.9985265449711587	57.234118384892774	2189.7420928398355	-0.04341288711442112
3.72595652173913	8.762541806020067	2.8761738841465956	0.000035936302258431	2.876173884146595	0.00003593630225843104	3.3731989157280355	0.009494809861555466	9.380726290211724	239.77336808417914	4.740021686679398	0.9985384064701437	57.29542648193195	2191.313805234872	-0.04341288711442112
3.7301714046822743	8.762541806020067	2.876676176857736	0.00003497394522700563	2.876676176857736	0.0000349739452270057	3.374480809933704	0.009349804139502316	9.379928655338576	240.1517725448623	4.741654633397046	0.9985501448105839	57.35656135780134	2192.867131407497	-0.04341288711442112
3.734386287625418	8.762541806020067	2.877171993618387	0.00003403833912009858	2.877171993618387	0.00003403833912009858	3.375746808142714	0.009206813718177633	9.379136651008528	240.52907647657878	4.743267719705533	0.9985617616078739	57.4175241138671	2194.402207610271	-0.04341288711442112
3.738601170568562	8.762541806020067	2.877661393416608	0.00003312870984161402	2.8776613934166084	0.00003312870984161387	3.3769970389535504	0.009065818277910321	9.378350367874567	240.90528788906582	4.744861110521856	0.9985732584542141	57.478315866989576	2195.919171714243	-0.04341288711442112
3.7428160535117057	8.762541806020067	2.8781444354726835	0.0000322443065045754	2.878144435472683	0.00003224430650457543	3.3782316321522066	0.008926797434853126	9.377569891215394	241.28041489404995	4.746434971988148	0.9985846369188994	57.53893774875367	2197.418163120325	-0.04341288711442112
3.7470309364548493	8.762541806020067	2.8786211792137486	0.00003138440072059267	2.8786211792137486	0.00003138440072059261	3.3794507186329183	0.008789730751273756	9.3767953010594	241.65446569950316	4.747989471381479	0.9985958985486079	57.59939090470648	2198.8993226715143	-0.04341288711442112
3.751245819397993	8.762541806020067	2.8790916842487007	0.00003054828591100626	2.8790916842487007	0.00003054828591100628	3.380654430319902	0.008654597745628047	9.376026672308914	242.0274486039704	4.74952477702476	0.9986070448676848	57.65967649360134	2200.362792565966	-0.04341288711442112
3.755460702341137	8.762541806020067	2.8795560103434172	0.00002973527663907071	2.8795560103434172	0.000029735276639070764	3.381842900090237	0.008521377902408134	9.37526407486468	242.3993719909796	4.751041058198836	0.9986180773784276	57.719795686649476	2201.808716270991	-0.04341288711442112
3.759675585284281	8.762541806020067	2.8800142173963628	0.00002894470796254703	2.8800142173963628	0.00002894470796254703	3.383016261697958	0.00839005068176071	9.374507573750414	242.77024432353943	4.752538485056008	0.9986289975613661	57.77974966678138	2203.2372384382356	-0.04341288711442112
3.763890468227425	8.762541806020067	2.8804663654145193	0.00002817593480611381	2.8804663654145197	0.00002817593480611381	3.384174649699333	0.008260595528872027	9.37375722923712	243.14007413871943	4.754017228534759	0.9986398068755434	57.83953962791574	2204.6485048198083	-0.04341288711442112
3.7681053511705684	8.762541806020067	2.88091251448974	0.000027428331353000098	2.88091251448974	0.000027428331353000084	3.3853181993794657	0.008132991883113916	9.37301309696717	243.5088700423266	4.755477460276009	0.9986505067587923	57.89916677423935	2206.042662185709	-0.04341288711442112
3.772320234113712	8.762541806020067	2.881352724775507	0.00002670129045527458	2.881352724775507	0.000026701290455274616	3.3864470466802445	0.008007219186949369	9.372275228078017	243.8766407036766	4.756919352540838	0.9986610986280119	57.958632319496786	2207.41985824248	-0.04341288711442112
3.776535117056856	8.762541806020067	2.8817870564641255	0.000025994223062233214	2.8817870564641255	0.000025994223062233227	3.3875613281296535	0.007883256894593595	9.371543669325256	244.24339485046204	4.758343078129746	0.9986715838794411	58.01793748629127	2208.7802415531723	-0.04341288711442112
3.78075	8.762541806020067	2.8822155697643583	0.000025306557666350365	2.8822155697643583	0.000025306557666350345	3.388661180772502	0.007761084480429205	9.370818463204996	244.60914126372066	4.759748810303491	0.9986819638889304	58.07708350539664	2210.123961458669	-0.04341288711442112