2.5205	9.461538461538462	2.398515982777228	0.05228440348606536	2.398515982777228	0.05228440348606535	2.6782920199180413	0.1111364184059772	8.92469567504778	118.98385664125757	3.7385207765365727	0.9640823284842811	36.156490713283475	1493.489151715135	-0.04341288711442112
2.524714882943144	9.461538461538462	2.4000853871083794	0.05176521390566066	2.4000853871083794	0.05176521390566069	2.6789477410686344	0.11085567596401007	8.92682294682408	119.2359445049144	3.741390502645253	0.9646366578065257	36.22508081051975	1497.3146206657143	-0.04341288711442112
2.528929765886288	9.461538461538462	2.401682171567583	0.05124423358259218	2.401682171567583	0.051244233582592204	2.6796326838537676	0.11057202246292246	8.928981000563144	119.48999374172048	3.744242765471389	0.9651780976873279	36.29341529974133	1501.0976445544027	-0.04341288711442112
2.5331446488294316	9.461538461538462	2.4033060583862658	0.05072157465856566	2.4033060583862653	0.050721574658565645	2.6803467295765566	0.11028550271952543	8.931169690110261	119.74600597626583	3.7470795448369056	0.9657071371926644	36.36151553409578	1504.8408781104295	-0.04341288711442112
2.5373595317725752	9.461538461538462	2.4049567728489203	0.05019734831759318	2.4049567728489207	0.0501973483175931	2.6810897708139105	0.10999615934108714	8.933388876227674	120.0039834702056	3.749902733506951	0.9662242394936583	36.42940186743872	1508.5468592858704	-0.04341288711442112
2.5415744147157193	9.461538461538462	2.4066340423580592	0.04967166495896785	2.406634042358059	0.0496716649589679	2.68186171047772	0.10970403288931721	8.935638425563228	120.26392907041522	3.7527141422910186	0.9667298435916507	36.497093717780665	1512.218016209964	-0.04341288711442112
2.545789297658863	9.461538461538462	2.4083375955557473	0.04914463435577219	2.408337595555747	0.04914463435577222	2.682662460936927	0.10940916203235079	8.937918209673889	120.52584616027156	3.7555155047346642	0.9672243659037714	36.56460962551323	1515.856673602014	-0.04341288711442112
2.550004180602007	9.461538461538462	2.410067161497013	0.04861636579996433	2.410067161497013	0.04861636579996433	2.683491943194425	0.10911158368584842	8.940228104098473	120.78973861373164	3.7583084814378096	0.9677082017221901	36.63196730689394	1519.4650586902865	-0.04341288711442112
2.5542190635451507	9.461538461538462	2.4118224688710774	0.04808696823496271	2.4118224688710774	0.048086968234962744	2.684350086113468	0.10881133314420575	8.942567987474737	121.05561075192263	3.761094664032279	0.9681817265588284	36.69918370321999	1523.0453066797995	-0.04341288711442112
2.5584339464882944	9.461538461538462	2.4136032452668004	0.04755655037653721	2.4136032452668	0.04755655037653719	2.6852368256887744	0.10850844420276697	8.944937740696433	121.32346730198145	3.7638755788476246	0.9686452973860487	36.76627502607461	1526.5994658073264	-0.04341288711442112
2.5626488294314385	9.461538461538462	2.4154092164792704	0.04702522082271419	2.41540921647927	0.047025220822714195	2.6861521043580687	0.10820294927183795	8.947337246106427	121.59331335791398	3.7666526902916218	0.969099253782743	36.83325679899201	1530.1295020182995	-0.04341288711442112
2.566863712374582	9.461538461538462	2.4172401058548307	0.04649308815332061	2.4172401058548303	0.04649308815332068	2.6870958703502206	0.10789487948321763	8.949766386722487	121.86515434326563	3.769427403969136	0.9695439189942764	36.90014389585043	1533.6373032969018	-0.04341288711442112
2.5710785953177258	9.461538461538462	2.419095633672217	0.045960261019710555	2.4190956336722165	0.045960261019710645	2.6880680770665433	0.10758426478989047	8.952225045492634	122.13899597541705	3.7722010695607717	0.9699796009138683	36.966950576272545	1537.1246836775194	-0.04341288711442112
2.57529347826087	9.461538461538462	2.420975516557841	0.04542684822515018	2.420975516557841	0.04542684822515022	2.6890686824921985	0.10727113405945862	8.954713104577406	122.41484423133947	3.7749749834807904	0.9704065929922477	37.03369051828562	1540.5933869632638	-0.04341288711442112
2.5795083612040135	9.461538461538462	2.42287946693348	0.04489295879628237	2.4228794669334794	0.044892958796282426	2.6900976486349055	0.10695551516183648	8.957230444656565	122.69270531465696	3.777750391331739	0.9708251750817292	37.10037684846734	1544.0450901745694	-0.04341288711442112
2.583723244147157	9.461538461538462	2.4248071924950207	0.044358702046026696	2.424807192495021	0.044358702046026655	2.6911549409885565	0.10663743505167417	8.959776944258284	122.9725856238868	3.7805284901720184	0.9712356142202682	37.16702216978508	1547.4814067491893	-0.04341288711442112
2.5879381270903012	9.461538461538462	2.4267583957210257	0.04382418762823622	2.4267583957210257	0.04382418762823618	2.6922405280194663	0.10631691984593443	8.962352479108851	123.25449172173363	3.783310430610703	0.9716381653605081	37.23363858731315	1550.9038895125148	-0.04341288711442112
2.592153010033445	9.461538461538462	2.428732773410179	0.0432895255843826	2.4287327734101796	0.04328952558438252	2.6933543806733145	0.10599399489700416	8.964956921501381	123.53843030533288	3.7860973187430305	0.9720330720483591	37.30023773199844	1554.3140334358263	-0.04341288711442112
2.596367892976589	9.461538461538462	2.4307300162468484	0.042754826382508986	2.4307300162468484	0.04275482638250899	2.69449647190098	0.10566868486168611	8.967590139682061	123.82440817734606	3.788890217938608	0.9724205670552267	37.36683078262773	1557.713278198362	-0.04341288711442112
2.6005827759197326	9.461538461538462	2.432749808394241	0.04222020094864978	2.4327498083942416	0.04222020094864979	2.695666776201814	0.10534101376637377	8.970251997253023	124.11243221783	3.791690150493567	0.9728008729676177	37.433428486138055	1561.1030105678717	-0.04341288711442112
2.6047976588628763	9.461538461538462	2.434791827114582	0.041685760690910116	2.434791827114582	0.04168576069091014	2.696865269182718	0.10501100506870364	8.972942352590335	124.4025093567905	3.7944980991565354	0.973174202737515	37.50004117639566	1564.4845666127644	-0.04341288711442112
2.6090125418060204	9.461538461538462	2.4368557424162294	0.04115161751634117	2.4368557424162294	0.041151617516341166	2.698091927132077	0.10467868171592087	8.975661058276932	124.69464654737257	3.7973150085381624	0.9735407601966071	37.56667879156335	1567.8592337584025	-0.04341288711442112
2.613227424749164	9.461538461538462	2.438941216727422	0.040617883840763445	2.438941216727422	0.04061788384076347	2.6993467266072213	0.10434406620020033	8.978407960549287	124.988850739614	3.800141786412456	0.9739007405371776	37.6333508901609	1571.2282526985023	-0.04341288711442112
2.6174423076923077	9.461538461538462	2.441047904596736	0.040084672591643236	2.4410479045967355	0.04008467259164326	2.7006296440346143	0.1040071806111178	8.98118289875767	125.28512885472247	3.8029793049181504	0.9742543307622205	37.7000666659187	1574.5928191722367	-0.04341288711442112
2.6216571906354518	9.461538461538462	2.443175452420205	0.03955209720414003	2.443175452420205	0.039552097204140005	2.701940655321804	0.1036680466854665	8.98398570483933	125.58348775982412	3.8058284016671666	0.9746017101071112	37.7668349615128	1577.954085616333	-0.04341288711442112
2.6258720735785954	9.461538461538462	2.445323498195402	0.039020271610407685	2.4453234981954024	0.03902027161040765	2.7032797354805544	0.10332668585457593	8.986816202804656	125.8839342431559	3.808689880767254	0.9749430504349764	37.83366428126676	1581.3131627012372	-0.04341288711442112
2.6300869565217395	9.461538461538462	2.4474916713025827	0.03848931022224791	2.4474916713025823	0.03848931022224798	2.704646858260431	0.10298311928928913	8.989674208235924	126.18647498966463	3.8115645137649268	0.9752785166077136	37.90056280289544	1584.6711207593248	-0.04341288711442112
2.634301839464883	9.461538461538462	2.449679592313273	0.03795932790719286	2.449679592313273	0.037959327907192884	2.7060419957923845	0.10263736794273012	8.992559527798774	126.4911165569909	3.814453040514662	0.9756082668344482	37.967538388362165	1588.0289911128227	-0.04341288711442112
2.638516722408027	9.461538461538462	2.451886872826595	0.03743043995810265	2.451886872826595	0.037430439958102635	2.707465118241859	0.1022894525909851	8.995471958766393	126.79786535181653	3.817356169979825	0.9759324529990734	38.03459859391494	1591.3877673084178	-0.04341288711442112
2.642731605351171	9.461538461538462	2.454113115333774	0.03690276205635553	2.4541131153337745	0.036902762056355544	2.7089161934711514	0.10193939387179933	8.998411288556728	127.10672760656514	3.8202745809705023	0.9762512209683719	38.10175067936308	1594.7484062651722	-0.04341288711442112
2.6469464882943146	9.461538461538462	2.456357913111204	0.0363764102287202	2.456357913111204	0.036376410228720166	2.7103951867107057	0.10158721232139058	9.001377294282893	127.41770935644364	3.8232089228230417	0.9765647108821098	38.16900161665063	1598.1118293418338	-0.04341288711442112
2.651161371237458	9.461538461538462	2.458620850142497	0.03585150079799785	2.458620850142497	0.03585150079799782	2.7119020602391193	0.10123292840946599	9.004369742317103	127.73081641681678	3.826159816025737	0.976873057426366	38.236358097779124	1601.4789233291744	-0.04341288711442112
2.6553762541806023	9.461538461538462	2.460901501070026	0.035328150327530956	2.4609015010700257	0.035328150327530984	2.7134367730718396	0.10087656257251204	9.007388387868723	128.04605436092191	3.8291278527951134	0.9771763900912728	38.3038265421304	1604.8505413728833	-0.04341288711442112
2.659591137123746	9.461538461538462	2.463199431176345	0.03480647555968621	2.463199431176345	0.03480647555968624	2.7149992806584122	0.10051813524542871	9.010432974576856	128.36342849792197	3.8321135976067087	0.9774748334142429	38.37141310323477	1608.2275038319203	-0.04341288711442112
2.6638060200668896	9.461538461538462	2.465514196395914	0.034286593348431205	2.4655141963959144	0.034286593348431184	2.716589534588276	0.10015766689156883	9.013503234117968	128.6829438513027	3.8351175876841563	0.9777685072096757	38.439123675027886	1611.6105990770577	-0.04341288711442112
2.6680209030100337	9.461538461538462	2.4678453433575664	0.03376862058613282	2.4678453433575664	0.03376862058613283	2.718207482305199	0.09979517803122957	9.016598885829364	129.00460513762954	3.838140333450307	0.9780575267860591	38.50696389763829	1615.0005842341805	-0.04341288711442112
2.6722357859531773	9.461538461538462	2.4701924094580456	0.033252674124726676	2.4701924094580456	0.03325267412472666	2.7198530668304377	0.09943068926864383	9.019719636349087	129.32841674567578	3.8411823189437233	0.9783420031513136	38.57493916274291	1618.3981858764512	-0.04341288711442112
2.6764506688963214	9.461538461538462	2.472554922966958	0.03273887069141657	2.4725549229669572	0.03273887069141663	2.721526226494752	0.0990642213175109	9.022865179273012	129.65438271593874	3.8442440022039017	0.9786220432071588	38.64305461852781	1621.8041006694089	-0.04341288711442112
2.680665551839465	9.461538461538462	2.4749324031633906	0.032227326799086305	2.474932403163391	0.0322273267990863	2.7232268946795095	0.09869579502509777	9.026035194829987	129.98250672056707	3.8473258156283316	0.9788977499332263	38.71131517428843	1625.2189959727793	-0.04341288711442112
2.6848804347826087	9.461538461538462	2.477324360504356	0.03171815865162468	2.4773243605043556	0.03171815865162469	2.724954999567006	0.0983254313949462	9.029229349575653	130.3127920437161	3.850428166304296	0.9791692225615832	38.77972550470074	1628.6435104024831	-0.04341288711442112
2.689095317725753	9.461538461538462	2.4797302968252675	0.03121148204437711	2.4797302968252675	0.031211482044377105	2.7267104639004303	0.09795315160819984	9.032447296106124	130.6452415623673	3.8535514363185217	0.9794365567422924	38.848290053796916	1632.0782543565226	-0.04341288711442112
2.6933102006688965	9.461538461538462	2.4821497055723585	0.030707412259972543	2.4821497055723585	0.030707412259972568	2.7284932047535677	0.0975789770435841	9.03568867279199	130.97985772762584	3.85669598304708	0.9796998447005731	38.91701303867144	1635.5238105076758	-0.04341288711442112
2.69752508361204	9.461538461538462	2.4845820720671052	0.030206063959780136	2.4845820720671052	0.03020606395978013	2.7303031333107444	0.09720292929604614	9.038953103533967	131.31664254654083	3.859862139428532	0.9799591753861013	38.98589845294935	1638.9807342664474	-0.04341288711442112
2.7017399665551842	9.461538461538462	2.4870268738023458	0.029707551071289057	2.4870268738023453	0.02970755107128907	2.732140154657166	0.09682503019407979	9.042240197540634	131.65559756446444	3.863050214222483	0.9802146346149346	39.05495007003933	1642.4495542169204	-0.04341288711442112
2.705954849498328	9.461538461538462	2.489483580769954	0.029211986671710898	2.489483580769954	0.02921198667171085	2.734004167580193	0.0964453018157381	9.045549549129612	131.9967238479974	3.866260492256298	0.9804663052045239	39.12417144620077	1645.9307725286465	-0.04341288711442112
2.7101697324414715	9.461538461538462	2.4919516558195505	0.02871948286814203	2.49195165581955	0.028719482868142045	2.7358950643817486	0.09606376650335315	9.048880737552675	132.3400219685437	3.869493234662022	0.9807142671022308	39.19356592344602	1649.4248653470497	-0.04341288711442112
2.7143846153846156	9.461538461538462	2.494430555047826	0.02823015067463376	2.4944305550478263	0.02823015067463373	2.737812730702403	0.09568044687696355	9.052233326846023	132.68549198651968	3.872748679105972	0.9809585975077478	39.26313663230308	1652.9322831651423	-0.04341288711442112
2.7185994983277593	9.461538461538462	2.496919728217695	0.027744099886553613	2.4969197282176956	0.027744099886553596	2.739757045357328	0.0952953658464686	9.055606865706194	133.0331334362418	3.8760270400128554	0.9811993709897823	39.332886494458556	1656.453451178799	-0.04341288711442112
2.7228143812709034	9.461538461538462	2.4994186192066326	0.027261438952626397	2.4994186192066317	0.02726143895262643	2.7417278801847127	0.09490854662250445	9.059000887392862	133.38294531154355	3.8793285087867404	0.9814366595973447	39.402818225304074	1659.988769628218	-0.04341288711442112
2.727029264214047	9.461538461538462	2.501926666483134	0.026782274845080986	2.5019266664831346	0.02678227484508096	2.743725099906851	0.09452001272605887	9.062414909658925	133.7349260521461	3.8826532540305836	0.9816705329659574	39.47293433640407	1663.5386141276165	-0.04341288711442112
2.7312441471571907	9.461538461538462	2.5044433036102967	0.026306712928338378	2.5044433036102967	0.026306712928338374	2.7457485620043673	0.09412978799682693	9.065848434708878	134.08907353082643	3.8860014217662755	0.9819010584190722	39.54323713790495	1667.1033359854284	-0.04341288711442112
2.7354590301003348	9.461538461538462	2.506967959775264	0.025834856826698144	2.5069679597752637	0.02583485682669813	2.747798116603898	0.09373789660031728	9.06930094918602	134.4453850414149	3.889373135656902	0.9821283010649718	39.61372874090297	1670.683262517005	-0.04341288711442112
2.7396739130434784	9.461538461538462	2.5095000603432283	0.02536680829149532	2.509500060343228	0.025366808291495287	2.7498736063796456	0.09334436303371284	9.072771924189269	134.80385728766367	3.892768497232976	0.982352323889407	39.68441105978851	1674.2786973518525	-0.04341288711442112
2.743888795986622	9.461538461538462	2.5120390274343842	0.024902667068221286	2.5120390274343842	0.024902667068221293	2.7519748664689843	0.09294921213050372	9.076260815319891	135.16448637300985	3.8961875861239554	0.9825731878441993	39.7552858145811	1677.8899207370555	-0.04341288711442112
2.748103678929766	9.461538461538462	2.514584280522336	0.02444253076410211	2.514584280522336	0.024442530764102147	2.75410172440263	0.09255246906389032	9.079767062759009	135.5272677912809	3.899630460296858	0.9827909519320366	39.82635453327251	1681.5171898389258	-0.04341288711442112
2.75231856187291	9.461538461538462	2.517135237052021	0.023986494716653966	2.5171352370520204	0.02398649471665397	2.756254000049413	0.0921541593489825	9.083290091375831	135.89219641835717	3.903097156302911	0.9830056732876508	39.897618554189044	1685.1607390441648	-0.04341288711442112
2.7565334448160534	9.461538461538462	2.519691313075376	0.02353465186372803	2.5196913130753757	0.023534651863728037	2.758431505576095	0.09175430884379598	9.086829310867337	136.25926650483606	3.9065876895338194	0.9832174072555778	39.969079028388634	1688.8207802623526	-0.04341288711442112
2.7607483277591975	9.461538461538462	2.5222519239026804	0.023087092615571115	2.5222519239026795	0.023087092615571174	2.7606340454223517	0.09135294374906704	9.090384115929464	136.62847166971832	3.9101020544886866	0.9834262074646691	40.040736922103605	1692.497503231127	-0.04341288711442112
2.764963210702341	9.461538461538462	2.5248164847673595	0.022643904729431584	2.5248164847673595	0.022643904729431542	2.762861416291035	0.09095009060690698	9.093953886459762	136.99980489513754	3.9136402250524513	0.9836321258995137	40.11259301923925	1696.191075825191	-0.04341288711442112
2.7691780936454853	9.461538461538462	2.5273844115021147	0.022205173187228974	2.527384411502115	0.022205173187228946	2.7651134071539376	0.09054577629830951	9.097537987791814	137.3732585221626	3.917202154786996	0.9838352129689287	40.1846479239399	1699.9016443705982	-0.04341288711442112
2.773392976588629	9.461538461538462	2.5299551212239937	0.021770980076811094	2.5299551212239937	0.02177098007681108	2.767389799273132	0.09014002803953457	9.101135770961205	137.74882424769052	3.9207877772356414	0.9840355175716538	40.256902063230704	1703.6293339653246	-0.04341288711442112
2.7776078595317726	9.461538461538462	2.5325280330259594	0.021341404477311077	2.532528033025959	0.021341404477311095	2.769690366237826	0.08973287337740096	9.104746573002792	138.12649312244105	3.9243970062416476	0.9842330871593803	40.32935568974267	1707.37424880707	-0.04341288711442112
2.7818227424749167	9.461538461538462	2.5351025686725035	0.0209165223491047	2.5351025686725035	0.020916522349104703	2.772014874016825	0.08932434018350599	9.108369717278986	138.50625555007	3.9280297362813683	0.9844279677972373	40.40200888452847	1711.1364725292171	-0.04341288711442112
2.7860376254180603	9.461538461538462	2.5376781532967594	0.020496406428855016	2.53767815329676	0.020496406428854953	2.7743630810264692	0.08891445664740999	9.112004513838661	138.88810128740954	3.931685842812518	0.9846202042218468	40.47486155997503	1714.9160685457468	-0.04341288711442112
2.790252508361204	9.461538461538462	2.5402542160965367	0.020081126130112162	2.5402542160965367	0.020081126130112183	2.776734738213957	0.0885032512688157	9.115650259806085	139.2720194458397	3.9353651826378298	0.984809839897052	40.54791346281711	1718.7130804056865	-0.04341288711442112
2.794467391304348	9.461538461538462	2.5428301910266913	0.019670747449915763	2.5428301910266913	0.01967074744991576	2.7791295891558923	0.08809075284877728	9.119306239799261	139.65799849379508	3.939067594284428	0.9849969170674172	40.621164177256816	1722.5275321577515	-0.04341288711442112
2.7986822742474917	9.461538461538462	2.545405517485185	0.01926533288182485	2.545405517485186	0.019265332881824818	2.7815473701717495	0.08767699047998533	9.122971726376747	140.04602626039764	3.9427928983988427	0.9851814768095898	40.69461312819042	1726.3594287254436	-0.04341288711442112
2.8028971571906354	9.461538461538462	2.5479796409903166	0.01886494133576628	2.547979640990317	0.01886494133576624	2.783987810452089	0.08726199353615977	9.126645980512256	140.4360899402181	3.9465408981578776	0.9853635590816083	40.76825958454602	1730.2087562931295	-0.04341288711442112
2.8071120401337795	9.461538461538462	2.5505520138464988	0.018469628065069278	2.550552013846499	0.018469628065069247	2.7864506322011002	0.08684579166060191	9.130328252095888	140.82817609914753	3.9503113796950147	0.9855432027702368	40.84210266273161	1734.0754827031517	-0.04341288711442112
2.811326923076923	9.461538461538462	2.553122095796105	0.01807944460101552	2.553122095796105	0.018079444601015508	2.788935550793097	0.08642841475395016	9.134017780460857	141.22227068136704	3.954104112542199	0.985720445736398	40.9161413301938	1737.9595578641288	-0.04341288711442112
2.815541806020067	9.461538461538462	2.5556893546549215	0.0176944386952005	2.555689354654922	0.017694438695200487	2.791442274942558	0.08600989296118902	9.137713794934616	141.61835901739798	3.9579188500867133	0.9858953248587775	40.990374409086954	1741.8609141705292	-0.04341288711442112
2.819756688963211	9.461538461538462	2.5582532669288054	0.01731465426996429	2.5582532669288054	0.017314654269964275	2.7939705068871192	0.08559025665796467	9.141415515412792	142.01642583320265	3.961755330042475	0.9860678760756575	41.06480058004875	1745.7794669331865	-0.04341288711442112
2.8239715719063545	9.461538461538462	2.5608133184093687	0.01694013137710431	2.560813318409369	0.01694013137710427	2.7965199425831493	0.08516953643625401	9.145122152954942	142.41645526032167	3.965613274935557	0.9862381344250499	41.13941838608242	1749.7151148208882	-0.04341288711442112
2.8281864548494986	9.461538461538462	2.5633690047463666	0.016570906165053922	2.563369004746367	0.016570906165053887	2.7990902719130553	0.084747763089455	9.148832910400003	142.81843084699736	3.969492392602856	0.9864061340831773	41.21422623653821	1753.6677403123626	-0.04341288711442112
2.8324013377926422	9.461538461538462	2.5659198319949117	0.016207010854651274	2.565919831994912	0.016207010854651274	2.801681178903939	0.08432496759694227	9.152546983000486	143.22233557026743	3.9733923767035404	0.9865719084013642	41.289222411193066	1757.6372101585844	-0.04341288711442112
2.836616220735786	9.461538461538462	2.5684653171355376	0.01584847372359075	2.5684653171355376	0.015848473723590713	2.804292341956778	0.08390118110815244	9.156263559073322	143.62815184897983	3.9773129072422506	0.9867354899413824	41.364405064421106	1761.6233758547685	-0.04341288711442112
2.84083110367893	9.461538461538462	2.57100498856531	0.015495319099605795	2.5710049885653103	0.01549531909960578	2.8069234340853675	0.08347643492626393	9.15998182066569	144.03586155768352	3.981253651103117	0.9868969105093061	41.43977222944931	1765.6260741214385	-0.04341288711442112
2.8450459866220736	9.461538461538462	2.573538386558563	0.015147567362374884	2.573538386558563	0.015147567362374919	2.8095741231644786	0.08305076049151736	9.163700944234337	144.44544604136456	3.9852142625938516	0.9870562011879195	41.51532182269297	1769.6451273941575	-0.04341288711442112
2.8492608695652173	9.461538461538462	2.5760650636956286	0.014805234954117667	2.5760650636956286	0.014805234954117666	2.8122440721861466	0.08262418936425539	9.167420101336047	144.85688613095874	3.989194383998497	0.9872133923677211	41.5910516481614	1773.680344320872	-0.04341288711442112
2.8534757525083614	9.461538461538462	2.5785845852585245	0.014468334398784862	2.5785845852585245	0.01446833439878488	2.814932939523567	0.08219675320772732	9.171138459327961	145.27016215960973	3.993193646138147	0.9873685137765716	41.66695940192906	1777.7315202664768	-0.04341288711442112
2.857690635451505	9.461538461538462	2.5810965295924277	0.014136874329718618	2.581096529592428	0.014136874329718604	2.8176403792015905	0.08176848377072837	9.174855182075477	145.68525397960718	3.9972116689381845	0.9875215945080218	41.74304267666152	1781.7984378234771	-0.04341288711442112
2.861905518394649	9.461538461538462	2.5836004884320904	0.013810859525611334	2.5836004884320904	0.013810859525611318	2.820366041172984	0.08133941287013409	9.178569430665924	146.1021409799509	4.001248062000961	0.9876726630483644	41.81929896618869	1785.8808673280057	-0.04341288711442112
2.8661204013377928	9.461538461538462	2.5860960671925715	0.013490290954551568	2.586096067192572	0.013490290954551542	2.823109571599671	0.08090957237338603	9.182280364126227	146.52080210448923	4.005302425182728	0.9878217473024461	41.89572567011642	1789.9785673802644	-0.04341288711442112
2.8703352842809364	9.461538461538462	2.5885828852237505	0.013175165825912258	2.5885828852237505	0.013175165825912265	2.8258706131379756	0.08047899418099212	9.185987140142466	146.9412158705661	4.009374349173477	0.9879688746182791	41.97232009846679	1794.091285368372	-0.04341288711442112
2.8745501672240805	9.461538461538462	2.5910605760283913	0.012865477649796358	2.591060576028391	0.012865477649796366	2.828648805227093	0.08004771020909686	9.189688915779671	147.3633603881231	4.013463416078547	0.9881140718104886	42.049079476338235	1798.2187579947351	-0.04341288711442112
2.878765050167224	9.461538461538462	2.593528787443601	0.012561216303727429	2.5935287874436015	0.01256121630372742	2.831443784379802	0.0796157523721816	9.193384848199772	147.78721337918998	4.017569200000592	0.9882573651826327	42.126000948575296	1802.3607118038094	-0.04341288711442112
2.882979933110368	9.461538461538462	2.595987181785844	0.012262368106237367	2.595987181785844	0.012262368106237365	2.8342551844746593	0.07918315256594519	9.197074095376072	148.21275219770777	4.021691267620755	0.9883987805484294	42.20308158443898	1806.5168637103357	-0.04341288711442112
2.887194816053512	9.461538461538462	2.598435435959731	0.011968915896981869	2.598435435959731	0.01196891589698189	2.837082637048747	0.0787499426504217	9.200755816802408	148.6399538496215	4.025829178777743	0.9885383432519278	42.28031838226789	1810.686921526989	-0.04341288711442112
2.8914096989966556	9.461538461538462	2.6008732415310187	0.011680839122987592	2.600873241531019	0.01168083912298758	2.8399257715901	0.07831615443338656	9.204429174195138	149.06879501317653	4.029982487043455	0.9886760781866551	42.35770827411968	1814.8705844903102	-0.04341288711442112
2.895624581939799	9.461538461538462	2.603300304764501	0.011398113930612679	2.603300304764501	0.0113981139306127	2.842784215829088	0.07788181965409538	9.20809333218659	149.49925205936785	4.0341507402941446	0.988812009813777	42.43524813038514	1819.0675437841041	-0.04341288711442112
2.8998394648829433	9.461538461538462	2.605716346627477	0.01112071326278989	2.6057163466274766	0.01112071326278992	2.8456575960278414	0.07744696996740676	9.211747459008086	149.93130107247327	4.038333481275713	0.9889461621793024	42.512934764363784	1823.2774830590934	-0.04341288711442112
2.904054347826087	9.461538461538462	2.608121102759752	0.010848606961102684	2.608121102759752	0.010848606961102672	2.8485455372669977	0.07701163692832777	9.215390727161202	150.36491787061635	4.042530248162075	0.9890785589303671	42.590764936792745	1827.5000789479213	-0.04341288711442112
2.908269230769231	9.461538461538462	2.6105143234112216	0.010581761872236004	2.6105143234112216	0.010581761872236004	2.851447663729	0.07657585197702614	9.219022314075767	150.80007802630166	4.046740575105461	0.9892092233306303	42.668735360320134	1831.7350015745492	-0.04341288711442112
2.9124841137123747	9.461538461538462	2.6128957733481935	0.010320141958337175	2.6128957733481935	0.01032014195833716	2.8543635989772436	0.07613964642434351	9.222641402753274	151.23675688686504	4.05096399277758	0.9893381782748156	42.74684270391404	1835.9819150570822	-0.04341288711442112
2.9166989966555183	9.461538461538462	2.6152652317297305	0.010063708410815336	2.61526523172973	0.01006370841081534	2.857292966230346	0.07570305143784672	9.22624718239438	151.67492959478602	4.055200028900579	0.9894654463024297	42.8250835971991	1840.240478003097	-0.04341288711442112
2.9209138795986624	9.461538461538462	2.6176224919554136	0.009812419767109275	2.617622491955413	0.009812419767109278	2.860235388630971	0.07526609802844547	9.229838849009484	152.1145711078117	4.0594482087669	0.9895910496106909	42.903454634712986	1844.5103439966638	-0.04341288711442112
2.925128762541806	9.461538461538462	2.619967361485965	0.009566232029954571	2.619967361485965	0.009566232029954574	2.863190489508497	0.07482881703760816	9.233415606011087	152.55565621883878	4.063708055747055	0.9897150100666999	42.98195238007527	1848.791162076164	-0.04341288711442112
2.9293436454849497	9.461538461538462	2.6222996616382934	0.00932509878868501	2.6222996616382934	0.00932509878868501	2.866157892635067	0.07439123912519591	9.236976664787191	152.99815957551178	4.067979091784516	0.9898373492188834	43.06057337006195	1853.0825772021967	-0.04341288711442112
2.933558528428094	9.461538461538462	2.6246192273565554	0.009088971342111993	2.624619227356555	0.009088971342112001	2.869137222474449	0.07395339475793938	9.240521245254799	153.44205569949193	4.072260837876979	0.9899580883077437	43.13931411857928	1857.3842307148452	-0.04341288711442112
2.9377734113712375	9.461538461538462	2.626925906960845	0.008857798822535838	2.626925906960845	0.008857798822535842	2.8721281044231994	0.07351531419857657	9.244048576392606	153.88731900534924	4.0765528145431364	0.9900772482759426	43.21817112053037	1861.6957607794934	-0.04341288711442112
2.941988294314381	9.461538461538462	2.6292195618752503	0.008631528320452738	2.6292195618752503	0.008631528320452744	2.875130165043771	0.07307702749566428	9.247557896752504	154.33392381904898	4.080854542274525	0.9901948497777527	43.29714085557045	1866.016802820803	-0.04341288711442112
2.9462031772575252	9.461538461538462	2.6315000663369115	0.008410105009539646	2.6315000663369115	0.008410105009539641	2.878143032289108	0.07263856447407781	9.251048454949073	154.78184439598743	4.085165541971705	0.9903109131879048	43.37621979174432	1870.3469899440695	-0.04341288711442112
2.950418060200669	9.461538461538462	2.6337673070878482	0.008193472271511461	2.6337673070878482	0.008193472271511447	2.8811663357184343	0.07219995472620558	9.254519510126777	155.23105493855078	4.089485335364356	0.9904254586098604	43.45540438900307	1874.6859533435659	-0.04341288711442112
2.954632943143813	9.461538461538462	2.636021183051201	0.007981571820466396	2.6360211830512013	0.007981571820466396	2.8841997067038836	0.0717612276038459	9.25797033240438	155.68152961316153	4.093813445414787	0.9905385058835402	43.534691102595154	1879.0333226973537	-0.04341288711442112
2.9588478260869566	9.461538461538462	2.6382616049936614	0.007774343826351846	2.6382616049936614	0.00777434382635185	2.887242778627787	0.07132241221080761	9.261400203296432	156.13324256679107	4.098149396704601	0.9906500745925348	43.61407638632936	1883.388726548244	-0.04341288711442112
2.9630627090301003	9.461538461538462	2.6404884951757066	0.007571727037205481	2.6404884951757066	0.007571727037205478	2.890295187070358	0.07088353739621453	9.264808416111594	156.5861679429118	4.102492715804138	0.990760184070828	43.69355669570679	1887.7517926705134	-0.04341288711442112
2.9672775919732444	9.461538461538462	2.6427017869912897	0.0073736588998479635	2.642701786991289	0.007373658899847975	2.8933565699875863	0.07044463174851372	9.268194276327613	157.0402798968652	4.106842931624421	0.9908688534090562	43.77312849091872	1892.1221484220318	-0.04341288711442112
2.971492474916388	9.461538461538462	2.6449014245986504	0.007180075678723499	2.6449014245986504	0.0071800756787235055	2.89642656787933	0.07000572359017701	9.271557101943264	157.4955526106369	4.111199575751637	0.9909761014603358	43.85278823971045	1896.499421081778	-0.04341288711442112
2.975707357859532	9.461538461538462	2.6470873625437044	0.006990912572611321	2.647087362543705	0.006990912572611307	2.8995048239473116	0.06956684097309702	9.274896223806833	157.95196030700896	4.115562182763746	0.9910819468456785	43.93253242010738	1900.8832381722439	-0.04341288711442112
2.9799222408026758	9.461538461538462	2.6492595653776703	0.0068061038289485174	2.6492595653776707	0.006806103828948511	2.9025909842432687	0.06912801167465503	9.278210985921964	158.40947726309852	4.119930290529604	0.9911864079590246	44.012357523006074	1905.2732277670507	-0.04341288711442112
2.9841371237458194	9.461538461538462	2.651418007270211	0.006625582855535294	2.6514180072702116	0.006625582855535282	2.9056846978069157	0.0686892631944636	9.281500745730389	158.86807782324857	4.124303440490103	0.9912895029719144	44.092260054625804	1909.6690187831925	-0.04341288711442112
2.988352006688963	9.461538461538462	2.6535626716196328	0.006449282329409385	2.6535626716196328	0.006449282329409384	2.9087856167940025	0.06825062275175962	9.28476487437241	159.32773641128475	4.128681177921868	0.9913912498378257	44.1722365388244	1914.070241258326	-0.04341288711442112
2.992566889632107	9.461538461538462	2.655693550661396	0.006277134302703967	2.655693550661396	0.0062771343027039584	2.911893396594437	0.067812117283434	9.288002756925241	159.78842754212516	4.133063052183405	0.9914916662961952	44.25228351927737	1918.476526612929	-0.04341288711442112
2.996781772575251	9.461538461538462	2.6578106450761694	0.006109070305325806	2.65781064507617	0.0061090703053257945	2.9150076959404876	0.06737377344268582	9.291213792619542	160.25012583273818	4.137448616943862	0.9915907698761508	44.33239756152079	1922.887507897359	-0.04341288711442112
3.000996655518395	9.461538461538462	2.659913963598683	0.0059450214443093315	2.659913963598684	0.0059450214443093	2.9181281770053284	0.06693561759827733	9.294397395034903	160.7128060124575	4.141837430394746	0.9916885778999707	44.412575254860606	1927.3028200240665	-0.04341288711442112
3.0052115384615385	9.461538461538462	2.6620035226284267	0.00578491849972748	2.662003522628426	0.005784918499727489	2.921254505491973	0.06649767583436972	9.297552992274513	161.1764429326512	4.146229055444793	0.9917851074862939	44.49281321414926	1931.7220999850265	-0.04341288711442112
3.009426421404682	9.461538461538462	2.6640793458432426	0.005628692017058808	2.6640793458432426	0.0056286920170588095	2.92438635071278	0.06605997395092299	9.300680027119725	161.64101157574947	4.1506230598982725	0.9918803755530989	44.573108081431634	1936.14498705457	-0.04341288711442112
3.0136413043478263	9.461538461538462	2.666141463816803	0.0054762723959302945	2.666141463816803	0.005476272395930286	2.9275233856597733	0.06562253746463383	9.303777957165117	162.1064870636422	4.155019016617159	0.99197439882047	44.65345652746329	1940.571122977916	-0.04341288711442112
3.01785618729097	9.461538461538462	2.6681899136407963	0.005327589975175478	2.6681899136407967	0.005327589975175467	2.9306652870659335	0.06518539161038892	9.306846254934571	162.57284466544974	4.159416503667427	0.9920671938131678	44.733855253102554	1945.0001521455547	-0.04341288711442112
3.022071070234114	9.461538461538462	2.6702247385526845	0.005182575114164321	2.6702247385526845	0.005182575114164322	2.9338117354577187	0.06474856134321301	9.309884407979125	163.04005980467934	4.163815104449962	0.9921587768630222	44.81430099058019	1949.431721753841	-0.04341288711442112
3.0262859531772577	9.461538461538462	2.6722459875697417	0.0050411582703788135	2.6722459875697417	0.00504115827037882	2.9369624151990967	0.06431207134068355	9.312891918957314	163.5081080657813	4.168214407816524	0.9922491641111635	44.89479050464968	1953.8654819521398	-0.04341288711442112
3.0305008361204013	9.461538461538462	2.6742537151300265	0.004903270073224768	2.674253715130026	0.004903270073224769	2.940117014527286	0.06387594600578986	9.315868305698524	163.97696520011218	4.172614008171119	0.9923383715101041	44.97532059362051	1958.301085976718	-0.04341288711442112
3.034715719063545	9.461538461538462	2.676247980740895	0.004768841394084196	2.676247980740895	0.00476884139408419	2.9432752255805363	0.0634402094702111	9.318813101250267	164.44660713132376	4.177013505557347	0.9924264148256892	45.05588809027879	1962.738190271891	-0.04341288711442112
3.038930602006689	9.461538461538462	2.6782288486355763	0.004637803412627281	2.678228848635576	0.004637803412627297	2.9464367444182087	0.06300488559798793	9.321725853909935	164.91700996019136	4.18141250573216	0.992513309638926	45.136489862698376	1967.1764545986805	-0.04341288711442112
3.0431454849498327	9.461538461538462	2.680196387438265	0.004510087679415452	2.6801963874382646	0.004510087679415456	2.9496012710334907	0.06256999798956163	9.324606127241953	165.38814996889914	4.185810620226601	0.9925990713477075	45.21712281494638	1971.6155421314947	-0.04341288711442112
3.047360367892977	9.461538461538462	2.6821506698381135	0.004385626174838881	2.6821506698381135	0.004385626174838875	2.952768509358981	0.062135569986157005	9.327453500080818	165.86000362479626	4.1902074663939235	0.9926837151684388	45.29778388768655	1976.05511954308	-0.04341288711442112
3.0515752508361205	9.461538461538462	2.6840917722724793	0.004264351364441922	2.6840917722724793	0.004264351364441928	2.955938167265526	0.061701624674481995	9.33026756652096	166.33254758364538	4.1946026674457	0.9927672561375802	45.378470058684606	1980.4948570782692	-0.04341288711442112
3.055790133779264	9.461538461538462	2.6860197746196928	0.00414619625070023	2.6860197746196928	0.0041461962507002344	2.959109956554588	0.06126818489172002	9.333047935894076	166.80575869238064	4.198995852476464	0.9928497091131162	45.45917834321973	1984.9344286169417	-0.04341288711442112
3.060005016722408	9.461538461538462	2.687934759901556	0.004031094421321422	2.6879347599015566	0.004031094421321417	2.962283592944446	0.06083527323079053	9.335794232734605	167.27961399139204	4.203386656477295	0.9929310887759594	45.539905794405506	1989.3735117265396	-0.04341288711442112
3.064219899665552	9.461538461538462	2.689836813995776	0.003918980094148513	2.689836813995776	0.003918980094148506	2.9654587960505867	0.06040291204585154	9.338506096734143	167.75409071635886	4.207774720339028	0.9930114096312984	45.620649503425035	1993.8117877046782	-0.04341288711442112
3.068434782608696	9.461538461538462	2.6917260253584288	0.003809788158752535	2.6917260253584283	0.003809788158752534	2.968635289360587	0.059971123458021115	9.341183182685489	168.22916629965079	4.212159690845522	0.9930906860098998	45.701406599684006	1998.2489416122144	-0.04341288711442112
3.0726496655518396	9.461538461538462	2.6936024847565347	0.00370345421480641	2.6936024847565347	0.0037034542148064067	2.971812800203769	0.05953992936129508	9.343825160416863	168.70481837131317	4.216541220657524	0.9931689320693677	45.78217425088534	2002.6846622972312	-0.04341288711442112
3.0768645484949833	9.461538461538462	2.6954662850108067	0.0035999146073358535	2.695466285010807	0.0035999146073358666	2.9749910597160043	0.05910935142863518	9.346431714717182	169.1810247596616	4.220918968287683	0.9932461617953724	45.86294966303004	2007.1186424103796	-0.04341288711442112
3.081079431438127	9.461538461538462	2.6973175207485633	0.0034991064589489536	2.6973175207485633	0.0034991064589489514	2.9781698027999637	0.05867941111820585	9.34900254525293	169.65776349150462	4.225292598067266	0.9933223890028505	45.943730080348104	2011.5505784120478	-0.04341288711442112
3.085294314381271	9.461538461538462	2.6991562881667397	0.003400967699147909	2.6991562881667397	0.003400967699147908	2.981348768081054	0.058250129679740206	9.351537366477187	170.13501279200938	4.229661780104954	0.9933976273371861	46.0245127851628	2015.980170571693	-0.04341288711442112
3.0895091973244146	9.461538461538462	2.7009826848049863	0.0033054370908294772	2.7009826848049863	0.0033054370908294777	2.9845276978594466	0.05782152816100827	9.354035907531568	170.61275108423757	4.234026190238356	0.9934718902753736	46.10529509769294	2020.4071229598517	-0.04341288711442112
3.0937240802675587	9.461538461538462	2.702796809328734	0.003212454254082154	2.7027968093287336	0.00321245425408217	2.987706338058445	0.05739362741437028	9.356497912141622	171.0909569883686	4.238385509978734	0.9935451911271729	46.18607437579701	2024.8311434332763	-0.04341288711442112
3.0979389632107024	9.461538461538462	2.704598761322084	0.00312195968739049	2.7045987613220843	0.0031219596873904845	2.9908844381694597	0.0569664481033938	9.358923138506139	171.5696093206259	4.242739426449266	0.9936175430362542	46.266848014661804	2029.2519436134692	-0.04341288711442112
3.102153846153846	9.461538461538462	2.7063886410904248	0.0030338947863556526	2.706388641090425	0.003033894786355647	2.99406175119393	0.05654001070951511	9.361311359181105	172.04868709193238	4.247087632317544	0.9936889589813427	46.347613446440896	2033.6692388592112	-0.04341288711442112
3.10636872909699	9.461538461538462	2.7081665494725615	0.0029482018600437243	2.708166549472562	0.0029482018600437195	2.9972380335824163	0.0561143355387253	9.363662360958632	172.52816950630702	4.251429825722532	0.9937594517773627	46.428368139844785	2038.0827482333073	-0.04341288711442112
3.110583612040134	9.461538461538462	2.709932587662242	0.0028648241450705907	2.709932587662242	0.0028648241450705894	3.0004130451712223	0.05568944272825993	9.365975944741557	173.0080359590304	4.255765710196699	0.9938290340765848	46.5091095996883	2042.492194464154	-0.04341288711442112
3.114798494983278	9.461538461538462	2.711686857038811	0.00278370581753371	2.711686857038811	0.002783705817533708	3.003586549116697	0.05526535225328131	9.368251925414013	173.48826603458724	4.260094994583482	0.9938977183697802	46.58983536639626	2046.8973039022674	-0.04341288711442112
3.1190133779264215	9.461538461538462	2.713429459006807	0.002704792002898395	2.713429459006807	0.0027047920028983913	3.006758311827524	0.05484208393353066	9.370490131708415	173.9688395044085	4.264417392950653	0.9939655169873818	46.670543015472404	2051.297806472304	-0.04341288711442112
3.123228260869565	9.461538461538462	2.715160494844342	0.002628028783944585	2.7151604948443424	0.002628028783944579	3.009928102895345	0.05441965743993159	9.37269040606954	174.4497363244382	4.26873262450011	0.9940324421006569	46.751230156935286	2055.6934356210227	-0.04341288711442112
3.127443143812709	9.461538461538462	2.7168800655599017	0.002553363206880226	2.716880065559902	0.0025533632068802195	3.013095695023735	0.05399809230113927	9.374852604515688	174.93093663252435	4.273040413474136	0.9940985057228912	46.83189443472145	2060.083928261229	-0.04341288711442112
3.131658026755853	9.461538461538462	2.718588271757469	0.0024807432857222415	2.718588271757469	0.0024807432857222433	3.016260863956012	0.05357740791000668	9.376976596497691	175.41242074567083	4.277340489058918	0.9941637197105861	46.912533526062745	2064.4690247124363	-0.04341288711442112
3.1358729096989966	9.461538461538462	2.720285213509613	0.0024101180050468355	2.720285213509613	0.0024101180050468364	3.019423388401903	0.05315762352996502	9.379062264755808	175.89416915714938	4.281632585285366	0.9942280957646703	46.99314514083727	2068.848468638253	-0.04341288711442112
3.1400877926421407	9.461538461538462	2.721970990238371	0.0023414373212058037	2.721970990238371	0.0023414373212058037	3.0225830499634103	0.05273875830129699	9.38110950517506	176.3761625335	4.285916440927788	0.9942916454317263	47.07372702089928	2073.22200698105	-0.04341288711442112
3.1443026755852843	9.461538461538462	2.723645700603645	0.0022746521621043766	2.723645700603645	0.002274652162104382	3.0257396330600588	0.052320831247292025	9.383118226639192	176.85838171142882	4.290191799400676	0.9943543801052335	47.15427693938931	2077.5893898941026	-0.04341288711442112
3.148517558528428	9.461538461538462	2.7253094423988165	0.0022097144256331912	2.7253094423988165	0.002209714425633194	3.0288929248536314	0.05190386128027302	9.385088350883466	177.34080769461556	4.294458408653868	0.9944163110268265	47.23479270002726	2081.950370671476	-0.04341288711442112
3.152732441471572	9.461538461538462	2.7269623124534257	0.0021465769768425685	2.726962312453426	0.0021465769768425663	3.032042715172762	0.05148786720747716	9.387019812346757	177.82342165045495	4.298716021066576	0.9944774492875711	47.31527213639215	2086.3047056761266	-0.04341288711442112
3.1569473244147157	9.461538461538462	2.728604406542542	0.00208519364394666	2.728604406542542	0.0020851936439466594	3.0351887964373696	0.05107286773678578	9.388912558022918	178.30620490673206	4.302964393340335	0.9945378058292554	47.39571311118885	2090.6521542662363	-0.04341288711442112
3.16116220735786	9.461538461538462	2.730235819302696	0.0020255192132391676	2.730235819302696	0.0020255192132391706	3.038330963583309	0.050658881482285256	9.390766547311916	178.7891389482612	4.307203286391423	0.9945973914456995	47.4761135155067	2094.9924787203586	-0.04341288711442112
3.1653770903010034	9.461538461538462	2.731856644154014	0.0019675094230017735	2.731856644154014	0.0019675094230017696	3.041469013987229	0.05024592696965427	9.392581751870615	179.27220541348447	4.31143246524279	0.9946562167840792	47.55647126806988	2099.3254441613535	-0.04341288711442112
3.169591973244147	9.461538461538462	2.733466973228383	0.001911120956481346	2.733466973228383	0.0019111209564813393	3.0446027473919015	0.04983402264136627	9.394358155463602	179.75538609105317	4.315651698915856	0.994714292346268	47.63678431448285	2103.6508184795143	-0.04341288711442112
3.1738068561872907	9.461538461538462	2.735066897303368	0.0018563114340097212	2.735066897303368	0.0018563114340097193	3.047731965832156	0.049423186861693606	9.3960957538141	180.238662916401	4.319860760322436	0.9947716284901931	47.71705062647277	2107.968372255103	-0.04341288711442112
3.178021739130435	9.461538461538462	2.7366565057416796	0.001803039404336265	2.7366565057416796	0.0018030394043362687	3.0508564735615726	0.04901343792151005	9.397794554455194	180.72201796832144	4.324059426157045	0.9948282354312074	47.79726820113099	2112.2778786805616	-0.04341288711442112
3.1822366220735785	9.461538461538462	2.738235886435914	0.0017512643352407828	2.738235886435914	0.001751264335240788	3.053976076980033	0.048604794042879505	9.3994545765813	181.20543346555542	4.328247476789676	0.9948841232434761	47.877435060154674	2116.5791134824995	-0.04341288711442112
3.1864515050167226	9.461538461538462	2.7398051257583695	0.001700946603490591	2.7398051257583695	0.001700946603490592	3.057090584562302	0.04819727338342493	9.401075850900167	181.68889176340645	4.332424696159426	0.9949393018613769	47.957549249091436	2120.871854843814	-0.04341288711442112
3.1906663879598662	9.461538461538462	2.741364308515719	0.0016520474842027719	2.741364308515719	0.0016520474842027747	3.060199806787762	0.04779089404046791	9.402658419485341	182.17237535038817	4.3365908716690305	0.9949937810809131	48.03760883658744	2125.155883326018	-0.04341288711442112
3.19488127090301	9.461538461538462	2.742913517908333	0.0016045291396696423	2.742913517908333	0.0016045291396696438	3.063303556071442	0.04738567405493252	9.404202335629327	182.65586684491996	4.340745794080683	0.9950475705611403	48.11761191364254	2129.430981792169	-0.04341288711442112
3.199096153846154	9.461538461538462	2.7444528354939814	0.0015583546077027144	2.7444528354939814	0.001558354607702712	3.066401646696346	0.04698163141500975	9.4057076636972	183.13934899206788	4.344889257413001	0.9951006798256034	48.19755659287084	2133.6969353302416	-0.04341288711442112
3.2033110367892976	9.461538461538462	2.7459823411558038	0.001513487789546847	2.7459823411558038	0.001513487789546851	3.0694938947473323	0.046578784059571256	9.40717447898096	183.62280466035202	4.349021058839639	0.9951531182637846	48.27744100777125	2137.95353117749	-0.04341288711442112
3.2075259197324417	9.461538461538462	2.747502113074329	0.0014698934374138186	2.7475021130743285	0.0014698934374138249	3.0725801180466203	0.04617714988132747	9.408602867554691	184.10621683862857	4.35314099858961	0.9952048951325627	48.35726331200856	2142.2005586458226	-0.04341288711442112
3.2117408026755854	9.461538461538462	2.749012227703269	0.0014275371416825721	2.7490122277032687	0.0014275371416825754	3.075660136090877	0.04577674672972988	9.409992926130116	184.5895686330381	4.357248879849238	0.9952560195576793	48.4370216787042	2146.437809048178	-0.04341288711442112
3.215955685618729	9.461538461538462	2.7505127597490553	0.001386385317809064	2.7505127597490553	0.0013863853178090629	3.078733769990186	0.04537759241360465	9.411344761913053	185.07284326405028	4.3613445086662805	0.9953065005352143	48.51671429974149	2150.665075626414	-0.04341288711442112
3.220170568561873	9.461538461538462	2.752003782153807	0.0013464051929877932	2.752003782153807	0.0013464051929877891	3.0818008424088177	0.04497970470351913	9.412658492460386	185.55602406359384	4.365427693855992	0.9953563469330688	48.59633938508358	2154.882153480511	-0.04341288711442112
3.2243854515050168	9.461538461538462	2.753485366081665	0.00130756479260315	2.753485366081665	0.0013075647926031463	3.084861177508001	0.04458310133387141	9.413934245537714	186.03909447229069	4.369498246909495	0.9954055674924532	48.67589516210691	2159.0888394994718	-0.04341288711442112
3.2286003344481604	9.461538461538462	2.754957580908256	0.0012698329265076619	2.754957580908256	0.0012698329265076625	3.0879146008906715	0.04418780000470472	9.415172158977512	186.52203803679225	4.3735559819044445	0.9954541708293813	48.75537987495048	2163.284932293914	-0.04341288711442112
3.2328152173913045	9.461538461538462	2.756420494213194	0.001233179175160551	2.7564204942131934	0.0012331791751605528	3.090960939548359	0.043793818383236795	9.416372380537844	187.00483840722964	4.37760071541816	0.9955021654361687	48.83479178388226	2167.470232130555	-0.04341288711442112
3.237030100334448	9.461538461538462	2.757874171775432	0.0011975738756590164	2.757874171775432	0.0011975738756590155	3.094000021810225	0.04340117410510654	9.417535067761541	187.4874793347811	4.38163226644332	0.9955495596829347	48.9141291646837	2171.644540868685	-0.04341288711442112
3.241244983277592	9.461538461538462	2.7593186775713243	0.001162988107691776	2.759318677571324	0.0011629881076917765	3.0970316772942974	0.04300988477533176	9.418660387835661	187.96994466935905	4.385650456306209	0.9955963618191059	48.99339030805246	2175.8076618986793	-0.04341288711442112
3.245459866220736	9.461538461538462	2.760754073775317	0.0011293936794423845	2.7607540737753173	0.0011293936794423837	3.10005573686107	0.042619967968974444	9.419748517451447	188.4522183574313	4.389655108587882	0.9956425799749233	49.072573519026164	2179.9594000828633	-0.04341288711442112
3.2496747491638796	9.461538461538462	2.7621804207630536	0.0010967631134685394	2.7621804207630536	0.0010967631134685427	3.103072032569363	0.04223144123151454	9.420799642664276	188.9342844399676	4.393646049047923	0.9956882221629477	49.15167711642498	2184.0995616984983	-0.04341288711442112
3.2538896321070236	9.461538461538462	2.76359777711686	0.0010650696325808099	2.7635977771168605	0.0010650696325808057	3.106080397634637	0.041844322078927985	9.421813958753956	189.4161270505292	4.3976231055513	0.9957332962795671	49.23069943231701	2188.227954383366	-0.04341288711442112
3.2581045150501673	9.461538461538462	2.7650061996334303	0.0010342871457432936	2.7650061996334303	0.001034287145743295	3.109080666389717	0.041458627997467856	9.422791670084912	189.89773041349517	4.401586107998045	0.9957778101065019	49.30963881150468	2192.3443870837336	-0.04341288711442112
3.262319397993311	9.461538461538462	2.7664057433336375	0.0010043902340164288	2.7664057433336375	0.0010043902340164282	3.1120726742480134	0.041074376443147056	9.423732989966386	190.37907884243597	4.4055348882560414	0.995821771312309	49.38849361103413	2196.448670004957	-0.04341288711442112
3.266534280936455	9.461538461538462	2.7677964614743513	0.0009753541365609259	2.7677964614743518	0.0009753541365609246	3.115056257669261	0.040691584840922966	9.424638140512446	190.86015673863403	4.409469280096851	0.9958651874538826	49.46726219972757	2200.5406145647326	-0.04341288711442112
3.2707491638795987	9.461538461538462	2.7691784055621698	0.0009471547367200883	2.76917840556217	0.0009471547367200853	3.1180312541278234	0.04031027058358151	9.425507352501727	191.3409485897562	4.413389119134735	0.9959080659779525	49.54594295773975	2204.6200333491297	-0.04341288711442112
3.274964046822743	9.461538461538462	2.7705516253689635	0.0009197685481964551	2.7705516253689635	0.0009197685481964539	3.1209975020835885	0.03993045103032233	9.426340865236817	191.82143896868126	4.417294242768827	0.995950414222577	49.624534276138405	2208.6867400714027	-0.04341288711442112
3.2791789297658864	9.461538461538462	2.7719161689491516	0.0008931727013373204	2.771916168949152	0.0008931727013373198	3.1239548409554807	0.039552143505043325	9.427138926403108	192.30161253248335	4.421184490128566	0.9959922394186331	49.703034556509884	2212.7405495337207	-0.04341288711442112
3.28339381270903	9.461538461538462	2.7732720826586026	0.0008673449295423405	2.7732720826586026	0.0008673449295423406	3.1269031110975956	0.03917536529432843	9.427901791927033	192.78145402157324	4.425059702022362	0.9960335486912982	49.781442210589304	2216.7812775917846	-0.04341288711442112
3.2876086956521737	9.461538461538462	2.7746194111751366	0.000842263555805132	2.7746194111751366	0.0008422635558051308	3.1298421537780743	0.03880013364513316	9.428629725833678	193.2609482590071	4.4289197208896685	0.9960743490615285	49.85975565991751	2220.8087411225565	-0.04341288711442112
3.291823578595318	9.461538461538462	2.7759581975204526	0.0008179074794001054	2.775958197520453	0.0008179074794001056	3.1327718111605405	0.03842646576217918	9.429323000103405	193.74008014994808	4.432764390756236	0.9961146474475275	49.93797333552257	2224.8227579948802	-0.04341288711442112
3.2960384615384615	9.461538461538462	2.7772884830835256	0.0007942561627238638	2.777288483083526	0.0007942561627238634	3.1356919262883585	0.03805437880504769	9.42998189452765	194.21883468130275	4.436593557192905	0.9961544506662104	50.01609367762902	2228.8231470433766	-0.04341288711442112
3.3002533444816056	9.461538461538462	2.7786103076453093	0.0007712896183002968	2.7786103076453093	0.0007712896183002942	3.1386023430715104	0.03768388988498472	9.430606696563606	194.6971969215164	4.44040706727763	0.9961937654346572	50.094115135392705	2232.8097280453294	-0.04341288711442112
3.304468227424749	9.461538461538462	2.7799237094047213	0.0007489883959571349	2.7799237094047218	0.0007489883959571329	3.1415029062762128	0.037315016061413644	9.431197701187676	195.17515202053616	4.444204769560955	0.9962325983715584	50.17203616666275	2236.78232170081	-0.04341288711442112
3.308683110367893	9.461538461538462	2.78122872500586	0.0007273335701806914	2.78122872500586	0.0007273335701806909	3.144393461517268	0.036947774338160426	9.43175521074775	195.6526852099438	4.447986514034929	0.9962709559986522	50.24985523777102	2240.740749616045	-0.04341288711442112
3.312897993311037	9.461538461538462	2.7825253895663646	0.0007063067276551739	2.782525389566364	0.0007063067276551756	3.147273855253116	0.03658218165939492	9.432279534813993	196.12978180325405	4.451752152105388	0.9963088447421502	50.32757082334837	2244.6848342899616	-0.04341288711442112
3.3171128762541806	9.461538461538462	2.7838137367068554	0.0006858899549917697	2.7838137367068554	0.0006858899549917693	3.1501439347835696	0.03621825490529239	9.432770990028109	196.60642719637798	4.455501536567606	0.9963462709341543	50.405181406168076	2248.614399103974	-0.04341288711442112
3.3213277591973247	9.461538461538462	2.7850937985814657	0.0006660658266518937	2.785093798581465	0.0006660658266518949	3.1530035482503123	0.03585601088741828	9.433229899951106	197.08260686825963	4.459234521585481	0.9963832408140616	50.482685477017625	2252.5292683151447	-0.04341288711442112
3.3255426421404684	9.461538461538462	2.7863656059093067	0.0006468173930688821	2.7863656059093063	0.0006468173930688835	3.155852544640018	0.03549546634384231	9.433656594909232	197.55830638167208	4.462950962673945	0.9964197605299591	50.56008153459677	2256.4292670524796	-0.04341288711442112
3.329757525083612	9.461538461538462	2.7876291880069326	0.0006281281689709252	2.787629188006933	0.0006281281689709233	3.1586907737902163	0.03513663793398458	9.434051411838212	198.0335113841866	4.466650716684938	0.9964558361400059	50.63736808544451	2260.3142213166816	-0.04341288711442112
3.3339724080267557	9.461538461538462	2.788884572821656	0.0006099821219083386	2.7888845728216562	0.0006099821219083368	3.161518086397741	0.03477954223320389	9.434414694125492	198.50820760929952	4.4703336417965875	0.9964914736138036	50.714543643892334	2264.1839579830403	-0.04341288711442112
3.3381872909698997	9.461538461538462	2.790131786965735	0.0005923636609869265	2.7901317869657354	0.0005923636609869253	3.1643343340298653	0.03442419572712902	9.43474679145062	198.98238087772754	4.47399959750583	0.9965266788337549	50.791606732045636	2268.038304807718	-0.04341288711442112
3.3424021739130434	9.461538461538462	2.7913708557513686	0.0005752576258092427	2.791370855751368	0.0005752576258092434	3.1671393691380225	0.03407061480574254	9.435048059623494	199.45601709886267	4.477648444624334	0.9965614575964072	50.868555879792524	2271.8770904372877	-0.04341288711442112
3.3466170568561875	9.461538461538462	2.792601803226432	0.0005586492756248	2.792601803226432	0.0005586492756248007	3.169933045074081	0.03371881575722511	9.435318860420512	199.9291022723852	4.48128004527764	0.9965958156137865	50.945389624839166	2275.7001444214843	-0.04341288711442112
3.350831939799331	9.461538461538462	2.793824652210962	0.0005425242786898836	2.793824652210962	0.0005425242786898821	3.172715216109197	0.03336881476156383	9.435559561418568	200.4016224900377	4.484894262907664	0.9966297585147138	51.02210651277312	2279.507297229309	-0.04341288711442112
3.355046822742475	9.461538461538462	2.795039424334295	0.0005268687018373107	2.795039424334295	0.0005268687018373102	3.1754857374551193	0.03302062788393698	9.435770535826729	200.87356393754925	4.4884909622782825	0.996663291846111	51.09870509715264	2283.2983802682425	-0.04341288711442112
3.359261705685619	9.461538461538462	2.7962461400728698	0.000511669000255959	2.7962461400728693	0.0005116690002559593	3.1782444652879973	0.032674271067880525	9.43595216231572	201.3449128967156	4.492070009484179	0.996696421074291	51.175183939623004	2287.073225906738	-0.04341288711442112
3.3634765886287625	9.461538461538462	2.7974448187886054	0.0004969120074797172	2.7974448187886054	0.0004969120074797182	3.1809912567745493	0.03232976012824731	9.436104824844978	201.81565574762408	4.4956312719627105	0.9967291515862335	51.251541610058794	2290.8316674997986	-0.04341288711442112
3.3676914715719066	9.461538461538462	2.798635478767865	0.00048258492558501617	2.7986354787678653	0.000482584925585016	3.1837259701006144	0.031987110743966915	9.436228912487376	202.28577897102625	4.499174618508898	0.9967614886908467	51.3277766867322	2294.5735394177186	-0.04341288711442112
3.3719063545150503	9.461538461538462	2.7998181372609316	0.0004686753155959459	2.7998181372609316	0.00046867531559594694	3.186448464502001	0.03164633845061721	9.436324819251576	202.75526915085084	4.502699919293366	0.9967934376202136	51.4038877565068	2298.2986770778657	-0.04341288711442112
3.376121237458194	9.461538461538462	2.800992810521987	0.000455171088095606	2.8009928105219872	0.00045517108809560604	3.1891586002975867	0.0313074586328162	9.436392943901964	203.22411297685557	4.506207045883242	0.9968250035308239	51.47987341505645	2302.006916979511	-0.04341288711442112
3.3803361204013376	9.461538461538462	2.8021595138495026	0.00044206049404228514	2.8021595138495026	0.00044206049404228444	3.1918562389245295	0.030970486516448886	9.43643368977606	203.69229724740572	4.509695871265817	0.9968561915047904	51.55573226710815	2305.698096741494	-0.04341288711442112
3.3845510033444817	9.461538461538462	2.8033182616271084	0.00042933211578844143	2.8033182616271084	0.000429332115788442	3.1945412429757054	0.030635437160734476	9.436447464599743	204.15980887239178	4.51316626987517	0.9968870065510492	51.63146292671022	2309.372055143	-0.04341288711442112
3.3887658862876253	9.461538461538462	2.8044690673647694	0.00041697485830083554	2.8044690673647694	0.0004169748583008358	3.197213476239057	0.03030232545015197	9.43643468029982	204.62663487625903	4.516618117621274	0.9969174536065454	51.70706401752238	2313.028632166892	-0.04341288711442112
3.3929807692307694	9.461538461538462	2.805611943740358	0.00040497794057940624	2.805611943740358	0.00040497794057940613	3.1998728037389967	0.029971166086230978	9.436395752814406	205.0927624011634	4.520051291921895	0.9969475375374022	51.78253417313005	2316.667669046008	-0.04341288711442112
3.397195652173913	9.461538461538462	2.8067469026414806	0.0003933308872728292	2.8067469026414806	0.0003933308872728284	3.202519091779606	0.029641973579226082	9.43633110190082	205.5581787102335	4.523465671736881	0.9969772631400751	51.857872037379714	2320.2890083119446	-0.04341288711442112
3.4014105351170567	9.461538461538462	2.8078739552076204	0.0003820235204880851	2.80787395520762	0.000382023520488086	3.205152207989724	0.02931476223968001	9.4362411509413	206.02287119094632	4.526861137605019	0.9970066351424886	51.93307626473703	2323.8924938465784	-0.04341288711442112
3.405625418060201	9.461538461538462	2.808993111872462	0.000371045951791709	2.808993111872462	0.00037104595179170857	3.207772021369659	0.02898954616989771	9.43612632674637	206.48682735859748	4.530237571683103	0.9970356582051584	52.0081455206645	2327.477970935926	-0.04341288711442112
3.4098403010033445	9.461538461538462	2.8101043824064247	0.00036038857439988254	2.8101043824064247	0.0003603885743998833	3.210378402339539	0.02866633925533929	9.435987059356018	206.95003485986734	4.533594857787269	0.9970643369222962	52.08307848201974	2331.0452863264272	-0.04341288711442112
3.4140551839464885	9.461538461538462	2.8112077759593608	0.00035004205555463165	2.811207775959361	0.0003500420555546305	3.2129712227892284	0.028345155155946593	9.435823781838867	207.4124814764799	4.536932881436513	0.9970926758228988	52.15787383747305	2334.594288283574	-0.04341288711442112
3.418270066889632	9.461538461538462	2.8123033011033396	0.00033999732908334394	2.81230330110334	0.00033999732908334416	3.215550356129583	0.028026007297421864	9.435636930089155	207.8741551289345	4.540251529898138	0.9971206793718204	52.23253028794305	2338.124826652612	-0.04341288711442112
3.422484949832776	9.461538461538462	2.813390965875532	0.00033024558813858043	2.813390965875532	0.00033024558813858016	3.218115677345103	0.027708908862467282	9.435426942621929	208.3350438803196	4.543550692235147	0.9971483519708291	52.307046547049644	2341.636752921353	-0.04341288711442112
3.4266998327759195	9.461538461538462	2.8144707778210885	0.0003207782781153002	2.8144707778210885	0.0003207782781153001	3.2206670630477094	0.027393872782007157	9.435194260366242	208.79513594018567	4.546830259355328	0.9971756979596461	52.3814213415833	2345.1299202848377	-0.04341288711442112
3.4309147157190636	9.461538461538462	2.815542744036079	0.0003115870897423015	2.8155427440360787	0.00031158708974230115	3.2232043915317297	0.027080911726400786	9.434939326456831	209.25441966848638	4.550090124062164	0.9972027216169698	52.45565341199073	2348.604183711971	-0.04341288711442112
3.4351295986622072	9.461538461538462	2.816606871210306	0.0003026639523450006	2.8166068712103054	0.00030266395234500185	3.2257275428297523	0.026770038096669918	9.43466258602398	209.71288357956132	4.553330181107028	0.9972294271614812	52.529741512873514	2352.059400013605	-0.04341288711442112
3.4393444816053513	9.461538461538462	2.817663165670097	0.00029400102727623954	2.817663165670097	0.00029400102727623905	3.2282363987694658	0.026461264015747804	9.434364485982115	210.17051634617243	4.556550327242983	0.9972558187528353	52.60368441350161	2355.495427912373	-0.04341288711442112
3.443559364548495	9.461538461538462	2.8187116334209343	0.0002855907015121159	2.8187116334209343	0.0002855907015121154	3.2307308430311763	0.026154601319773898	9.434045474816964	210.62730680356918	4.559750461279716	0.9972819004926337	52.67748089833834	2358.9121281138086	-0.04341288711442112
3.4477742474916386	9.461538461538462	2.8197522801899155	0.0002774255814096298	2.8197522801899155	0.0002774255814096302	3.2332107612059895	0.02585006154944427	9.433706002371556	211.08324395358386	4.562930484139597	0.9973076764253825	52.75112976757641	2362.3093633787103	-0.04341288711442112
3.4519891304347827	9.461538461538462	2.8207851114680196	0.00026949848662296877	2.8207851114680196	0.0002694984866229696	3.2356760408545178	0.025547655941437288	9.43334651963131	211.53831696874812	4.56609029891479	0.9973331505394325	52.82462983768499	2365.6869985967237	-0.04341288711442112
3.4562040133779264	9.461538461538462	2.8218101325521032	0.00026180244417528596	2.8218101325521032	0.00026180244417528645	3.238126571565953	0.025247395419929625	9.432967478508187	211.99251519641751	4.569229810925113	0.9973583267679036	52.89797994196447	2369.0449008607607	-0.04341288711442112
3.4604188963210705	9.461538461538462	2.8228273485866064	0.0002543306826828103	2.8228273485866064	0.0002543306826828107	3.2405622450174163	0.024949290588219125	9.432569331624254	212.4458281629003	4.572348927776648	0.9973832089895927	52.971178931109854	2372.3829395423186	-0.04341288711442112
3.464633779264214	9.461538461538462	2.8238367646049167	0.00024707662672809606	2.823836764604917	0.0002470766267280956	3.242982955033439	0.024653351720470288	9.432152532094745	212.89824557757987	4.575447559420862	0.9974078010298646	53.04422567377998	2375.7009863673898	-0.04341288711442112
3.4688486622073578	9.461538461538462	2.8248383855703483	0.00024003389137930247	2.8248383855703483	0.00024003389137930247	3.245388597645444	0.024359588753599972	9.431717533310882	213.3497573370214	4.578525618214124	0.997432106661528	53.117119057172204	2378.9989154928808	-0.04341288711442112
3.4730635451505014	9.461538461538462	2.825832216416709	0.00023319627685233765	2.825832216416709	0.0002331962768523372	3.247779071151128	0.02406801127931695	9.431264788722626	213.8003535290583	4.581583018977502	0.9974561296056942	53.18985798760126	2382.276603583374	-0.04341288711442112
3.4772784280936455	9.461538461538462	2.82681826208837	0.00022655776331280446	2.82681826208837	0.00022655776331280446	3.250154276173543	0.023778628536334268	9.430794751621491	214.25002443684045	4.584619679056578	0.9974798735326192	53.2624413910802	2385.5339298880017	-0.04341288711442112
3.481493311036789	9.461538461538462	2.8277965275798604	0.0002201125058146029	2.82779652757986	0.00022011250581460345	3.252514115719853	0.023491449402767286	9.430307874923841	214.6987605428484	4.587635518381286	0.997503342062532	53.33486821390328	2388.7707763173803	-0.04341288711442112
3.4857081939799333	9.461538461538462	2.8287670179748834	0.0002138548293721932	2.8287670179748834	0.00021385482937219272	3.2548584952395396	0.023206482388735114	9.429804610954658	215.14655253285446	4.590630459525496	0.997526538766444	53.40713742322887	2391.987027520335	-0.04341288711442112
3.489923076923077	9.461538461538462	2.8297297384847355	0.00020777922416346107	2.8297297384847355	0.00020777922416346102	3.257187322681957	0.022923735629179747	9.429285411232092	215.59339129982374	4.593604427766217	0.9975494671669455	53.47924800766071	2395.1825709602804	-0.04341288711442112
3.4941379598662206	9.461538461538462	2.8306846944861017	0.00020188034086019894	2.8306846944861017	0.00020188034086019834	3.2595005085531463	0.022643216876917224	9.428750726253119	216.03926794775307	4.596557351142322	0.997572130738984	53.551198977827084	2398.35729699111	-0.04341288711442112
3.4983528428093646	9.461538461538462	2.831631891558154	0.00019615298608325246	2.831631891558154	0.00019615298608325246	3.2617979659717116	0.022364933495937253	9.428201005280345	216.48417379543002	4.599489160512579	0.9975945329106286	53.62298936695602	2401.5110989324094	-0.04341288711442112
3.5025677257525083	9.461538461538462	2.832571335518945	0.0001905921179794217	2.8325713355189452	0.0001905921179794216	3.264079610723708	0.02208889245496274	9.427636696130383	216.9281003801119	4.602399789612881	0.9976166770638188	53.69461823144531	2404.643873143824	-0.04341288711442112
3.5067826086956524	9.461538461538462	2.833503032461023	0.00018519284191721946	2.833503032461023	0.0001851928419172196	3.2663453613163314	0.021815100321286182	9.427058244963877	217.37103946110977	4.605289175112493	0.9976385665350973	53.766084651426155	2407.755519098406	-0.04341288711442112
3.510997491638796	9.461538461538462	2.834426988786259	0.00017995040629868327	2.834426988786259	0.0001799504062986834	3.268595139030369	0.021543563254893143	9.426466096077526	217.8129830232743	4.608157256669207	0.9976602046163281	53.837387731319076	2410.845939454806	-0.04341288711442112
3.5152123745819397	9.461538461538462	2.8353432112398247	0.00017486019848442485	2.8353432112398242	0.00017486019848442474	3.270828867971228	0.02127428700288732	9.425860691698258	218.2539232803727	4.611003976983223	0.9976815945554	53.908526600380796	2413.915040128117	-0.04341288711442112
3.5194272575250833	9.461538461538462	2.836251706943289	0.00016991774082918655	2.836251706943289	0.0001699177408291862	3.27304647511845	0.02100727689422962	9.425242471779859	218.69385267834923	4.613829281849614	0.9977027395569147	53.979500413240636	2416.9627303591747	-0.04341288711442112
3.5236421404682274	9.461538461538462	2.8371524834268205	0.0001651186868251836	2.8371524834268205	0.00016511868682518368	3.275247890373611	0.02074253783480056	9.42461187380226	219.132763898465	4.616633120209325	0.9977236427828613	54.05030835042614	2419.988922782308	-0.04341288711442112
3.5278570234113715	9.461538461538462	2.83804554866042	0.00016045881735060136	2.83804554866042	0.0001604588173506016	3.2774330466064803	0.02048007430279939	9.42396933257373	219.5706498603048	4.6194154441984345	0.9977443073532751	54.12094961887525	2422.9935334911715	-0.04341288711442112
3.532071906354515	9.461538461538462	2.838930911084172	0.00015593403702063364	2.838930911084172	0.00015593403702063356	3.2796018796992965	0.02021989034448925	9.42331528003616	220.00750372464728	4.622176209195622	0.9977647363468836	54.19142345243489	2425.976482102647	-0.04341288711442112
3.536286789297659	9.461538461538462	2.8398085796374803	0.00015154037063849207	2.8398085796374803	0.00015154037063849226	3.281754328589114	0.019961989570297562	9.422650145073709	220.44331889618982	4.624915373867726	0.9977849328017369	54.26172911234442	2428.9376918186367	-0.04341288711442112
3.5405016722408025	9.461538461538462	2.8406785637872667	0.00014727395974388228	2.8406785637872667	0.00014727395974388255	3.2838903353081066	0.019706375151280583	9.421974353325082	220.87808902612556	4.6276329002132615	0.9978048997158264	54.33186588770324	2431.877089485625	-0.04341288711442112
3.5447165551839466	9.461538461538462	2.841540873555069	0.00014313105925648815	2.841540873555069	0.00014313105925648813	3.2860098450216855	0.01945304981596085	9.42128832699952	221.31180801455977	4.630328753603711	0.9978246400476882	54.40183309592052	2434.7946056517712	-0.04341288711442112
3.54893143812709	9.461538461538462	2.842395519543062	0.00013910803421204762	2.8423955195430617	0.00013910803421204792	3.288112806064419	0.019202015847543722	9.420592484696899	221.74447001276766	4.633002902822632	0.9978441567169939	54.471630083147524	2437.690174621583	-0.04341288711442112
3.5531463210702343	9.461538461538462	2.8432425129589247	0.00013520135658863947	2.8432425129589247	0.00013520135658863942	3.290199169973602	0.01895327508152	9.41988724123197	222.17606942528198	4.635655320102274	0.9978634526051283	54.54125622468969	2440.563734507838	-0.04341288711442112
3.557361204013378	9.461538461538462	2.844081865639552	0.00013140760222090777	2.844081865639552	0.00013140760222090815	3.2922688915204126	0.018706828903661488	9.419173007463046	222.60660091180657	4.638285981157771	0.9978825305557542	54.61071092539908	2443.4152272807773	-0.04341288711442112
3.5615760869565216	9.461538461538462	2.844913590073613	0.00012772344779989048	2.8449135900736127	0.00012772344779989075	3.294321928738625	0.018462678248410944	9.418450190125345	223.03605938895666	4.640894865218752	0.9979013933753644	54.67999362004567	2446.2445988144264	-0.04341288711442112
3.5657909698996653	9.461538461538462	2.8457376994228727	0.0001241456679563016	2.8457376994228727	0.00012414566795630193	3.296358242950733	0.018220823597674865	9.417719191669077	223.4644400318118	4.64348195505824	0.9979200438338223	54.749103773666135	2449.051798929865	-0.04341288711442112
3.5700058528428094	9.461538461538462	2.846554207542336	0.00012067113242503754	2.846554207542336	0.00012067113242503774	3.2983777987914995	0.017981264980017685	9.416980410102557	223.89173827528808	4.646047237018848	0.9979384846648881	54.81804088189047	2451.8367814354624	-0.04341288711442112
3.5742207357859535	9.461538461538462	2.8473631289991337	0.00011729680328882766	2.8473631289991332	0.0001172968032888278	3.300380564228813	0.017744001970263275	9.416234238840458	224.31794981531792	4.648590701036122	0.9979567185667365	54.8868044712446	2454.5995041638703	-0.04341288711442112
3.578435618729097	9.461538461538462	2.8481644790901637	0.0001140197322989321	2.8481644790901637	0.00011401973229893188	3.302366510581832	0.017509033689503038	9.415481066557355	224.74307060983855	4.651112340658968	0.9979747482024596	54.95539409942868	2457.33992900575	-0.04341288711442112
3.5826505016722408	9.461538461538462	2.8489582738584827	0.0001108370582708633	2.848958273858482	0.00011083705827086377	3.3043356125363617	0.01727635880551173	9.41472127704674	225.16709687958544	4.653612153067159	0.9979925762005604	55.02380935557068	2460.058021940148	-0.04341288711442112
3.5868653846153844	9.461538461538462	2.849744530108454	0.0001077460045531205	2.8497445301084534	0.00010774600455312069	3.3062878481574978	0.017045975533568444	9.413955249085737	225.5900251086946	4.656090139085898	0.9980102051554348	55.09204986045528	2462.7537530615355	-0.04341288711442112
3.5910802675585285	9.461538461538462	2.8505232654195485	0.0001047438765670891	2.8505232654195485	0.00010474387656708938	3.3082231988992885	0.01681788163768773	9.413183356305296	226.0118520450922	4.658546303197106	0.9980276376278426	55.1601152667246	2465.4270966031113	-0.04341288711442112
3.595295150501672	9.461538461538462	2.851294498158955	0.00010182805941608903	2.851294498158955	0.00010182805941608925	3.310141649611709	0.01659207443224987	9.412405967066537	226.43257470070117	4.6609806535478935	0.998044876145368	55.228005259055145	2468.0780309568786	-0.04341288711442112
3.5995100334448162	9.461538461538462	2.852058247492853	0.00009899601556182512	2.852058247492853	0.00009899601556182514	3.3120431885446604	0.016368550784033896	9.411623444342817	226.85219035143584	4.663393201955712	0.9980619232028701	55.29571955430603	2470.7065386898876	-0.04341288711442112
3.60372491638796	9.461538461538462	2.852814533396419	0.00009624528256640308	2.852814533396419	0.00009624528256640332	3.313927807349112	0.016147307114647718	9.41083614560799	227.27069653699954	4.665783963910447	0.9980787812629236	55.363257901640985	2473.3126065569977	-0.04341288711442112
3.6079397993311035	9.461538461538462	2.8535633766625614	0.00009357347089814018	2.8535633766625614	0.0000935734708981402	3.3157955010753515	0.01592833940334927	9.410044422730683	227.6880910604807	4.668152958573309	0.9980954527562487	55.430620082622596	2475.8962255099	-0.04341288711442112
3.612154682274247	9.461538461538462	2.8543047989093666	0.00009097826179947898	2.8543047989093666	0.00009097826179947882	3.317646268168346	0.01571164319025484	9.409248621874859	228.10437198774815	4.670500208772565	0.9981119400821331	55.49780591127904	2478.457390702513	-0.04341288711442112
3.6163695652173913	9.461538461538462	2.8550388225863075	0.00008845740521530991	2.855038822586308	0.00008845740521531003	3.3194801104602485	0.015497213579927218	9.408449083406635	228.51953764664958	4.672825740996144	0.9981282456088442	55.56481523414356	2480.9961014927226	-0.04341288711442112
3.6205844481605354	9.461538461538462	2.855765470979144	0.0000860087177801022	2.8557654709791445	0.0000860087177801022	3.3212970331599614	0.015285045245338998	9.4076461418073	228.93358662600443	4.675129585380943	0.9981443716740317	55.63164793026484	2483.5123614403024	-0.04341288711442112
3.624799331103679	9.461538461538462	2.856484768213638	0.00008363008086220193	2.856484768213638	0.00008363008086220212	3.323097044839969	0.015075132432198168	9.406840125592863	229.34651777441144	4.6774117756991735	0.9981603205851232	55.69830391119152	2486.006178301355	-0.04341288711442112
3.6290142140468227	9.461538461538462	2.857196739257981	0.00008131943866380129	2.8571967392579807	0.00008131943866380134	3.324880157420238	0.014867468963634358	9.406031357239742	229.7583301988505	4.679672349341383	0.99817609461971	55.764783120927184	2488.4775640188805	-0.04341288711442112
3.6332290969899663	9.461538461538462	2.85790140992405	0.0000790747963750216	2.8579014099240503	0.00007907479637502147	3.326646386149423	0.014662048245230683	9.40522015311704	230.16902326310242	4.681911347296542	0.9981916960259255	55.831085535859124	2490.926534709862	-0.04341288711442112
3.6374439799331104	9.461538461538462	2.8585988068674206	0.00007689421838067238	2.8585988068674206	0.00007689421838067226	3.328395749583238	0.014458863270395568	9.404406823424974	230.57859658597084	4.684128814128899	0.9982071270228161	55.89721116465839	2493.3531106485934	-0.04341288711442112
3.641658862876254	9.461538461538462	2.859288957586244	0.0000747758265182161	2.8592889575862435	0.00007477582651821634	3.3301282695602117	0.014257906626061013	9.40359167213986	230.98705003932795	4.686324797951951	0.9982223898007039	55.96316004815396	2495.7573162465264	-0.04341288711442112
3.645873745819398	9.461538461538462	2.8599718904189326	0.00007271779838556986	2.859971890418932	0.00007271779838556967	3.331843971174716	0.01405917049869949	9.402774996965283	231.3943837459705	4.688499350399351	0.9982374865215426	56.02893225917916	2498.139180028552	-0.04341288711442112
3.650088628762542	9.461538461538462	2.8606476345407397	0.00007071836569734965	2.8606476345407397	0.00007071836569734976	3.3335428827474467	0.013862646680644991	9.401957089289638	231.8005980773037	4.6906525265929435	0.9982524193192668	56.09452790239208	2500.4987346058056	-0.04341288711442112
3.6543035117056855	9.461538461538462	2.861316219959199	0.00006877581268826714	2.861316219959199	0.00006877581268826695	3.3352250357933153	0.013668326576709439	9.40113823414984	232.20569365084663	4.692784385107847	0.9982671903001331	56.15994711406921	2502.8360166449734	-0.04341288711442112
3.658518394648829	9.461538461538462	2.8619776775085195	0.00006688847456234144	2.8619776775085195	0.00006688847456234129	3.336890464986916	0.013476201211079262	9.400318710201324	232.6096713275741	4.694894987934863	0.9982818015430568	56.22519006187447	2505.1510668343894	-0.04341288711442112
3.662733277591973	9.461538461538462	2.862632038842896	0.00006505473598669934	2.862632038842896	0.00006505473598669943	3.3385392081255394	0.013286261234481138	9.399498789694025	233.0125322090898	4.696984400440044	0.9982962550999407	56.290256944602085	2507.443929846688	-0.04341288711442112
3.6669481605351173	9.461538461538462	2.863279336428815	0.0000632730296287216	2.863279336428815	0.00006327302962872167	3.3401713060898772	0.013098496931603603	9.398678738454494	233.41427763464316	4.699052691321666	0.9983105529959985	56.35514799189548	2509.7146542983496	-0.04341288711442112
3.671163043478261	9.461538461538462	2.8639196035363685	0.00006154183473533798	2.863919603536369	0.00006154183473533802	3.341786802802469	0.012912898228760399	9.397858815873919	233.81490917799337	4.701099932564641	0.9983246972300724	56.419863463942214	2511.963292706106	-0.04341288711442112
3.6753779264214046	9.461538461538462	2.8645528742295974	0.000059859675753317205	2.864552874229598	0.00005985967575331716	3.343385745183938	0.01272945470178259	9.397039274901928	234.21442864412208	4.703126199392368	0.998338689774946	56.4844036511451	2514.1899014402475	-0.04341288711442112
3.6795928093645482	9.461538461538462	2.865179183355938	0.00005822512098940054	2.865179183355938	0.00005822512098940052	3.3449681831072064	0.012548155584124785	9.396220362046275	234.61283806581133	4.705131570216326	0.9983525325776498	56.54876887377167	2516.3945406751286	-0.04341288711442112
3.6838076923076923	9.461538461538462	2.865798566534745	0.000056636781309202345	2.8657985665347447	0.000056636781309202406	3.346534169349612	0.012368989775172612	9.395402317377977	235.01013970007793	4.707116126583208	0.998366227559764	56.6129594815806	2518.5772743366765	-0.04341288711442112
3.688022575250836	9.461538461538462	2.8664110601449724	0.000055093308873779746	2.866411060144972	0.00005509330887377991	3.348083759543139	0.01219194584873639	9.394585374541972	235.40633602448008	4.709079953119907	0.998379776617715	56.676975853427365	2520.738170047223	-0.04341288711442112
3.69223745819398	9.461538461538462	2.867016701312082	0.00005359339591281884	2.8670167013120826	0.00005359339591281889	3.3496170121229025	0.012017012061714627	9.393769760773322	235.80142973331	4.711023137476528	0.9983931816230677	56.74081839685085	2522.877299067855	-0.04341288711442112
3.6964523411371237	9.461538461538462	2.8676155278940874	0.00005213577353346469	2.867615527894088	0.000052135773533464714	3.3511339882737334	0.011844176362918613	9.392955696918293	236.19542373365266	4.712945770267124	0.998406444422813	56.80448754763769	2524.994736237949	-0.04341288711442112
3.7006672240802674	9.461538461538462	2.868207578466942	0.000050719210563737636	2.8682075784669423	0.00005071921056373751	3.352634751875292	0.011673426402036228	9.392143397460833	236.58832114135208	4.714847945008798	0.9984195668396518	56.86798376937079	2527.090559912598	-0.04341288711442112
3.704882107023411	9.461538461538462	2.8687928923091772	0.00004934251242962808	2.868792892309177	0.00004934251242962809	3.35411936944554	0.011504749538726728	9.391333070553785	236.98012527686285	4.716729758058867	0.9984325506722744	56.93130755295823	2529.1648518976044	-0.04341288711442112
3.709096989966555	9.461538461538462	2.8693715093858945	0.00004800452006489691	2.869371509385894	0.00004800452006489697	3.355587910082805	0.011338132851828536	9.390524918054911	237.3708396610102	4.718591308550384	0.9984453976956353	56.994459416145965	2531.2176973823407	-0.04341288711442112
3.713311872909699	9.461538461538462	2.8699434703321343	0.00004670410885267992	2.8699434703321347	0.00004670410885267979	3.3570404454064993	0.011173563148667449	9.389719135567537	237.7604680106589	4.720432698326095	0.9984581096612263	57.05743990301421	2533.249184870585	-0.04341288711442112
3.717526755852843	9.461538461538462	2.8705088164356463	0.00004544018759800898	2.8705088164356463	0.000045440187598009086	3.3584770494965626	0.011011026974450458	9.38891591248554	238.14901423429714	4.7222540318708806	0.9984706882973433	57.12024958345857	2535.259406109388	-0.04341288711442112
3.7217416387959865	9.461538461538462	2.8710675896191646	0.000044211697530361265	2.8710675896191646	0.00004421169753036133	3.3598977988318572	0.01085051062172983	9.3881154320428	238.53648242755298	4.724055416242994	0.9984831353093527	57.18288905265811	2537.248456016301	-0.04341288711442112
3.72595652173913	9.461538461538462	2.871619832422101	0.00004301761133543658	2.8716198324221014	0.00004301761133543663	3.36130277222737	0.010692000139927847	9.387317871366465	238.9228768686279	4.725836961003838	0.9984954523799519	57.245358930528184	2539.216432604702	-0.04341288711442112
3.7301714046822743	9.461538461538462	2.87216558798185	0.00004185693221529385	2.87216558798185	0.00004185693221529391	3.3626920507706077	0.010535481344902927	9.386523401534369	239.30820201368124	4.727598778146843	0.9985076411694284	57.30765986116298	2541.1634369078142	-0.04341288711442112
3.734386287625418	9.461538461538462	2.872704900014636	0.000040728692976079535	2.872704900014636	0.00004072869297607965	3.3640657177570876	0.010380939828547892	9.385732187636092	239.69246249215297	4.729340982025198	0.9985197033159152	57.36979251226558	2543.0895729011995	-0.04341288711442112
3.738601170568562	9.461538461538462	2.8732378127959546	0.00003963195514256663	2.8732378127959546	0.00003963195514256673	3.365423858625052	0.010228360968406498	9.384944388837496	240.07566310203495	4.73106368927868	0.9985316404356439	57.43175757456753	2544.9949474239343	-0.04341288711442112
3.7428160535117057	9.461538461538462	2.873764371140729	0.00003856580809872987	2.873764371140729	0.00003856580809872977	3.366766560889632	0.010077729937293122	9.384160158448843	240.4578088051101	4.732767018759828	0.998543454123194	57.493555761240096	2546.87967009879	-0.04341288711442112
3.7470309364548493	9.461538461538462	2.874284620383083	0.00003752936825364832	2.8742846203830834	0.000037529368253648325	3.368093914076341	0.009929031712907304	9.38337964399586	240.83890472214355	4.7344510914592375	0.9985551459517416	57.55518780729536	2548.7438532511687	-0.04341288711442112
3.751245819397993	9.461538461538462	2.8747986063558986	0.0000365217782319981	2.8747986063558986	0.00003652177823199804	3.36940600965419	0.009782251087427052	9.382602987293991	241.2189561280542	4.736116030430436	0.998566717473303	57.616654468981	2550.5876118272913	-0.04341288711442112
3.755460702341137	9.461538461538462	2.875306375370123	0.00003554220608844203	2.8753063753701227	0.00003554220608844211	3.3707029409684393	0.0096373726770709	9.381830324525424	241.59796844706077	4.737761960714262	0.9985781702189784	57.677956523168	2552.411063311562	-0.04341288711442112
3.759675585284281	9.461538461538462	2.8758079741938816	0.000034589844545247155	2.8758079741938816	0.00003458984454524704	3.37198480317305	0.009494380931618024	9.381061786318783	241.97594724781155	4.7393890092628626	0.998589505699192	57.739094766732656	2554.214327643265	-0.04341288711442112
3.763890468227425	9.461538461538462	2.876303450031409	0.00003366391025246228	2.876303450031409	0.00003366391025246228	3.3732516931629473	0.009353260143874378	9.380297497831204	242.35289823850135	4.740997304863417	0.9986007254039299	57.80007001593337	2555.9975271326753	-0.04341288711442112
3.7681053511705684	9.461538461538462	2.8767928505018885	0.00003276364307001192	2.8767928505018885	0.00003276364307001196	3.3745037095062287	0.009213994459074133	9.379537578832812	242.72882726198822	4.7425869780617536	0.9986118308029762	57.86088310578396	2557.7607863768285	-0.04341288711442112
3.772320234113712	9.461538461538462	2.8772762236181766	0.00003188830537108685	2.8772762236181766	0.00003188830537108694	3.3757409523763484	0.009076567884207297	9.378782143793288	243.10374029091085	4.744158161085902	0.9986228233461478	57.9215348894238	2559.50423217493	-0.04341288711442112
3.776535117056856	9.461538461538462	2.8777536177654817	0.00003103718136621897	2.877753617765481	0.00003103718136621895	3.3769635234843767	0.008940964297262769	9.378031301970333	243.47764342281175	4.745710987769674	0.9986337044635254	57.98202623748561	2561.227993443601	-0.04341288711442112
3.78075	9.461538461538462	2.8782250816799877	0.00003020957644745657	2.8782250816799877	0.000030209576447456637	3.3781715260113887	0.008807167456378998	9.377285157499896	243.85054287527169	4.747245593476336	0.9986444755656844	58.04235803746153	2562.9322011319587	-0.04341288711442112