2.5205	9.424749163879598	2.397440008383627	0.052411037149565486	2.3974400083836276	0.05241103714956546	2.6764752827611735	0.11153746548575615	8.924477387900621	118.84230832005636	3.7368505682857274	0.9641058603595867	36.14135841410082	1480.7378647309886	-0.04341288711442112
2.524714882943144	9.424749163879598	2.3990207251755957	0.05188841714600555	2.3990207251755957	0.05188841714600559	2.677136833945302	0.11125502512656596	8.926616012095138	119.09465665165523	3.7397144230489725	0.9646587658264061	36.20987893078898	1484.521688271103	-0.04341288711442112
2.528929765886288	9.424749163879598	2.400628950441319	0.05136400576422877	2.400628950441319	0.051364005764228816	2.6778277449437478	0.11096965522296973	8.928785584490111	119.34897669752512	3.742561464104495	0.9651988679126015	36.27814963034675	1488.2641717793238	-0.04341288711442112
2.5331446488294316	9.424749163879598	2.402264406187666	0.05083791603726942	2.402264406187666	0.05083791603726945	2.67854790056496	0.1106814003044793	8.930985961850073	119.60527033069197	3.7453936521909363	0.9657266504743265	36.346191663244575	1491.9679221575257	-0.04341288711442112
2.5373595317725752	9.424749163879598	2.4039268172050186	0.05031026008891119	2.4039268172050186	0.05031026008891115	2.679297196711857	0.11039030271698702	8.933217007606281	119.86354005228755	3.74821286237274	0.9662425718523945	36.41402519631043	1495.6354323350204	-0.04341288711442112
2.5415744147157193	9.424749163879598	2.405615910139818	0.04978114930446059	2.405615910139818	0.049781149304460606	2.680075539454002	0.11009640278487828	8.935478590833304	120.12378894024198	3.7510208890223735	0.96674706656406	36.48166947479729	1499.2690880126574	-0.04341288711442112
2.545789297658863	9.424749163879598	2.4073314126226077	0.049250694487211075	2.4073314126226077	0.049250694487211095	2.680882844159134	0.1097997389613752	8.937770585278944	120.38602060101678	3.7538194504037676	0.9672405468586487	36.5491428793603	1502.8711738838497	-0.04341288711442112
2.550004180602007	9.424749163879598	2.409073052447104	0.048719006001607654	2.4090730524471033	0.04871900600160773	2.6817190346782493	0.10950034796819595	8.940092868442106	120.6502391240665	3.7566101928919724	0.9677234041498417	36.616462978409324	1506.4438793781524	-0.04341288711442112
2.5542190635451507	9.424749163879598	2.410840556796285	0.048186193904010806	2.410840556796285	0.04818619390401087	2.68258404257898	0.10919826492550543	8.94244532069383	120.91644903874294	3.759394694860457	0.968196010336052	36.68364657625311	1509.9893039684514	-0.04341288711442112
2.5584339464882944	9.424749163879598	2.4126336515121163	0.047652368061837334	2.4126336515121163	0.04765236806183736	2.6834778064226454	0.1088935234730264	8.944827824437269	121.18465527339264	3.7621744702644313	0.9686587190191304	36.75070975740909	1513.5094620787982	-0.04341288711442112
2.5626488294314385	9.424749163879598	2.4144520604058433	0.0471176382617739	2.414452060405843	0.04711763826177389	2.6844002710807495	0.10858615588309452	8.947240263302737	121.45486311641757	3.7649509719455305	0.96911186663056	36.81766792741285	1517.0062876260654	-0.04341288711442112
2.566863712374582	9.424749163879598	2.416295504606376	0.046582114307654646	2.416295504606376	0.04658211430765464	2.685351387087305	0.10827619316634977	8.94968252137473	121.72707817910499	3.7677255946811106	0.969555773473371	36.884535850430254	1520.4816382256931	-0.04341288711442112
2.5710785953177258	9.424749163879598	2.418163701944399	0.046045906108545656	2.4181637019443984	0.046045906108545705	2.686331110023473	0.10796366517070803	8.95215448244759	122.0013063600324	3.7704996779987185	0.9699907446871651	36.951327683941884	1523.9372990885647	-0.04341288711442112
2.57529347826087	9.424749163879598	2.4200563663704213	0.0455091237574844	2.4200563663704204	0.045509123757484504	2.6873393999316773	0.10764860067416505	8.954656029307568	122.27755381089759	3.7732745087748043	0.9704170711429057	37.01805701074641	1527.3749866337876	-0.04341288711442112
2.5795083612040135	9.424749163879598	2.4219732074050695	0.044971877601287485	2.4219732074050695	0.0449718776012875	2.6883762207563926	0.10733102747195392	8.957187043038665	122.55582690361798	3.77605132363466	0.970835030273476	37.08473686850301	1530.7963518397057	-0.04341288711442112
2.583723244147157	9.424749163879598	2.4239139296203724	0.04443427830176517	2.423913929620372	0.0444342783017652	2.689441539809305	0.10701097245850534	8.959747402350505	122.8361321985777	3.778831311169245	0.971244886845415	37.151379777014434	1534.2029833535048	-0.04341288711442112
2.5879381270903012	9.424749163879598	2.4258782321507972	0.04389643688866129	2.4258782321507972	0.04389643688866132	2.69053532725657	0.1066884617046356	8.962336982926185	123.11847641389586	3.781615613982932	0.971646893676733	37.2179977634311	1537.5964103778301	-0.04341288711442112
2.592153010033445	9.424749163879598	2.427865808233294	0.0433584648045686	2.4278658082332942	0.04335846480456855	2.691657555626386	0.10636352053032556	8.964955656788893	123.40286639562281	3.7844053305853085	0.9720412923052388	37.284602385543096	1540.9781053514719	-0.04341288711442112
2.596367892976589	9.424749163879598	2.4298763447755105	0.04282047394205831	2.4298763447755105	0.04282047394205834	2.6928081993350235	0.10603617357343502	8.967603291685611	123.68930908876078	3.7872015171385884	0.9724283136113931	37.35120475330801	1544.349486439282	-0.04341288711442112
2.6005827759197326	9.424749163879598	2.4319095219517353	0.04228257667321808	2.431909521951735	0.042282576673218074	2.693987234229873	0.10570644485465433	8.970279750487071	123.97781150903334	3.790005189071682	0.9728081783993396	37.41781554875369	1547.7119198456303	-0.04341288711442112
2.6047976588628763	9.424749163879598	2.4339650128262074	0.04174488587176471	2.4339650128262074	0.0417448858717647	2.695194637148177	0.10537435783896158	8.972984890602978	124.26838071533224	3.7928173225707984	0.9731810979394279	37.48444504437985	1551.066721964249	-0.04341288711442112
2.6090125418060204	9.424749163879598	2.436042483003483	0.04120751492789202	2.436042483003483	0.04120751492789204	2.6964303854901175	0.10503993549384513	8.975718563411531	124.56102378276857	3.795638855955601	0.973547274475241	37.551103120172556	1554.4151613762438	-0.04341288711442112
2.613227424749164	9.424749163879598	2.4381415903058516	0.040670577755972624	2.438141590305852	0.04067057775597255	2.697694456805351	0.10470320034450277	8.978480613702907	124.85574777628307	3.798470690949497	0.9739069016978809	37.61779927933723	1557.758460707291	-0.04341288711442112
2.6174423076923077	9.424749163879598	2.440261984477752	0.04013418879523354	2.4402619844777518	0.040134188795233575	2.698986828391965	0.1043641745262246	8.981270879136012	125.15255972475948	3.80131369385172	0.9742601651900138	37.6845426628457	1561.0977983539742	-0.04341288711442112
2.6216571906354518	9.424749163879598	2.442403306917326	0.0395984630035075	2.4424033069173254	0.03959846300350761	2.700307476907104	0.10402287983414	8.984089189708339	125.4514665956036	3.8041686966184467	0.9746072428419671	37.75134206288602	1564.4343100885771	-0.04341288711442112
2.6258720735785954	9.424749163879598	2.44456519043529	0.03906351584415129	2.44456519043529	0.039063515844151304	2.7016563779885563	0.10367933777049018	8.986935367238594	125.75247526975097	3.8070364978596194	0.9749483052419683	37.818205935296575	1567.7690905508766	-0.04341288711442112
2.6300869565217395	9.424749163879598	2.446747259041399	0.03852946326621851	2.4467472590413992	0.038529463266218485	2.703033505886714	0.10333356958957358	8.989809224862105	126.05559251707588	3.809917863757653	0.9752835160424423	37.8851424110596	1571.1031946348703	-0.04341288711442112
2.634301839464883	9.424749163879598	2.4489491277588296	0.037996421677969815	2.448949127758829	0.037996421677969835	2.704438833106438	0.1029855963404943	8.992710566538982	126.36082497217839	3.8128135289138485	0.9756130323041202	37.952159306924116	1574.437638777824	-0.04341288711442112
2.638516722408027	9.424749163879598	2.451170402466849	0.03746450791380299	2.451170402466849	0.03746450791380301	2.705872330058382	0.10263543890783408	8.99563918657516	126.66817911052948	3.8157241971278677	0.9759370048195681	38.01926413522232	1577.7734021584656	-0.04341288711442112
2.642731605351171	9.424749163879598	2.4534106797722077	0.03693383919468429	2.453410679772208	0.03693383919468423	2.7073339647195223	0.10228311805034696	8.998594869156602	126.97766122496597	3.8186505421153814	0.9762555784176133	38.08646411294019	1581.111427810738	-0.04341288711442112
2.6469464882943146	9.424749163879598	2.4556695469096637	0.03640453308217143	2.4556695469096637	0.036404533082171446	2.7088237023025905	0.10192865443777695	9.001577387896887	127.28927740252281	3.821593208168582	0.9765688922500235	38.15376617009731	1584.4526236590332	-0.04341288711442112
2.651161371237458	9.424749163879598	2.457946581672124	0.03587670742611822	2.457946581672124	0.03587670742611821	2.7103415049342914	0.10157206868587602	9.004586505398699	127.60303350160281	3.824552810764095	0.9768770800616878	38.221176957489014	1587.7978634805565	-0.04341288711442112
2.6553762541806023	9.424749163879598	2.460241352370863	0.035350480306163196	2.460241352370863	0.035350480306163196	2.711887331342199	0.1012133813896969	9.007621972829615	127.91893512948442	3.82752993712249	0.9771802704454476	38.28870285383915	1591.147987800013	-0.04341288711442112
2.659591137123746	9.424749163879598	2.4625534178262094	0.034825969967119494	2.4625534178262094	0.034825969967119494	2.7134611365502366	0.10085261315523138	9.010683529512741	128.23698762016852	3.830525146723301	0.9774785870826348	38.35634997240887	1594.5038047215007	-0.04341288711442112
2.6638060200668896	9.424749163879598	2.464882327389225	0.03430329474838032	2.464882327389225	0.0343032947483803	2.7150628715828575	0.10048978462944022	9.01377090253288	128.55719601257982	3.8335389717794683	0.9777721489702926	38.42412416710508	1597.8660907023404	-0.04341288711442112
2.6680209030100337	9.424749163879598	2.46722762099471	0.033782573007487306	2.46722762099471	0.03378257300748731	2.7166924831779244	0.10012491652873437	9.016883806358843	128.87956502912954	3.8365719176747226	0.9780610706359811	38.492031038128914	1601.2355912731566	-0.04341288711442112
2.6722357859531773	9.424749163879598	2.469588829245908	0.03326392303801269	2.4695888292459074	0.03326392303801271	2.718349913508427	0.09975802966594573	9.020021942482662	129.20409905465667	3.839624463367273	0.9783454623409957	38.560075937201354	1604.6130217083153	-0.04341288711442112
2.6764506688963214	9.424749163879598	2.471965473531254	0.032747462981924255	2.471965473531254	0.032747462981924276	2.7200350999132614	0.09938914497582374	9.02318499907654	129.53080211577011	3.8426970617632366	0.9786254302727692	38.628263972404	1607.9990676507764	-0.04341288711442112
2.680665551839465	9.424749163879598	2.47435706617336	0.03223331073662916	2.4743570661733596	0.03223331073662918	2.721747974637178	0.09901828353909456	9.0263726506682	129.85967786060684	3.845790140062679	0.9789010767271644	38.69660001266672	1611.3943856948738	-0.04341288711442112
2.6848804347826087	9.424749163879598	2.476763110610452	0.03172158385690191	2.4767631106104515	0.031721583856901936	2.7234884645802415	0.09864546660510633	9.029584557835689	130.19072953903628	3.848904100081471	0.9791725002813196	38.765088691936704	1614.7996039307739	-0.04341288711442112
2.689095317725753	9.424749163879598	2.4791831016103356	0.031212399451930974	2.4791831016103356	0.031212399451930994	2.725256491057027	0.09827071561308474	9.032820366922335	130.5239599833352	3.8520393185516624	0.9794397959576482	38.83373441305806	1618.215322453828	-0.04341288711442112
2.6933102006688965	9.424749163879598	2.4816165255168943	0.030705874077736166	2.481616525516894	0.030705874077736197	2.727051969565878	0.0978940522120198	9.036079709772906	130.85937158936238	3.855196147403173	0.9797030553795614	38.90254135139212	1621.6421138421138	-0.04341288711442112
2.69752508361204	9.424749163879598	2.4840628605290265	0.03020212362523295	2.484062860529026	0.030202123625233	2.728874809568582	0.097515498279197	9.03936220349181	131.19696629826643	3.858374914029433	0.9799623669194346	38.97151345820598	1625.0805236052158	-0.04341288711442112
2.7017399665551842	9.424749163879598	2.4865215770117945	0.02970126320424486	2.486521577011794	0.029701263204244863	2.7307249142807675	0.09713507593739187	9.042667450224268	131.53674557875541	3.8615759215394467	0.9802178158393007	39.04065446385571	1628.5310706071673	-0.04341288711442112
2.705954849498328	9.424749163879598	2.4889921378394595	0.029203407023785478	2.48899213783946	0.029203407023785433	2.7326021804734126	0.09675280757073555	9.045995036961312	131.87871040996467	3.864799448998665	0.980469484424718	39.10996788078887	1631.9942474662973	-0.04341288711442112
2.7101697324414715	9.424749163879598	2.49147399876998	0.02870866826895578	2.49147399876998	0.02870866826895578	2.7345064982858887	0.09636871583926218	9.049344535369695	132.22286126496098	3.8680457516611297	0.9807174521122355	39.179457006392255	1635.4705209348301	-0.04341288711442112
2.7143846153846156	9.424749163879598	2.493966608850367	0.028217158974827277	2.493966608850367	0.028217158974827277	2.736437751050897	0.09598282369214511	9.052715501647485	132.56919809491654	3.871315061194929	0.9809617956108321	39.249124925705566	1638.9603322605956	-0.04341288711442112
2.7185994983277593	9.424749163879598	2.4964694108521615	0.02772898989770475	2.4964694108521615	0.02772898989770476	2.7383958151316543	0.09559515437963495	9.056107476406119	132.9177203139883	3.8746075859031723	0.9812025890176989	39.31897451402422	1642.4640975334205	-0.04341288711442112
2.7228143812709034	9.424749163879598	2.498981841736212	0.02724427038417987	2.498981841736212	0.027244270384179856	2.7403805597717943	0.095205731463699	9.059519984579945	133.26842678494424	3.8779235109425048	0.9814399039286907	39.389008439411796	1645.982208018503	-0.04341288711442112
2.727029264214047	9.424749163879598	2.5015033331457253	0.026763108238414646	2.5015033331457257	0.026763108238414636	2.7423918469583324	0.09481457882737451	9.062952535363934	133.62131580557178	3.8812629985411053	0.9816738095437597	39.45922916514187	1649.5150304790288	-0.04341288711442112
2.7312441471571907	9.424749163879598	2.5040333119264533	0.026285609588106735	2.504033311926453	0.026285609588106728	2.7444295312980844	0.09442172068283912	9.066404622180318	133.97638509590615	3.884626188217953	0.9819043727676574	39.52963895208785	1653.0629074900958	-0.04341288711442112
2.7354590301003348	9.424749163879598	2.5065712006727026	0.0258118787496131	2.5065712006727026	0.025811878749613108	2.7464934599078883	0.09402718157820886	9.06987572267481	134.3336317863139	3.888013197005141	0.9821316583061719	39.6002398610789	1656.6261577460284	-0.04341288711442112
2.7396739130434784	9.424749163879598	2.509116418297769	0.025342018092719003	2.5091164182977685	0.025342018092719024	2.748583472319025	0.09363098640306808	9.073365298743147	134.69305240647182	3.8914241196749035	0.9823557287581499	39.67103375523862	1660.205076362998	-0.04341288711442112
2.743888795986622	9.424749163879598	2.5116683806271416	0.02487612790556027	2.511668380627141	0.02487612790556028	2.7506994003960816	0.0932331603927466	9.076872796588303	135.0546428752692	3.894859028972786	0.9825766447035322	39.742022302321885	1663.7999351786898	-0.04341288711442112
2.748103678929766	9.424749163879598	2.5142265010128404	0.02441430626021034	2.5142265010128413	0.024414306260210236	2.752841068270677	0.09283372913134653	9.080397646809095	135.41839849167513	3.898317975858556	0.9827944647876174	39.81320697706561	1667.410983050857	-0.04341288711442112
2.75231856187291	9.424749163879598	2.516790190966941	0.023956648879463062	2.516790190966941	0.023956648879463045	2.755008292290167	0.09243271855354111	9.083939264520255	135.78431392659246	3.901800989756011	0.9830092458017524	39.88458906356594	1671.0384461562123	-0.04341288711442112
2.7565334448160534	9.424749163879598	2.5193588608123627	0.023503249005340343	2.5193588608123636	0.023503249005340277	2.7572008809817303	0.09203015494515025	9.087497049504618	136.15238321573884	3.905308078813065	0.9832210427606354	39.95616965769599	1674.6825282913112	-0.04341288711442112
2.7607483277591975	9.424749163879598	2.521931920348783	0.023054197269861194	2.521931920348783	0.02305419726986118	2.7594186350319156	0.09162606494251571	9.09107038639732	136.5225997535736	3.9088392301731383	0.9834299089764016	40.027949669575214	1678.343411176729	-0.04341288711442112
2.764963210702341	9.424749163879598	2.524508779531423	0.02260958156861322	2.524508779531423	0.022609581568613216	2.761661347281826	0.09122047553069405	9.094658644902182	136.89495628829624	3.912394410258816	0.9836358961296522	40.099929826100826	1682.0212547657939	-0.04341288711442112
2.7691780936454853	9.424749163879598	2.5270888491604677	0.022169486937653738	2.5270888491604677	0.02216948693765373	2.7639288027381355	0.09081341404048317	9.098261180040403	137.26944491794484	3.915973565068834	0.9838390543375736	40.17211067355251	1685.716197559187	-0.04341288711442112
2.773392976588629	9.424749163879598	2.5296715415785904	0.021733995434277974	2.5296715415785904	0.021733995434277953	2.7662207785998785	0.09040490814431568	9.101877332431172	137.64605708760217	3.9195766204889217	0.984039432219286	40.24449258027719	1689.4283569262914	-0.04341288711442112
2.7776078595317726	9.424749163879598	2.5322562713741985	0.021303186022164806	2.5322562713741985	0.021303186022164793	2.7685370443011577	0.0899949858510359	9.105506428604212	138.02478358773493	3.923203482617399	0.9842370769585473	40.31707573946334	1693.1578294344317	-0.04341288711442112
2.7818227424749167	9.424749163879598	2.5348424560877536	0.020877134461413982	2.534842456087754	0.02087713446141393	2.770877361569619	0.0895836754995984	9.109147781343657	138.40561455366995	3.9268540381058505	0.9844320343639327	40.38986017201011	1696.9046911866737	-0.04341288711442112
2.7860376254180603	9.424749163879598	2.537429516918653	0.020455913203957787	2.537429516918653	0.020455913203957808	2.7732414845007405	0.08917100575171157	9.112800690062999	138.78853946622206	3.9305281545154904	0.9846243489265997	40.46284572949803	1700.668998169082	-0.04341288711442112
2.790252508361204	9.424749163879598	2.540016879429943	0.0200395912948237	2.540016879429943	0.020039591294823706	2.7756291596476297	0.08875700558347337	9.116464441210269	139.17354715346968	3.9342256806893205	0.9848140638757417	40.53603209726473	1704.4507866078893	-0.04341288711442112
2.794467391304348	9.424749163879598	2.5426039742482964	0.019628234279689155	2.542603974248297	0.01962823427968912	2.7780401261262924	0.08834170427602409	9.120138308702927	139.56062579368609	3.9379464471404155	0.9850012212318253	40.60941879759009	1708.2500733372176	-0.04341288711442112
2.7986822742474917	9.424749163879598	2.5451902377565756	0.019221904119151735	2.545190237756576	0.019221904119151693	2.7804741157360344	0.08792513140526596	9.123821554391514	139.9497629194178	3.9416902664563294	0.9851858618577012	40.683005192993136	1712.06685617767	-0.04341288711442112
2.8028971571906354	9.424749163879598	2.547775112776315	0.018820659110106407	2.547775112776315	0.01882065911010638	2.782930853094662	0.087507316830693	9.12751342855104	140.34094542269955	3.9454569337195053	0.9853680255076706	40.75679048964136	1715.9011143260593	-0.04341288711442112
2.8071120401337795	9.424749163879598	2.5503580492376225	0.018424553814583387	2.550358049237622	0.01842455381458342	2.7854100557882226	0.08708829068337096	9.131213170399235	140.73415956140107	3.949246226943657	0.9855477508745862	40.8307737408743	1719.7528087565236	-0.04341288711442112
2.811326923076923	9.424749163879598	2.552938504833872	0.018033638996374557	2.552938504833872	0.018033638996374533	2.787911434534755	0.08666808335312395	9.134920008640243	141.12939096668015	3.9530579075256846	0.9857250756350593	40.904953850839725	1723.6218826329987	-0.04341288711442112
2.815541806020067	9.424749163879598	2.555515945658758	0.017647961565731212	2.555515945658758	0.017647961565731195	2.7904346933616093	0.08624672547497651	9.138633162032573	141.52662465152426	3.9568917207127967	0.9859000364928407	40.979329578241284	1727.508261733044	-0.04341288711442112
2.819756688963211	9.424749163879598	2.55808984682338	0.0172675645323765	2.5580898468233797	0.01726756453237653	2.7929795297958773	0.08582424791490112	9.142351839979993	141.92584502035965	3.960747396084367	0.9860726692204408	41.053899540195715	1731.4118548828937	-0.04341288711442112
2.8239715719063545	9.424749163879598	2.5606596930509995	0.01689248696704065	2.560659693051	0.016892486967040606	2.795545635067249	0.08540068175493232	9.146075243143704	142.32703587969124	3.964624648047855	0.9862430086990467	41.128662216195835	1735.3325544034683	-0.04341288711442112
2.8281864548494986	9.424749163879598	2.563224979247359	0.016522763971677134	2.563224979247359	0.016522763971677103	2.798132694322695	0.08497605827770523	9.149802564074252	142.7301804497414	3.9685231763480346	0.986411088956794	41.2036159521745	1739.270236566897	-0.04341288711442112
2.8324013377926422	9.424749163879598	2.565785211044609	0.01615842665847307	2.5657852110446093	0.016158426658473043	2.80074038685244	0.0845504089504676	9.153532987861789	143.13526137706012	3.9724426665890062	0.9865769432054482	41.27875896466711	1743.2247620634125	-0.04341288711442112
2.836616220735786	9.424749163879598	2.5683399053168516	0.015799502137731743	2.5683399053168516	0.01579950213773175	2.8033683863263077	0.08412376540864012	9.15726569280256	143.54226074805143	3.9763827907677585	0.9867406038755432	41.35408934506395	1747.1959764777455	-0.04341288711442112
2.84083110367893	9.424749163879598	2.5708885906656587	0.015446013514648645	2.5708885906656587	0.015446013514648641	2.8060163610398026	0.08369615943897757	9.160999851080033	143.95116010337938	3.980343207818509	0.986902102650028	41.429605063947434	1751.1837107745873	-0.04341288711442112
2.8450459866220736	9.424749163879598	2.573430807874046	0.015097979894962331	2.5734308078740455	0.015097979894962336	2.8086839741691803	0.08326762296239304	9.16473462945891	144.36194045320892	3.9843235641668833	0.9870614704964668	41.505303975508035	1755.1877817925379	-0.04341288711442112
2.8492608695652173	9.424749163879598	2.575966110327486	0.014755416399417288	2.575966110327486	0.014755416399417284	2.811370884034616	0.08283818801651104	9.168469189990018	144.77458229322602	3.988323494292661	0.9872187376978369	41.58118382202989	1759.207992745609	-0.04341288711442112
2.8534757525083614	9.424749163879598	2.578494064400801	0.014418334186930375	2.5784940644008016	0.014418334186930355	2.814076744370649	0.08240788673801139	9.172202690724166	145.18906562138537	3.992342621300034	0.9873739338819664	41.657242238438656	1763.2441337315777	-0.04341288711442112
2.857690635451505	9.424749163879598	2.581014249809969	0.014086740486309575	2.5810142498099693	0.014086740486309557	2.816801204603097	0.08197675134482532	9.175934286433137	145.6053699553333	3.9963805574942275	0.9875270880496538	41.73347675690301	1767.295982246344	-0.04341288711442112
2.861905518394649	9.424749163879598	2.5835262599280133	0.013760638636333363	2.5835262599280133	0.013760638636333365	2.8195439101314985	0.08154481411824667	9.179663129335792	146.02347435044544	4.000436904963165	0.987678228601509	41.809884811481	1771.3633037033292	-0.04341288711442112
2.8661204013377928	9.424749163879598	2.5860297020644176	0.013440028133958514	2.5860297020644176	0.013440028133958507	2.8223045026162454	0.0811121073850197	9.183388369827385	146.44335741842224	4.0045112561630045	0.9878273833635535	41.886463742801745	1775.4458519570167	-0.04341288711442112
2.8703352842809364	9.424749163879598	2.588524197707626	0.013124904690388822	2.5885241977076254	0.013124904690388831	2.825082620269468	0.08067866349946537	9.187109157210113	146.8649973463792	4.008603194506179	0.987974579611619	41.96321080277297	1779.5433698295967	-0.04341288711442112
2.8745501672240805	9.424749163879598	2.5910093827304626	0.012815260294699416	2.5910093827304626	0.012815260294699413	2.8278778981488357	0.08024451482570133	9.19082464042309	147.28837191637567	4.012712294950752	0.9881198440945816	42.040123159305054	1783.6555896397917	-0.04341288711442112
2.878765050167224	9.424749163879598	2.5934849075584356	0.012511083284682391	2.5934849075584356	0.012511083284682391	2.830689968453337	0.07980969372001663	9.194533968769772	147.71345852531502	4.0168381245897065	0.9882632030564661	42.11719790104154	1787.7822337327552	-0.04341288711442112
2.882979933110368	9.424749163879598	2.595950437301089	0.012212358424548653	2.5959504373010893	0.012212358424548646	2.833518460820142	0.07937423251345754	9.19823629264101	148.14023420515494	4.020980243238863	0.9884046822574569	42.194432042085914	1791.9230150100138	-0.04341288711442112
2.887194816053512	9.424749163879598	2.598405651846791	0.011919066989094673	2.5984056518467904	0.011919066989094694	2.8363630026217312	0.07893816349467302	9.20193076423201	148.56867564336864	4.025138204022238	0.9885443069938533	42.27182252671557	1796.0776374584757	-0.04341288711442112
2.8914096989966556	9.424749163879598	2.6008502459214666	0.011631186853920335	2.6008502459214666	0.011631186853920337	2.839223219262406	0.07850151889307559	9.20561653825142	148.99875920359196	4.029311553953507	0.9886821021169996	42.34936623407296	1800.2457966774239	-0.04341288711442112
2.895624581939799	9.424749163879598	2.603283929111958	0.011348692591265728	2.603283929111958	0.011348692591265735	2.842098734473301	0.07806433086236654	9.209292772620838	149.43046094639385	4.033499834512286	0.9888180920512276	42.427059982823586	1804.4271804024029	-0.04341288711442112
2.8998394648829433	9.424749163879598	2.60570642585489	0.011071555571015754	2.6057064258548897	0.01107155557101577	2.8449891706051766	0.07762663146446686	9.212958629163271	149.86375665011485	4.037702582214147	0.9889523008108452	42.50490053577259	1808.6214690251038	-0.04341288711442112
2.904054347826087	9.424749163879598	2.6081174753920067	0.010799744066412013	2.6081174753920067	0.01079974406641202	2.8478941489181295	0.07718845265390252	9.216613274278895	150.2986218317079	4.041919329173095	0.9890847520162035	42.58288460443003	1812.82833610817	-0.04341288711442112
2.908269230769231	9.424749163879598	2.6105168316930962	0.010533223364000012	2.6105168316930962	0.010533223364000003	2.8508132898674807	0.07674982626268305	9.220255879606752	150.73503176752695	4.046149603655371	0.9892154689088771	42.6610088535155	1817.0474488939146	-0.04341288711442112
2.9124841137123747	9.424749163879598	2.612904263347809	0.010271955877332596	2.6129042633478083	0.010271955877332622	2.8537462133852047	0.07631078398570466	9.223885622671135	151.17296151401095	4.0503929306236675	0.9893444743659918	42.73926990539541	1821.2784688062006	-0.04341288711442112
2.9166989966555183	9.424749163879598	2.615279553427651	0.010015901263951651	2.6152795534276505	0.01001590126395166	2.8566925391561164	0.07587135736671953	9.227501687511289	151.6123859282037	4.0546488322705345	0.9894717909137294	42.81766434444264	1825.5210519443665	-0.04341288711442112
2.9209138795986624	9.424749163879598	2.617642499319595	0.009765016545167893	2.617642499319595	0.009765016545167897	2.859651886888179	0.0754315777848998	9.23110326529322	152.05327968805588	4.058916828540051	0.9895974407400457	42.896188721311425	1829.7748495683995	-0.04341288711442112
2.925128762541806	9.424749163879598	2.6199929125329406	0.009519256228160048	2.619992912532941	0.009519256228160036	2.8626238765764658	0.07499147644201848	9.234689554902944	152.49561731247297	4.0631964376370915	0.989721445706633	42.974839557121804	1834.0395085747311	-0.04341288711442112
2.9293436454849497	9.424749163879598	2.6223306184808504	0.009278572429927075	2.6223306184808504	0.009278572429927068	2.8656081287600004	0.07455108435027896	9.23825976351966	152.93937318104307	4.067487176522936	0.9898438273601574	43.05361334754385	1838.314671961525	-0.04341288711442112
2.933558528428094	9.424749163879598	2.624655456238375	0.009042915002628426	2.624655456238375	0.009042915002628426	2.868604264771192	0.07411043232080651	9.241813107168591	153.3845215534193	4.071788561396899	0.989964606942805	43.132506566778275	1842.5999792831376	-0.04341288711442112
2.9377734113712375	9.424749163879598	2.6269672782785394	0.008812231659865787	2.626967278278539	0.00881223165986582	2.871611906977217	0.07366955095282439	9.245348811252335	153.83103658830197	4.07610010816295	0.9900838054021669	43.2115156714256	1846.8950670927875	-0.04341288711442112
2.941988294314381	9.424749163879598	2.629265950188279	0.008586468103467734	2.629265950188279	0.00858646810346774	2.8746306790130474	0.07322847062352397	9.248866111060355	154.27889236199118	4.080421332880899	0.9902014434004947	43.29063710423992	1851.199569373028	-0.04341288711442112
2.9462031772575252	9.424749163879598	2.6315513503658967	0.008365568150359357	2.6315513503658967	0.008365568150359345	2.877660206005651	0.072787221478645	9.252364252255902	154.72806288646737	4.084751752201457	0.9903175413233549	43.369867297761324	1855.5131179533148	-0.04341288711442112
2.950418060200669	9.424749163879598	2.633823369701844	0.008149473859112185	2.6338233697018443	0.008149473859112183	2.8807001147891134	0.07234583342376888	9.255842491340085	155.17852212697332	4.089090883784795	0.990432119287715	43.449202677823955	1859.8353429143162	-0.04341288711442112
2.954632943143813	9.424749163879598	2.636081911244533	0.007938125655790705	2.636081911244533	0.007938125655790714	2.883750034110397	0.07190433611632915	9.259300096092774	155.63024401906952	4.093438246702175	0.9905451971494881	43.52863966693571	1864.1658729784835	-0.04341288711442112
2.9588478260869566	9.424749163879598	2.6383268898528494	0.007731462458734586	2.638326889852849	0.007731462458734593	2.8868095948253814	0.07146275895834854	9.26273634598987	156.08320248512584	4.097793361820169	0.9906567945105653	43.60817468752539	1868.5043358863977	-0.04341288711442112
2.9630627090301003	9.424749163879598	2.6405582318371565	0.00752942180193072	2.6405582318371565	0.007529421801930727	2.88987843008518	0.07102113108988972	9.266150532597209	156.53737145024465	4.102155752167473	0.990766930725366	43.68780416505706	1872.8503587588107	-0.04341288711442112
2.9672775919732444	9.424749163879598	2.642775874590346	0.007331939956659552	2.6427758745903462	0.007331939956659539	2.892956175512404	0.07057948138322542	9.269541959940627	156.99272485757828	4.106524943283808	0.9908756249069298	43.76752453100704	1877.2035684438567	-0.04341288711442112
2.971492474916388	9.424749163879598	2.644979766210603	0.007138952051116855	2.6449797662106036	0.00713895205111685	2.8960424693673734	0.07013783843771837	9.27290994485256	157.4492366830341	4.110900463550996	0.9909828959325795	43.847332225703795	1881.5635918494247	-0.04341288711442112
2.975707357859532	9.424749163879598	2.6471698651174527	0.006950392187738504	2.647169865117453	0.00695039218773849	2.8991369527041804	0.0696962305753994	9.276253817295146	157.90688094935226	4.115281844506051	0.9910887624491811	43.92722370102917	1885.9300562604597	-0.04341288711442112
2.9799222408026758	9.424749163879598	2.6493461396625446	0.006766193557979631	2.649346139662545	0.006766193557979636	2.902239269516527	0.06925468583723908	9.279572920659964	158.3656317395394	4.119668621136224	0.9911932428780242	44.00719542297985	1890.3025896410543	-0.04341288711442112
2.9841371237458194	9.424749163879598	2.651508567736703	0.006586288554321007	2.6515085677367027	0.00658628855432101	2.905349066873441	0.0688132319800919	9.282866612044911	158.8254632096586	4.124060332156186	0.9912963554193492	44.08724387409028	1894.680820921416	-0.04341288711442112
2.988352006688963	9.424749163879598	2.653657136374524	0.00641060887930255	2.653657136374524	0.006410608879302548	2.9084659950447875	0.06837189647430733	9.286134262508238	159.28634960096048	4.128456520267262	0.991398118056543	44.167365555715676	1899.0643802695154	-0.04341288711442112
2.992566889632107	9.424749163879598	2.65579184135794	0.00623908565140296	2.65579184135794	0.006239085651402961	2.9115897076167796	0.06793070650198087	9.289375257300447	159.74826525136226	4.132856732399091	0.9914985485600282	44.2475569901779	1903.452899347697	-0.04341288711442112
2.996781772575251	9.424749163879598	2.6579126868198855	0.006071649507611623	2.6579126868198855	0.00607164950761162	2.9147198615974856	0.06748968895583574	9.292588996074278	160.21118460626485	4.1372605199336885	0.9915976644908656	44.3278147227734	1907.846011554109	-0.04341288711442112
3.000996655518395	9.424749163879598	2.66001968484931	0.005908230702557179	2.6600196848493103	0.005908230702557175	2.9178561175125344	0.06704887043871005	9.29577489307339	160.67508222871615	4.141667438912339	0.9916954832040928	44.4081353236463	1912.2433522492652	-0.04341288711442112
3.0052115384615385	9.424749163879598	2.662112855098588	0.005748759204081722	2.662112855098588	0.005748759204081717	2.920998139491157	0.06660827726362979	9.298932377300288	161.1399328089217	4.146077050225513	0.9917920218518173	44.48851538952781	1916.6445589678187	-0.04341288711442112
3.009426421404682	9.424749163879598	2.6641922243943377	0.0055931647851686995	2.6641922243943377	0.0055931647851687	2.9241455953427473	0.06616793545444673	9.30206089266405	161.60571117310866	4.15048891978615	0.9918872973860845	44.56895154534408	1921.0492716157667	-0.04341288711442112
3.0136413043478263	9.424749163879598	2.666257826352594	0.005441377112153047	2.6662578263525942	0.005441377112153024	2.9272981566241376	0.06572787074701748	9.305159898108451	162.07239229174903	4.154902618686689	0.9919813265615399	44.6494404456953	1925.457132653348	-0.04341288711442112
3.01785618729097	9.424749163879598	2.6683097009992003	0.005293325829160596	2.6683097009992	0.0052933258291605985	2.930455498697857	0.06528810859089904	9.308228867721244	162.53995128715638	4.159317723340233	0.9920741259379006	44.72997877620863	1929.8677872638777	-0.04341288711442112
3.022071070234114	9.424749163879598	2.6703478943961967	0.005148940638741938	2.6703478943961962	0.0051489406387419485	2.933617300781606	0.06484867415153563	9.31126729082522	163.0083634404644	4.163733815606314	0.9921657118822549	44.81056325476861	1934.2808835088974	-0.04341288711442112
3.0262859531772577	9.424749163879598	2.672372458274877	0.00500815137868373	2.672372458274877	0.00500815137868374	2.936783245989127	0.06440959231291726	9.314274672051626	163.47760419799386	4.168150482901541	0.992256100571205	44.8911906326262	1938.69607246977	-0.04341288711442112
3.0305008361204013	9.424749163879598	2.674383449676227	0.004870888094993535	2.6743834496762275	0.004870888094993528	2.9399530213628915	0.06397088768067599	9.3172505313969	163.94764917703415	4.172567318295862	0.992345307992867	44.9718576953929	1943.1130083763155	-0.04341288711442112
3.034715719063545	9.424749163879598	2.67638093059924	0.004737081111072201	2.6763809305992394	0.00473708111107222	2.9431263178987765	0.0635325845856014	9.320194404263274	164.41847417104353	4.17698392059469	0.992433349948744	45.052561263920865	1947.5313487226795	-0.04341288711442112
3.038930602006689	9.424749163879598	2.6783649676576466	0.0046066610930988105	2.678364967657647	0.004606661093098818	2.9463028305630945	0.063094707087544	9.323105841484079	164.89005515429093	4.18139989440757	0.992520242055484	45.133298195074325	1951.9507543708903	-0.04341288711442112
3.0431454849498327	9.424749163879598	2.6803356317454656	0.004479559111667471	2.680335631745466	0.004479559111667462	2.949482258302217	0.06265727897968677	9.325984409334374	165.36236828595008	4.185814850203756	0.9926059997465352	45.21406538239508	1956.3708896424646	-0.04341288711442112
3.047360367892977	9.424749163879598	2.682292997711744	0.004355706699725115	2.682292997711744	0.004355706699725128	2.9526643040451446	0.06222032379315274	9.328829689527732	165.83538991366777	4.190228404355284	0.9926906382737115	45.294859756666305	1960.7914223984442	-0.04341288711442112
3.0515752508361205	9.424749163879598	2.6842371440448605	0.004235035906870145	2.68423714404486	0.004235035906870148	2.9558486746994124	0.06178386480192422	9.331641279200067	166.30909657662937	4.1946401791682195	0.9927741727086777	45.37567828637982	1965.2120241084824	-0.04341288711442112
3.055790133779264	9.424749163879598	2.6861681525665184	0.004117479350082478	2.6861681525665184	0.004117479350082475	2.959035081140465	0.06134792502805356	9.334418790880845	166.78346500812606	4.19904980290229	0.9928566179443653	45.45651797810823	1969.6323699090512	-0.04341288711442112
3.060005016722408	9.424749163879598	2.688086108135764	0.004002970260960609	2.688086108135764	0.004002970260960618	2.9622232381950293	0.06091252724713049	9.337161852452834	167.25847213766073	4.203456909779775	0.9929379886963274	45.53737587678883	1974.0521386515582	-0.04341288711442112
3.064219899665552	9.424749163879598	2.6899910983630786	0.0038914425295521484	2.689991098363079	0.0038914425295521397	2.9654128646186644	0.06047769399399101	9.33987010710085	167.73409509259875	4.207861139983975	0.9930182995040431	45.618249065921354	1978.4710129405748	-0.04341288711442112
3.068434782608696	9.424749163879598	2.6918832133347057	0.003782830744867065	2.6918832133347053	0.003782830744867079	2.968603683067889	0.06004344756863531	9.342543213250272	168.2103111993914	4.212262139647921	0.9930975647321775	45.69913466768475	1982.8886791627485	-0.04341288711442112
3.0726496655518396	9.424749163879598	2.6937625453472522	0.003677070232171147	2.6937625453472527	0.0036770702321711384	2.9717954200671923	0.05960981004233447	9.345180844496065	168.68709798439062	4.216659560833806	0.9931757985718059	45.78002984297688	1987.304827506783	-0.04341288711442112
3.0768645484949833	9.424749163879598	2.6956291886525525	0.0035740970871600123	2.6956291886525525	0.003574097087160005	2.974987805971169	0.05917680326390562	9.347782689522827	169.16443317426888	4.221053061503588	0.9932530150416085	45.86093179137992	1991.7191519748435	-0.04341288711442112
3.081079431438127	9.424749163879598	2.697483239212874	0.0034738482071169433	2.6974832392128745	0.0034738482071169394	2.9781805749222943	0.0587444488661206	9.350348452016812	169.64229469608054	4.225442305481554	0.9933292279890411	45.94183775105846	1996.1313503860936	-0.04341288711442112
3.085294314381271	9.424749163879598	2.699324794466284	0.0033762613191639533	2.699324794466284	0.0033762613191639563	2.9813734648043932	0.05831276827224206	9.352877850570188	170.12066067696517	4.229826962409024	0.9934044510914901	46.022744998590824	2000.54112437246	-0.04341288711442112
3.0895091973244146	9.424749163879598	2.701153953102186	0.0032812750057138657	2.701153953102186	0.0032812750057138696	2.984566217192298	0.057881782702652734	9.355370618578416	170.59950944352696	4.234206707691904	0.993478697857412	46.103650848739534	2004.948179367256	-0.04341288711442112
3.0937240802675587	9.424749163879598	2.702970814846902	0.003188828727234754	2.702970814846902	0.0031888287272347506	2.987758577297934	0.05745151318156048	9.357826504131252	171.07881952090594	4.238581222441605	0.9935519816274679	46.18455265416497	2009.352224587108	-0.04341288711442112
3.0979389632107024	9.424749163879598	2.7047754802591344	0.0030988628424393734	2.7047754802591344	0.0030988628424393778	2.9909502939131207	0.05702198054375952	9.360245269897911	171.55856963156074	4.242950193409657	0.9936243155756517	46.26544780508437	2013.7529730074425	-0.04341288711442112
3.102153846153846	9.424749163879598	2.7065680505351795	0.0030113186260112396	2.706568050535179	0.0030113186260112383	2.994141119349367	0.05659320544142807	9.362626693006945	172.03873869378066	4.2473133129166305	0.9936957127104186	46.34633372888157	2018.1501413320896	-0.04341288711442112
3.10636872909699	9.424749163879598	2.7083486273237165	0.002926138283979761	2.708348627323717	0.002926138283979752	2.997330809374995	0.05616520835094113	9.364970564921434	172.51930581995154	4.251670278775821	0.993766185875818	46.42720788967045	2022.5434499573894	-0.04341288711442112
3.110583612040134	9.424749163879598	2.7101173125499542	0.0028432649668563062	2.7101173125499542	0.0028432649668563067	3.000519123149785	0.05573800957968125	9.367276691309813	173.000250314587	4.256020794212003	0.99383574775263	46.508067787814845	2026.9326229310514	-0.04341288711442112
3.114798494983278	9.424749163879598	2.7118742082489646	0.002762642780641166	2.7118742082489646	0.002762642780641173	3.0037058231574942	0.05531162927282894	9.369544891913005	173.4815516721515	4.260364567775911	0.9939044108595115	46.588910959410015	2031.3173879063909	-0.04341288711442112
3.1190133779264215	9.424749163879598	2.7136194164079472	0.002684216795811275	2.7136194164079472	0.002684216795811275	3.006890675136422	0.05488608742011662	9.371775000408112	173.96318957468543	4.264701313254642	0.9939721875541521	46.66973497572716	2035.6974760920514	-0.04341288711442112
3.123228260869565	9.424749163879598	2.7153530388172267	0.002607933054395665	2.7153530388172267	0.0026079330543956644	3.0100734480083498	0.054461403862527326	9.37396686426925	174.44514388925776	4.269030749578592	0.9940390900344418	46.75053744262588	2040.0726221978357	-0.04341288711442112
3.127443143812709	9.424749163879598	2.7170751769296997	0.0025337385752444864	2.7170751769296992	0.002533738575244504	3.013253913805997	0.054037598298926445	9.376120344625711	174.92739466525344	4.27335260072509	0.9941051303396534	46.831315999935946	2044.4425643767122	-0.04341288711442112
3.131658026755853	9.424749163879598	2.718785931728577	0.002461581357593945	2.718785931728578	0.002461581357593935	3.016431847599408	0.053614690292602706	9.378235316118166	175.40992213152845	4.277666595619466	0.994170320351639	46.912068320814015	2048.807044163738	-0.04341288711442112
3.1358729096989966	9.424749163879598	2.72048540360301	0.002391410383029435	2.72048540360301	0.00239141038302943	3.0196070274211855	0.05319269927771888	9.380311666752693	175.89270669342372	4.2819724680333575	0.9942346717960417	46.992792111074124	2053.16580641166	-0.04341288711442112
3.1400877926421407	9.424749163879598	2.722173692231547	0.002323175615942605	2.7221736922315465	0.0023231756159426153	3.0227792341911717	0.05277164456563911	9.382349297753636	176.37572892968436	4.286269956481292	0.9942981962435254	47.07348510849982	2057.5185992241823	-0.04341288711442112
3.1443026755852843	9.424749163879598	2.7238508964729955	0.002256828002579586	2.7238508964729955	0.00225682800257959	3.025948251640453	0.052351545351136126	9.384348123414979	176.85896958927228	4.290558804115278	0.99436090511102	47.15414508213614	2061.8651738866456	-0.04341288711442112
3.148517558528428	9.424749163879598	2.725517114264527	0.0021923194687712387	2.725517114264527	0.002192319468771242	3.029113866235074	0.05193242071845714	9.386308070950871	177.34240958810398	4.294838758618096	0.9944228096629857	47.23476983156704	2066.2052847947502	-0.04341288711442112
3.152732441471572	9.424749163879598	2.727172442526721	0.0021296029164351586	2.727172442526721	0.002129602916435153	3.032275867099578	0.0515142896472384	9.388229080345381	177.82603000571837	4.299109572095413	0.9944839210126932	47.3153571861788	2070.5386893814575	-0.04341288711442112
3.1569473244147157	9.424749163879598	2.7288169770753274	0.0020686322189349994	2.7288169770753274	0.002068632218935002	3.035434045940588	0.05109717101825643	9.390111104201772	178.30981208189493	4.3033710009671315	0.9945442501235229	47.3959050044134	2074.8651480424373	-0.04341288711442112
3.16116220735786	9.424749163879598	2.7304508125394844	0.0020093622153800205	2.7304508125394844	0.0020093622153800196	3.038588196970619	0.05068108361900457	9.391954107591543	178.7937372132334	4.307622805858201	0.9946038078102805	47.476411173013396	2079.184424060299	-0.04341288711442112
3.1653770903010034	9.424749163879598	2.732074042286104	0.0019517487039446405	2.732074042286104	0.0019517487039446418	3.041738116832206	0.05026604614908738	9.39375806790324	179.2777869497029	4.311864751489109	0.9946626047405305	47.5568736062599	2083.4962835277993	-0.04341288711442112
3.169591973244147	9.424749163879598	2.7336867583502404	0.0018957484342837596	2.7336867583502404	0.0018957484342837644	3.044883604522618	0.049852077225418276	9.39552297469141	179.7619429911807	4.316096606566433	0.994720651435946	47.63729024520726	2087.800495270404	-0.04341288711442112
3.1738068561872907	9.424749163879598	2.7352890513711414	0.0018413190991173807	2.7352890513711414	0.0018413190991173796	3.0480244613192164	0.04943919538721517	9.397248829525658	180.24618718398563	4.320318143673527	0.994777958273675	47.71765905691488	2092.09683076828	-0.04341288711442112
3.178021739130435	9.424749163879598	2.736881010533802	0.0017884193250537754	2.7368810105338026	0.0017884193250537748	3.0511604907056906	0.04902741910078305	9.398935645840135	180.73050151742382	4.324529139161802	0.9948345354877225	47.79797803367954	2096.385064078159	-0.04341288711442112
3.1822366220735785	9.424749163879598	2.7384627235157284	0.0017370086627184155	2.7384627235157284	0.0017370086627184176	3.0542914982992166	0.04861676676407504	9.400583448783271	181.21486812035036	4.3287293730425676	0.9948903931703472	47.878245192268835	2100.664971755041	-0.04341288711442112
3.1864515050167226	9.424749163879598	2.740034276438734	0.0016870475762514952	2.740034276438734	0.0016870475762514954	3.0574172917787608	0.048207256711024854	9.402192275068156	181.6992692577644	4.332918628879827	0.9949455412734735	47.95845857315825	2104.9363327741576	-0.04341288711442112
3.1906663879598662	9.424749163879598	2.7415957538255245	0.0016384974322347298	2.741595753825525	0.0016384974322347264	3.0605376808145732	0.04779890721564339	9.40376217282337	182.18368732744142	4.337096693684143	0.9949999896101155	48.03861623977333	2109.1989284532774	-0.04341288711442112
3.19488127090301	9.424749163879598	2.7431472385608506	0.0015913204881046216	2.7431472385608506	0.00159132048810462	3.0636524769990334	0.04739173649587222	9.40529320144445	182.66810485661523	4.341263357807755	0.9950537478558159	48.11871627773822	2113.4525423755595	-0.04341288711442112
3.199096153846154	9.424749163879598	2.744688811857075	0.0015454798801060937	2.7446888118570754	0.0015454798801060922	3.066761493779019	0.04698576271718335	9.406785431446117	183.15250449872383	4.345418414841228	0.9951068255500948	48.1987567941331	2117.6969603132425	-0.04341288711442112
3.2033110367892976	9.424749163879598	2.746220553223856	0.0015009396108386704	2.7462205532238557	0.001500939610838678	3.069864546389734	0.046581003995928454	9.408238944314997	183.6368690302135	4.349561661511594	0.9951592320979101	48.278735916760176	2121.9319701521404	-0.04341288711442112
3.2075259197324417	9.424749163879598	2.747742540441859	0.0014576645364426722	2.747742540441859	0.001457664536442669	3.0729614517902903	0.046177478402421125	9.409653832363142	184.1211813474254	4.353692897582379	0.9952109767711291	48.35865179342164	2126.1573618173293	-0.04341288711442112
3.2117408026755854	9.424749163879598	2.7492548495402307	0.0014156203534721398	2.749254849540231	0.0014156203534721353	3.0760520286010156	0.04577520396375412	9.411030198582203	184.60542446356197	4.357811925755474	0.9952620687100072	48.43850259120927	2130.3729272000332	-0.04341288711442112
3.215955685618729	9.424749163879598	2.750757554777714	0.0013747735854968699	2.7507575547777146	0.001374773585496867	3.0791360970426305	0.04537419866634257	9.412368156498253	185.08958150574588	4.36191855157513	0.9953125169246766	48.51828649580787	2134.578460085943	-0.04341288711442112
3.220170568561873	9.424749163879598	2.7522507286271827	0.0013350915694746398	2.752250728627183	0.0013350915694746383	3.0822134788773545	0.04497448045819114	9.413667830027237	185.57363571217448	4.3660125833340935	0.9953623302966407	48.598001710813215	2138.7737560850687	-0.04341288711442112
3.2243854515050168	9.424749163879598	2.753734441763472	0.00129654244193125	2.7537344417634717	0.0012965424419312534	3.085283997352047	0.044576067250878336	9.414929353331033	186.057570429381	4.370093831982101	0.9954115175802765	48.67764645706596	2142.9586125632986	-0.04341288711442112
3.2286003344481604	9.424749163879598	2.7552087630543247	0.001259095124984221	2.7552087630543247	0.0012590951249842241	3.088347477143448	0.04417897692125561	9.416152870674063	186.54136910960588	4.374162111036786	0.9954600874043403	48.75721897200225	2147.1328285757654	-0.04341288711442112
3.2328152173913045	9.424749163879598	2.7566737595542787	0.001222719312243686	2.756673759554279	0.0012227193122436781	3.091403744305534	0.04378322731285923	9.417338536280306	187.02501530828087	4.378217236497085	0.9955080482734794	48.83671750902188	2151.29620480213	-0.04341288711442112
3.237030100334448	9.424749163879598	2.758129496501435	0.0011873854546210797	2.758129496501435	0.0011873854546210782	3.0944526262192085	0.04338883623702621	9.418486514190883	187.5084926816431	4.382259026759396	0.9955554085697461	48.91614033687599	2155.4485434840153	-0.04341288711442112
3.241244983277592	9.424749163879598	2.7595760373168403	0.0011530647460753548	2.75957603731684	0.001153064746075359	3.097493951544181	0.042995821473718665	9.419596978121811	187.99178498446858	4.386287302536323	0.9956021765541146	48.995485739073445	2159.589648364494	-0.04341288711442112
3.245459866220736	9.424749163879598	2.76101344360649	0.001119729109323068	2.76101344360649	0.0011197291093230654	3.1005275501732967	0.04260420077204719	9.42067011132219	188.47487606794496	4.390301886778397	0.995648360368	49.07475201330857	2163.719324629995	-0.04341288711442112
3.2496747491638796	9.424749163879598	2.7624417751656876	0.001087351181538105	2.762441775165687	0.0010873511815381073	3.1035532531891676	0.042213991850499344	9.421706106432381	188.95774987767376	4.39430260459852	0.9956939680347762	49.15393747090892	2167.837378854423	-0.04341288711442112
3.2538896321070236	9.424749163879598	2.763861089985797	0.0010559043000634774	2.7638610899857974	0.001055904300063477	3.1065708928234055	0.041825212396858547	9.422705165342474	189.44039045182524	4.398289283199626	0.9957390074612958	49.233040436307014	2171.9436189459934	-0.04341288711442112
3.2581045150501673	9.424749163879598	2.765271444263085	0.001025362488157703	2.765271444263085	0.0010253624881577026	3.10958030241818	0.04143788006782999	9.423667499050492	189.92278191942367	4.402261751805101	0.9957834864394071	49.312059246532094	2176.0378540963525	-0.04341288711442112
3.262319397993311	9.424749163879598	2.766672892409743	0.0009957004407945092	2.766672892409743	0.0009957004407945107	3.1125813163904876	0.04105201248835353	9.424593327520693	190.40490849879592	4.4062198415925655	0.9958274126474699	49.39099225072757	2180.119894732594	-0.04341288711442112
3.266534280936455	9.424749163879598	2.768065487066835	0.0009668935105350025	2.7680654870668344	0.0009668935105350042	3.1155737701989046	0.04066762725061627	9.425482879541518	190.886754496164	4.410163385630686	0.9958707936518687	49.46983780969105	2184.189552471878	-0.04341288711442112
3.2707491638795987	9.424749163879598	2.769449279119143	0.0009389176934885776	2.769449279119143	0.000938917693488578	3.1185575003129844	0.04028474191275997	9.426336392583218	191.36830430439534	4.41409221881923	0.995913636908522	49.548594295439045	2188.246640078885	-0.04341288711442112
3.274964046822743	9.424749163879598	2.7708243177118117	0.000911749615378035	2.7708243177118117	0.0009117496153780341	3.121532344185309	0.03990337399728177	9.427154112655046	191.8495424019113	4.41800617783241	0.9959559497643868	49.62726009079679	2192.290971426146	-0.04341288711442112
3.2791789297658864	9.424749163879598	2.7721906502686733	0.0008853665177229771	2.7721906502686733	0.0008853665177229759	3.1244981402261907	0.03952354098913174	9.427936294161833	192.33045335175578	4.421905101065488	0.9959977394589595	49.705833589013245	2196.3223614572958	-0.04341288711442112
3.28339381270903	9.424749163879598	2.7735483225122204	0.0008597462441539901	2.7735483225122204	0.0008597462441539891	3.127454727781102	0.03914526033350451	9.428683199759929	192.81102180082783	4.425788828584783	0.9960390131257694	49.784313193402184	2200.340626153357	-0.04341288711442112
3.2876086956521737	9.424749163879598	2.774897378485107	0.0008348672268693757	2.7748973784851074	0.0008348672268693741	3.130401947110812	0.038768549433330496	9.429395100212346	193.29123247927916	4.429657202081026	0.9960797777938665	49.86269731700962	2204.345582502063	-0.04341288711442112
3.291823578595318	9.424749163879598	2.7762378605731035	0.0008107084732447424	2.776237860573104	0.0008107084732447419	3.1333396393742357	0.0383934256464643	9.430072274242914	193.77107020007622	4.4335100648260894	0.996120040389302	49.940984382307256	2208.3370484702414	-0.04341288711442112
3.2960384615384615	9.424749163879598	2.7775698095294494	0.0007872495526048083	2.7775698095294494	0.0007872495526048097	3.136267646614034	0.03801990628257551	9.430715008389432	194.25051985873017	4.43734726163316	0.9961598077366016	50.01917282091325	2212.3148429793823	-0.04341288711442112
3.3002533444816056	9.424749163879598	2.778893264500546	0.000764470583165656	2.7788932645005455	0.0007644705831656584	3.1391858117449902	0.03764800859974095	9.431323596855703	194.72956643319822	4.441168638820373	0.9961990865602292	50.09726107334013	2216.278785884382	-0.04341288711442112
3.304468227424749	9.424749163879598	2.7802082630528906	0.0007423522191550881	2.78020826305289	0.0007423522191550899	3.142093978545112	0.037277749800744706	9.431898341362269	195.20819498395147	4.444974044177866	0.9962378834860424	50.17524758877007	2220.228697955502	-0.04341288711442112
3.308683110367893	9.424749163879598	2.781514841201213	0.0007208756381173752	2.781514841201213	0.000720875638117375	3.144991991649496	0.036909147029087125	9.432439550995737	195.68639065421326	4.448763326938293	0.9962762050427387	50.25313082485746	2224.164400863554	-0.04341288711442112
3.312897993311037	9.424749163879598	2.7828130334377574	0.000700022528408294	2.782813033437757	0.000700022528408296	3.1478796965469495	0.036542217364706746	9.432947542056665	196.1641386703674	4.4525363377508045	0.9963140576632914	50.330909247559504	2228.0857171683674	-0.04341288711442112
3.3171128762541806	9.424749163879598	2.784102872762652	0.0006797750768852277	2.7841028727626513	0.00067977507688523	3.150756939579379	0.03617697781941936	9.433422637905865	196.64142434253856	4.456292928658512	0.9963514476863741	50.40858133099471	2231.9924703105753	-0.04341288711442112
3.3213277591973247	9.424749163879598	2.7853843907152935	0.0006601159567967542	2.7853843907152935	0.0006601159567967539	3.15362356794388	0.03581344533207913	9.433865168808959	197.11823306533827	4.4600329530793585	0.9963883813577755	50.48614555732895	2235.8844846066445	-0.04341288711442112
3.3255426421404684	9.424749163879598	2.7866576174067226	0.0006410283158751493	2.786657617406722	0.0006410283158751514	3.1564794296975527	0.035451636763468596	9.43427547177917	197.59455031878073	4.4637562657904395	0.996424864831802	50.56360041668965	2239.761585247249	-0.04341288711442112
3.329757525083612	9.424749163879598	2.7879225815529245	0.0006224957646347679	2.787922581552925	0.000622495764634766	3.1593243737650525	0.035091568890917	9.434653890418224	198.07036166936848	4.467462722915773	0.9964609041726682	50.64094440710794	2243.623598298962	-0.04341288711442112
3.3339724080267557	9.424749163879598	2.789179310509025	0.0006045023648786548	2.789179310509025	0.0006045023648786555	3.1621582499487917	0.034733258402661775	9.435000774755316	198.54565277134176	4.471152181917462	0.9964965053558754	50.71817603448875	2247.4703507092645	-0.04341288711442112
3.3381872909698997	9.424749163879598	2.790427830304301	0.0005870326184153297	2.7904278303043006	0.0005870326184153305	3.1649809089418075	0.03437672189195205	9.435316481083989	199.02040936809382	4.474824501590215	0.9965316742695771	50.79529381260852	2251.3016703148396	-0.04341288711442112
3.3424021739130434	9.424749163879598	2.791668165678004	0.000570071455986865	2.7916681656780034	0.0005700714559868669	3.167792202343245	0.03402197585090576	9.43560137179686	199.49461729374798	4.478479542059226	0.9965664167159317	50.87229626314066	2255.1173858531793	-0.04341288711442112
3.3466170568561875	9.424749163879598	2.7929003401159207	0.000553604226409309	2.7929003401159207	0.0005536042264093104	3.170591982676442	0.0336690366641253	9.43585581521822	199.96826247489614	4.482117164781361	0.9966007384124413	50.94918191570848	2258.91732697745	-0.04341288711442112
3.350831939799331	9.424749163879598	2.794124375887646	0.000537616685925822	2.794124375887646	0.0005376166859258224	3.1733801034095386	0.03331792060208252	9.436080185434294	200.44133093249303	4.485737232549595	0.9966346449932773	51.02594930796532	2262.7013242746125	-0.04341288711442112
3.355046822742475	9.424749163879598	2.7953402940845353	0.0005220949877725106	2.7953402940845353	0.0005220949877725111	3.176156418978645	0.03296864381427692	9.436274862121303	200.9138087839102	4.489339609500748	0.9966681420105907	51.10259698570223	2266.469209286831	-0.04341288711442112
3.359261705685619	9.424749163879598	2.7965481146582594	0.0005070256719568064	2.7965481146582594	0.0005070256719568066	3.1789207848134127	0.03262122232218105	9.436440230371048	201.38568224513654	4.492924161126272	0.9967012349358104	51.17912350298132	2270.2208145359455	-0.04341288711442112
3.3634765886287625	9.424749163879598	2.7977478564599725	0.0004923956552475853	2.7977478564599725	0.0004923956552475861	3.181673057365053	0.03227567201197992	9.436576680514186	201.85693763313037	4.496490754286264	0.996733929160924	51.25552742229662	2273.9559735512166	-0.04341288711442112
3.3676914715719066	9.424749163879598	2.798939537280019	0.00047819222137617315	2.798939537280019	0.00047819222137617244	3.184413094136706	0.031932008627113186	9.436684607941068	202.32756136831676	4.500039257226501	0.9967662299997455	51.33180731476035	2277.6745209001133	-0.04341288711442112
3.3719063545150503	9.424749163879598	2.8001231738881476	0.0004644030114470162	2.8001231738881476	0.0004644030114470174	3.1871407537160787	0.031590247760634745	9.436764412920091	202.79753997722207	4.503569539598436	0.9967981426891678	51.40796176031455	2281.376292222156	-0.04341288711442112
3.376121237458194	9.424749163879598	2.8012987820742152	0.00045101601455647315	2.8012987820742152	0.00045101601455647283	3.1898558958103647	0.03125040484739497	9.436816500413693	203.26686009525045	4.507081472482182	0.9968296723903991	51.48398934796854	2285.061124265779	-0.04341288711442112
3.3803361204013376	9.424749163879598	2.8024663766893028	0.00043801955861811275	2.802466376689303	0.0004380195586181115	3.1925583812832663	0.0309124951560626	9.43684127989179	203.73550846958594	4.510574928412285	0.9968608241901846	51.55988867606023	2288.728854928107	-0.04341288711442112
3.3845510033444817	9.424749163879598	2.803625971687258	0.000425402301392512	2.8036259716872585	0.0004254023013925105	3.1952480721941683	0.030576533780993332	9.436839165142851	204.20347196222633	4.514049781406317	0.9968916031020119	51.6356583525419	2292.379323297603	-0.04341288711442112
3.3887658862876253	9.424749163879598	2.8047775801665766	0.00041315322171955995	2.8047775801665766	0.0004131532217195597	3.1979248318392837	0.030242535633961534	9.43681057408253	204.67073755313592	4.517505906996125	0.9969220140673007	51.711296995289246	2296.0123696995147	-0.04341288711442112
3.3929807692307694	9.424749163879598	2.8059212144126047	0.00040126161095090123	2.8059212144126047	0.0004012616109509019	3.2005885247947434	0.029910515435764187	9.436755928559853	205.13729234351393	4.520943182261649	0.9969520619565769	51.78680323243289	2299.6278357439755	-0.04341288711442112
3.397195652173913	9.424749163879598	2.8070568859400553	0.00038971706458012747	2.8070568859400553	0.0003897170645801265	3.203239016961568	0.029580487707712346	9.436675654161157	205.60312355917662	4.524361485867329	0.9969817515706298	51.86217570271273	2303.2255643768267	-0.04341288711442112
3.4014105351170567	9.424749163879598	2.8081846055357373	0.0003785094740682182	2.8081846055357373	0.00037850947406821824	3.205876175612357	0.02925246676302389	9.436570180011625	206.06821855403976	4.527760698100837	0.9970110876416537	51.9374130558529	2306.805399932891	-0.04341288711442112
3.405625418060201	9.424749163879598	2.809304383301513	0.0003676290188614747	2.809304383301513	0.00036762901886147446	3.2084998694396827	0.02892646669812966	9.436439938574647	206.53256481370116	4.53114070091413	0.9970400748343731	52.01251395295756	2310.3671881916944	-0.04341288711442112
3.4098403010033445	9.424749163879598	2.81041622869741	0.000357066158599258	2.81041622869741	0.0003570661585992574	3.2111099686060256	0.028602501383909528	9.436285365448926	206.99614995911287	4.534501377966687	0.9970687177471506	52.08747706692622	2313.9107764355185	-0.04341288711442112
3.4140551839464885	9.424749163879598	2.811520150584878	0.0003468116255085613	2.811520150584878	0.00034681162550856165	3.213706344795218	0.028280584456871934	9.436106899163619	207.45896175034017	4.537842614670857	0.9970970209130795	52.16230108288836	2317.436013509689	-0.04341288711442112
3.418270066889632	9.424749163879598	2.8126161572701327	0.00033685641698257555	2.8126161572701327	0.0003368564169825761	3.2162888712652418	0.02796072931029081	9.435904980971355	207.92098809039612	4.541164298239139	0.9971249888010593	52.23698469865562	2320.9427498849577	-0.04341288711442112
3.422484949832776	9.424749163879598	2.8137042565475463	0.00032719178834013753	2.8137042565475463	0.00032719178834013786	3.2188574229022975	0.027642949085317572	9.435680054639468	208.38221702914814	4.544466317733332	0.9971526258168537	52.31152662519127	2324.430837721884	-0.04341288711442112
3.4266998327759195	9.424749163879598	2.814784455743038	0.00031780924576312687	2.8147844557430375	0.00031780924576312763	3.2214118762760005	0.027327256662082987	9.43543256623934	208.8426367672832	4.547748564115339	0.9971799363041336	52.385925587095215	2327.9001309370215	-0.04341288711442112
3.4309147157190636	9.424749163879598	2.8158567617574572	0.0003087005394085217	2.8158567617574577	0.00030870053940852156	3.223952109695661	0.0270136646508029	9.435162963934175	209.30223566033317	4.551010930299653	0.997206924545502	52.460180323104815	2331.3504852709334	-0.04341288711442112
3.4351295986622072	9.424749163879598	2.8169211811098704	0.0002998576566921391	2.8169211811098704	0.0002998576566921394	3.226478003267447	0.026702185382906748	9.434871697765203	209.76100222274277	4.554253311207216	0.9972335947635023	52.53428958660883	2334.7817583577075	-0.04341288711442112
3.4393444816053513	9.424749163879598	2.8179777199807483	0.00029127281574074196	2.8179777199807483	0.000291272815740742	3.228989438952388	0.026392830902202603	9.434559219436524	210.2189251319793	4.557475603820645	0.9972599511216109	52.608252146174806	2338.1938097959974	-0.04341288711442112
3.443559364548495	9.424749163879598	2.819026384254986	0.0002829384590094215	2.819026384254986	0.00028293845900942085	3.231486300625028	0.02608561295609657	9.434225982098678	210.6759932326705	4.5606777072406155	0.997285997725212	52.6820667860878	2341.5865012213317	-0.04341288711442112
3.4477742474916386	9.424749163879598	2.820067179564733	0.00027484724706097193	2.820067179564733	0.00027484724706097226	3.2339684741326686	0.025780542986883082	9.433872440131234	211.1321955407672	4.5638595227433045	0.9973117386225561	52.75573230690006	2344.959696379638	-0.04341288711442112
3.4519891304347827	9.424749163879598	2.82110011133198	0.0002669920525040734	2.82110011133198	0.00026699205250407343	3.2364358473550414	0.025477632123120857	9.433499048924427	211.58752124771877	4.56702095383873	0.9973371778057017	52.82924752598979	2348.3132612017553	-0.04341288711442112
3.4562040133779264	9.424749163879598	2.822125184810836	0.00025936595408709644	2.822125184810836	0.00025936595408709655	3.2388883102642403	0.02517689117111453	9.43310626466003	212.04195972465038	4.570161906329773	0.9973623192114407	52.902611278127985	2351.6470638787664	-0.04341288711442112
3.4604188963210705	9.424749163879598	2.823142405129518	0.0002519622309442302	2.8231424051295186	0.0002519622309442299	3.241325754984907	0.024878330606513628	9.432694544091802	212.49550052654263	4.573282288371905	0.9973871667222065	52.975822416052694	2354.9609749381316	-0.04341288711442112
3.464633779264214	9.424749163879598	2.8241517773319273	0.000244774356990843	2.824151777331927	0.0002447743569908435	3.2437480758544	0.024581960566050675	9.432264344325551	212.94813339639353	4.576382010533272	0.9974117241669664	53.048879811048394	2358.2548673202737	-0.04341288711442112
3.4688486622073578	9.424749163879598	2.8251533064188425	0.00023779599546479288	2.8251533064188425	0.0002377959954647927	3.2461551694829245	0.024287790839430286	9.431816122599063	213.3998482693633	4.5794609858551425	0.9974359953220973	53.121782353530385	2361.5286164556205	-0.04341288711442112
3.4730635451505014	9.424749163879598	2.8261469973886166	0.0002310209936106323	2.826146997388616	0.0002310209936106324	3.2485469348133877	0.023995830861389362	9.431350336062087	213.85063527688402	4.582519129912419	0.9974599839122442	53.19452895363154	2364.782100341768	-0.04341288711442112
3.4772784280936455	9.424749163879598	2.827132855277403	0.00022444337750344523	2.827132855277403	0.00022444337750344537	3.2509232731809714	0.023706089703941068	9.430867441556686	214.3004847507361	4.585556360874216	0.9974836936111643	53.26711854179158	2368.0151996207956	-0.04341288711442112
3.481493311036789	9.424749163879598	2.8281108851988126	0.00021805734700931518	2.828110885198812	0.00021805734700931564	3.253284088372167	0.023418576068821178	9.430367895398014	214.74938722707176	4.588572599564217	0.9975071280425523	53.33955006934629	2371.227797656382	-0.04341288711442112
3.4857081939799333	9.424749163879598	2.8290810923829874	0.00021185727087926566	2.8290810923829874	0.00021185727087926566	3.255629286683228	0.023133298280150965	9.429852153155919	215.19733345038557	4.591567769520729	0.997530290780852	53.411822509116284	2374.419780610676	-0.04341288711442112
3.489923076923077	9.424749163879598	2.830043482215039	0.0002058376819736744	2.830043482215039	0.0002058376819736741	3.2579587769778593	0.022850264277331667	9.429320669437429	215.6443143774171	4.594541797056266	0.9975531853520513	53.483934855993446	2377.5910375206927	-0.04341288711442112
3.4941379598662206	9.424749163879598	2.8309980602727984	0.0001999932726141248	2.8309980602727984	0.00019999327261412434	3.2602724707440194	0.022569481608187603	9.42877389767048	216.09032118097934	4.59749461131644	0.9975758152344598	53.55588612752346	2380.741460374035	-0.04341288711442112
3.4983528428093646	9.424749163879598	2.8319448323638796	0.0001943188900597091	2.831944832363879	0.00019431889005970955	3.2625702821497655	0.022290957422368692	9.42821228988914	216.53534525370824	4.6004261443382095	0.9975981838594736	53.627675364484666	2383.8709441839605	-0.04341288711442112
3.5025677257525083	9.424749163879598	2.8328838045619458	0.0001888095321048935	2.832883804561946	0.00018880953210489293	3.264852128097905	0.02201469846503032	9.427636296520403	216.9793782117163	4.603336331107032	0.9976202946123219	53.69930163145945	2386.9793870633016	-0.04341288711442112
3.5067826086956524	9.424749163879598	2.83381498324219	0.00018346034279601695	2.83381498324219	0.00018346034279601725	3.2671179282794007	0.02174071107080292	9.427046366172945	217.422411898148	4.606225109613008	0.9976421508327997	53.770764017398854	2390.066690297355	-0.04341288711442112
3.510997491638796	9.424749163879598	2.8347383751159794	0.00017826660826357943	2.8347383751159794	0.00017826660826357937	3.269367605225417	0.021469001158062204	9.426442945428063	217.86443838662967	4.609092420905796	0.9976637558159851	53.842061636178364	2393.1327584154524	-0.04341288711442112
3.5152123745819397	9.424749163879598	2.835653987264613	0.00017322375266753452	2.835653987264613	0.00017322375266753454	3.271601084357833	0.021199574223515975	9.425826478632965	218.30544998460152	4.611938209148123	0.9976851128129409	53.913193627143535	2396.1774992610535	-0.04341288711442112
3.5194272575250833	9.424749163879598	2.836561827172184	0.00016832733425278738	2.8365618271721846	0.00016832733425278738	3.2738182940381773	0.020932435337116462	9.425197407696787	218.7454392365306	4.614762421667855	0.9977062250314026	53.98415915564494	2399.2008240602995	-0.04341288711442112
3.5236421404682274	9.424749163879598	2.837461902757443	0.00016357304151227604	2.8374619027574433	0.00016357304151227577	3.276019165614743	0.02066758913731206	9.424556171889309	219.1843989269857	4.617565009008243	0.9977270956364502	54.054957413559144	2402.2026474885956	-0.04341288711442112
3.5278570234113715	9.424749163879598	2.838354222404721	0.00015895668945486112	2.838354222404721	0.0001589566894548611	3.278203633467942	0.020405039826647438	9.423903207642972	219.622322083582	4.620345924976565	0.9977477277511674	54.125587619797486	2405.1828877354715	-0.04341288711442112
3.532071906354515	9.424749163879598	2.8392387949938125	0.00015447421597548013	2.8392387949938125	0.0001544742159754801	3.2803716350536685	0.02014479116772098	9.42323894835814	220.0592019797784	4.623105126690749	0.9977681244572839	54.196049020799215	2408.1414665672405	-0.04341288711442112
3.536286789297659	9.424749163879598	2.8401156299287855	0.00015012167832501174	2.840115629928785	0.00015012167832501174	3.2825231109445796	0.01988684647951239	9.422563824211908	220.49503213752018	4.62584257462393	0.9977882887958069	54.26634089100831	2411.078309387422	-0.04341288711442112
3.5405016722408025	9.424749163879598	2.8409847371657495	0.00014589524967725933	2.8409847371657495	0.00014589524967725914	3.284658004869287	0.019631208634083637	9.421878261970823	220.92980632973183	4.62855823264693	0.9978082237676364	54.33646253333378	2413.9933452948676	-0.04341288711442112
3.5447165551839466	9.424749163879598	2.841846127239466	0.00014179121579068352	2.8418461272394664	0.00014179121579068323	3.2867762637492253	0.019377880053666554	9.421182684807475	221.36351858263754	4.631252068068367	0.9978279323341678	54.40641327959113	2416.8865071393125	-0.04341288711442112
3.54893143812709	9.424749163879598	2.8426998112888393	0.00013780597176239176	2.8426998112888393	0.0001378059717623915	3.2888778377332324	0.01912686270813869	9.420477512121405	221.79616317791806	4.63392405167239	0.9978474174178804	54.47619249092456	2419.7577315742906	-0.04341288711442112
3.5531463210702343	9.424749163879598	2.8435458010812598	0.00013393601887203723	2.8435458010812598	0.0001339360188720372	3.290962680229721	0.018878158112896108	9.41976315936447	222.22773465469473	4.636574157754011	0.9978666819029148	54.54579955820979	2422.6069591073956	-0.04341288711442112
3.557361204013378	9.424749163879598	2.844384109035714	0.00013017796151334907	2.844384109035714	0.0001301779615133489	3.2930307479363017	0.018631767327129085	9.419040037870758	222.65822781132786	4.639202364151666	0.9978857286356346	54.61523390243396	2425.4341341474737	-0.04341288711442112
3.5615760869565216	9.424749163879598	2.845214748244731	0.00012652850421095426	2.845214748244731	0.00012652850421095404	3.295082000866897	0.0183876909525013	9.418308554691404	223.08763770703868	4.641808652277288	0.997904560425178	54.684494975055436	2428.2392050490507	-0.04341288711442112
3.5657909698996653	9.424749163879598	2.8460377324950614	0.00012298444872034083	2.846037732495061	0.0001229844487203409	3.2971164023761763	0.01814592913224025	9.417569112434352	223.51595966333835	4.6443930071434245	0.9979231800439952	54.753582258338795	2431.022124153446	-0.04341288711442112
3.5700058528428094	9.424749163879598	2.8468530762871525	0.00011954269120873161	2.846853076287153	0.00011954269120873131	3.2991339191813593	0.017906481550637447	9.416822109109422	223.94318926527146	4.646955417387708	0.9979415902283747	54.822495265668024	2433.7828478269435	-0.04341288711442112
3.5742207357859535	9.424749163879598	2.8476607948533132	0.00011620021951480573	2.8476607948533132	0.00011620021951480568	3.3011345213811887	0.01766934743296315	9.416067937978518	224.36932236245767	4.649495875294183	0.997959793678958	54.89123354183331	2436.5213364954216	-0.04341288711442112
3.578435618729097	9.424749163879598	2.848460904174655	0.00011295411048513606	2.8484609041746545	0.0001129541104851362	3.30311818247221	0.01743452554579375	9.415306987411588	224.79435506994503	4.65201437681186	0.9979777930612416	54.9597966632945	2439.2375546758526	-0.04341288711442112
3.5826505016722408	9.424749163879598	2.8492534209967086	0.00010980152738536056	2.8492534209967086	0.00010980152738536066	3.305084879362137	0.01720201419775339	9.414539640748004	225.21828376885608	4.654510921570074	0.9979955910060686	55.02818423841765	2441.9314710042227	-0.04341288711442112
3.5868653846153844	9.424749163879598	2.8500383628437973	0.00010673971738406595	2.850038362843797	0.00010673971738406617	3.307034592380432	0.016971811240666723	9.413766276163912	225.64110510684048	4.656985512890889	0.9980131901101091	55.09639590768642	2444.6030582600747	-0.04341288711442112
3.5910802675585285	9.424749163879598	2.850815748032059	0.00010376600910750892	2.850815748032059	0.00010376600910750908	3.3089673052859245	0.016743914071123994	9.412987266545343	226.062815998318	4.659438157798252	0.99803059293633	55.164431343885745	2447.2522933873843	-0.04341288711442112
3.595295150501672	9.424749163879598	2.851585595681223	0.00010087781026321446	2.8515855956812226	0.00010087781026321468	3.31088300527157	0.016518319632451883	9.412202979367425	226.48341362452322	4.661868867024085	0.9980478020144536	55.23229025225924	2449.879157511933	-0.04341288711442112
3.5995100334448162	9.424749163879598	2.852347925725045	0.00009807260533067333	2.852347925725045	0.00009807260533067329	3.312781682966261	0.016295024417088626	9.411413776579659	226.9028954333437	4.664277655011113	0.998064819841407	55.29997237063861	2452.4836359549736	-0.04341288711442112
3.60372491638796	9.424749163879598	2.853102758920473	0.00009534795331729826	2.853102758920473	0.00009534795331729837	3.3146633324337125	0.01607402446935915	9.410620014497406	227.3212591389544	4.666664539912544	0.9980816488817609	55.367477469545776	2455.0657182432706	-0.04341288711442112
3.6079397993311035	9.424749163879598	2.853850116855523	0.00009270148557789058	2.853850116855523	0.0000927014855778906	3.3165279511684576	0.015855315388641485	9.409822043699718	227.73850272125296	4.669029543588557	0.9980982915681589	55.43480535226722	2457.6253981154787	-0.04341288711442112
3.612154682274247	9.424749163879598	2.854590021955831	0.0000901309036959439	2.854590021955831	0.00009013090369594383	3.3183755400888364	0.015638892332924145	9.409020208933354	228.15462442508354	4.671372691599454	0.998114750301738	55.50195585489938	2460.1626735247014	-0.04341288711442112
3.6163695652173913	9.424749163879598	2.8553224974899787	0.00008763397742504969	2.8553224974899787	0.00008763397742504953	3.320206103527168	0.015424750022740762	9.408214849023338	228.5696227592688	4.673694013195748	0.9981310274525391	55.56892884636706	2462.67754663748	-0.04341288711442112
3.6205844481605354	9.424749163879598	2.8560475675735124	0.00008520854268884058	2.8560475675735124	0.00008520854268884081	3.322019649216965	0.015212882745480374	9.407406296789835	228.98349649543522	4.675993541304934	0.9981471253599095	55.63572422841275	2465.1700238289654	-0.04341288711442112
3.624799331103679	9.424749163879598	2.856765257171723	0.00008285249963784161	2.8567652571717224	0.00008285249963784164	3.323816188277315	0.015003284360059686	9.406594878971504	229.39624466664364	4.678271312515148	0.9981630463328962	55.70234193555841	2467.6401156744573	-0.04341288711442112
3.6290142140468227	9.424749163879598	2.8574755921012125	0.00008056381076169286	2.857475592101212	0.00008056381076169291	3.3255957351944536	0.01479594830195187	9.405780916155393	229.8078665658281	4.680527367055689	0.9981787926506321	55.76878193503939	2470.0878369372886	-0.04341288711442112
3.6332290969899663	9.424749163879598	2.858178599030189	0.00007834049905526133	2.858178599030189	0.00007834049905526112	3.3273583078004734	0.01459086758856105	9.40496472271312	230.21836174403458	4.682761748774318	0.9981943665627127	55.83504422670962	2472.5132065529556	-0.04341288711442112
3.6374439799331104	9.424749163879598	2.8588743054776056	0.00007618064623713136	2.8588743054776056	0.00007618064623713132	3.3291039272493412	0.014388034824931246	9.404146606743648	230.6277300084777	4.684974505111575	0.9982097702895661	55.90112884292002	2474.91624760974	-0.04341288711442112
3.641658862876254	9.424749163879598	2.8595627398111083	0.00007408239101906661	2.8595627398111083	0.00007408239101906667	3.330832617990207	0.014187442209779065	9.403326870022445	231.03597142041014	4.687165687072063	0.9982250060228159	55.96703584836977	2477.296987325753	-0.04341288711442112
3.645873745819398	9.424749163879598	2.8602439312438226	0.00007204392742504608	2.8602439312438226	0.00007204392742504616	3.3325444077380415	0.013989081541840401	9.402505807957013	231.44308629281065	4.689335349192692	0.9982400759256359	56.03276533992988	2479.6554570224116	-0.04341288711442112
3.650088628762542	9.424749163879598	2.8609179098300217	0.00007006350315850912	2.8609179098300217	0.00007006350315850908	3.3342393274417166	0.013792944226515584	9.401683709548774	231.849075187896	4.691483549508069	0.9982549821330985	56.098317446440866	2481.9916920945016	-0.04341288711442112
3.6543035117056855	9.424749163879598	2.861584706459678	0.00006813941801649244	2.8615847064596784	0.00006813941801649226	3.3359174112495267	0.013599021282805056	9.400860857361224	232.25393891445916	4.693610349512975	0.9982697267525166	56.16369232848391	2484.305731976809	-0.04341288711442112
3.658518394648829	9.424749163879598	2.8622443528519597	0.00006627002234936	2.8622443528519597	0.00006627002234936006	3.33757869647229	0.013407303350518202	9.400037527494318	232.6576785250418	4.695715814122128	0.998284311863779	56.22889017812688	2486.5976201074845	-0.04341288711442112
3.662733277591973	9.424749163879598	2.862896881547668	0.00006445371556488128	2.8628968815476674	0.00006445371556488152	3.3392232235440447	0.013217780697745225	9.399213989564974	233.06029531294433	4.697800011627183	0.9982987395196791	56.293911218644986	2488.867403888098	-0.04341288711442112
3.6669481605351173	9.424749163879598	2.86354232590068	0.00006268894467542136	2.86354232590068	0.00006268894467542119	3.3408510359804664	0.013030443228576716	9.398390506693639	233.4617908090805	4.6998630136511625	0.9983130117462391	56.35875570421738	2491.1151346406095	-0.04341288711442112
3.671163043478261	9.424749163879598	2.864180720068386	0.000060974202887070564	2.864180720068386	0.00006097420288707061	3.3424621803350054	0.012845280491059144	9.397567335496738	233.86216677867603	4.701904895100254	0.9983271305430265	56.42342391959926	2493.3408675611454	-0.04341288711442112
3.6753779264214046	9.424749163879598	2.8648120990012305	0.0000593080282295257	2.86481209900123	0.000059308028229525775	3.3440567061529887	0.012662281685367895	9.396744726085092	234.26142521783268	4.7039257341133345	0.9983410978834674	56.48791617977241	2495.544661671004	-0.04341288711442112
3.6795928093645482	9.424749163879598	2.8654364984312766	0.0000576890022256338	2.865436498431276	0.00005768900222563396	3.345634665923536	0.01248143567218983	9.395922922067863	234.65956834994074	4.705925612008901	0.9983549157151527	56.552232829571395	2497.7265797645196	-0.04341288711442112
3.6838076923076923	9.424749163879598	2.866053954859983	0.00005611574859944645	2.8660539548599826	0.0000561157485994467	3.3471961150296536	0.012302730981294021	9.395102160562296	235.0565986219715	4.707904613230017	0.9983685859601408	56.61637424329034	2499.8866883544383	-0.04341288711442112
3.688022575250836	9.424749163879598	2.866664505545052	0.00005458693202177769	2.8666645055450517	0.00005458693202177799	3.3487411116963166	0.012126155820282905	9.394282672208707	235.45251870063137	4.709862825286819	0.9983821105152544	56.68034082426663	2502.0250576143358	-0.04341288711442112
3.69223745819398	9.424749163879598	2.8672681884865794	0.00005310125689215319	2.8672681884865794	0.000053101256892153226	3.3502697169369307	0.011951698083501818	9.393464681191032	235.84733146841023	4.711800338697264	0.9983954912523735	56.744133004447306	2504.141761318796	-0.04341288711442112
3.6964523411371237	9.424749163879598	2.867865042412358	0.000051657466156203824	2.8678650424123577	0.00005165746615620393	3.3517819944979657	0.011779345361099857	9.392648405262285	236.24104001950346	4.713717246925664	0.9984087300187233	56.80775124393371	2506.236876780848	-0.04341288711442112
3.7006672240802674	9.424749163879598	2.868455106762524	0.000050254340157467525	2.868455106762524	0.00005025434015746754	3.353278010802127	0.011609084948221243	9.39183405577527	236.63364765563895	4.715613646319588	0.9984218286371593	56.87119603051001	2508.310484787331	-0.04341288711442112
3.704882107023411	9.424749163879598	2.8690384216734977	0.00004889069552265868	2.8690384216734977	0.000048890695522658694	3.3547578348899814	0.011440903854315551	9.391021837717968	237.0251578817984	4.717489636044915	0.9984347889064467	56.93446787915322	2510.3626695319053	-0.04341288711442112
3.709096989966555	9.424749163879598	2.869615027961283	0.00004756538407947299	2.8696150279612835	0.00004756538407947293	3.356221538360219	0.011274788812552656	9.39021194975374	237.41557440184934	4.719345318019312	0.9984476126015366	56.99756733152709	2512.3935185460427	-0.04341288711442112
3.713311872909699	9.424749163879598	2.8701849671041924	0.0000462772918060017	2.870184967104193	0.00004627729180600164	3.35766919530866	0.011110726289325083	9.389404584265998	237.80490111409173	4.721180796844252	0.9984603014738397	57.06049495546099	2514.4031226281127	-0.04341288711442112
3.717526755852843	9.424749163879598	2.870748281224985	0.00004502533781088558	2.870748281224985	0.00004502533781088559	3.359100882266054	0.010948702493826906	9.388599927407268	238.19314210672724	4.722996179735568	0.9984728572514949	57.12325134441358	2516.3915757705504	-0.04341288711442112
3.7217416387959865	9.424749163879598	2.8713050130725026	0.00004380847334333736	2.871305013072502	0.0000438084733433374	3.3605166781348177	0.010788703387692895	9.387798159152373	238.5803016532544	4.724791576452781	0.9984852816396355	57.185837116923295	2518.3589750853953	-0.04341288711442112
3.72595652173913	9.424749163879598	2.8718552060028304	0.00004262568083219163	2.8718552060028304	0.00004262568083219157	3.361916664124805	0.010630714694684832	9.386999453355694	238.9663842078034	4.726567099227262	0.9984975763206515	57.248252916046134	2520.3054207282394	-0.04341288711442112
3.7301714046822743	9.424749163879598	2.872398903960006	0.000041475972953172685	2.8723989039600064	0.00004147597295317253	3.363300923688183	0.01047472191041101	9.386203977812155	239.35139440041016	4.728322862689327	0.9985097429544502	57.310499408781666	2522.2310158207247	-0.04341288711442112
3.734386287625418	9.424749163879598	2.8729361514563565	0.000040358391723575685	2.8729361514563565	0.00004035839172357566	3.364669542453578	0.010320710312066068	9.38541189432198	239.73533703224382	4.730058983794457	0.9985217831787125	57.37257728548874	2524.135866371773	-0.04341288711442112
3.738601170568562	9.424749163879598	2.8734669935524413	0.0000392720076235987	2.8734669935524413	0.000039272007623598644	3.3660226081594957	0.01016866496817764	9.38462335875874	240.1182170707858	4.7317755817486065	0.9985336986091474	57.434487259290776	2526.0200811975433	-0.04341288711442112
3.7428160535117057	9.424749163879598	2.8739914758367093	0.000038215918743561236	2.8739914758367098	0.00003821591874356104	3.3673602105872025	0.01001857074834744	9.3838385211408	240.50003964497583	4.73347277793288	0.9985454908397428	57.496230065472766	2527.8837718404106	-0.04341288711442112
3.7470309364548493	9.424749163879598	2.874509644404868	0.00003718924995628069	2.8745096444048674	0.000037189249956280784	3.3686824414931396	0.00987041233297371	9.383057525705826	240.8808100403279	4.73515069582762	0.9985571614430151	57.55780646087065	2529.727052487004	-0.04341288711442112
3.751245819397993	9.424749163879598	2.875021545838993	0.00003619115211390106	2.875021545838993	0.000036191152113901126	3.369989394540919	0.009724174222944382	9.382280510988128	241.26053369401927	4.736809460935936	0.9985687119702557	57.619217223253074	2531.550039885382	-0.04341288711442112
3.755460702341137	9.424749163879598	2.8755272271864363	0.000035220801268469535	2.8755272271864363	0.000035220801268469636	3.3712811652330315	0.009579840749288377	9.381507609898746	241.63921618996173	4.7384492007068655	0.9985801439517745	57.68046315069737	2533.3528532615196	-0.04341288711442112
3.759675585284281	9.424749163879598	2.8760267359385914	0.00003427739791558673	2.8760267359385914	0.00003427739791558659	3.3725578508424108	0.009437396082773077	9.380738949808137	242.01686325386763	4.740070044458358	0.9985914588971428	57.741545060961315	2535.1356142353493	-0.04341288711442112
3.763890468227425	9.424749163879598	2.8765201200094936	0.000033360166260480256	2.8765201200094936	0.00003336016626048024	3.373819550343837	0.009296824243439248	9.379974652631134	242.39348074830392	4.741672123299956	0.9986026582954327	57.80246379084952	2536.8984467361975	-0.04341288711442112
3.7681053511705684	9.424749163879598	2.8770074277143305	0.00003246835350585889	2.8770074277143305	0.000032468353505859013	3.3750663643453267	0.009158109110061324	9.3792148349141	242.76907466775003	4.743255570055477	0.9986137436154544	57.86322019557734	2538.6414769179883	-0.04341288711442112
3.772320234113712	9.424749163879598	2.877488707747895	0.00003160122916092239	2.8774887077478946	0.000031601229160922414	3.3762983950196186	0.009021234429523652	9.378459607924086	243.14365113366281	4.744820519185698	0.9986247163059927	57.92381514813206	2540.364833074198	-0.04341288711442112
3.776535117056856	9.424749163879598	2.877964009162994	0.00003075808437092542	2.8779640091629943	0.000030758084370925325	3.3775157460357668	0.00888618382610362	9.377709077739794	243.51721638955135	4.746367106711166	0.9986355777960404	57.98424953863261	2542.0686455527043	-0.04341288711442112
3.78075	9.424749163879598	2.8784333813488647	0.000029938231266705476	2.8784333813488647	0.0000299382312667055	3.378718522490986	0.008752940810652055	9.376963345344219	243.88977679607112	4.7478954701352185	0.9986463294950305	58.04452427368855	2543.753046670649	-0.04341288711442112