2.5205	9.68227424749164	2.404825376787818	0.051544320181092486	2.404825376787818	0.0515443201810925	2.68892733657161	0.10880548230185115	8.926017088943926	119.8135049454548	3.748352455298732	0.9639501209782977	36.24523862487267	1571.2268931440235	-0.04341288711442112
2.524714882943144	9.68227424749164	2.4063297787223643	0.05104478972916755	2.4063297787223643	0.051044789729167504	2.6895494748089073	0.10853449697587511	8.928078750876688	120.06410369295624	3.751257233428685	0.9645127463256723	36.3142401950496	1575.307676452174	-0.04341288711442112
2.528929765886288	9.68227424749164	2.4078608211283767	0.050543474882902395	2.4078608211283763	0.050543474882902395	2.690200044557822	0.10826070565261846	8.930170247876225	120.3166045582231	3.7541407258605517	0.9650619737890169	36.38295209823554	1579.339167253092	-0.04341288711442112
2.5331446488294316	9.68227424749164	2.409418226883803	0.05004048288008569	2.409418226883803	0.05004048288008566	2.6908789069583876	0.10798415477517119	8.9322914168084	120.57100774453357	3.7570050291868586	0.9655983237168567	36.45139692149029	1583.324320910157	-0.04341288711442112
2.5373595317725752	9.68227424749164	2.4110017234609087	0.049535919725706284	2.411001723460909	0.04953591972570623	2.6915859354822604	0.10770488842641607	8.934442102905836	120.82731414501092	3.7598521443912163	0.9661222882452027	36.51959615628095	1587.2659581256546	-0.04341288711442112
2.5415744147157193	9.68227424749164	2.412611041943528	0.04902989037782938	2.412611041943528	0.049029890377829385	2.6923210149252643	0.10742294850443486	8.936622158684733	121.0855252874005	3.7626839826917684	0.9666343332291331	36.58757027051301	1591.166773254899	-0.04341288711442112
2.545789297658863	9.68227424749164	2.4142459161074763	0.0485224989179983	2.4142459161074767	0.04852249891799828	2.6930840404698637	0.10713837488451594	8.938831442925453	121.34564328246628	3.7655023709066273	0.9671349000137365	36.655338774508074	1595.029341957519	-0.04341288711442112
2.550004180602007	9.68227424749164	2.415906081558565	0.04801384870738672	2.415906081558565	0.04801384870738669	2.6938749168106497	0.10685120556903557	8.941069819710501	121.60767077563567	3.7683090563851733	0.9676244070600502	36.72292028150384	1598.8561282463374	-0.04341288711442112
2.5542190635451507	9.68227424749164	2.4175912749232653	0.04750404252978627	2.4175912749232653	0.04750404252978624	2.694693557336578	0.10656147682635694	8.943337157514067	121.8716109015546	3.7711057115443136	0.9681032514398912	36.790332563188606	1602.6494909877997	-0.04341288711442112
2.5584339464882944	9.68227424749164	2.4193012330876638	0.046993182722385694	2.4193012330876633	0.04699318272238573	2.6955398833643205	0.10626922331976804	8.945633328337868	122.1374672412482	3.77389393804467	0.9685718102119624	36.857592600726726	1606.41168990225	-0.04341288711442112
2.5626488294314385	9.68227424749164	2.4210356924809964	0.04648137129517366	2.421035692480997	0.04648137129517356	2.696413823417891	0.10597447822736085	8.947958206888908	122.40524378162687	3.7766752706382962	0.9690304416902826	36.92471663168516	1610.1448911076498	-0.04341288711442112
2.566863712374582	9.68227424749164	2.4227943884003396	0.04596871003971426	2.4227943884003396	0.0459687100397143	2.6973153125499403	0.1056772733536777	8.950311669794841	122.67494487708794	3.7794511807159186	0.9694794866148144	36.99172019322489	1613.851172245512	-0.04341288711442112
2.5710785953177258	9.68227424749164	2.424577054373722	0.045455300627929504	2.4245770543737217	0.04545530062792953	2.698244291700954	0.1053776392338386	8.952693594853644	122.94657521301087	3.78222307957944	0.9699192692331327	37.05861816188809	1617.5325272245138	-0.04341288711442112
2.57529347826087	9.68227424749164	2.426383421558983	0.0449412447014751	2.426383421558983	0.04494124470147508	2.6992007070925537	0.10507560523082339	8.955103860313933	123.22013977093825	3.784992321462279	0.970350098301066	37.12542479027305	1621.190870613165	-0.04341288711442112
2.5795083612040135	9.68227424749164	2.4282132181764045	0.044426643952192084	2.428213218176405	0.04442664395219207	2.700184509651993	0.10477119962647599	8.957542344183668	123.49564379528834	3.787760206318661	0.9707722680094374	37.1921537408657	1624.8280417105696	-0.04341288711442112
2.583723244147157	9.68227424749164	2.430066168973109	0.0439116001940863	2.430066168973109	0.04391160019408627	2.701195654464776	0.10446444970677649	8.960008923564207	123.77309276143069	3.7905279824002776	0.9711860588433098	37.25881811726436	1628.4458083208842	-0.04341288711442112
2.5879381270903012	9.68227424749164	2.4319419947177097	0.04339621542721161	2.4319419947177097	0.0433962154272116	2.702234100252954	0.10415538184184703	8.962503474007764	124.05249234499308	3.793296848637476	0.9715917383795162	37.32543049301562	1632.0458702551723	-0.04341288711442112
2.592153010033445	9.68227424749164	2.4338404117238976	0.042880591893792216	2.433840411723898	0.0428805918937922	2.7032998088768094	0.10384402156112367	8.965025868896308	124.33384839227733	3.7960679568404405	0.9719895620276888	37.39200293825667	1635.6298625820073	-0.04341288711442112
2.596367892976589	9.68227424749164	2.4357611314018195	0.04236483212687658	2.4357611314018195	0.042364832126876535	2.7043927448578544	0.10353039362407968	8.96757597884012	124.61716689167046	3.7988424137343353	0.9723797737194936	37.458547044341366	1639.1993586461783	-0.04341288711442112
2.6005827759197326	9.68227424749164	2.4377038598363305	0.041849038991779365	2.4377038598363305	0.041849038991779386	2.705512874921304	0.1032145220868504	8.97015367109449	124.90245394595208	3.801621282841229	0.9727626065503363	37.52507394661075	1642.755872873209	-0.04341288711442112
2.6047976588628763	9.68227424749164	2.4396682973914543	0.04133331572052676	2.4396682973914547	0.04133331572052675	2.7066601675564557	0.10289643036506974	8.972758808993468	125.18971574541564	3.8044055862205712	0.9731382833774038	37.591594345455185	1646.3008633758934	-0.04341288711442112
2.6090125418060204	9.68227424749164	2.441654138340407	0.040817765939504175	2.441654138340407	0.04081776593950414	2.7078345925934277	0.10257614129320858	8.975391251399317	125.47895854171773	3.80719630607881	0.9735070173775436	37.6581185258005	1649.8357343775133	-0.04341288711442112
2.613227424749164	9.68227424749164	2.443661070520817	0.04030249369046923	2.443661070520817	0.040302493690469246	2.709036120795024	0.10225367718066636	8.978050852166879	125.77018862239119	3.8099943862580288	0.9738690125681699	37.72465637514044	1653.361838465301	-0.04341288711442112
2.6174423076923077	9.68227424749164	2.4456887750148373	0.0397876034450785	2.4456887750148373	0.03978760344507852	2.7102647234625543	0.10192905986484874	8.980737459622079	126.0634122859603	3.8128007336125873	0.9742244642940912	37.791217400226486	1656.880478686524	-0.04341288711442112
2.6216571906354518	9.68227424749164	2.4477369258539947	0.0392732001130531	2.4477369258539947	0.03927320011305309	2.71152037205461	0.1016023107614405	8.983450916053922	126.35863581760373	3.815616219282072	0.9745735596828999	37.85781074251674	1660.3929104985705	-0.04341288711442112
2.6258720735785954	9.68227424749164	2.4498051897486572	0.03875938904410203	2.4498051897486572	0.03875938904410206	2.71280303781785	0.10127345091206445	8.986191057219406	126.65586546531746	3.8184416798681213	0.9749164780713301	37.92444519247707	1663.9003435834431	-0.04341288711442112
2.6300869565217395	9.68227424749164	2.451893225842243	0.03824627602369506	2.451893225842243	0.03824627602369509	2.7141126914291234	0.10094250102948962	8.988957711861168	126.95510741654253	3.821277918522334	0.9752533914047803	37.99112920282107	1667.4039435364375	-0.04341288711442112
2.634301839464883	9.68227424749164	2.454000685490175	0.037733967262785904	2.454000685490175	0.0377339672627859	2.715449302648149	0.10060948154055037	8.991750701237429	127.25636777521808	3.824125705951655	0.9755844646120104	38.05787090076696	1670.9048334377947	-0.04341288711442112
2.638516722408027	9.68227424749164	2.4561272120638202	0.03722256938156409	2.4561272120638202	0.03722256938156408	2.71681283998022	0.1002744126269097	8.994569838664157	127.55965253923326	3.8269857813473624	0.9759098559568481	38.12467809938467	1674.4040953155923	-0.04341288711442112
2.642731605351171	9.68227424749164	2.458272440779647	0.03671218938731565	2.4582724407796475	0.03671218938731559	2.7182032703484897	0.09993731426378816	8.997414929069514	127.86496757825911	3.829858853243379	0.97622971736859	38.19155830810096	1677.902771507631	-0.04341288711442112
2.6469464882943146	9.68227424749164	2.4604359985538324	0.036202934646476	2.4604359985538324	0.03620293464647603	2.7196205587753206	0.09959820625677988	9.000285768560396	128.1723186119331	3.8327456003090212	0.9765441947526395	38.25851874242397	1681.4018659292306	-0.04341288711442112
2.651161371237458	9.68227424749164	2.462617503882712	0.035694912850944054	2.462617503882712	0.035694912850944026	2.7210646680725143	0.0992571082768415	9.003182144001512	128.4817111883942	3.835646672081253	0.9768534282827969	38.32556633294604	1684.9023452536985	-0.04341288711442112
2.6553762541806023	9.68227424749164	2.46481656674936	0.035188231978744634	2.46481656674936	0.03518823197874461	2.7225355585400237	0.09891403989355671	9.006103832606927	128.7931506631485	3.8385626896409515	0.9771575526765032	38.392707733677966	1688.405140011526	-0.04341288711442112
2.659591137123746	9.68227424749164	2.467032788556681	0.03468300024912035	2.4670327885566805	0.034683000249120396	2.7240331876730464	0.0985690206067482	9.009050601544583	129.10664217826772	3.84149424623755	0.9774566974542354	38.45994932976519	1691.9111456141225	-0.04341288711442112
2.6638060200668896	9.68227424749164	2.4692657620874296	0.03417932607213977	2.46926576208743	0.034179326072139714	2.7255575098773734	0.09822206987650851	9.012022207554109	129.4221906419176	3.844441907866188	0.9777509871841525	38.52729724463295	1695.4212233074854	-0.04341288711442112
2.6680209030100337	9.68227424749164	2.4715150714914342	0.03367731799292596	2.4715150714914342	0.03367731799292597	2.7271084761928197	0.0978732071517197	9.015018396578238	129.7398007082146	3.8474062138010527	0.9780405417130072	38.59475734660344	1698.9362010607585	-0.04341288711442112
2.6722357859531773	9.68227424749164	2.4737802923004986	0.03317708463060444	2.4737802923004986	0.03317708463060443	2.7286860340248666	0.0975224518971067	9.018038903408554	130.05947675742442	3.8503876770887473	0.978325476384259	38.662335255027195	1702.4568743945913	-0.04341288711442112
2.6764506688963214	9.68227424749164	2.476060991471209	0.032678734612095306	2.476060991471209	0.0326787346120953	2.7302901268843924	0.09716982361888558	9.02108345134585	130.3812228765024	3.8533867850049104	0.9786059022442498	38.730036345966056	1705.9840071535812	-0.04341288711442112
2.680665551839465	9.68227424749164	2.4783567274560605	0.032182376500873675	2.4783567274560605	0.03218237650087367	2.7319206941357117	0.09681534188903854	9.024151751875989	130.70504283999725	3.8564039994775747	0.978881926237242	38.797865757465416	1709.51833222723	-0.04341288711442112
2.6848804347826087	9.68227424749164	2.480667050303061	0.03168811872084894	2.480667050303061	0.03168811872084893	2.7335776707528847	0.09645902636826505	9.027243504361579	131.0309400913235	3.8594397574801507	0.9791536513900523	38.86582839444867	1713.0605522232038	-0.04341288711442112
2.689095317725753	9.68227424749164	2.4829915017841278	0.031196069475516168	2.4829915017841273	0.03119606947551621	2.735260987084583	0.0961008968276322	9.030358395750422	131.35891772442795	3.862494471397146	0.9794211769869627	38.9339289332672	1716.6113400968097	-0.04341288711442112
2.6933102006688965	9.68227424749164	2.4853296155523816	0.030706336662559276	2.485329615552381	0.03070633666255928	2.736970568627628	0.09574097316895894	9.03349610030134	131.68897846586646	3.8655685293653943	0.9796845987355411	39.00217182593624	1720.171339740242	-0.04341288711442112
2.69752508361204	9.68227424749164	2.487680917328434	0.030219027784097654	2.4876809173284338	0.03021902778409772	2.738706335809407	0.09537927544395805	9.03665627932801	132.02112465731201	3.868662295593434	0.9799440089239504	39.07056130408546	1723.7411665349578	-0.04341288711442112
2.7017399665551842	9.68227424749164	2.490044925115725	0.0297342498527864	2.4900449251157246	0.029734249852786433	2.7404682037794665	0.0950158238721562	9.039838580961785	132.355358238522	3.8717761106617083	0.980199496570291	39.139101382652115	1727.3214078704834	-0.04341288711442112
2.705954849498328	9.68227424749164	2.4924211494447994	0.02925210929400119	2.4924211494448	0.029252109294001176	2.7422560822105	0.09465063885761085	9.043042639934068	132.69168073078723	3.874910291805979	0.9804511475644752	39.20779586334283	1730.9126236327186	-0.04341288711442112
2.7101697324414715	9.68227424749164	2.494809093646382	0.028772711844357545	2.4948090936463814	0.028772711844357552	2.744069875108995	0.09428374100444314	9.046268077379056	133.03009322088968	3.878065133186283	0.9806990448030976	39.276648337888524	1734.5153466646045	-0.04341288711442112
2.7143846153846156	9.68227424749164	2.4972082541530436	0.02829616244682905	2.4972082541530436	0.02829616244682904	2.7459094806359547	0.09391515113119278	9.0495145006578	133.37059634560413	3.8812409061438626	0.9809432683177353	39.34566219111729	1738.130083202153	-0.04341288711442112
2.7185994983277593	9.68227424749164	2.499618120829023	0.027822565142760238	2.4996181208290227	0.027822565142760266	2.7477747909378394	0.09354489028401887	9.0527815032041	133.71319027676338	3.884437859447965	0.9811838953970735	39.41484060386618	1741.7573132882542	-0.04341288711442112
2.7228143812709034	9.68227424749164	2.5020381773278	0.02735202296107545	2.5020381773278	0.027352022961075462	2.7496656919881968	0.09317297974874345	9.05606866439315	134.05787470692823	3.8876562195348088	0.9814210007032336	39.48418655575465	1745.3974911670423	-0.04341288711442112
2.727029264214047	9.68227424749164	2.5044679014768283	0.026884637805015963	2.5044679014768283	0.02688463780501594	2.751582063440226	0.09279944106175986	9.059375549433689	134.40464883568643	3.8908961907406012	0.9816546563826436	39.5537028278396	1749.0510456611646	-0.04341288711442112
2.7312441471571907	9.68227424749164	2.5069067656886936	0.026420510336751277	2.506906765688693	0.02642051033675127	2.7535237784906172	0.09242429601980642	9.062701709284214	134.75351135661538	3.8941579555304497	0.9818849321717744	39.62339200517133	1752.7183805342495	-0.04341288711442112
2.7354590301003348	9.68227424749164	2.5093542373979316	0.02595973986022885	2.5093542373979316	0.025959739860228894	2.7554907037550205	0.09204756668861641	9.066046680594173	135.10446044494222	3.897441674725052	0.9821118954980398	39.69325647926898	1756.3998748408694	-0.04341288711442112
2.7396739130434784	9.68227424749164	2.5118097795225083	0.02550242420264677	2.5118097795225083	0.02550242420264673	2.757482699155422	0.09166927541045426	9.069409985670555	135.45749374592924	3.900747487726812	0.9823356115761352	39.76329845053306	1760.0958832660665	-0.04341288711442112
2.743888795986622	9.68227424749164	2.5142728509489243	0.025048659594946586	2.514272850948924	0.02504865959494663	2.75949961781977	0.09128944481054349	9.072791132470629	135.81260836402012	3.904075512747033	0.9825561435000759	39.83351993061163	1763.8067364564713	-0.04341288711442112
2.748103678929766	9.68227424749164	2.516742907039734	0.024598540551741925	2.5167429070397334	0.024598540551741956	2.7615413059941463	0.09090809780239509	9.076189614621324	136.16980085277757	3.907425847035693	0.9827735523311698	39.903922744735716	1767.532741344895	-0.04341288711442112
2.75231856187291	9.68227424749164	2.519219400162138	0.024152159751111	2.519219400162138	0.024152159751110965	2.7636076029677077	0.09052525759205182	9.079604911465694	136.52906720563772	3.910798567115245	0.9829878971821522	39.97450853403873	1771.2741814702351	-0.04341288711442112
2.7565334448160534	9.68227424749164	2.5217017802362447	0.023709607914688572	2.521701780236245	0.02370960791468854	2.765698341010756	0.09014094768124763	9.083036488136988	136.8904028475188	3.9141937290198023	0.9831992352976857	40.04527875787394	1775.0313172943804	-0.04341288711442112
2.7607483277591975	9.68227424749164	2.5241894953013824	0.02327097368851205	2.524189495301383	0.02327097368851202	2.767813345326062	0.08975519186950674	9.086483795660586	137.2538026273036	3.9176113685409364	0.9834076221314203	40.11623469614281	1778.8043865177128	-0.04341288711442112
2.764963210702341	9.68227424749164	2.5266819920988257	0.022836343525072016	2.526681992098826	0.022836343525071984	2.76995243401374	0.0893680142551845	9.08994627108413	137.61926081122712	3.9210515014812706	0.9836131114197917	40.18737745164633	1782.5936043947306	-0.04341288711442112
2.7691780936454853	9.68227424749164	2.5291787166691155	0.022405801567033395	2.529178716669116	0.02240580156703337	2.7721154180497978	0.08897943923547132	9.093423337636034	137.98677107719104	3.9245141239169046	0.9838157552527245	40.258707952470665	1786.3991640511754	-0.04341288711442112
2.773392976588629	9.68227424749164	2.531679114962082	0.021979429533089356	2.531679114962082	0.021979429533089366	2.77430210127851	0.08858949150537418	9.096914404912443	138.3563265100267	3.9279992124696244	0.9840156041413961	40.330226954416986	1790.22123680394	-0.04341288711442112
2.7776078595317726	9.68227424749164	2.534182633457598	0.021557306606411614	2.5341826334575983	0.021557306606411607	2.776512280418764	0.08819819605569085	9.100418869092723	138.72791959772923	3.9315067245898017	0.9842127070832057	40.401935043485445	1794.0599724850217	-0.04341288711442112
2.7818227424749167	9.68227424749164	2.5366887197949577	0.02113950932616104	2.5366887197949572	0.02113950932616108	2.7787457450843718	0.0878055781700044	9.103936113183343	139.1015422286747	3.9350365988506564	0.98440711162408	40.47383263842103	1797.9154997704868	-0.04341288711442112
2.7860376254180603	9.68227424749164	2.5391968234087776	0.02072611148251098	2.5391968234087776	0.020726111482510974	2.7810022778184904	0.08741166342070927	9.107465507290076	139.47718568984186	3.938588755254678	0.9845988639182454	40.545919993329775	1801.787926515612	-0.04341288711442112
2.790252508361204	9.68227424749164	2.541706396169141	0.020317184015634617	2.54170639616914	0.020317184015634683	2.7832816541419865	0.08701647766410651	9.11100640891805	139.85484066604084	3.9421630955525497	0.9847880087855776	40.6181972003707	1805.6773400968502	-0.04341288711442112
2.794467391304348	9.68227424749164	2.544216893023784	0.019912794919089143	2.5442168930237843	0.019912794919089125	2.785583642615833	0.08662004703458319	9.114558163299506	140.23449724016507	3.945759503575222	0.9849745897666421	40.69066419253021	1809.5838077615977	-0.04341288711442112
2.7986822742474917	9.68227424749164	2.5467277726399757	0.01951300914802052	2.5467277726399757	0.019513009148020524	2.787908004917331	0.08622239793791338	9.118120103748623	140.61614489446654	3.949377845579355	0.9851586491755224	40.76332074648325	1813.5073769863147	-0.04341288711442112
2.8028971571906354	9.68227424749164	2.5492384980438096	0.019117888532590756	2.549238498043809	0.019117888532590773	2.7902544959300837	0.08582355704370587	9.121691552042956	140.99977251285944	3.9530179706064423	0.9853402281505323	40.836166485545434	1817.448075843632	-0.04341288711442112
2.8071120401337795	9.68227424749164	2.5517485372544786	0.018727491697016856	2.5517485372544786	0.01872749169701685	2.792622863847411	0.08542355127703989	9.125271818830573	141.38536838424344	3.9566797108555893	0.985519366702899	40.90920088271783	1821.405913378737	-0.04341288711442112
2.811326923076923	9.68227424749164	2.554257363911342	0.01834187398457514	2.5542573639113426	0.018341873984575083	2.795012850289127	0.08502240780931429	9.128860204062487	141.7729202068529	3.9603628820702594	0.9856961037634998	40.98242326382874	1825.3808799956842	-0.04341288711442112
2.815541806020067	9.68227424749164	2.556764457891307	0.01796108738891571	2.556764457891307	0.017961087388915692	2.7974241904311907	0.08462015404836082	9.132455997449084	142.1624150936084	3.964067283938576	0.9858704772277294	41.05583281077103	1829.3729478535251	-0.04341288711442112
2.819756688963211	9.68227424749164	2.559269305914374	0.017585180491987713	2.559269305914374	0.017585180491987706	2.7998566131480547	0.0842168176278505	9.136058478939859	142.55383957847033	3.967792700507258	0.9860425239985662	41.12942856483715	1833.3820712726679	-0.04341288711442112
2.8239715719063545	9.68227424749164	2.561771402135044	0.017214198408857153	2.5617714021350437	0.01721419840885719	2.802309841167216	0.08381242639604258	9.139666919225274	142.94717962377047	3.9715389006088064	0.9862122800279105	41.20320943015049	1837.4081871513886	-0.04341288711442112
2.8281864548494986	9.68227424749164	2.564270248717438	0.01684818273966241	2.564270248717438	0.016848182739662425	2.8047835912355796	0.08340700840391857	9.143280580259564	143.34242062850348	3.9753056383015686	0.9863797803562515	41.27717417719156	1841.4512153924372	-0.04341288711442112
2.8324013377926422	9.68227424749164	2.5667653563920623	0.016487171528916263	2.566765356392062	0.01648717152891628	2.807277574297176	0.08300059189274336	9.146898715803331	143.73954743755817	3.9790926533223088	0.9865450591507269	41.35132144641759	1845.5110593396819	-0.04341288711442112
2.836616220735786	9.68227424749164	2.569256244992137	0.016131199232336087	2.569256244992137	0.016131199232336083	2.809791495681581	0.08259320528111197	9.150520571984355	144.13854435185004	3.9828996715505176	0.9867081497416282	41.425649751970695	1849.5876062243174	-0.04341288711442112
2.84083110367893	9.68227424749164	2.5717424439677683	0.015780296691331627	2.571742443967768	0.01578029669133166	2.8123250553027477	0.08218487715151182	9.154145387875708	144.53939513934503	3.98672640548422	0.9868690846574073	41.50015748547404	1853.6807276207007	-0.04341288711442112
2.8450459866220736	9.68227424749164	2.5742234928759795	0.015434491115262655	2.574223492875979	0.015434491115262657	2.814877947867325	0.08177563623647345	9.15777239608913	144.9420830469167	3.9905725547261435	0.9870278956582306	41.57484291990828	1857.7902799109834	-0.04341288711442112
2.8492608695652173	9.68227424749164	2.576698941845089	0.015093806071521025	2.5766989418450894	0.015093806071521006	2.817449863092034	0.08136551140434463	9.161400823382484	145.34659081301547	3.994437806479695	0.9871846137681306	41.649704213564924	1861.9161047582468	-0.04341288711442112
2.8534757525083614	9.68227424749164	2.5791683520119446	0.014758261483462423	2.5791683520119446	0.014758261483462393	2.820040485929456	0.08095453164474173	9.165029891279785	145.75290068111082	3.998321836054004	0.9873392693058014	41.72473941407188	1866.0580295877073	-0.04341288711442112
2.857690635451505	9.68227424749164	2.5816312959305523	0.01442787363617563	2.5816312959305527	0.014427873636175613	2.8226494968013904	0.08054272605373922	9.1686588167019	146.16099441385268	4.002224307376833	0.9874918919140769	41.79994646248242	1870.2158680750404	-0.04341288711442112
2.861905518394649	9.68227424749164	2.5840873579509682	0.014102655190033626	2.5840873579509682	0.014102655190033614	2.825276571839169	0.08013012381884167	9.172286812606455	146.57085330791645	4.006144873514637	0.9876425105881377	41.8753231974234	1874.3894206413925	-0.04341288711442112
2.8661204013377928	9.68227424749164	2.5865361345674156	0.013782615201934604	2.5865361345674156	0.01378261520193458	2.8279213831301915	0.0797167542037938	9.175913088635308	146.98245820948318	4.010083177198677	0.9877911537024834	41.95086735929419	1878.5784749542102	-0.04341288711442112
2.8703352842809364	9.68227424749164	2.5889772347347457	0.013467759154104936	2.5889772347347457	0.013467759154104928	2.83058359896991	0.07930264653328016	9.17953685176783	147.39578953030488	4.014038851356199	0.9879378490367113	42.026576594509585	1882.7828064331693	-0.04341288711442112
2.8745501672240805	9.68227424749164	2.591410280152472	0.013158088990303298	2.591410280152472	0.013158088990303279	2.8332628841184078	0.0788878301775718	9.183157306978147	147.81082726429855	4.018011519645423	0.9880826238001349	42.10244845977754	1887.0021787601415	-0.04341288711442112
2.878765050167224	9.68227424749164	2.5938349055159695	0.0128536031592223	2.5938349055159695	0.012853603159222293	2.8359589000609744	0.07847233453716201	9.18677365789502	148.22755100462922	4.022000796993528	0.9882255046552825	42.178480426405706	1891.2363443926752	-0.04341288711442112
2.882979933110368	9.68227424749164	2.596250758734382	0.0125542966648614	2.5962507587343815	0.012554296664861431	2.838671305271742	0.07805618902744918	9.190385107462328	148.64593996121732	4.026006290136289	0.988366517740309	42.25466988462677	1895.4850450797578	-0.04341288711442112
2.887194816053512	9.68227424749164	2.598657501115078	0.012260161123609364	2.5986575011150785	0.012260161123609333	2.8413997554796566	0.0776394230635138	9.193990858598646	149.06597297862155	4.030027598158286	0.9885056886903538	42.33101414793453	1899.7480123790626	-0.04341288711442112
2.8914096989966556	9.68227424749164	2.6010548075146223	0.011971184827748352	2.6010548075146223	0.011971184827748348	2.8441439039359757	0.07722206604503921	9.197590114854199	149.4876285542386	4.03406431303257	0.9886430426578814	42.40751045742214	1904.0249681746955	-0.04341288711442112
2.895624581939799	9.68227424749164	2.603442366456464	0.011687352815062127	2.603442366456464	0.011687352815062132	2.8469034016826176	0.07680414734141597	9.201182081063775	149.91088485677375	4.0381160201587365	0.9887786043320355	42.48415598611494	1908.3156251945788	-0.04341288711442112
2.8998394648829433	9.68227424749164	2.605819880215539	0.011408646944216389	2.6058198802155386	0.0114086469442164	2.8496778978204196	0.0763856962770863	9.20476596399371	150.33571974491267	4.042182298898044	0.9889123979570393	42.560947843286826	1912.6196875262717	-0.04341288711442112
2.904054347826087	9.68227424749164	2.6081870648703553	0.011135045975548636	2.6081870648703553	0.011135045975548645	2.8524670397767533	0.07596674211715905	9.208340972981794	150.76211078615572	4.0462627231047685	0.989044447349675	42.63788307875458	1916.9368511305415	-0.04341288711442112
2.908269230769231	9.68227424749164	2.6105436503230917	0.01086652565689516	2.6105436503230917	0.010866525656895174	2.855270473571631	0.07554731405334403	9.211906320568369	151.19003527574844	4.050356861652527	0.9891747759158728	42.71495868713959	1921.2668043515555	-0.04341288711442112
2.9124841137123747	9.68227424749164	2.6128893802884594	0.010603058814065341	2.6128893802884594	0.010603058814065333	2.8580878440816404	0.07512744119024212	9.215461223117364	151.61947025566073	4.054464278954479	0.9893034066664396	42.792171612089305	1925.6092284227354	-0.04341288711442112
2.9166989966555183	9.68227424749164	2.6152240122522152	0.010344615445560507	2.6152240122522157	0.010344615445560494	2.8609187953010204	0.07470715253202558	9.219004901425867	152.0503925335609	4.058584535476567	0.9894303622319616	42.86951875045084	1929.9637979674847	-0.04341288711442112
2.9209138795986624	9.68227424749164	2.6175473174003274	0.010091162821126768	2.6175473174003274	0.010091162821126761	2.8637629705992778	0.07428647696954156	9.222536581321183	152.4827787017379	4.0627171882426945	0.9895556648769073	42.94699695638896	1934.33018149384	-0.04341288711442112
2.925128762541806	9.68227424749164	2.6198590805198037	0.009842665583728037	2.6198590805198037	0.009842665583728046	2.866620012974567	0.07386544326787535	9.22605549424382	152.9166051559121	4.066861791330809	0.989679336512962	43.02460304543945	1938.708041882015	-0.04341288711442112
2.9293436454849497	9.68227424749164	2.6221590998724973	0.009599085854515375	2.6221590998724973	0.009599085854515375	2.8694895653024397	0.07344408005439251	9.229560877815782	153.35184811390135	4.071017896359275	0.989801398711626	43.102333798493476	1943.0970368643461	-0.04341288711442112
2.933558528428094	9.68227424749164	2.624447187043042	0.009360383340376676	2.624447187043042	0.009360383340376678	2.8723712705792144	0.0730224158072948	9.233051976392765	153.7884836340831	4.0751850529623646	0.9899218727161009	43.180185965703124	1947.4968194964636	-0.04341288711442112
2.9377734113712375	9.68227424749164	2.626723166762362	0.009126515443645608	2.6267231667623623	0.009126515443645584	2.8752647721595763	0.07260047884470636	9.23652804159961	154.22648763361892	4.079362809254348	0.9900407794524978	43.25815627030404	1951.9070386192227	-0.04341288711442112
2.941988294314381	9.68227424749164	2.6289868767081144	0.008897437373557386	2.6289868767081144	0.008897437373557398	2.8781697139878575	0.07217829731431147	9.239988332848045	154.66583590639556	4.083550712281308	0.990158139540394	43.33624141234812	1956.3273393105517	-0.04341288711442112
2.9462031772575252	9.68227424749164	2.631238167283534	0.008673102259045839	2.631238167283534	0.008673102259045848	2.881085740822542	0.07175589918356366	9.243432117835988	155.10650414064327	4.087748308460016	0.9902739733027649	43.41443807234036	1960.757363326523	-0.04341288711442112
2.950418060200669	9.68227424749164	2.633476901376216	0.008453461262481933	2.633476901376216	0.008453461262481926	2.8840124984536426	0.07133331223047694	9.246858673027903	155.5484679361996	4.091955144003366	0.9903883007753223	43.49274291477609	1965.1967495311967	-0.04341288711442112
2.954632943143813	9.68227424749164	2.63570295409831	0.00823846369397005	2.6357029540983095	0.00823846369397006	2.8869496339124936	0.07091056403501442	9.250267284115411	155.99170282137786	4.096170765331658	0.990501141715283	43.57115259157247	1969.6451343144604	-0.04341288711442112
2.9588478260869566	9.68227424749164	2.637916212509725	0.008028057125826707	2.6379162125097255	0.008028057125826693	2.889896795673711	0.07048768197108002	9.253657246457887	156.43618426941518	4.100394719469369	0.9906125156095983	43.64966374539089	1974.1021519975081	-0.04341288711442112
2.9630627090301003	9.68227424749164	2.640116575325866	0.00782218750688369	2.6401165753258664	0.007822187506883682	2.892853633848963	0.07006469319912433	9.257027865502586	156.88188771446755	4.104626554426915	0.9907224416826665	43.728273012846294	1978.5674352254368	-0.04341288711442112
2.9672775919732444	9.68227424749164	2.642303952611496	0.007620799276271662	2.642303952611496	0.00762079927627166	2.8958198003723887	0.06964162465936015	9.26037845718407	157.32878856713182	4.108865819567146	0.9908309389035593	43.80697702760087	1983.040615346628	-0.04341288711442112
2.971492474916388	9.68227424749164	2.64447826546219	0.007423835476360601	2.64447826546219	0.007423835476360602	2.8987949491773044	0.06921850306560257	9.263708348302531	157.77686222946025	4.11311206595607	0.9909380259927826	43.88577242333772	1987.5213227783925	-0.04341288711442112
2.975707357859532	9.68227424749164	2.6466394456749875	0.00723123786454683	2.646639445674987	0.00723123786454685	2.9017787363641894	0.0687953548997185	9.26701687688115	158.2260841094603	4.117364846697791	0.9910437214286004	43.96465583661408	1992.009187358786	-0.04341288711442112
2.9799222408026758	9.68227424749164	2.6487874354096888	0.007042947023599743	2.6487874354096883	0.007042947023599757	2.904770820359724	0.06837220640669113	9.270303392502267	158.67642963505415	4.121623717253365	0.9911480434529442	44.04362390959132	1996.5038386842461	-0.04341288711442112
2.9841371237458194	9.68227424749164	2.650922186842259	0.006858902470299046	2.650922186842259	0.006858902470299066	2.907770862066788	0.06794908359029316	9.273567256622458	159.12787426748443	4.12588823574346	0.9912510100769312	44.12267329264036	2001.004906432865	-0.04341288711442112
2.988352006688963	9.68227424749164	2.65304366181175	0.006679042762113916	2.6530436618117497	0.006679042762113926	2.9107785250053575	0.06752601220935872	9.276807842866495	159.58039351415184	4.130157963234733	0.9913526390860158	44.201800646821575	2005.512020673121	-0.04341288711442112
2.992566889632107	9.68227424749164	2.6551518314621445	0.006503305601695027	2.6551518314621445	0.006503305601695031	2.9137934754443235	0.06710301777464686	9.280024537300609	160.03396294088105	4.1344324640100165	0.9914529480447948	44.2810026462392	2010.0248121581062	-0.04341288711442112
2.996781772575251	9.68227424749164	2.657246675880371	0.00633162793897342	2.657246675880371	0.006331627938973435	2.9168153825241157	0.06668012554628694	9.283216738684914	160.48855818359596	4.138711305822157	0.991551954301489	44.360275980269044	2014.5429126049917	-0.04341288711442112
3.000996655518395	9.68227424749164	2.6593281837318568	0.006163946070676151	2.6593281837318568	0.00616394607067616	2.9198439183703515	0.06625736053178845	9.286383858705737	160.94415495941502	4.142994060131909	0.9916496749921231	44.439617355661724	2019.0659549600512	-0.04341288711442112
3.0052115384615385	9.68227424749164	2.661396351894674	0.006000195737095485	2.661396351894674	0.006000195737095485	2.9228787581983324	0.06583474748460913	9.289525322187659	161.40072907714358	4.147280302329558	0.9917461270444202	44.519023498519005	2023.5935736488161	-0.04341288711442112
3.009426421404682	9.68227424749164	2.6634511850935563	0.005840312215961291	2.6634511850935563	0.005840312215961293	2.9259195804087006	0.06541231090325929	9.292640567286128	161.8582564471806	4.151569611940934	0.9918413271814356	44.59849115614767	2028.1254048119633	-0.04341288711442112
3.0136413043478263	9.68227424749164	2.665492695534781	0.005684230413291241	2.665492695534781	0.0056842304132912365	2.9289660666742545	0.064990075030927	9.295729045660837	162.31671309083174	4.1558615728177175	0.9919352919249437	44.67801709879005	2032.6610865267069	-0.04341288711442112
3.01785618729097	9.68227424749164	2.6675209025429276	0.005531884951110211	2.6675209025429276	0.005531884951110212	2.9320179020180688	0.06456806385561048	9.298790222630357	162.776075149032	4.160155773312383	0.9920280375985989	44.75759812123326	2037.2002590139575	-0.04341288711442112
3.022071070234114	9.68227424749164	2.669535832200467	0.005383210251948769	2.669535832200467	0.005383210251948778	2.935074774883091	0.06414630111073626	9.301823577308573	163.23631889048377	4.164451806438069	0.992119580330887	44.837231044299294	2041.7425648314631	-0.04341288711442112
3.0262859531772577	9.68227424749164	2.671537516991061	0.0052381406200481245	2.671537516991061	0.00523814062004812	2.938136377193454	0.06372481027623998	9.30482860272354	163.69742071922116	4.16874927001375	0.9922099360578818	44.91691271621867	2046.2876490531783	-0.04341288711442112
3.0305008361204013	9.68227424749164	2.673525995447315	0.005096610319217874	2.673525995447315	0.00509661031921788	2.9412024044075515	0.0633036145801003	9.307804805919101	164.15935718159818	4.173047766794893	0.9922991205258247	44.99664001388841	2050.8351594349865	-0.04341288711442112
3.034715719063545	9.68227424749164	2.675501311803821	0.004958553647304622	2.6755013118038207	0.0049585536473046345	2.944272555563304	0.06288273700029105	9.3107517080402	164.62210497272443	4.177346904590224	0.9923871492935413	45.07640984401921	2055.3847465672643	-0.04341288711442112
3.038930602006689	9.68227424749164	2.677463515656034	0.00482390500725066	2.677463515656034	0.0048239050072506695	2.94734653331563	0.06246220026714465	9.313668844402182	165.08564094234526	4.18164629636473	0.9924740377347077	45.15621914417246	2059.936064014375	-0.04341288711442112
3.0431454849498327	9.68227424749164	2.679412661625686	0.004692598974730353	2.6794126616256855	0.0046925989747303625	2.9504240439665157	0.06204202686609435	9.31655576454489	165.5499421001877	4.185945560329522	0.9925598010399823	45.23606488369168	2064.488768441582	-0.04341288711442112
3.047360367892977	9.68227424749164	2.681348809033229	0.00456457036236908	2.681348809033229	0.004564570362369091	2.953504797487885	0.06162223904077836	9.319412032272224	166.01498562078348	4.190244320018902	0.992644454219014	45.315944064530974	2069.042519729654	-0.04341288711442112
3.0515752508361205	9.68227424749164	2.6832720215777734	0.004439754280561002	2.6832720215777734	0.004439754280561007	2.9565885075374947	0.06120285879648426	9.32223722567762	166.4807488477782	4.194542204355038	0.9927280121023379	45.39585372198306	2073.5969810774877	-0.04341288711442112
3.055790133779264	9.68227424749164	2.6851823670249604	0.004318086194912524	2.6851823670249604	0.004318086194912526	2.9596748914681745	0.06078390790391176	9.325030937156349	166.94720929774758	4.1988388477008085	0.9928104893431725	45.475790925311536	2078.15181909322	-0.04341288711442112
3.060005016722408	9.68227424749164	2.6870799169031363	0.0041995019803492805	2.687079916903136	0.004199501980349287	2.9627636703306965	0.0603654079032263	9.327792773405138	167.41434466353542	4.20313388990123	0.992891900419126	45.55575277829018	2082.706703874152	-0.04341288711442112
3.064219899665552	9.68227424749164	2.6889647462081148	0.0040839379719349025	2.6889647462081148	0.004083937971934892	2.9658545688705154	0.059947380108389584	9.330522355409865	167.8821328171275	4.207426976313953	0.9929722596338226	45.6357364196527	2087.2613090759114	-0.04341288711442112
3.068434782608696	9.68227424749164	2.6908369331167545	0.003971331012457624	2.6908369331167545	0.003971331012457624	2.9689473155186366	0.05952984561174089	9.333219318421788	168.35055181207522	4.211717757829212	0.9930515811184583	45.71573902345631	2091.8153119711687	-0.04341288711442112
3.0726496655518396	9.68227424749164	2.69269655870963	0.003861618496847851	2.69269655870963	0.0038616184968478543	2.9720416423770097	0.05911282528880647	9.335883311923272	168.81957988549627	4.2160058908799405	0.9931298788332941	45.79575779936395	2096.3683934985092	-0.04341288711442112
3.0768645484949833	9.68227424749164	2.6945437067028823	0.0037547384134983364	2.6945437067028823	0.003754738413498336	2.9751372851986226	0.05869633980331867	9.338513999583398	169.2891954596598	4.220291037442285	0.9932071665690945	45.87578999284737	2100.920238301676	-0.04341288711442112
3.081079431438127	9.68227424749164	2.6963784631894	0.003650629382563388	2.6963784631893994	0.0036506293825633936	2.978233983362635	0.05828040961242131	9.341111059204135	169.7593771431783	4.224572865027152	0.9932834579485195	45.95583288531553	2105.4705347597273	-0.04341288711442112
3.085294314381271	9.68227424749164	2.6982009163893963	0.0035492306913191083	2.6982009163893963	0.003549230691319116	2.981331479844837	0.057865054972042244	9.343674182657823	170.23010373182578	4.2288510466632285	0.9933587664274747	46.035883794171944	2110.0189750084874	-0.04341288711442112
3.0895091973244146	9.68227424749164	2.7000111564104006	0.0034504823266715873	2.7000111564104006	0.0034504823266715916	2.984429521183675	0.0574502959424133	9.346203075816314	170.7013542089934	4.233125260871884	0.9934331052964287	46.11594007280387	2114.565254953653	-0.04341288711442112
3.0937240802675587	9.68227424749164	2.701809275016724	0.0033543250049019846	2.7018092750167235	0.003354325004901992	2.9875278574422284	0.05703615239371304	9.348697458472685	171.1731077458133	4.237395191634629	0.9935064876817012	46.195999110508666	2119.109074276176	-0.04341288711442112
3.0979389632107024	9.68227424749164	2.703595365408282	0.0032607001987435325	2.703595365408282	0.003260700198743531	2.99062624216627	0.05662264401182146	9.351157064255785	171.64534370095413	4.241660528353286	0.9935789265467275	46.276058332358495	2123.65013643001	-0.04341288711442112
3.102153846153846	9.68227424749164	2.705369522008784	0.0031695501618845875	2.7053695220087843	0.0031695501618845823	2.9937244323387997	0.05620979030416015	9.353581640538346	172.11804162011654	4.245920965803606	0.9936504346933043	46.3561151990089	2128.188148632945	-0.04341288711442112
3.10636872909699	9.68227424749164	2.707131840263188	0.0030808179509955857	2.7071318402631874	0.003080817950995594	2.996822188331285	0.05579761060560296	9.355970948339158	172.59118123524388	4.250176204082643	0.9937210247628214	46.436167206453916	2132.7228218507516	-0.04341288711442112
3.110583612040134	9.68227424749164	2.7088824164442986	0.0029944474453786596	2.7088824164442986	0.002994447445378656	2.999919273851876	0.0553861240844377	9.358324762219816	173.06474246346622	4.254425948550363	0.9937907092374832	46.51621188573121	2137.2538707751182	-0.04341288711442112
3.114798494983278	9.68227424749164	2.7106213474683707	0.002910383364339153	2.7106213474683707	0.0029103833643391577	3.003015455890794	0.05497534974836623	9.360642870176434	173.53870540579013	4.258669909765862	0.993859500441522	46.59624680258025	2141.7810137956926	-0.04341288711442112
3.1190133779264215	9.68227424749164	2.712348730719611	0.0028285712823783687	2.712348730719611	0.0028285712823783644	3.0061105046632695	0.0545653064505189	9.36292507352701	174.01305034556196	4.262907803418723	0.9939274105424083	46.67626955705767	2146.3039729667234	-0.04341288711442112
3.123228260869565	9.68227424749164	2.7140646638833488	0.0027489576423072506	2.7140646638833483	0.0027489576423072593	3.0092041935501403	0.05415601289547424	9.36517118679465	174.4877577467107	4.267139350255772	0.993994451552059	46.756277783111855	2150.8224739685593	-0.04341288711442112
3.127443143812709	9.68227424749164	2.7157692447877575	0.0026714897663792122	2.715769244787757	0.0026714897663792214	3.0122962990364486	0.053747487645262645	9.367381037587212	174.962808251794	4.271364276003757	0.9940606353280476	46.83626914812082	2155.336246064465	-0.04341288711442112
3.131658026755853	9.68227424749164	2.717462571253904	0.002596115865540443	2.7174625712539036	0.002596115865540446	3.015386600648233	0.05333974912534407	9.369554466473856	175.43818267986316	4.275582311288304	0.9941259735748169	46.916241352396284	2159.845022053123	-0.04341288711442112
3.1358729096989966	9.68227424749164	2.719144740953898	0.0025227850468939254	2.719144740953898	0.0025227850468939254	3.0184748808876978	0.05293281563054197	9.371691326858597	175.91386202415762	4.279793191549397	0.9941904778448971	46.99619212865584	2164.3485382170247	-0.04341288711442112
3.1400877926421407	9.68227424749164	2.7208158512769836	0.0024514473194720333	2.7208158512769836	0.0024514473194720355	3.0215609251670625	0.05252670533092029	9.373791484851528	176.38982744965122	4.283996656953947	0.9942541595401306	47.07611924146758	2168.84653426729	-0.04341288711442112
3.1443026755852843	9.68227424749164	2.7224759992033194	0.0023820535984109994	2.7224759992033194	0.0023820535984110003	3.0246445217412496	0.05212143627759058	9.375854819137919	176.86606029046354	4.2881924523056485	0.9943170299129038	47.156020486669135	2173.3387532851425	-0.04341288711442112
3.148517558528428	9.68227424749164	2.7241252811852057	0.0023145557076185348	2.7241252811852057	0.002314555707618538	3.0277254616395757	0.05171702640843791	9.3778812208454	177.3425420471453	4.292380326952444	0.9943791000673894	47.23589369076328	2177.8249416603066	-0.04341288711442112
3.152732441471572	9.68227424749164	2.7257637930355822	0.002248906381022962	2.7257637930355822	0.002248906381022963	3.030803538596752	0.05131349355374956	9.379870593409768	177.81925438386253	4.296560034692065	0.994440380960797	47.315736710293976	2182.304849026781	-0.04341288711442112
3.1569473244147157	9.68227424749164	2.727391629823505	0.0021850592624912146	2.727391629823505	0.0021850592624912146	3.033878548983254	0.05091085544174067	9.381822852439464	178.29617912548272	4.300731333675751	0.9945008834046347	47.39554743120402	2186.778228196144	-0.04341288711442112
3.16116220735786	9.68227424749164	2.7290088857764254	0.002122968904498732	2.7290088857764254	0.002122968904498727	3.03695029173537	0.05050912970395658	9.383737925579121	178.77329825458676	4.30489398631067	0.9945606180659828	47.47532376817791	2191.244835088826	-0.04341288711442112
3.1653770903010034	9.68227424749164	2.7306156541889774	0.002062590765633839	2.730615654188978	0.0020625907656338315	3.0400185682849536	0.05010833388055431	9.385615752372281	179.25059390840715	4.309047759161071	0.9946195954687764	47.55506366397073	2195.7044286634505	-0.04341288711442112
3.169591973244147	9.68227424749164	2.7322120273380883	0.0020038812070142485	2.7322120273380883	0.0020038812070142385	3.043083182489192	0.04970848542543885	9.387456284123624	179.72804837571806	4.3131924228486485	0.9946778259951018	47.634765088726716	2200.1567708446714	-0.04341288711442112
3.1738068561872907	9.68227424749164	2.7337980964041675	0.0019467974876923692	2.7337980964041675	0.0019467974876923673	3.0461439405604738	0.04930960171125438	9.389259483760858	180.20564409368183	4.317327751952309	0.9947353198865033	47.714426039289116	2204.6016264497384	-0.04341288711442112
3.178021739130435	9.68227424749164	2.735373951398112	0.0018912977591223608	2.735373951398112	0.0018912977591223588	3.0492006509964784	0.04891170003421902	9.39102532569634	180.68336364466154	4.321453524907487	0.9947920872453014	47.794044538502405	2209.038763113901	-0.04341288711442112
3.1822366220735785	9.68227424749164	2.7369396810939604	0.0018373410587590015	2.736939681093961	0.0018373410587589972	3.0522531245107407	0.048514797618789594	9.392753795688753	181.16118975301953	4.325569523905433	0.9948481380359228	47.873618634510684	2213.46795121512	-0.04341288711442112
3.1864515050167226	9.68227424749164	2.7384953729669066	0.0017848873028563574	2.7384953729669066	0.0017848873028563602	3.0553011739636986	0.048118911622156514	9.394444890704857	181.63910528190337	4.3296755347925195	0.9949034820862408	47.95314640005231	2217.8889637981174	-0.04341288711442112
3.1906663879598662	9.68227424749164	2.740041113136515	0.0017338972785302653	2.7400411131365154	0.0017338972785302575	3.0583446142944886	0.047724059138551475	9.39609861878148	182.11709323003666	4.333771346969924	0.9949581290889274	48.0326259317539	2222.301576498124	-0.04341288711442112
3.19488127090301	9.68227424749164	2.7415769863148527	0.0016843326351470066	2.741576986314853	0.0016843326351470022	3.0613832624534676	0.04733025720337004	9.39771499888778	182.59513672851764	4.337856753293712	0.9950120886028143	48.11205534942387	2226.7055674643825	-0.04341288711442112
3.199096153846154	9.68227424749164	2.743103075759405	0.0016361558750965727	2.7431030757594055	0.0016361558750965734	3.0644169373357437	0.04693752279709237	9.399294060788014	183.07321903764324	4.341931549975739	0.9950653700542641	48.19143279534921	2231.1007172838204	-0.04341288711442112
3.2033110367892976	9.68227424749164	2.744619463230519	0.0015893303440070374	2.744619463230519	0.0015893303440070385	3.0674454597157195	0.04654587284900226	9.400835844904755	183.5513235437624	4.345995536485386	0.9951179827385512	48.270756433595196	2235.4868089049205	-0.04341288711442112
3.2075259197324417	9.68227424749164	2.7461262289531687	0.001543820220453547	2.7461262289531687	0.0015438202204535452	3.0704686521827544	0.046155324240697806	9.402340402182608	184.02943375616528	4.35004851545232	0.9951699358212512	48.35002444931016	2239.8636275620056	-0.04341288711442112
3.2117408026755854	9.68227424749164	2.747623451582899	0.0014995905052123293	2.747623451582899	0.0014995905052123295	3.0734863390781437	0.04576589380938174	9.403807793952579	184.50753330402438	4.354090292570522	0.9952212383396368	48.4292350480371	2244.2309607001753	-0.04341288711442112
3.215955685618729	9.68227424749164	2.749111208175697	0.0014566070101083004	2.7491112081756968	0.001456607010108305	3.0764983464333966	0.04537759835093326	9.405238091797	184.9856059333871	4.358120676503644	0.9952718992040831	48.50838645503265	2248.5885979009977	-0.04341288711442112
3.220170568561873	9.68227424749164	2.7505895741616713	0.0014148363465015035	2.750589574161671	0.0014148363465015057	3.0795045019100074	0.044990454622751246	9.406631377415168	185.46363550423428	4.3621394787919225	0.9953219271994777	48.587476914595634	2252.936330809177	-0.04341288711442112
3.2243854515050168	9.68227424749164	2.7520586233223185	0.001374245913455635	2.7520586233223185	0.001374245913455636	3.082504634740745	0.04460447934636485	9.407987742489537	185.94160598760737	4.366146513760749	0.9953713309866373	48.666504689405876	2257.2739530603376	-0.04341288711442112
3.2286003344481604	9.68227424749164	2.7535184277712115	0.0013348038856294028	2.7535184277712115	0.0013348038856294054	3.08549857567253	0.04421968920980951	9.409307288552558	186.41950146281056	4.370141598430943	0.99542011910373	48.745468059873595	2261.6012602099654	-0.04341288711442112
3.2328152173913045	9.68227424749164	2.754969057937994	0.0012964792009287267	2.754969057937994	0.0012964792009287267	3.0884861569110837	0.04383610086975824	9.410590126854192	186.8973061147013	4.374124552431079	0.9954682999677	48.82436532350276	2265.918049663891	-0.04341288711442112
3.237030100334448	9.68227424749164	2.756410582555451	0.0012592415479562458	2.7564105825554504	0.0012592415479562465	3.091467212067273	0.04345373095341185	9.411836378229946	187.37500423106476	4.3780951979116765	0.9955158818756983	48.903194794266575	2270.224120610162	-0.04341288711442112
3.241244983277592	9.68227424749164	2.757843068649576	0.0012230613532915884	2.7578430686495765	0.0012230613532915875	3.0944415761053605	0.04307259606013652	9.413046172969493	187.85258020008933	4.38205335946166	0.9955628730065144	48.98195480199862	2274.519273952681	-0.04341288711442112
3.245459866220736	9.68227424749164	2.759266581532443	0.0011879097686344803	2.759266581532443	0.0011879097686344796	3.097409085293124	0.04269271276285181	9.414219650685778	188.33001850793838	4.385998864026947	0.99560928142201	49.06064369179867	2278.803312246542	-0.04341288711442112
3.2496747491638796	9.68227424749164	2.760681184797745	0.0011537586578403542	2.760681184797745	0.0011537586578403542	3.1003695771539372	0.04231409760916339	9.41535696018456	188.8073037364288	4.389931540831364	0.9956551150685558	49.13925982345484	2283.076039635268	-0.04341288711442112
3.2538896321070236	9.68227424749164	2.762086940318936	0.0011205805838758712	2.762086940318936	0.0011205805838758703	3.1033228904209462	0.04193676712223504	9.416458259334426	189.28442056082596	4.393851221300077	0.9957003817784661	49.21780157088361	2287.3372617901264	-0.04341288711442112
3.2581045150501673	9.68227424749164	2.7634839082497558	0.00108834879572083	2.7634839082497558	0.0010883487957208285	3.1062688649932744	0.04156073780140206	9.41752371493706	189.76135374774918	4.397757738985418	0.9957450892714359	49.296267321587194	2291.5867858515035	-0.04341288711442112
3.262319397993311	9.68227424749164	2.7648721470270554	0.0010570372152402968	2.7648721470270554	0.0010570372152402978	3.1092073418943347	0.04118602612252334	9.418553502597717	190.23808815319606	4.40165092949527	0.9957892451559746	49.37465547612912	2295.824420372419	-0.04341288711442112
3.266534280936455	9.68227424749164	2.766251713375862	0.0010266204240491881	2.766251713375862	0.0010266204240491907	3.1121381632324217	0.04081264853806379	9.419547806596025	190.71460872069892	4.405530630424197	0.9958328569308393	49.452964447630364	2300.0499752644932	-0.04341288711442112
3.2707491638795987	9.68227424749164	2.7676226623164677	0.0009970736503905743	2.7676226623164677	0.0009970736503905732	3.1150611721634087	0.040440621476917155	9.420506819756689	191.19090047959898	4.409396681287151	0.9958759319864663	49.53119266128407	2304.2632617461463	-0.04341288711442112
3.274964046822743	9.68227424749164	2.7689850471735427	0.0009683727560464321	2.7689850471735427	0.0009683727560464343	3.1179762128558037	0.04006996134395486	9.42143074332032	191.66694854346028	4.413248923456045	0.9959184776063972	49.609338553891845	2308.4640922933795	-0.04341288711442112
3.2791789297658864	9.68227424749164	2.7703389195871186	0.000940494223298928	2.7703389195871186	0.0009404942232989274	3.1208831304580715	0.03970068451931019	9.42231978681416	192.1427381086156	4.417087200099126	0.9959605009687039	49.68740057342108	2312.652280593088	-0.04341288711442112
3.28339381270903	9.68227424749164	2.771684329525331	0.0009134151419586017	2.771684329525331	0.0009134151419586014	3.1237817710682583	0.039332807357392335	9.423174167922514	192.6182544528473	4.420911356123142	0.9960020091474074	49.765377178583165	2316.8276414989114	-0.04341288711442112
3.2876086956521737	9.68227424749164	2.7730213252989016	0.000887113196474191	2.773021325298901	0.0008871131964741928	3.126671981706038	0.03896634618562992	9.42399411235702	193.09348293421314	4.424721238118552	0.9960430091138924	49.84326683843495	2320.9899909899177	-0.04341288711442112
3.291823578595318	9.68227424749164	2.774349953577206	0.0008615666531381843	2.774349953577206	0.0008615666531381852	3.1295536102871107	0.03860131730294557	9.424779853726445	193.5684089900123	4.428516694307598	0.9960835077383154	49.92106803200208	2325.139146131934	-0.04341288711442112
3.2960384615384615	9.68227424749164	2.775670259405888	0.0008367543474005254	2.775670259405888	0.0008367543474005249	3.1324265056000304	0.038237736977960686	9.425531633406035	194.04301813589777	4.432297574495408	0.9961235117910076	49.998779247925654	2329.2749250417355	-0.04341288711442112
3.3002533444816056	9.68227424749164	2.77698228622591	0.0008126556713019357	2.77698228622591	0.0008126556713019334	3.135290517285435	0.037875621446932614	9.42624970040618	194.51729596513218	4.436063730024079	0.99616302794387	50.07639898413182	2333.3971468540635	-0.04341288711442112
3.304468227424749	9.68227424749164	2.778286075894021	0.0007892505610371565	2.7782860758940204	0.0007892505610371563	3.1381454958177915	0.03751498691142084	9.426934311240508	194.99122814799927	4.439815013729907	0.9962020627717622	50.15392574752609	2337.505631691653	-0.04341288711442112
3.308683110367893	9.68227424749164	2.7795816687045254	0.0007665194846576602	2.7795816687045254	0.0007665194846576569	3.1409912924895593	0.03715584953568968	9.427585729793094	195.46480043136023	4.443551279903615	0.9962406227538814	50.23135805371082	2341.600200638144	-0.04341288711442112
3.312897993311037	9.68227424749164	2.7808691034122797	0.0007444434299221506	2.7808691034122797	0.0007444434299221497	3.1438277593978112	0.03679822544384477	9.428204227184688	195.93799863836017	4.447272384253661	0.9962787142751356	50.30869442672723	2345.6806757139984	-0.04341288711442112
3.3171128762541806	9.68227424749164	2.78214841725692	0.0007230038923023398	2.7821484172569195	0.0007230038923023408	3.1466547494333943	0.03644213071670589	9.428790081638079	196.4108086682925	4.450978183872722	0.9963163436275053	50.38593339882221	2349.746879855507	-0.04341288711442112
3.3213277591973247	9.68227424749164	2.783419645988205	0.0007021828631507722	2.783419645988205	0.0007021828631507715	3.1494721162725647	0.036087581388418395	9.429343578342253	196.88321649661358	4.454668537207291	0.9963535170113982	50.46307351024008	2353.798636896884	-0.04341288711442112
3.3255426421404684	9.68227424749164	2.784682823892393	0.0006819628180367971	2.7846828238923935	0.0006819628180367975	3.152279714371025	0.03573459344281079	9.429865009315243	197.35520817510508	4.458343304030268	0.9963902405369913	50.540113309038134	2357.8357715553025	-0.04341288711442112
3.329757525083612	9.68227424749164	2.7859379838197285	0.0006623267052553392	2.785937983819729	0.0006623267052553379	3.155077398960618	0.03538318280948999	9.430354673265917	197.82676983220315	4.46200234541693	0.996426520225566	50.61705135092941	2361.8581094193446	-0.04341288711442112
3.3339724080267557	9.68227424749164	2.787185157212797	0.00064325793451369	2.7871851572127975	0.0006432579345136888	3.1578650260483117	0.035033365359692654	9.43081287545401	198.29788767346528	4.4656455237237385	0.9964623620108297	50.69388619914813	2365.8654769402615	-0.04341288711442112
3.3381872909698997	9.68227424749164	2.788424374135896	0.000624740365799499	2.7884243741358956	0.0006247403657994993	3.160642452417829	0.03468515690188254	9.431239927548997	198.76854798220532	4.4692727025705405	0.9964977717402285	50.77061642434284	2369.8577014266984	-0.04341288711442112
3.3424021739130434	9.68227424749164	2.7896556633052074	0.0006067582984337308	2.789655663305208	0.0006067582984337287	3.1634095356336007	0.03433857317710878	9.431636147487097	199.23873712026904	4.472883746825653	0.9965327551762466	50.84724060449284	2373.8346110423213	-0.04341288711442112
3.3466170568561875	9.68227424749164	2.790879052119841	0.0005892964603109707	2.790879052119841	0.0005892964603109698	3.1661661340472356	0.03399362985412343	9.432001859326718	199.7084415289677	4.476478522594174	0.9965673179976962	50.92375732485108	2377.7960348067736	-0.04341288711442112
3.350831939799331	9.68227424749164	2.7920945666936743	0.0005723399973293328	2.7920945666936743	0.0005723399973293333	3.1689121068064288	0.0336503425242644	9.432337393102207	200.17764773016322	4.4800568972093755	0.996601465800993	51.00016517791225	2381.7418025997795	-0.04341288711442112
3.355046822742475	9.68227424749164	2.793302231887898	0.0005558744630117813	2.793302231887898	0.0005558744630117808	3.1716473138662136	0.03330872669611183	9.4326430846756	200.64634232749782	4.483618739227056	0.9966352041014211	51.076462763405445	2385.6717451683267	-0.04341288711442112
3.359261705685619	9.68227424749164	2.794502071344322	0.0005398858083199105	2.7945020713443225	0.0005398858083199102	3.174371616002657	0.032968797789920436	9.43291927558662	201.11451200777677	4.487163918423047	0.9966685383343847	51.1526486883128	2389.5856941371085	-0.04341288711442112
3.3634765886287625	9.68227424749164	2.795694107519304	0.0005243603716612147	2.7956941075193043	0.0005243603716612147	3.177084874828843	0.0326305711318379	9.433166312900623	201.58214354249125	4.4906923057935995	0.9967014738566466	51.22872156691204	2393.4834820219976	-0.04341288711442112
3.3676914715719066	9.68227424749164	2.7968783617183446	0.0005092848690900971	2.7968783617183446	0.0005092848690900973	3.179786952813234	0.032294061947910124	9.433384549054558	202.04922378949135	4.494203773558828	0.9967340159475538	51.304680020844906	2397.3649422467156	-0.04341288711442112
3.3719063545150503	9.68227424749164	2.7980548541312693	0.0004946463847028455	2.7980548541312693	0.0004946463847028445	3.182477713300281	0.03195928535788786	9.433574341700872	202.51573969479642	4.497698195169065	0.9967661698102497	51.38052267920956	2401.229909162584	-0.04341288711442112
3.376121237458194	9.68227424749164	2.7992236038679534	0.0004804323612263265	2.799223603867954	0.00048043236122632596	3.1851570205332496	0.0316262563688368	9.433736053549206	202.98167829454314	4.5011754453140185	0.9967979405728727	51.45624817867707	2405.0782180712467	-0.04341288711442112
3.3803361204013376	9.68227424749164	2.8003846289945997	0.00046663059079974327	2.8003846289945993	0.0004666305907997442	3.187824739679298	0.03129498986856057	9.43387005220604	203.4470267170733	4.504635399934874	0.9968293332897412	51.53185516363254	2408.9097052505213	-0.04341288711442112
3.3845510033444817	9.68227424749164	2.8015379465704857	0.0004532292059488284	2.8015379465704853	0.00045322920594882937	3.190480736856657	0.03096550061884694	9.433976710012075	203.91177218515045	4.508077936239106	0.996860352942524	51.60734228633945	2412.7242079831763	-0.04341288711442112
3.3887658862876253	9.68227424749164	2.802683572685201	0.00044021667075118046	2.802683572685201	0.00044021667075117975	3.1931248791639684	0.03063780324854216	9.434056403877529	204.37590201831097	4.511502932718103	0.9968910044413967	51.68270820712803	2416.521564588705	-0.04341288711442112
3.3929807692307694	9.68227424749164	2.803821522496242	0.0004275817721917725	2.8038215224962415	0.00042758177219177353	3.195757034711546	0.03031191224646945	9.43410951511496	204.83940363532994	4.5149102691672685	0.9969212926261847	51.75795159460498	2420.3016144577996	-0.04341288711442112
3.397195652173913	9.68227424749164	2.8049518102670934	0.00041531361170668417	2.8049518102670934	0.0004153136117066842	3.198377072654803	0.02998784195419083	9.434136429270216	205.30226455682399	4.518299826709017	0.9969512222674902	51.83307112588807	2424.0641980899536	-0.04341288711442112
3.4014105351170567	9.68227424749164	2.8060744494055747	0.00040340159691383955	2.806074449405575	0.00040340159691383917	3.200984863229422	0.029665606558634382	9.434137535950814	205.76447240795636	4.521671487818013	0.9969807980678057	51.90806548686043	2427.809157133517	-0.04341288711442112
3.405625418060201	9.68227424749164	2.807189452502571	0.0003918354335285217	2.807189452502571	0.000391835433528522	3.203580277788507	0.02934522008458854	9.43411322865235	206.2260149212647	4.525025136349065	0.9970100246626121	51.98293337244777	2431.536334428651	-0.04341288711442112
3.4098403010033445	9.68227424749164	2.8082968313710417	0.0003806051174618155	2.8082968313710417	0.0003806051174618165	3.206163188841483	0.029026696387077465	9.43406390458263	206.6868799395938	4.5283606575673465	0.9970389066214626	52.05767348691635	2435.245574052856	-0.04341288711442112
3.4140551839464885	9.68227424749164	2.809396597085271	0.00036970092709982566	2.809396597085271	0.0003697009270998265	3.208733470094696	0.02871004914363014	9.433989964483608	207.14705541913037	4.531677938180878	0.9970674484490508	52.13228454419056	2438.93672136898	-0.04341288711442112
3.418270066889632	9.68227424749164	2.8104887600203563	0.00035911341576130596	2.8104887600203563	0.00035911341576130466	3.211290996493673	0.028395291846452182	9.433891812451249	207.60652943253672	4.534976866375264	0.9970956545862649	52.20676526819089	2442.6096230757466	-0.04341288711442112
3.422484949832776	9.68227424749164	2.8115733298918912	0.00034883340433137486	2.8115733298918917	0.0003488334043313744	3.2138356442669394	0.028082437794514747	9.433769855753306	208.06529017217727	4.538257331850577	0.9971235294112256	52.2811143931909	2446.2641272606593	-0.04341288711442112
3.4266998327759195	9.68227424749164	2.812650315795808	0.0003388519740687896	2.812650315795808	0.0003388519740687901	3.216367290971322	0.02777150008557005	9.433624504645087	208.52332595343256	4.541519225860246	0.9971510772403097	52.35533066419227	2449.900083455161	-0.04341288711442112
3.4309147157190636	9.68227424749164	2.813719726248314	0.0003291604595842874	2.813719726248314	0.00032916045958428756	3.218885815538606	0.027462491608110255	9.433456172183222	208.98062521809064	4.544762441251849	0.9971783023291577	52.429412837317265	2453.517342691927	-0.04341288711442112
3.4351295986622072	9.68227424749164	2.814781569225967	0.00031975044198718426	2.8147815692259663	0.0003197504419871849	3.221391098323553	0.027155425033277374	9.43326527403763	209.43717653781843	4.547986872509819	0.9972052088736676	52.5033596802186	2457.115757564324	-0.04341288711442112
3.4393444816053513	9.68227424749164	2.815835852205756	0.00031061374219774153	2.8158358522057565	0.00031061374219774077	3.2238830211530622	0.02685031280674369	9.433052228301634	209.892968617697	4.551192415799819	0.9972318010109715	52.577169972504656	2460.6951822877654	-0.04341288711442112
3.443559364548495	9.68227424749164	2.816882582205229	0.00030174241442235984	2.816882582205228	0.0003017424144223613	3.2263614673764844	0.026547167140570562	9.4328174553004	210.34799029982045	4.554378969014744	0.9972580828203982	52.650842506180055	2464.2554727629035	-0.04341288711442112
3.4477742474916386	9.68227424749164	2.8179217658225895	0.0002931287397888895	2.8179217658225895	0.0002931287397888895	3.228826321916945	0.02624600000506199	9.432561377397791	210.80223056695135	4.557546431822237	0.9972840583244201	52.72437608610049	2467.796486640595	-0.04341288711442112
3.4519891304347827	9.68227424749164	2.8189534092767548	0.0002847652201391796	2.8189534092767548	0.0002847652201391794	3.2312774713235672	0.025946823120627634	9.43228441880174	211.2556785462225	4.560694705713638	0.9973097314895851	52.797769530440966	2471.3180833884708	-0.04341288711442112
3.4562040133779264	9.68227424749164	2.8199775184473004	0.00027664457197605744	2.8199775184473004	0.0002766445719760576	3.233714803824501	0.025649647949667977	9.43198700536824	211.70832351288027	4.563823694054115	0.9973351062274323	52.87102167117597	2474.820124358918	-0.04341288711442112
3.4604188963210705	9.68227424749164	2.8209940989142925	0.0002687597205617781	2.820994098914292	0.00026875972056177803	3.236138209380657	0.025354485688496405	9.431669564404114	212.16015489406183	4.566933302134017	0.9973601863953934	52.94413135457129	2478.30247285847	-0.04341288711442112
3.464633779264214	9.68227424749164	2.822003155997964	0.0002611037941650721	2.822003155997964	0.00026110379416507273	3.2385475797400525	0.025061347259311854	9.43133252446873	212.61116227260143	4.570023437221265	0.9973849757976786	53.01709744168647	2481.764994218415	-0.04341288711442112
3.4688486622073578	9.68227424749164	2.8230046947981706	0.00025367011845392966	2.823004694798171	0.00025367011845392934	3.2409428084926115	0.024770243302238707	9.430976315174728	213.061335390853	4.573094008614588	0.9974094781861468	53.08991880888598	2485.2075558664133	-0.04341288711442112
3.4730635451505014	9.68227424749164	2.8239987202335928	0.0002464522110311768	2.8239987202335928	0.0002464522110311771	3.2433237911253054	0.024481184167447587	9.4306013669879	213.51066415452198	4.576144927697507	0.997433697261161	53.162594348358596	2488.6300273990237	-0.04341288711442112
3.4772784280936455	9.68227424749164	2.824985237080723	0.00023944377610986297	2.824985237080723	0.0002394437761098626	3.2456904250776626	0.024194179907367486	9.430208111026632	213.95913863651114	4.579176107993122	0.9974576366724289	53.235122968645136	2492.032280655185	-0.04341288711442112
3.481493311036789	9.68227424749164	2.8259642500124476	0.00023263869932575517	2.825964250012447	0.00023263869932575577	3.2480426097972606	0.02390924026901358	9.429796978860637	214.40674908074894	4.582187465219168	0.9974813000198274	53.307503595170324	2495.414189790054	-0.04341288711442112
3.4857081939799333	9.68227424749164	2.8269357636363512	0.00022603104268383896	2.8269357636363517	0.00022603104268383825	3.2503802467953786	0.02362637468643317	9.429368402309594	214.85348590601782	4.585178917343652	0.9975046908542134	53.379735170781416	2498.775631349584	-0.04341288711442112
3.489923076923077	9.68227424749164	2.8278997825325787	0.00021961503963611835	2.827899782532579	0.0002196150396361175	3.2527032397024684	0.023345592273295523	9.428922813241593	215.29933970975588	4.588150384640585	0.9975278126782188	53.45181665628925	2502.1164843452343	-0.04341288711442112
3.4941379598662206	9.68227424749164	2.8288563112912697	0.0002133850902877956	2.8288563112912697	0.0002133850902877958	3.255011494323432	0.023066901815631684	9.428460643371643	215.74430127183265	4.591101789745857	0.9975506689470305	53.52374703101248	2505.4366303289285	-0.04341288711442112
3.4983528428093646	9.68227424749164	2.829805354549558	0.00020733575672897848	2.8298053545495585	0.00020733575672897783	3.2573049186926166	0.0227903117647421	9.427982324060565	216.18836155829362	4.594033057713134	0.997573263069157	53.59552529332361	2508.7359534680772	-0.04341288711442112
3.5025677257525083	9.68227424749164	2.8307469170280086	0.00020146175848922385	2.8307469170280086	0.0002014617584892245	3.2595834231282765	0.02251583023028739	9.427488286114212	216.63151172505445	4.596944116069459	0.9975955984071784	53.66715046119437	2512.0143406203288	-0.04341288711442112
3.5067826086956524	9.68227424749164	2.831681003566543	0.00019575796811202763	2.8316810035665436	0.00019575796811202757	3.2618469202865397	0.02224346497357194	9.426978959583474	217.07374312155017	4.599834894870614	0.9976176782784838	53.738621572740804	2515.2716814080936	-0.04341288711442112
3.510997491638796	9.68227424749164	2.8326076191597593	0.00019021940684660845	2.8326076191597593	0.00019021940684660864	3.2640953252146345	0.02197322340103865	9.426454773565109	217.51504729432114	4.602705326756018	0.9976395059559928	53.809937686766226	2518.507868292587	-0.04341288711442112
3.5152123745819397	9.68227424749164	2.8335267689916472	0.00018484124045421227	2.833526768991647	0.00018484124045421263	3.266328555403367	0.02170511255798303	9.42591615600368	217.9554159905365	4.6055553470030235	0.9976610846688639	53.881097883300555	2521.7227966472415	-0.04341288711442112
3.5194272575250833	9.68227424749164	2.8344384584696267	0.0001796187751263449	2.8344384584696263	0.00017961877512634566	3.2685465308386497	0.021439139122504076	9.425363533494828	218.39484116144115	4.6083848935805065	0.9976824176031877	53.95210126413569	2524.9163648303556	-0.04341288711442112
3.5236421404682274	9.68227424749164	2.835342693257875	0.0001745474535122549	2.8353426932578745	0.00017454745351225539	3.270749174051964	0.021175309399702948	9.424797331089929	218.83331496571762	4.611193907201503	0.9977035079026666	54.02294695335411	2528.0884742566855	-0.04341288711442112
3.5278570234113715	9.68227424749164	2.8362394793099703	0.00016962285085303066	2.836239479309971	0.00016962285085302947	3.272936410169773	0.020913629316138417	9.424217972102685	219.27082977276703	4.613982331375028	0.997724358669281	54.093634097852316	2531.2390294681422	-0.04341288711442112
3.532071906354515	9.68227424749164	2.8371288229007003	0.00016484067121987523	2.8371288229007	0.00016484067121987555	3.2751081669615663	0.020654104414556906	9.423625877917434	219.70737816588385	4.616750112456545	0.9977449729639413	54.16416186785425	2534.3679382029795	-0.04341288711442112
3.536286789297659	9.68227424749164	2.838010730657126	0.00016019674385391014	2.838010730657126	0.00016019674385390985	3.2772643748866432	0.020396739848901602	9.42302146779982	220.1429529453361	4.619497199697386	0.9977653538071262	54.2345294574175	2537.475111463798	-0.04341288711442112
3.5405016722408025	9.68227424749164	2.838885209588765	0.0001556870196051509	2.838885209588765	0.0001556870196051511	3.279404967139335	0.020141540379617483	9.422405158709672	220.57754713132704	4.62222354529261	0.9977855041795082	54.30473608492747	2540.5604635837876	-0.04341288711442112
3.5447165551839466	9.68227424749164	2.839752267116938	0.0001513075674681291	2.839752267116938	0.00015130756746812899	3.2815298796927355	0.019888510369256457	9.421777365116572	221.0111539668463	4.624929104427509	0.9978054270225656	54.374780993581545	2543.6239122914235	-0.04341288711442112
3.54893143812709	9.68227424749164	2.8406119111031987	0.00014705457121185037	2.8406119111031987	0.00014705457121185	3.2836390513407125	0.01963765377839748	9.421138498818205	221.44376692039373	4.627613835322372	0.9978251252391815	54.44466345185976	2546.665378773183	-0.04341288711442112
3.5531463210702343	9.68227424749164	2.8414641498768223	0.00014292432610170817	2.8414641498768223	0.00014292432610170855	3.285732423738141	0.019388974161886792	9.420488968761628	221.8753796885726	4.630277699275528	0.9978446016942297	54.51438275398211	2549.684787734284	-0.04341288711442112
3.557361204013378	9.68227424749164	2.842308992261374	0.00013891323571103847	2.8423089922613745	0.0001389132357110384	3.2878099414393436	0.01914247466540769	9.419829180867925	222.30598619855232	4.632920660704614	0.9978638592151486	54.58393822035193	2552.682067457366	-0.04341288711442112
3.5615760869565216	9.68227424749164	2.8431464476002457	0.00013501780882010833	2.8431464476002457	0.00013501780882010846	3.2898715519344974	0.018898158022388516	9.419159537860075	222.73558061038256	4.6355426871857555	0.9978829005925021	54.6533291979826	2555.657149858778	-0.04341288711442112
3.5657909698996653	9.68227424749164	2.8439765257812035	0.0001312346564002862	2.8439765257812035	0.00013123465640028586	3.291917205684058	0.0186560265512543	9.418480439094557	223.16415731916513	4.638143749490748	0.9979017285805284	54.72255506090828	2558.609970542533	-0.04341288711442112
3.5700058528428094	9.68227424749164	2.8447992372599114	0.000127560488681235	2.8447992372599114	0.00012756048868123494	3.2939468561510883	0.018416082153028052	9.417792280396778	223.5917109570754	4.640723821622101	0.997920345897677	54.79161521057738	2561.5404688517765	-0.04341288711442112
3.5742207357859535	9.68227424749164	2.8456145930823653	0.0001239921122990341	2.8456145930823653	0.00012399211229903413	3.295960459831337	0.018178326309289828	9.417095453900373	224.01823639522064	4.643282880845735	0.9979387552271338	54.86050907622694	2564.448587917516	-0.04341288711442112
3.578435618729097	9.68227424749164	2.8464226049062704	0.00012052642752311103	2.84642260490627	0.00012052642752311125	3.297957976281115	0.017942760080494353	9.416390347890765	224.44372874534355	4.64582090772139	0.9979569592173343	54.92923611523815	2567.334274704667	-0.04341288711442112
3.5826505016722408	9.68227424749164	2.8472232850213146	0.00011716042555997528	2.8472232850213146	0.0001171604255599754	3.299939368142837	0.017709384104654266	9.415677346653064	224.8681833613584	4.648337886130602	0.9979749604824657	54.99779581347206	2570.1974800552493	-0.04341288711442112
3.5868653846153844	9.68227424749164	2.848016646368316	0.0001138911859317677	2.848016646368316	0.00011389118593176831	3.301904601168153	0.017478198596391364	9.414956830324423	225.2915958407169	4.650833803302125	0.997992761602958	55.06618768558383	2573.0381587285556	-0.04341288711442112
3.5910802675585285	9.68227424749164	2.84880270255726	0.00011071587392765915	2.8488027025572604	0.00011071587392765862	3.3038536442386857	0.017249203346357593	9.414229174751128	225.7139620256049	4.653308649834838	0.9980103651259641	55.13441127531615	2575.8562694383722	-0.04341288711442112
3.595295150501672	9.68227424749164	2.8495814678841613	0.00010763173812621395	2.849581467884161	0.0001076317381262142	3.3057864693842345	0.017022397721028232	9.413494751350427	226.13527800395948	4.65576241971793	0.9980277735658288	55.20246615576975	2578.6517748869487	-0.04341288711442112
3.5995100334448162	9.68227424749164	2.850352957346806	0.0001046361079868468	2.8503529573468054	0.00010463610798684683	3.307703051798509	0.01679778066286717	9.412753926977427	226.5555401103152	4.658195110348477	0.9980449894045481	55.270351929652136	2581.4246417958916	-0.04341288711442112
3.60372491638796	9.68227424749164	2.851117186659295	0.00010172639150856599	2.851117186659295	0.00010172639150856622	3.309603369852233	0.016575350690866485	9.412007063796954	226.97474492646248	4.660606722546174	0.9980620150922176	55.33806822950191	2584.1748409336506	-0.04341288711442112
3.6079397993311035	9.68227424749164	2.8518741722654375	0.00009890007295421567	2.8518741722654375	0.00009890007295421543	3.311487405103697	0.016355105901456647	9.411254519160739	227.3928892819304	4.662997260565326	0.9980788530474717	55.405614717889954	2586.9023471397413	-0.04341288711442112
3.612154682274247	9.68227424749164	2.852623931350946	0.00009615471063849874	2.852623931350946	0.00009615471063849869	3.3133551423066474	0.016137043969788815	9.410496645489827	227.80997025428184	4.665366732103955	0.9980955056579122	55.47299108759601	2589.607139345514	-0.04341288711442112
3.6163695652173913	9.68227424749164	2.8533664818544757	0.00009348793477806189	2.853366481854476	0.00009348793477806185	3.315206569415575	0.015921162151384578	9.409733790162525	228.2259851692289	4.6677151483100925	0.9981119752805283	55.54019706176084	2592.289200591525	-0.04341288711442112
3.6205844481605354	9.68227424749164	2.854101842477462	0.000090897445402019	2.8541018424774616	0.0000908974454020189	3.317041677588311	0.0157074572841516	9.408966295407792	228.64093160056026	4.670042523785144	0.9981282642421068	55.60723239401336	2594.948518041405	-0.04341288711442112
3.624799331103679	9.68227424749164	2.854830032692773	0.00008838101032128002	2.8548300326927736	0.00008838101032127986	3.318860461185963	0.015495925790761485	9.408194498204246	229.0548073698841	4.672348876584315	0.9981443748396335	55.67409686857216	2597.5850829921687	-0.04341288711442112
3.6290142140468227	9.68227424749164	2.8555510727522013	0.0000859364631551192	2.8555510727522018	0.00008593646315511888	3.3206629177701763	0.015286563681384346	9.407418730184839	229.46761054618608	4.67463422821415	0.9981603093406861	55.74079030032197	2600.198890881025	-0.04341288711442112
3.6332290969899663	9.68227424749164	2.856264983692778	0.00008356170141343471	2.856264983692778	0.00008356170141343464	3.322449048097762	0.015079366556775728	9.40663931754734	229.87933944520591	4.676898603627159	0.9981760699838182	55.807312534864536	2602.7899412886554	-0.04341288711442112
3.6374439799331104	9.68227424749164	2.8569717873419056	0.00008125468463322796	2.856971787341906	0.00008125468463322749	3.324218856112624	0.01487432961171001	9.405856580970486	230.28999262862615	4.679142031213467	0.9981916589789357	55.87366344854351	2605.358237938866	-0.04341288711442112
3.641658862876254	9.68227424749164	2.8576715063213505	0.00007901343256780593	2.8576715063213505	0.00007901343256780563	3.325972348935063	0.01467144763875333	9.405070835536014	230.69956890308117	4.6813645427895425	0.9982070785076642	55.93984294844344	2607.903788694683	-0.04341288711442112
3.645873745819398	9.68227424749164	2.8583641640500876	0.00007683602342731215	2.858364164050087	0.00007683602342731213	3.327709536848473	0.014470715032369299	9.404282390656565	231.1080673189868	4.683566173584095	0.9982223307237102	56.0058509723637	2610.4266055509643	-0.04341288711442112
3.650088628762542	9.68227424749164	2.859049784746011	0.00007472059216917897	2.859049784746011	0.00007472059216917909	3.329430433283425	0.014272125793349326	9.403491550009406	231.5154871691907	4.685746962221009	0.9982374177532134	56.07168748876605	2612.9267046233836	-0.04341288711442112
3.6543035117056855	9.68227424749164	2.8597283934265216	0.00007266532883715657	2.859728393426521	0.00007266532883715662	3.3311350547991894	0.01407567353355959	9.402698611476037	231.92182798744565	4.6879069506994675	0.998252341695092	56.13735249669717	2615.4041061339576	-0.04341288711442112
3.658518394648829	9.68227424749164	2.8604000159080285	0.00007066847694758822	2.8604000159080285	0.00007066847694758814	3.3328234210627428	0.013881351480995159	9.401903867087679	232.32708954671273	4.690046184371242	0.9982671046213824	56.20284602568549	2617.8588343930574	-0.04341288711442112
3.662733277591973	9.68227424749164	2.861064678804352	0.00006872833192166359	2.861064678804352	0.00006872833192166367	3.3344955548252653	0.013689152485132628	9.40110760297655	232.7312718572903	4.69216471191521	0.9982817085775696	56.2681681356132	2620.2909177779957	-0.04341288711442112
3.6669481605351173	9.68227424749164	2.8617224095240865	0.00006684323956237234	2.8617224095240865	0.00006684323956237234	3.3361514818962377	0.013499069022570089	9.40031009933307	233.13437516478206	4.694262585309123	0.998296155582914	56.33331891656328	2622.70038870819	-0.04341288711442112
3.671163043478261	9.68227424749164	2.8623732362669005	0.0000650115945749618	2.8623732362669005	0.00006501159457496186	3.3377912311151006	0.013311093202945901	9.399511630368712	233.53639994789532	4.696339859798705	0.9983104476307694	56.398298488642126	2625.0872836170047	-0.04341288711442112
3.6753779264214046	9.68227424749164	2.8630171880188517	0.00006323183912968242	2.8630171880188517	0.00006323183912968271	3.339414834320641	0.013125216775122458	9.398712464284731	233.93734691608782	4.698396593864149	0.9983245866888961	56.463107001778404	2627.4516429203136	-0.04341288711442112
3.6795928093645482	9.68227424749164	2.863654294546682	0.00006150246146569191	2.863654294546682	0.00006150246146569188	3.341022326318047	0.012941431133627402	9.39791286324644	234.33721700705328	4.700432849183976	0.9983385746997688	56.52774463549757	2629.7935109817736	-0.04341288711442112
3.6838076923076923	9.68227424749164	2.864284586391157	0.000059821994534963934	2.864284586391157	0.000059821994534963906	3.3426137448437667	0.012759727325337894	9.397113083363148	234.7360113840583	4.702448690596439	0.9983524135808772	56.59221159867367	2632.112936074992	-0.04341288711442112
3.688022575250836	9.68227424749164	2.864908094859503	0.000058189014685107386	2.864908094859503	0.00005818901468510737	3.3441891305282874	0.012580096056396444	9.396313374673728	235.1337314331396	4.704444186058566	0.9983661052250224	56.65650812925903	2634.4099703426855	-0.04341288711442112
3.69223745819398	9.68227424749164	2.8655248520168897	0.00005660214038003775	2.8655248520168892	0.00005660214038003794	3.34574852685675	0.012402527699347476	9.395513981137467	235.53037876015264	4.706419406602726	0.9983796515006084	56.72063449399091	2636.6846697527194	-0.04341288711442112
3.6964523411371237	9.68227424749164	2.866134890677058	0.00005506003095744607	2.866134890677058	0.000055060030957446084	3.3472919801276144	0.012227012300481333	9.394715140630375	235.92595518768857	4.708374426290967	0.9983930542519269	56.78459098807701	2638.9370940512886	-0.04341288711442112
3.7006672240802674	9.68227424749164	2.8667382443921134	0.00005356138542204803	2.8667382443921134	0.00005356138542204806	3.348819539409407	0.012053539587372384	9.39391708494674	236.320462751862	4.710309322167223	0.9984063152994398	56.84837793486063	2641.1673067133443	-0.04341288711442112
3.704882107023411	9.68227424749164	2.8673349474415	0.00005210494127362995	2.8673349474415004	0.00005210494127362996	3.3503312564956254	0.011882098976599411	9.393120039805849	236.71390369897497	4.712224174207352	0.9984194364400546	56.91199568546537	2643.375374890249	-0.04341288711442112
3.709096989966555	9.68227424749164	2.867925034820183	0.00005068947336893392	2.867925034820183	0.000050689473368933876	3.3518271858578563	0.01171267958163595	9.392324224863684	237.10628048205794	4.714119065267162	0.9984324194473974	56.975444618420084	2645.561369354814	-0.04341288711442112
3.713311872909699	9.68227424749164	2.8685085422261056	0.000049313792816428366	2.868508542226106	0.00004931379281642843	3.353307384597262	0.011545270220895042	9.391529853729587	237.4975957573036	4.715994081028543	0.9984452660720803	57.03872513926557	2647.7253644438442	-0.04341288711442112
3.717526755852843	9.68227424749164	2.869085506046921	0.000047976745903069585	2.869085506046921	0.000047976745903069504	3.354771912394432	0.011379859425918903	9.390737133987667	237.88785238038847	4.717849309943738	0.9984579780419661	57.10183768014303	2649.867437998271	-0.04341288711442112
3.7217416387959865	9.68227424749164	2.8696559633460637	0.000046677213052147986	2.8696559633460637	0.00004667721305214779	3.356220831457781	0.011216435449696745	9.389946267222914	238.2770534026993	4.719684843177934	0.9984705570624276	57.16478269936574	2651.98767130104	-0.04341288711442112
3.72595652173913	9.68227424749164	2.870219951848154	0.00004541410781137602	2.870219951848154	0.00004541410781137601	3.3576542064704777	0.011054986275100792	9.38915744905171	238.66520206745741	4.721500774550115	0.9984830048166042	57.227560680973475	2654.086149012703	-0.04341288711442112
3.7301714046822743	9.68227424749164	2.870777509923841	0.00004418637587034763	2.8707775099238417	0.00004418637587034733	3.359072104536121	0.010895499623424955	9.388370869156871	239.05230180576328	4.723297200472532	0.9984953229656552	57.29017213427271	2656.162959105115	-0.04341288711442112
3.734386287625418	9.68227424749164	2.8713286765740214	0.00004299299410658094	2.8713286765740214	0.00004299299410658098	3.3604745951230983	0.010737962963015735	9.387586711326708	239.43835623254878	4.725074219888561	0.9985075131490089	57.35261759336046	2658.218192793001	-0.04341288711442112
3.738601170568562	9.68227424749164	2.8718734914135924	0.00004183296965931487	2.8718734914135924	0.000041832969659314914	3.3618617500078973	0.010582363517979523	9.386805153498358	239.82336914246375	4.726831934209423	0.9985195769846089	57.41489761663602	2660.2519444639	-0.04341288711442112
3.7428160535117057	9.68227424749164	2.8724119946546445	0.000040705339030312434	2.8724119946546445	0.000040705339030312495	3.3632336432172827	0.010428688276956451	9.386026367804831	240.20734450568332	4.728570447249487	0.9985315160691577	57.47701278629795	2662.264311606189	-0.04341288711442112
3.7470309364548493	9.68227424749164	2.8729442270892407	0.00003960916721089142	2.8729442270892407	0.000039609167210891434	3.364590350969565	0.01027692400194645	9.385250520625934	240.59028646365732	4.730289865160572	0.9985433319783561	57.53896370783003	2664.255394735694	-0.04341288711442112
3.751245819397993	9.68227424749164	2.8734702300717627	0.00003854354683445863	2.8734702300717623	0.0000385435468344586	3.365931951615009	0.010127057237175587	9.384477772642763	240.97219932480203	4.7319902963652085	0.9985550262671417	57.60075100947577	2666.2252973207746	-0.04341288711442112
3.755460702341137	9.68227424749164	2.8739900455008516	0.0000375075973538347	2.8739900455008516	0.0000375075973538348	3.36725852557542	0.00997907431799133	9.383708278895558	241.35308756013723	4.733671851488924	0.9985666004699228	57.662375341701946	2668.1741257060453	-0.04341288711442112
3.759675585284281	9.68227424749164	2.874503715801014	0.00003650046424266236	2.8745037158010143	0.00003650046424266232	3.3685701552830785	0.009832961379773778	9.382942188844858	241.73295579888028	4.735334643291725	0.9985780561008112	57.7238373766527	2670.1019890348657	-0.04341288711442112
3.763890468227425	9.68227424749164	2.8750112839039326	0.000035521318220220514	2.8750112839039326	0.000035521318220220486	3.3698669251191085	0.009688704366851354	9.382179646435837	242.1118088240055	4.736978786598979	0.9985893946538513	57.785137807596136	2672.008999170893	-0.04341288711442112
3.7681053511705684	9.68227424749164	2.8755127932294426	0.000034569354499001464	2.875512793229443	0.000034569354499001376	3.3711489213512573	0.009546289041410926	9.381420790165377	242.48965156776146	4.738604398231459	0.9986006176032479	57.84627734836085	2673.8952706183786	-0.04341288711442112
3.772320234113712	9.68227424749164	2.876008287666311	0.00003364379205438488	2.876008287666311	0.000033643792054384776	3.37241623207132	0.009405700992390078	9.380665753152057	242.86648910716804	4.740211596935064	0.9986117264035913	57.90725673276736	2675.7609204418454	-0.04341288711442112
3.776535117056856	9.68227424749164	2.876497811552789	0.000032743872915796444	2.8764978115527895	0.00003274387291579635	3.3736689471322268	0.009266925644340469	9.379914663208723	243.24232665949253	4.741800503310044	0.9986227224900799	57.96807671405283	2677.6060681849353	-0.04341288711442112
3.78075	9.68227424749164	2.876981409656977	0.00003186886147874643	2.876981409656977	0.00003186886147874642	3.3749071580848433	0.009129948266253907	9.379167642917409	243.61716957770545	4.743371239739889	0.9986336072787412	58.028738064290124	2679.4308357886125	-0.04341288711442112