2.5205	9.82943143812709	2.408898708424935	0.051068688806023	2.408898708424935	0.051068688806022985	2.6957769561889946	0.10731940504056035	8.926908579345477	120.34876688275735	3.754734197981265	0.9638701437308498	36.30254650256461	1624.227485516246	-0.04341288711442112
2.524714882943144	9.82943143812709	2.410362338502676	0.05058144509670869	2.410362338502676	0.05058144509670865	2.696377963093456	0.10705454070946863	8.928928753303836	120.5984390421023	3.757662139764533	0.9644380695831544	36.37181653182512	1628.4836432000468	-0.04341288711442112
2.528929765886288	9.82943143812709	2.4118521429474367	0.05009242332677562	2.4118521429474367	0.05009242332677558	2.697006908838667	0.10678693534911153	8.9309781752365	120.84997626569688	3.760566316386097	0.964992266210212	36.44077482108445	1632.685735528659	-0.04341288711442112
2.5331446488294316	9.82943143812709	2.4133678445052547	0.04960172784022115	2.4133678445052547	0.04960172784022112	2.6976636419080067	0.1065166363984752	8.933056671189124	121.10337787146246	3.763448904241659	0.9655332748094109	36.50944479497486	1636.8369314598028	-0.04341288711442112
2.5373595317725752	9.82943143812709	2.414909171477515	0.0491094615785935	2.4149091714775146	0.04910946157859355	2.698348023804961	0.10624368884035754	8.935164076495722	121.35864390144208	3.7663119781837886	0.9660616067847809	36.57784871617631	1640.9402523348185	-0.04341288711442112
2.5415744147157193	9.82943143812709	2.4164758567044125	0.04861572627522429	2.416475856704412	0.04861572627522432	2.6990599279974132	0.1059681353845438	8.93730023465707	121.6157750641824	3.7691575178874266	0.9665777458224997	36.6460077634581	1644.998581197193	-0.04341288711442112
2.545789297658863	9.82943143812709	2.418067636616292	0.04812062263324486	2.4180676366162914	0.048120622633244875	2.6997992389381977	0.10569001663661676	8.939464996289086	121.8747726810788	3.7719874136875595	0.967082149790683	36.71394210306683	1649.0146713561953	-0.04341288711442112
2.550004180602007	9.82943143812709	2.4196842503466804	0.04762425048874039	2.41968425034668	0.04762425048874044	2.7005658511542743	0.10540937125379707	8.941658218134236	122.1356386362749	3.7748034719388084	0.9675752524808954	36.781670954108336	1652.9911542661798	-0.04341288711442112
2.5542190635451507	9.82943143812709	2.421325438901458	0.04712670896023822	2.4213254389014573	0.04712670896023829	2.7013596683976364	0.10512623608905709	8.94387976212946	122.3983753297446	3.7776074199408662	0.9680574652068172	36.849212648495794	1656.9305467841355	-0.04341288711442112
2.5584339464882944	9.82943143812709	2.4229909443793067	0.046628096585582916	2.4229909443793067	0.04662809658558288	2.702180602851779	0.10484064632461668	8.946129494524852	122.6629856332244	3.780400910469086	0.9685291782737971	36.916584685973795	1660.8352578614463	-0.04341288711442112
2.5626488294314385	9.82943143812709	2.4246805092392014	0.0461285114471245	2.424680509239201	0.04612851144712451	2.703028574388308	0.10455263559580652	8.948407285048011	122.92947284870401	3.78318552594548	0.9689907623315139	36.983803784673746	1664.7075947200847	-0.04341288711442112
2.566863712374582	9.82943143812709	2.426393875611225	0.045628051286035066	2.426393875611225	0.04562805128603504	2.7039035098688418	0.10426223610618125	8.950713006109764	123.19784066921476	3.7859627822817226	0.9694425696206499	37.05088592760736	1668.5497685582552	-0.04341288711442112
2.5710785953177258	9.82943143812709	2.4281307846474385	0.045126813606470105	2.4281307846474385	0.045126813606470126	2.704805342487831	0.10396947873466988	8.953046532046969	123.46809314167822	3.788734132422422	0.9698849351233154	37.11784640546151	1672.3638998258446	-0.04341288711442112
2.57529347826087	9.82943143812709	2.429890975909959	0.04462489577021018	2.429890975909959	0.044624895770210185	2.70573401115241	0.10367439313547268	8.955407738399073	123.74023463160736	3.791500969614212	0.9703181776259453	37.18469985602104	1676.152023106099	-0.04341288711442112
2.5795083612040135	9.82943143812709	2.4316741867938103	0.04412239508233215	2.4316741867938103	0.04412239508233212	2.706689459895862	0.10337700783133295	8.957796501215206	124.01426978947404	3.794264630423704	0.9707426007024882	37.251460300512974	1679.9160916364178	-0.04341288711442112
2.583723244147157	9.82943143812709	2.4334801519823714	0.04361940886840188	2.4334801519823714	0.043619408868401884	2.7076716373215186	0.10307735030075821	8.960212696389009	124.29020351857292	3.7970263975249705	0.9711584936249044	37.318141177135296	1683.6579814977808	-0.04341288711442112
2.5879381270903012	9.82943143812709	2.4353086029335853	0.04311603454361569	2.4353086029335853	0.04311603454361568	2.708680496074325	0.10277544705970025	8.962656199018657	124.56804094423038	3.7997875022753664	0.9715661322072934	37.384755372008165	1687.3794954996813	-0.04341288711442112
2.592153010033445	9.82943143812709	2.4371592673954066	0.04261236967426053	2.437159267395407	0.0426123696742605	2.7097159923376513	0.10247132373814954	8.96512688279012	124.84778738423012	3.802549127096807	0.971965779589337	37.45131524776314	1691.082366784931	-0.04341288711442112
2.596367892976589	9.82943143812709	2.439031868949052	0.042108512031829075	2.439031868949052	0.0421085120318291	2.710778085352954	0.10216500515206992	8.967624619381388	125.12944832032419	3.8053124076777127	0.9723576869641916	37.517832669962495	1694.7682621761749	-0.04341288711442112
2.6005827759197326	9.82943143812709	2.4409261265790656	0.04160455964006633	2.4409261265790656	0.041604559640066346	2.7118667369604874	0.10185651537103318	8.970149277886362	125.41302937073395	3.808078435009978	0.9727420942554669	37.5843190315272	1698.4387852844457	-0.04341288711442112
2.6047976588628763	9.82943143812709	2.442841754269143	0.04110061081520664	2.442841754269143	0.04110061081520665	2.712981911159078	0.10154587778190392	8.972700724256569	125.69853626353296	3.8108482572734395	0.9731192307474879	37.65078527533046	1702.0954793977207	-0.04341288711442112
2.6090125418060204	9.82943143812709	2.444778460623078	0.04059676419961214	2.4447784606230774	0.04059676419961215	2.714123573683517	0.10123311514886864	8.975278820759723	125.9859748108353	3.813622881579781	0.9734893156726395	37.71724191510401	1705.7398301663468	-0.04341288711442112
2.613227424749164	9.82943143812709	2.446735948510154	0.04009311878900766	2.446735948510154	0.04009311878900762	2.7152916915980323	0.10091824967009153	8.977883425453824	126.27535088370547	3.816403275586366	0.9738525587592453	37.78369905478765	1709.3732681003812	-0.04341288711442112
2.6174423076923077	9.82943143812709	2.4487139147345944	0.03958977395347432	2.4487139147345944	0.039589773953474364	2.7164862329046433	0.10060130303123926	8.980514391676005	126.56667038772856	3.81919036898989	0.9742091607431099	37.85016640644364	1712.9971708928604	-0.04341288711442112
2.6216571906354518	9.82943143812709	2.4507120497287085	0.039086829452348204	2.450712049728709	0.03908682945234812	2.7177071661652143	0.10028229645610386	8.983171567545224	126.85993923917448	3.8219850549087644	0.9745593138455785	37.916653306845156	1716.6128655816767	-0.04341288711442112
2.6258720735785954	9.82943143812709	2.452730037269555	0.0385843854431498	2.452730037269555	0.03858438544314977	2.718954460136258	0.09996125075452132	8.98585479547828	127.15516334170974	3.82478819116252	0.9749032022207036	37.98316873284001	1720.2216305618101	-0.04341288711442112
2.6300869565217395	9.82943143812709	2.4547675542189933	0.03808254248465764	2.4547675542189933	0.038082542484657644	2.720228083415568	0.09963818636777311	8.988563911718552	127.45234856360709	3.8276006014558033	0.9752410023738897	38.04972131558167	1723.8246974586386	-0.04341288711442112
2.634301839464883	9.82943143812709	2.456824270287121	0.037581401534225074	2.456824270287121	0.03758140153422509	2.721528004099929	0.09931312341163326	8.991298745877087	127.75150071541408	3.8304230764740126	0.975572883554171	38.11631935371263	1727.4232528722696	-0.04341288711442112
2.638516722408027	9.82943143812709	2.458899847819137	0.03708106393943075	2.458899847819137	0.03708106393943072	2.7228541894532183	0.09898608171721136	8.994059120485739	128.05262552804695	3.8332563748970068	0.975899008122099	38.18297082557743	1731.018440001988	-0.04341288711442112
2.642731605351171	9.82943143812709	2.4609939416058135	0.03658163142414309	2.4609939416058135	0.03658163142414309	2.7242066055843686	0.09865708086972347	8.996844850562278	128.35572863128357	3.836101224337032	0.9762195318950434	38.24968340053862	1734.6113601593804	-0.04341288711442112
2.6469464882943146	9.82943143812709	2.463106198717702	0.036083206069081004	2.4631061987177016	0.03608320606908103	2.7255852171346535	0.09832614024531386	8.999655743187285	128.66081553262904	3.8389583222063566	0.9765346044715623	38.31646444946084	1738.2030741778874	-0.04341288711442112
2.651161371237458	9.82943143812709	2.465236258363334	0.03558589028694185	2.465236258363334	0.03558589028694181	2.726989986973881	0.09799327904603691	9.002491597092797	128.96789159653596	3.8418283365197934	0.9768443695363519	38.38332105442465	1741.7946037259928	-0.04341288711442112
2.6553762541806023	9.82943143812709	2.467383751771708	0.03508978679217198	2.4673837517717083	0.03508978679217197	2.728420875905205	0.09765851633309512	9.005352202263	129.27696202396646	3.8447119066371322	0.9771489651471756	38.45026001772791	1745.3869325309988	-0.04341288711442112
2.659591137123746	9.82943143812709	2.4695483020993487	0.03459499856545492	2.4695483020993483	0.03459499856545494	2.7298778423782513	0.09732187105842076	9.008237339546927	129.588031832286	3.8476096439498946	0.9774485240050425	38.517287870227015	1748.9810075195226	-0.04341288711442112
2.6638060200668896	9.82943143812709	2.4717295243622392	0.03410162881299555	2.47172952436224	0.03410162881299548	2.7313608422103313	0.09698336209468263	9.0111467802835	129.90110583547937	3.8505221325166574	0.9777431737088123	38.58441087906684	1752.577739880567	-0.04341288711442112
2.6680209030100337	9.82943143812709	2.473927025393022	0.033609780920680475	2.4739270253930226	0.033609780920680454	2.7328698283156587	0.09664300826378368	9.014080285939249	130.21618862469165	3.853449929651124	0.9780330369953122	38.65163505484683	1756.1780060568444	-0.04341288711442112
2.6722357859531773	9.82943143812709	2.4761404038237314	0.0331195584032078	2.476140403823732	0.03311955840320779	2.73440475044242	0.09630082836391529	9.017037607759034	130.53328454909084	3.8563935664665463	0.9783182319659566	38.71896615826489	1759.7826486693323	-0.04341288711442112
2.6764506688963214	9.82943143812709	2.4783692500944277	0.03263106484827877	2.4783692500944277	0.032631064848278775	2.7359655549176614	0.09595684119522327	9.020018486430189	130.85239769705748	3.8593535483800943	0.9785988723007889	38.78640970627955	1763.3924773799006	-0.04341288711442112
2.680665551839465	9.82943143812709	2.480613146488049	0.032144403855959666	2.4806131464880496	0.032144403855959645	2.737552184400049	0.09561106558413111	9.023022651760664	131.17353187771073	3.8623303555806605	0.9788750674607949	38.85397097782904	1767.0082696967102	-0.04341288711442112
2.6848804347826087	9.82943143812709	2.4828716671917217	0.03165967897333268	2.482871667191722	0.031659678973332675	2.7391645776404476	0.09526352040637243	9.026049822371542	131.49669060277557	3.8653244434631198	0.9791469228792693	38.92165501914172	1770.6307717264763	-0.04341288711442112
2.689095317725753	9.82943143812709	2.485144378384837	0.031176993624560508	2.485144378384837	0.031176993624560497	2.7408026692505207	0.0949142246087595	9.029099705404633	131.82187706881055	3.868336243032185	0.9794145401429541	38.98946664867186	1774.2606988777393	-0.04341288711442112
2.6933102006688965	9.82943143812709	2.4874308383540686	0.030696451036511863	2.4874308383540686	0.030696451036511852	2.742466389479384	0.09456319722973197	9.032171996245708	132.14909413980624	3.871366161278751	0.9796780171636258	39.057410461692434	1777.8987365190164	-0.04341288711442112
2.69752508361204	9.82943143812709	2.489730597635514	0.03021815416010118	2.489730597635514	0.030218154160101197	2.7441556639985185	0.09421045741870723	9.035266378263994	132.47834433017516	3.8744145815314215	0.9799374483407409	39.12549083457485	1781.5455405953646	-0.04341288711442112
2.7017399665551842	9.82943143812709	2.4920431991840535	0.02974220558751621	2.492043199184054	0.029742205587516175	2.7458704136951115	0.09385602445426289	9.038382522568643	132.80962978815097	3.8774818637858615	0.9801929247157196	39.19371192878328	1785.2017382068418	-0.04341288711442112
2.705954849498328	9.82943143812709	2.494368178569922	0.029268707465525096	2.4943681785699225	0.029268707465525064	2.7476105544739826	0.09349991776117506	9.041520087782688	133.142952279616	3.8805683450144404	0.9804445341183935	39.2620776946108	1788.867928152108	-0.04341288711442112
2.7101697324414715	9.82943143812709	2.4967050642025463	0.028797761405061132	2.496705064202546	0.028797761405061146	2.7493759970684333	0.09314215692632434	9.044678719835478	133.47831317238746	3.8836743394586195	0.9806923613061111	39.330591874682824	1792.5446814403008	-0.04341288711442112
2.7143846153846156	9.82943143812709	2.4990533775814483	0.028329468387314757	2.4990533775814487	0.028329468387314746	2.7511666468601805	0.09278276171349516	9.047858051774051	133.81571342098084	3.8868001389063704	0.9809364880959605	39.399258007252236	1796.2325417741984	-0.04341288711442112
2.7185994983277593	9.82943143812709	2.5014126335740534	0.027863928666569428	2.501412633574054	0.02786392866656943	2.7529824037086783	0.09242175207707752	9.051057703594243	134.15515355187782	3.8899460129567056	0.9811769934905252	39.46807942930807	1799.9320260073296	-0.04341288711442112
2.7228143812709034	9.82943143812709	2.503782340720083	0.02740124167004127	2.5037823407200825	0.027401241670041317	2.7548231617900987	0.09205914817468626	9.054277282092247	134.49663364932888	3.893112209273551	0.9814139537975752	39.53705927952119	1803.643624577923	-0.04341288711442112
2.727029264214047	9.82943143812709	2.506162001562144	0.02694150589499995	2.506162001562145	0.026941505894999863	2.7566888094462616	0.09169497037870969	9.05751638073732	134.84015334171443	3.8962989538308466	0.98164744274405	39.606200501046125	1807.3678019220831	-0.04341288711442112
2.7312441471571907	9.82943143812709	2.5085511130020115	0.02648481880346391	2.508551113002011	0.026484818803463935	2.7585792290437934	0.09132923928679758	9.060774579566248	135.18571178849567	3.899506451150859	0.9818775315846802	39.67550584420022	1811.104996868781	-0.04341288711442112
2.7354590301003348	9.82943143812709	2.5109491666820105	0.026031276714782486	2.51094916668201	0.02603127671478252	2.7604942968438633	0.09096197573129494	9.06405144510039	135.53330766778652	3.9027348845375123	0.9821042892055568	39.74497786903802	1814.8556230189154	-0.04341288711442112
2.7396739130434784	9.82943143812709	2.5133556493907303	0.025580974696436106	2.5133556493907303	0.02558097469643612	2.762433882882696	0.09059320078763777	9.06734653028572	135.88293916456942	3.9059844163063993	0.9823277822229459	39.81461894783868	1818.6200691106503	-0.04341288711442112
2.743888795986622	9.82943143812709	2.515770043492297	0.025134006453397723	2.515770043492297	0.02513400645339773	2.764397850863252	0.09022293578171117	9.07065937445665	136.23460395959188	3.909255188013246	0.9825480750776173	39.884431267524214	1822.398699373226	-0.04341288711442112
2.748103678929766	9.82943143812709	2.518191827378224	0.0246904642164175	2.5181918273782244	0.02469046421641747	2.766386058058319	0.08985120229618299	9.073989503324148	136.5882992189703	3.9125473206823407	0.9827652301249455	39.95441683202396	1826.1918538712457	-0.04341288711442112
2.75231856187291	9.82943143812709	2.5206204759407482	0.024250438629608562	2.5206204759407482	0.024250438629608535	2.7683983552252505	0.08947802217582232	9.077336428988552	136.94402158452627	3.9158609150363426	0.9829793077210137	40.02457746460023	1829.9998488412357	-0.04341288711442112
2.7565334448160534	9.82943143812709	2.5230554610665203	0.023814018637719172	2.5230554610665203	0.023814018637719182	2.770434586532671	0.08910341753181046	9.080699649977728	137.30176716488938	3.9191960517289735	0.9831903663049437	40.09491481015026	1833.8229770224586	-0.04341288711442112
2.7607483277591975	9.82943143812709	2.5254962521493214	0.023381291373492808	2.5254962521493205	0.023381291373492884	2.772494589499363	0.08872741074505301	9.084078651310831	137.66153152738985	3.922552791581824	0.9833984624776548	40.16543033749726	1837.6615079835624	-0.04341288711442112
2.764963210702341	9.82943143812709	2.5279423166203836	0.02295234204552808	2.527942316620383	0.022952342045528106	2.7745781949455335	0.08835002446850915	9.087472904588074	138.02330969076718	3.92593117582652	0.9836036510772413	40.23612534168347	1841.5156884467451	-0.04341288711442112
2.7691780936454853	9.82943143812709	2.53039312049483	0.022527253827052805	2.5303931204948293	0.02252725382705282	2.7766852269566864	0.08797128162854533	9.090881868106774	138.38709611872028	3.929331226353379	0.9838059852511469	40.307000946277	1845.3857426109332	-0.04341288711442112
2.773392976588629	9.82943143812709	2.53284812893258	0.02210610774603966	2.53284812893258	0.022106107746039657	2.7788155028602697	0.0875912054253284	9.09430498700389	138.75288471432214	3.9327529459675734	0.984005516525299	40.37805810570322	1849.2718724753474	-0.04341288711442112
2.7776078595317726	9.82943143812709	2.5353068068120264	0.021688982577087904	2.5353068068120264	0.021688982577087883	2.7809688332152245	0.08720981933227355	9.097741693425156	139.12066881531882	3.9361963186537996	0.9842022948703572	40.44929760761107	1853.174258164864	-0.04341288711442112
2.7818227424749167	9.82943143812709	2.537768619314628	0.021275954735503755	2.5377686193146283	0.021275954735503727	2.7831450218145313	0.08682714709456388	9.10119140672084	139.4904411903318	3.939661309850211	0.9843963687652184	40.520720075283116	1857.0930582582469	-0.04341288711442112
2.7860376254180603	9.82943143812709	2.5402330325185876	0.020867098174003416	2.5402330325185876	0.020867098174003416	2.785343865700888	0.08644321272675705	9.104653533668175	139.86219403598267	3.9431478667325117	0.984587785257913	40.59232597009826	1861.0284101205193	-0.04341288711442112
2.790252508361204	9.82943143812709	2.542699513999553	0.020462484282468107	2.5426995139995534	0.020462484282468097	2.787565155195447	0.08605804050950483	9.108127468720165	140.23591897494808	3.946655918508684	0.9847765900240122	40.66411559405367	1864.9804302403106	-0.04341288711442112
2.794467391304348	9.82943143812709	2.5451675334364143	0.02006218179116317	2.5451675334364148	0.020062181791163123	2.7898086739397616	0.08567165498539885	9.111612594280786	140.6116070549669	3.9501853767251482	0.9849628274226662	40.736089092354085	1868.9492145732756	-0.04341288711442112
2.7986822742474917	9.82943143812709	2.54763656321999	0.019666256677837765	2.547636563219991	0.019666256677837685	2.7920741989507296	0.08528408095397626	9.115108281005984	140.98924874879475	3.953736135584567	0.9851465405503782	40.808246456072375	1872.9348388921892	-0.04341288711442112
2.8028971571906354	9.82943143812709	2.550106079062582	0.019274772079096284	2.550106079062582	0.01927477207909629	2.794361500688618	0.0848953434659028	9.118613888130373	141.36883395512555	3.957308072275902	0.9853277712926147	40.88058752488822	1876.9373591446065	-0.04341288711442112
2.8071120401337795	9.82943143812709	2.5525755606061424	0.018887788206430355	2.552575560606142	0.018887788206430372	2.7966703431379165	0.08450546781636634	9.122128763818868	141.75035200047122	3.960901047316833	0.9855065603733478	40.95311198990745	1880.9568118185628	-0.04341288711442112
2.811326923076923	9.82943143812709	2.5550444920269286	0.01850536226727607	2.5550444920269286	0.018505362267276067	2.7990004839009037	0.08411447953770998	9.125652245542797	142.13379164200535	3.964514904908735	0.9856829474026119	41.0258193965658	1884.9932143168066	-0.04341288711442112
2.815541806020067	9.82943143812709	2.557512362634454	0.01812754839144298	2.557512362634454	0.018127548391442996	2.8013516743037434	0.08372240439133452	9.129183660479812	142.51914107136625	3.968149473304424	0.985856970922163	41.098709147620205	1889.046565340111	-0.04341288711442112
2.819756688963211	9.82943143812709	2.559978667462529	0.017754397563243957	2.559978667462529	0.017754397563243974	2.8037236595147785	0.0833292683589084	9.132722325936756	142.90638791940947	3.97180456518844	0.9860286684493108	41.17178050622753	1893.1168452797347	-0.04341288711442112
2.8239715719063545	9.82943143812709	2.5624429078502757	0.017385957559623834	2.5624429078502753	0.017385957559623834	2.806116178674791	0.08293509763291655	9.136267549794619	143.29551926190203	3.975479978069914	0.9861980765189989	41.24503259911299	1897.2040166193808	-0.04341288711442112
2.8281864548494986	9.82943143812709	2.564904592010995	0.017022272894563636	2.5649045920109947	0.017022272894563636	2.8085289650388576	0.0825399186065896	9.139818630974716	143.68652162614384	3.9791754946877864	0.9863652307241979	41.31846441982743	1901.308024346746	-0.04341288711442112
2.8324013377926422	9.82943143812709	2.5673632355868063	0.016663384770007564	2.5673632355868063	0.01666338477000758	2.810961746129415	0.08214375786325055	9.143374859924938	144.0793809984984	3.9828908834280288	0.9865301657546751	41.39207483209261	1905.4287963745735	-0.04341288711442112
2.836616220735786	9.82943143812709	2.5698183621870787	0.016309331033528142	2.5698183621870783	0.016309331033528156	2.8134142439001097	0.08174664216512188	9.146935519125007	144.47408283281257	3.986625898752547	0.9866929154341995	41.46586257323333	1909.566243971212	-0.04341288711442112
2.84083110367893	9.82943143812709	2.572269503908713	0.015960146142915497	2.572269503908713	0.015960146142915473	2.8158861749099557	0.08134859844163479	9.150499883609525	144.87061205970093	3.9903802816392444	0.9868535127562374	41.539826257693115	1913.7202622004038	-0.04341288711442112
2.8450459866220736	9.82943143812709	2.5747162018364778	0.015615861137840723	2.5747162018364778	0.015615861137840706	2.818377250507339	0.08094965377728361	9.154067221507585	145.26895309666995	3.9941537600328005	0.9870119899181928	41.61396438063178	1917.8907303701726	-0.04341288711442112
2.8492608695652173	9.82943143812709	2.5771580065216257	0.015276503618713104	2.577158006521626	0.015276503618713081	2.8208871770232546	0.08054983539907318	9.157636794597545	145.66908985904865	3.997946049305418	0.9871683783542382	41.68827532159981	1922.0775124902987	-0.04341288711442112
2.8534757525083614	9.82943143812709	2.579594478437209	0.014942097732811764	2.5795944784372096	0.014942097732811748	2.8234156559732875	0.08014917066360144	9.161207858875668	146.07100577169632	4.001756852726979	0.9873227087667883	41.76275734828612	1926.28045773809	-0.04341288711442112
2.857690635451505	9.82943143812709	2.582025188408581	0.014612664167739391	2.5820251884085814	0.014612664167739372	2.8259623842676573	0.079747687043829	9.16477966513711	146.4746837814476	4.005585861943752	0.9874750111566558	41.83740862033378	1930.4994009318473	-0.04341288711442112
2.861905518394649	9.82943143812709	2.5844497180177313	0.01428822015220958	2.5844497180177313	0.014288220152209567	2.8285270544287586	0.07934541211557695	9.168351459567814	146.8801063702609	4.009432757464969	0.9876253148519375	41.91222719321906	1934.734163011578	-0.04341288711442112
2.8661204013377928	9.82943143812709	2.5868676599802236	0.013968779464143308	2.5868676599802236	0.01396877946414331	2.8311093548154926	0.07894237354380755	9.17192248434582	147.28725556902614	4.013297209156236	0.9877736485356662	41.98721102218636	1938.9845515261416	-0.04341288711442112
2.8703352842809364	9.82943143812709	2.5892786184936782	0.013654352446014088	2.5892786184936782	0.013654352446014087	2.833708969853758	0.0785385990687289	9.175491978250381	147.6961129719907	4.017178876739064	0.9879200402722713	42.06235796623448	1943.2503611263546	-0.04341288711442112
2.8745501672240805	9.82943143812709	2.5916822095568395	0.013344946027349374	2.59168220955684	0.013344946027349364	2.836325580272339	0.07813411649177918	9.179059177277352	148.10665975175635	4.021077410295381	0.9880645175328847	42.13766579214586	1947.5313740630904	-0.04341288711442112
2.878765050167224	9.82943143812709	2.5940780612585224	0.013040563754257394	2.594078061258523	0.013040563754257387	2.8389588633436063	0.07772895366152781	9.182623315259367	148.51887667480693	4.024992450776242	0.9882071072195272	42.213132178553074	1951.8273606898351	-0.04341288711442112
2.882979933110368	9.82943143812709	2.596465814035757	0.012741205825822135	2.596465814035757	0.012741205825822142	2.8416084931281462	0.07732313845955296	9.186183624489022	148.93274411750906	4.0289236305135425	0.9883478356882133	42.28875472003401	1956.1380799686406	-0.04341288711442112
2.887194816053512	9.82943143812709	2.598845120900724	0.012446869137172948	2.5988451209007244	0.012446869137172913	2.844274140722728	0.07691669878633113	9.189739336343688	149.34824208254477	4.03287057373377	0.9884867287710043	42.36453093122853	1960.4632799787107	-0.04341288711442112
2.8914096989966556	9.82943143812709	2.601215647636195	0.012157547329008204	2.601215647636195	0.012157547329008216	2.846955474510822	0.0765096625471911	9.19328968191029	149.76535021572232	4.036832897072832	0.9886238117970485	42.44045825096947	1964.802698426823	-0.04341288711442112
2.895624581939799	9.82943143812709	2.6035770729593457	0.01187323084332465	2.6035770729593457	0.011873230843324653	2.8496521604149807	0.076102057638371	9.196833892608593	150.1840478231178	4.040810210090821	0.9887591096126367	42.516534046419345	1969.1560631585662	-0.04341288711442112
2.8998394648829433	9.82943143812709	2.6059290886539164	0.011593906985080258	2.605929088653916	0.011593906985080275	2.852363862150265	0.07569391193322925	9.200371200811304	150.60431388848798	4.044802115785585	0.9888926466003052	42.59275561720421	1973.5230926694408	-0.04341288711442112
2.904054347826087	9.82943143812709	2.608271399670976	0.011319559989492065	2.608271399670976	0.011319559989492073	2.8550902414781194	0.07528525326864376	9.20390084045975	151.0261270909136	4.048808211104272	0.989024446697021	42.66912019953842	1977.9034966150634	-0.04341288711442112
2.908269230769231	9.82943143812709	2.610603724198562	0.011050171094651645	2.610603724198562	0.01105017109465164	2.857830958459919	0.07487610943164227	9.207422047673496	151.44946582261474	4.052828087451568	0.9891545334114743	42.74562497033029	1982.296976319353	-0.04341288711442112
2.9124841137123747	9.82943143812709	2.6129257937006782	0.010785718619123485	2.612925793700679	0.010785718619123452	2.8605856717095257	0.07446650814630208	9.21093406135268	151.87430820689053	4.056861331193818	0.9892829298405144	42.822267051262486	1986.703225279944	-0.04341288711442112
2.9166989966555183	9.82943143812709	2.6152373529262496	0.010526178044174167	2.6152373529262496	0.010526178044174187	2.863354038644166	0.07405647706095554	9.214436123771568	152.30063211613137	4.06090752415788	0.989409658684753	42.89904351283816	1991.12192966979	-0.04341288711442112
2.9209138795986624	9.82943143812709	2.6175381598887615	0.010271522100267574	2.6175381598887615	0.010271522100267567	2.866135715733011	0.07364604373573334	9.217927481162237	152.72841518985666	4.064966244123843	0.9895347422633696	42.97595137838592	1995.5527688341526	-0.04341288711442112
2.925128762541806	9.82943143812709	2.619827985817395	0.010021720857452785	2.619827985817395	0.010021720857452789	2.868930358742749	0.07323523563048248	9.221407384286943	153.1576348527237	4.0690370653105195	0.9896582025281422	43.05298762801528	1999.9954157819323	-0.04341288711442112
2.9293436454849497	9.82943143812709	2.6221066150806935	0.009776741819259136	2.6221066150806935	0.009776741819259142	2.871737622979712	0.07282408009307963	9.22487508899836	153.58826833247267	4.073119558853105	0.9897800610767379	43.130149202517394	2004.4495376708037	-0.04341288711442112
2.933558528428094	9.82943143812709	2.6243738450836838	0.009536550019714441	2.6243738450836838	0.009536550019714438	2.874557163527759	0.07241260434817903	9.22832985678625	154.0202926777462	4.077213293271744	0.989900339165286	43.20743300720137	2008.9147962849052	-0.04341288711442112
2.9377734113712375	9.82943143812709	2.6266294861397115	0.0093011081230926	2.626629486139712	0.0093011081230926	2.8773886354815903	0.07200083548640887	9.23177095530989	154.4536847757542	4.081317834930581	0.990019057720265	43.28483591566246	2013.3908485047207	-0.04341288711442112
2.941988294314381	9.82943143812709	2.6288733613181283	0.009070376526001995	2.628873361318128	0.009070376526001999	2.880231694174845	0.07158880045404406	9.235197658915204	154.88842136973474	4.085432748486256	0.9901362373497308	43.362354773473925	2017.877346768085	-0.04341288711442112
2.9462031772575252	9.82943143812709	2.631105306269147	0.008844313461425612	2.631105306269147	0.008844313461425609	2.8830859954025567	0.07117652604317466	9.238609249135765	155.3244790761715	4.08955759732525	0.9902518983539097	43.43998640179753	2022.3739395217542	-0.04341288711442112
2.950418060200669	9.82943143812709	2.6333251690271697	0.008622875104330522	2.63332516902717	0.008622875104330501	2.885951195637491	0.07076403888238839	9.242005015176918	155.76183440173006	4.0936919439893895	0.9903660607351886	43.51772760090698	2026.880271662833	-0.04341288711442112
2.954632943143813	9.82943143812709	2.6355328097940283	0.008406015678466935	2.635532809794028	0.008406015678466935	2.888826952240023	0.07035136542797683	9.245384254382483	156.2004637598809	4.097835350588938	0.9904787442075239	43.5955751536198	2031.3959849694656	-0.04341288711442112
2.9588478260869566	9.82943143812709	2.637728100703494	0.008193687563991373	2.637728100703494	0.008193687563991376	2.891712923661116	0.06993853195568502	9.248746272683276	156.640343487171	4.101987379202649	0.9905899682052967	43.673525828631924	2035.920718520149	-0.04341288711442112
2.9630627090301003	9.82943143812709	2.6399109255685436	0.007985841405553968	2.639910925568543	0.007985841405553988	2.894608769638103	0.06952556455300876	9.252090385027115	157.08144985911625	4.106147592264385	0.9906997518916413	43.75157638375207	2040.4541091012354	-0.04341288711442112
2.9672775919732444	9.82943143812709	2.642081179612804	0.007782426220504781	2.642081179612804	0.007782426220504779	2.8975141513829517	0.06911248911205067	9.255415915789724	157.52375910568364	4.110315552935736	0.9908081141662696	43.829723569030726	2044.9957916020198	-0.04341288711442112
2.971492474916388	9.82943143812709	2.6442387691876963	0.007583389506885759	2.6442387691876963	0.007583389506885744	2.9004287317628172	0.06869933132293639	9.25872219916647	157.96724742634308	4.11449082546447	0.9909150736728175	43.90796412978232	2049.545399397199	-0.04341288711442112
2.975707357859532	9.82943143812709	2.6463836114766335	0.007388677350893193	2.6463836114766335	0.00738867735089319	2.903352175472515	0.06828611666780114	9.262008579544275	158.41189100465334	4.118672975528166	0.9910206488057373	43.98629480949488	2054.102564715986	-0.04341288711442112
2.9799222408026758	9.82943143812709	2.6485156341878815	0.0071982345335048084	2.6485156341878815	0.0071982345335048084	2.906284149198967	0.06787287041533391	9.265274411854051	158.85766602238056	4.122861570563211	0.9911248577167586	44.06471235262845	2058.6669189980385	-0.04341288711442112
2.9841371237458194	9.82943143812709	2.6506347752373216	0.007012004635991965	2.650634775237322	0.007012004635991939	2.909224321777165	0.06745961761589656	9.268519061902994	159.30454867310715	4.127056180078469	0.9912277183209427	44.14321350729624	2063.2380932353926	-0.04341288711442112
2.988352006688963	9.82943143812709	2.6527409824226877	0.0068299301440452	2.6527409824226873	0.006829930144045209	2.9121723643378337	0.06704638309719604	9.271741906687206	159.752515175337	4.131256375953887	0.9913292483023505	44.22179502783034	2067.815718300646	-0.04341288711442112
2.992566889632107	9.82943143812709	2.6548342130905302	0.006651952550267421	2.65483421309053	0.006651952550267425	2.9151279504464966	0.06663319146051679	9.274942334684331	160.20154178506937	4.135461732723688	0.991429465119348	44.30045367722866	2072.3994252609446	-0.04341288711442112
2.996781772575251	9.82943143812709	2.656914433797286	0.006478012454803178	2.656914433797286	0.006478012454803172	2.91809075623399	0.06622006707750148	9.278119746126496	160.65160480783518	4.139671827844152	0.9915283860095686	44.37918622948311	2076.9888456777026	-0.04341288711442112
3.000996655518395	9.82943143812709	2.6589816199657137	0.006308049663893284	2.658981619965714	0.006308049663893262	2.9210604605183716	0.06580703408747259	9.281273553253605	161.10268061018598	4.14388624194605	0.9916260279945548	44.45798947178848	2081.5836118920433	-0.04341288711442112
3.0052115384615385	9.82943143812709	2.661035755537984	0.006142003286161171	2.6610357555379838	0.006142003286161179	2.924036744918306	0.06539411639528173	9.28440318054742	161.55474563063393	4.148104559071786	0.9917224078840975	44.53686020663284	2086.1833572959426	-0.04341288711442112
3.009426421404682	9.82943143812709	2.663076832626506	0.005979811826459982	2.663076832626506	0.005979811826459987	2.9270192939578266	0.0649813376696798	9.287508064946351	162.00777639002746	4.152326366897182	0.9918175422802933	44.61579525376786	2090.7877165889136	-0.04341288711442112
3.0136413043478263	9.82943143812709	2.665104851163715	0.005821413277123501	2.6651048511637154	0.0058214132771235005	2.930007795162688	0.06456872134219102	9.29058765604166	162.46174950137177	4.156551256938261	0.9919114475813371	44.694791452061985	2095.3963260205255	-0.04341288711442112
3.01785618729097	9.82943143812709	2.66711981855182	0.005666745206486597	2.66711981855182	0.005666745206486585	2.9330019391482876	0.064156290606479	9.293641416255195	162.91664167908624	4.160778824743055	0.9920041399850704	44.77384566123601	2100.008823618684	-0.04341288711442112
3.022071070234114	9.82943143812709	2.6691217493135455	0.005515744844556018	2.669121749313546	0.0055157448445559915	2.9360014196993323	0.06374406841818753	9.29666882099913	163.3724297477032	4.165008670068681	0.9920956354922987	44.8529547634827	2104.624849403842	-0.04341288711442112
3.0262859531772577	9.82943143812709	2.671110664744821	0.0053683491657316555	2.671110664744821	0.005368349165731672	2.9390059338413943	0.0633320774952396	9.299669358818312	163.8290906500137	4.169240397044032	0.9921859499098983	44.93211566497288	2109.244045589404	-0.04341288711442112
3.0305008361204013	9.82943143812709	2.6730865925702374	0.005224494968495893	2.673086592570238	0.0052244949684958734	2.9420151819044205	0.06292034031858142	9.302642531515396	164.28660145465759	4.1734736143181355	0.9922750988537253	45.01132529724802	2113.8660567682937	-0.04341288711442112
3.034715719063545	9.82943143812709	2.6750495666021608	0.005084118952002321	2.6750495666021608	0.00508411895200231	2.9450288675784764	0.06250887913334979	9.30558785425957	164.74493936317165	4.177707935194771	0.9923630977513443	45.09058061850352	2118.490530086193	-0.04341288711442112
3.038930602006689	9.82943143812709	2.676999626404201	0.004947157789514113	2.676999626404201	0.004947157789514117	2.948046697961866	0.062097715950442986	9.308504855679278	165.20408171650297	4.1819429777534305	0.992449961844589	45.16987861476347	2123.117115401474	-0.04341288711442112
3.0431454849498327	9.82943143812709	2.6789368169597436	0.004813548198655229	2.678936816959744	0.00481354819865522	2.9510683836018106	0.06168687254848251	9.311393077939483	165.6640060009909	4.186178364957148	0.9925357061919691	45.24921630095018	2127.7454654322455	-0.04341288711442112
3.047360367892977	9.82943143812709	2.680861188346168	0.004683227008451491	2.6808611883461677	0.004683227008451493	2.9540936385279517	0.061276370476138035	9.314252076804102	166.12468985383572	4.190413724747479	0.9926203456709382	45.32859072185076	2132.375235890744	-0.04341288711442112
3.0515752508361205	9.82943143812709	2.682772795415303	0.004556131223154387	2.6827727954153024	0.004556131223154379	2.957122180278855	0.06086623105480509	9.317081421684211	166.58611106805907	4.19464869012706	0.9927038949800312	45.407998952983824	2137.0060856054156	-0.04341288711442112
3.055790133779264	9.82943143812709	2.684671697480643	0.004432198082848459	2.6846716974806424	0.004432198082848469	2.960153729921803	0.060456475381604396	9.31988069567251	167.04824759697289	4.198882899230162	0.9927863686408873	45.487438101369186	2141.6376766310336	-0.04341288711442112
3.060005016722408	9.82943143812709	2.68655795801176	0.004311365120859664	2.68655795801176	0.004311365120859661	2.9631880120660856	0.06004712433269418	9.322649495564862	167.51107755816847	4.20311599538164	0.9928677810001654	45.56690530620368	2146.2696743471897	-0.04341288711442112
3.064219899665552	9.82943143812709	2.6884316443363008	0.004193570217988397	2.6884316443363008	0.004193570217988401	2.966224754870057	0.059638198566866495	9.325387431869297	167.97457923703917	4.207347627144725	0.9929481462313643	45.64639773944615	2150.90174754553	-0.04341288711442112
3.068434782608696	9.82943143812709	2.690292827349907	0.0040787516536038	2.690292827349907	0.004078751653603787	2.969263690042221	0.05922971852941295	9.328094128803269	168.43873108985312	4.21157744835812	0.9930274783365589	45.72591260631535	2155.5335685061586	-0.04341288711442112
3.0726496655518396	9.82943143812709	2.6921415812343517	0.0039668481536427325	2.6921415812343517	0.00396684815364274	2.972304552836603	0.058821704456235434	9.330769224279678	168.90351174639028	4.2158051181627885	0.993105791148057	45.80544714570332	2160.164813063517	-0.04341288711442112
3.0768645484949833	9.82943143812709	2.6939779831841104	0.0038577989355664147	2.69397798318411	0.003857798935566413	2.975347082042669	0.05841417637818572	9.333412369882327	169.36890001215966	4.220030301018946	0.9931830983299891	45.884998630508214	2164.7951606621878	-0.04341288711442112
3.081079431438127	9.82943143812709	2.695802113141583	0.003751543750333517	2.6958021131415824	0.003751543750333515	2.9783910199700734	0.05800715412561243	9.336023230831378	169.83487487021327	4.224252666713689	0.9932594133798379	45.96456436788991	2169.424294403041	-0.04341288711442112
3.085294314381271	9.82943143812709	2.6976140535411015	0.003648022921456087	2.6976140535411015	0.0036480229214560797	2.9814361124285145	0.05760065733309318	9.338601485939462	170.30141548257538	4.228471890359726	0.9933347496299142	46.04414169945187	2174.051901080109	-0.04341288711442112
3.0895091973244146	9.82943143812709	2.699413889061801	0.0035471773812103874	2.699413889061801	0.003547177381210392	2.984482108702887	0.05719470544434098	9.341146827558884	170.7685011912956	4.232687652385578	0.9934091202487855	46.12372800135177	2178.677671208505	-0.04341288711442112
3.0937240802675587	9.82943143812709	2.701201706389502	0.0034489487040775687	2.7012017063895026	0.003448948704077559	2.9875287615241692	0.056789317717253235	9.343658961520802	171.23611151915898	4.236899638517917	0.9934825382426665	46.20332068434663	2183.3012990440534	-0.04341288711442112
3.0979389632107024	9.82943143812709	2.702977593987533	0.003353279137496788	2.7029775939875336	0.003353279137496786	2.990575827036084	0.05638451322909869	9.346137607066504	171.7042261700492	4.241107539756177	0.9935550164567727	46.28291719377269	2187.9224825946617	-0.04341288711442112
3.102153846153846	9.82943143812709	2.7047416418765984	0.0032601116300131814	2.7047416418765984	0.003260111630013183	2.993623064758039	0.05598031088181198	9.348582496771837	172.17282502900358	4.24531105234023	0.993626567576647	46.362515009466726	2192.5409236242685	-0.04341288711442112
3.10636872909699	9.82943143812709	2.7064939414235534	0.0031693898569092895	2.706493941423554	0.0031693898569092904	2.9966702375443552	0.05557672940738905	9.350993376464762	172.64188816195545	4.249509877711169	0.9936972041294599	46.44211164562885	2197.1563276493043	-0.04341288711442112
3.110583612040134	9.82943143812709	2.7082345851391625	0.003081058243407649	2.7082345851391625	0.0030810582434076445	2.999717111540306	0.05517378737335501	9.353370005137153	173.1113958152029	4.253703722466082	0.9937669384852915	46.52170465063367	2201.7684039285728	-0.04341288711442112
3.114798494983278	9.82943143812709	2.7099636664846103	0.002995061985537084	2.7099636664846103	0.0029950619855370827	3.0027634561349563	0.05477150318829896	9.355712154850764	173.58132841459988	4.257892298306785	0.9938357828583964	46.601291606789545	2206.376865446458	-0.04341288711442112
3.1190133779264215	9.82943143812709	2.7116812796867906	0.002911347068753918	2.7116812796867906	0.002911347068753917	3.0058090439112592	0.05436989510745094	9.358019610638271	174.051666564502	4.262075321983261	0.9939037493084566	46.68087013005177	2210.9814288902085	-0.04341288711442112
3.123228260869565	9.82943143812709	2.7133875195621795	0.0028298602844109982	2.713387519562179	0.0028298602844109995	3.0088536505935424	0.05396898123828801	9.360292170399632	174.52239104647677	4.266252515232057	0.9939708497418253	46.760437869691856	2215.5818146215124	-0.04341288711442112
3.127443143812709	9.82943143812709	2.7150824813491616	0.002750549244168576	2.715082481349161	0.0027505492441685887	3.0118970549926356	0.05356877954615664	9.36252964479426	174.99348281779407	4.270423604710048	0.9940370959127645	46.8399925079255	2220.1777466427557	-0.04341288711442112
3.131658026755853	9.82943143812709	2.716766260548654	0.0026733623924391934	2.7167662605486536	0.002673362392439195	3.0149390389488593	0.05316930785989394	9.36473185712937	175.46492300971283	4.27458832192392	0.9941024994246782	46.91953175950289	2224.7689525583055	-0.04341288711442112
3.1358729096989966	9.82943143812709	2.7184389527728827	0.0025982490169592855	2.7184389527728827	0.002598249016959288	3.0179793872731726	0.05277058387743267	9.366898643245074	175.9366929255854	4.2787464031558855	0.994167071731346	46.99905337126458	2229.355163531334	-0.04341288711442112
3.1400877926421407	9.82943143812709	2.720100653602085	0.002525159257579476	2.7201006536020853	0.002525159257579473	3.0210178876865794	0.05237262517137981	9.36902985139636	176.40877403878568	4.282897589385784	0.9942308241381549	47.07855512166466	2233.936114236288	-0.04341288711442112
3.1443026755852843	9.82943143812709	2.7217514584489595	0.002454044113363974	2.7217514584489595	0.0024540441133639747	3.0240543307580805	0.0519754491945535	9.37112534213247	176.8811479904815	4.2870416262100335	0.9942937678033349	47.15803482026474	2238.5115428074987	-0.04341288711442112
3.148517558528428	9.82943143812709	2.7233914624307056	0.0023848554480877123	2.7233914624307056	0.0023848554480877145	3.027088509841401	0.0515790732854626	9.373184988174046	177.3537965872692	4.29117826375784	0.9943559137391987	47.237490307201924	2243.0811907843213	-0.04341288711442112
3.152732441471572	9.82943143812709	2.725020760248361	0.002317545994219482	2.7250207602483614	0.002317545994219478	3.0301202210105713	0.051183514673723986	9.375208674288166	177.8267017986738	4.295307256604783	0.9944172728133853	47.31691945263181	2247.644803052905	-0.04341288711442112
3.1569473244147157	9.82943143812709	2.7266394460732934	0.0022520693554761895	2.7266394460732934	0.002252069355476189	3.0331492629946717	0.05078879048539998	9.377196297161774	178.29984575453898	4.299428363684268	0.9944778557501102	47.396320156150445	2252.202127785121	-0.04341288711442112
3.16116220735786	9.82943143812709	2.728247613440618	0.002188380008031548	2.728247613440618	0.002188380008031546	3.0361754371119054	0.050394917748243645	9.379147765273721	178.77321074231904	4.303541348197134	0.9945376731314227	47.47569034619769	2256.7529163748973	-0.04341288711442112
3.1653770903010034	9.82943143812709	2.7298453551492603	0.002126433300461576	2.7298453551492603	0.002126433300461572	3.0391985472030556	0.05000191339684967	9.381062998765517	179.24677920427519	4.307645977519511	0.9945967353984709	47.55502797944214	2261.296923372068	-0.04341288711442112
3.169591973244147	9.82943143812709	2.7314327631685407	0.002066185452504819	2.7314327631685402	0.0020661854525048256	3.0422183995646814	0.04960979427769014	9.382941929311299	179.72053373460497	4.311742023109506	0.9946550528527742	47.63433104015344	2265.833906414362	-0.04341288711442112
3.1738068561872907	9.82943143812709	2.7330099285509806	0.00200759355271464	2.7330099285509806	0.002007593552714634	3.0452348028820935	0.049218577154030906	9.384784499987044	180.19445707650647	4.315829260412757	0.9947126356575049	47.71359753956105	2270.3636261575048	-0.04341288711442112
3.178021739130435	9.82943143812709	2.7345769413511194	0.0019506155550778985	2.7345769413511194	0.0019506155550778987	3.0482475681622376	0.048828278710722095	9.386590665139208	180.66853211918652	4.3199074687671235	0.994769493838778	47.7928255152025	2274.885846203774	-0.04341288711442112
3.1822366220735785	9.82943143812709	2.7361338905501795	0.0018952102746708085	2.73613389055018	0.0018952102746708044	3.0512565086668033	0.048438915558844185	9.388360390253187	181.14274189483845	4.323976431306954	0.9948256372869505	47.872013030264505	2279.400333029433	-0.04341288711442112
3.1864515050167226	9.82943143812709	2.737680863986255	0.0018413373824221187	2.7376808639862555	0.0018413373824221148	3.054261439845454	0.04805050424021326	9.39009365182141	181.6170695755809	4.328035934866824	0.9948810757579286	47.95115817291596	2283.9068559109382	-0.04341288711442112
3.1906663879598662	9.82943143812709	2.739217948289925	0.0017889573990488043	2.739217948289925	0.0017889573990488071	3.057262179269568	0.0476630612317271	9.391790437211629	182.0914984703868	4.332085769885346	0.9949358188744838	48.0302590556379	2288.405186850559	-0.04341288711442112
3.19488127090301	9.82943143812709	2.740745228824993	0.0017380316882287957	2.740745228824993	0.0017380316882287918	3.0602585465664456	0.04727660294954845	9.393450744535158	182.56601202200034	4.336125730308977	0.9949898761275785	48.109313814549814	2292.895100501324	-0.04341288711442112
3.199096153846154	9.82943143812709	2.742262789634166	0.0016885224490715927	2.742262789634166	0.0016885224490715914	3.0632503633541406	0.04689114575312317	9.395074582515399	183.04059380385326	4.3401556134960915	0.9950432568776978	48.1883206087345	2297.3763740916056	-0.04341288711442112
3.2033110367892976	9.82943143812709	2.7437707133894906	0.0016403927079448777	2.7437707133894906	0.0016403927079448773	3.0662374531771106	0.046506705949014786	9.396661970356659	183.5152275169969	4.344175220121616	0.995095970356191	48.267277619564	2301.848787349617	-0.04341288711442112
3.2075259197324417	9.82943143812709	2.745269081347323	0.0015936063097132345	2.7452690813473235	0.0015936063097132336	3.0692196414427215	0.046123299794560195	9.398212937613435	183.98989698705122	4.3481843540822975	0.9951480256666198	48.346183050027086	2306.312122427954	-0.04341288711442112
3.2117408026755854	9.82943143812709	2.746757973307637	0.0015481279084420274	2.7467579733076373	0.001548127908442018	3.072196755358731	0.04574094350133315	9.399727524060049	184.46458616118178	4.352182822402787	0.9951994317861124	48.425035124060166	2310.7661638283503	-0.04341288711442112
3.215955685618729	9.82943143812709	2.7482374675774794	0.0015039229576171247	2.7482374675774794	0.0015039229576171225	3.075168623871848	0.04535965323841522	9.40120577956091	184.93927910511326	4.356170435142723	0.9952501975667264	48.50383208588271	2315.2106983268577	-0.04341288711442112
3.220170568561873	9.82943143812709	2.7497076409384227	0.0014609576999282932	2.7497076409384227	0.001460957699928295	3.078135077607541	0.04497944513545982	9.402647763941305	185.41396000019031	4.360147005305028	0.9953003317368151	48.58257219933945	2319.6455148996924	-0.04341288711442112
3.2243854515050168	9.82943143812709	2.751168568617784	0.0014191991566623427	2.751168568617784	0.001419199156662342	3.081095948811058	0.04460033528555563	9.404053546858806	185.88861314048694	4.364112348745437	0.9953498429024009	48.66125374724935	2324.070404649785	-0.04341288711442112
3.2286003344481604	9.82943143812709	2.752620324263449	0.001378615116749046	2.7526203242634493	0.0013786151167490457	3.0840510712898315	0.04422233974787533	9.405423207675211	186.3632229299752	4.368066284083458	0.9953987395485523	48.739875030762995	2328.4851607342343	-0.04341288711442112
3.2328152173913045	9.82943143812709	2.7540629799221725	0.001339174125500689	2.7540629799221725	0.0013391741255006889	3.0870002803573335	0.043845474550109884	9.40675683532918	186.8377738797597	4.372008632614924	0.9954470300407652	48.81843436873002	2332.8895782928757	-0.04341288711442112
3.237030100334448	9.82943143812709	2.755496606021149	0.001300845473083984	2.7554966060211497	0.0013008454730839805	3.089943412778477	0.04346975569068077	9.40805452820947	187.31225060538662	4.375939218226242	0.9954947226263482	48.89693009707723	2337.283454378085	-0.04341288711442112
3.241244983277592	9.82943143812709	2.7569212713527227	0.001263599182760714	2.7569212713527227	0.0012635991827607124	3.0928803067165913	0.04309519914072903	9.409316394028744	187.78663782422802	4.3798578673104105	0.9955418254358097	48.97536056819846	2341.666587885889	-0.04341288711442112
3.245459866220736	9.82943143812709	2.758337043062064	0.0012274059989315438	2.7583370430620637	0.0012274059989315445	3.0958108016820747	0.04272182084587602	9.41054254969795	188.26092035295102	4.383764408684945	0.9955883464842479	49.05372415035682	2346.038779488577	-0.04341288711442112
3.2496747491638796	9.82943143812709	2.7597439866377065	0.0011922373750150215	2.7597439866377065	0.001192237375015022	3.098734738482796	0.04234963672775257	9.411733121201275	188.735083105078	4.387658673511847	0.9956342936727415	49.13201922710127	2350.3998315689487	-0.04341288711442112
3.2538896321070236	9.82943143812709	2.761142165904765	0.0011580654611921687	2.761142165904765	0.001158065461192168	3.1016519591762792	0.04197866268529248	9.412888243471548	189.20911108863973	4.391540495219633	0.9956796747897414	49.21024419669706	2354.7495481562455	-0.04341288711442112
3.2581045150501673	9.82943143812709	2.762531643020739	0.0011248630920449433	2.762531643020739	0.0011248630920449438	3.1045623070237687	0.0416089145957891	9.414008060266159	189.68298940393066	4.395409709427606	0.9957244975124632	49.28839747157213	2359.0877348639874	-0.04341288711442112
3.262319397993311	9.82943143812709	2.7639124784737334	0.0010926037741151372	2.7639124784737334	0.001092603774115138	3.107465626446166	0.04124040831571139	9.415092724043278	190.15670324136505	4.399266153872328	0.9957687694082772	49.3664774777789	2363.4141988296665	-0.04341288711442112
3.266534280936455	9.82943143812709	2.7652847310830393	0.0010612616734082519	2.765284731083039	0.0010612616734082545	3.1103617629819857	0.040873159681276396	9.41614239583852	190.63023787944707	4.403109668336554	0.9958124979360994	49.4444826544739	2367.728748656604	-0.04341288711442112
3.2707491638795987	9.82943143812709	2.7666484580018764	0.0010308116028657447	2.7666484580018764	0.001030811602865745	3.1132505632472665	0.04050718450877831	9.417157245141768	191.10357868284825	4.406940094580477	0.9958556904477789	49.522411453413895	2372.0311943578536	-0.04341288711442112
3.274964046822743	9.82943143812709	2.7680037147222674	0.0010012290098267273	2.768003714722268	0.0010012290098267275	3.1161318748975675	0.0401424985946694	9.418137449774235	191.57671110060556	4.410757276275539	0.9958983541894832	49.600262338471	2376.321347302385	-0.04341288711442112
3.2791789297658864	9.82943143812709	2.7693505550818913	0.0009724899634992126	2.769350555081891	0.0009724899634992143	3.119005546592064	0.039779117715392734	9.419083195765657	192.04962066443895	4.4145610589407775	0.995940496303081	49.678033785166335	2380.5990201636105	-0.04341288711442112
3.28339381270903	9.82943143812709	2.7706890312728305	0.0009445711424592949	2.7706890312728305	0.0009445711424592952	3.1218714279597704	0.039417057626965915	9.419994677231486	192.5222929871928	4.418351289881788	0.99598212382752	49.75572428022317	2384.864026870291	-0.04341288711442112
3.2876086956521737	9.82943143812709	2.772019193852108	0.0009174498221953308	2.772019193852108	0.0009174498221953295	3.1247293695679077	0.03905633406431417	9.420872096249992	192.9947137614018	4.422127818132307	0.9960232437002012	49.8333323211396	2389.116182559891	-0.04341288711442112
3.291823578595318	9.82943143812709	2.7733410917539456	0.0008911038627127478	2.773341091753946	0.0008911038627127469	3.1275792228925154	0.038696962740351254	9.421715662739297	193.4668687579904	4.42589049439856	0.9960638627583479	49.91085641578225	2393.3553035345476	-0.04341288711442112
3.2960384615384615	9.82943143812709	2.774654772303644	0.0008655116962139244	2.7746547723036437	0.0008655116962139259	3.1304208402912628	0.038338959344809194	9.4225255943341	193.9387438251018	4.429639171006355	0.996103987740369	49.98829508200057	2397.5812072196404	-0.04341288711442112
3.3002533444816056	9.82943143812709	2.7759602812329884	0.0008406523148665014	2.7759602812329884	0.0008406523148665023	3.133254074978517	0.03798233954281598	9.423302116262096	194.41032488706165	4.433373701850919	0.9961436252872168	50.065646847262286	2401.7937121249934	-0.04341288711442112
3.304468227424749	9.82943143812709	2.7772576626971386	0.0008165052586720706	2.7772576626971386	0.0008165052586720698	3.1360787810027047	0.03762711897322057	9.424045461219968	194.88159794348059	4.437093942349631	0.9961827819437372	50.14291024831104	2405.992637808891	-0.04341288711442112
3.308683110367893	9.82943143812709	2.778546959292888	0.0007930506034464279	2.778546959292888	0.0007930506034464285	3.1388948132259316	0.037273313246668306	9.42475586924879	195.3525490684907	4.440799749397526	0.996221464160014	50.22008383084538	2410.1778048447945	-0.04341288711442112
3.312897993311037	9.82943143812709	2.7798282120782702	0.0007702689489212425	2.7798282120782702	0.0007702689489212452	3.1417020273059735	0.0369209379434229	9.425433587608916	195.82316441012887	4.444490981325787	0.9962596782927042	50.297166149221106	2414.3490347910133	-0.04341288711442112
3.3171128762541806	9.82943143812709	2.7811014605934012	0.0007481414069763854	2.7811014605934012	0.0007481414069763878	3.144500279680546	0.03657000861094053	9.426078870654027	196.29343018985608	4.448167497863055	0.9962974306063668	50.37415576617554	2418.506150163162	-0.04341288711442112
3.3213277591973247	9.82943143812709	2.7823667428825196	0.0007266495900109815	2.782366742882519	0.0007266495900109822	3.147289427553929	0.03622054076119563	9.426691979704419	196.763332702222	4.4518291600997	0.9963347272747813	50.45105125257514	2422.6489744095866	-0.04341288711442112
3.3255426421404684	9.82943143812709	2.783624095517164	0.0007057755994604998	2.783624095517164	0.000705775599460499	3.1500693288859365	0.03587254986775916	9.427273182919334	197.23285831467302	4.455475830455025	0.9963715743822588	50.52785118718625	2426.7773318897507	-0.04341288711442112
3.329757525083612	9.82943143812709	2.7848735536204243	0.0006855020144664545	2.7848735536204243	0.0006855020144664547	3.15283984238324	0.035526051362632	9.427822755168282	197.70199346750482	4.459107372647415	0.996407977924943	50.6045541564692	2430.8910478555986	-0.04341288711442112
3.3339724080267557	9.82943143812709	2.7861151508922175	0.0006658118807044491	2.7861151508922175	0.0006658118807044487	3.155600827493035	0.03518106063283701	9.428340977901238	198.1707246739592	4.462723651667453	0.996443943812101	50.68115875439617	2434.989948435964	-0.04341288711442112
3.3381872909698997	9.82943143812709	2.787348919635536	0.0006466886993756182	2.787348919635536	0.0006466886993756189	3.1583521443990694	0.034837593016770675	9.428828139017648	198.63903852046718	4.46632453375397	0.996479477867405	50.7576635822925	2439.073860623983	-0.04341288711442112
3.3424021739130434	9.82943143812709	2.788574890783633	0.0006281164163659165	2.788574890783633	0.0006281164163659174	3.1610936540200334	0.0344956638003172	9.42928453273414	199.10692166703856	4.469909886373122	0.9965145858302028	50.8340672487024	2443.1426122676503	-0.04341288711442112
3.3466170568561875	9.82943143812709	2.7897930939280555	0.0006100794115770543	2.7897930939280555	0.000610079411577054	3.1638252180102455	0.034155288212731484	9.429710459450783	199.5743608477922	4.473479578200306	0.9965492733567776	50.91036836927766	2447.1960320633257	-0.04341288711442112
3.350831939799331	9.82943143812709	2.791003557347532	0.0005925624884322885	2.7910035573475316	0.0005925624884322905	3.1665466987626982	0.03381648142229103	9.430106225615912	200.0413428716338	4.477033479105105	0.996583546021596	50.98656556669102	2451.233949552413	-0.04341288711442112
3.355046822742475	9.82943143812709	2.792206308037671	0.0005755508635596418	2.792206308037671	0.0005755508635596418	3.1692579594144665	0.03347925853172104	9.430472143589492	200.50785462308184	4.480571460139214	0.9966174093185466	51.06265747057384	2455.256195121179	-0.04341288711442112
3.359261705685619	9.82943143812709	2.793401371741351	0.000559030156655044	2.793401371741351	0.0005590301566550447	3.171958863854301	0.033143634573402685	9.43080853150463	200.9738830632255	4.484093393527109	0.9966508686621638	51.13864271747628	2459.262600003479	-0.04341288711442112
3.3634765886287625	9.82943143812709	2.7945887729798824	0.0005429863805267476	2.7945887729798824	0.000542986380526747	3.1746492767326226	0.032809624504360355	9.431115713127584	201.43941523083538	4.487599152659799	0.9966839293888423	51.21451995085292	2463.2529962867675	-0.04341288711442112
3.3676914715719066	9.82943143812709	2.795768535084822	0.0005274059313225168	2.795768535084822	0.0005274059313225136	3.177329063473731	0.03247724320104105	9.431394017715956	201.90443824361103	4.4910886120913975	0.996716596758038	51.29028782107182	2467.227216921122	-0.04341288711442112
3.3719063545150503	9.82943143812709	2.7969406802303984	0.0005122755789405462	2.7969406802303984	0.0005122755789405468	3.1799980902902036	0.032146505453888065	9.431643779874914	202.3689392995628	4.494561647538444	0.9967488759534561	51.36594498544628	2471.185095731233	-0.04341288711442112
3.376121237458194	9.82943143812709	2.7981052294665885	0.0004975824576243995	2.7981052294665885	0.0004975824576243997	3.182656224199584	0.031817425961714725	9.43186533941175	202.83290567853874	4.498018135882213	0.9967807720842277	51.44149010829165	2475.1264674316167	-0.04341288711442112
3.3803361204013376	9.82943143812709	2.799262202752718	0.0004833140567423667	2.799262202752718	0.0004833140567423658	3.185303333043167	0.031490019325885174	9.432059041188273	203.29632474387932	4.501457955173658	0.9968122901860721	51.51692186100438	2479.051167644701	-0.04341288711442112
3.3845510033444817	9.82943143812709	2.800411618991616	0.0004694582117510102	2.8004116189916166	0.0004694582117510108	3.1879392855069573	0.031164300044310887	9.432225234971352	203.7591839442083	4.504880984641176	0.9968434352224472	51.592238922164654	2482.9590329219855	-0.04341288711442112
3.3887658862876253	9.82943143812709	2.801553496064282	0.00045600309534245297	2.801553496064282	0.0004560030953424535	3.190563951144733	0.03084028250526575	9.432364275281417	204.22147081535365	4.508287104701073	0.9968742120856857	51.66743997766202	2486.849900768164	-0.04341288711442112
3.3929807692307694	9.82943143812709	2.802687850864988	0.0004429372087747986	2.8026878508649875	0.0004429372087747991	3.193177200403127	0.030517980981031815	9.43247652123882	204.6831729823932	4.5116761969706305	0.9969046255981179	51.74252372084326	2490.7236096681236	-0.04341288711442112
3.397195652173913	9.82943143812709	2.8038146993368542	0.0004302493733846685	2.8038146993368547	0.0004302493733846661	3.1957789046487575	0.03019740962138127	9.432562336408218	205.1442781618263	4.515048144283848	0.9969346805131816	51.81748885268288	2494.579999116895	-0.04341288711442112
3.4014105351170567	9.82943143812709	2.804934056507808	0.000417928722280753	2.804934056507808	0.00041792872228075276	3.198368936197282	0.02987858244690379	9.43262208864076	205.6047741638646	4.518402830709672	0.996964381516517	51.8923340819753	2498.418909652379	-0.04341288711442112
3.405625418060201	9.82943143812709	2.806045936526925	0.0004059646922169984	2.806045936526925	0.0004059646922169981	3.200947168344391	0.029561513342187054	9.43265614991427	206.06464889484224	4.521740141572753	0.9969937332270496	51.9670581255486	2502.2401828908887	-0.04341288711442112
3.4098403010033445	9.82943143812709	2.807150352701122	0.00039434701564385955	2.807150352701122	0.0003943470156438597	3.2035134753986356	0.02924621604886121	9.432664896171215	206.52389035973664	4.525059963476627	0.9970227401980568	52.04165970849955	2506.0436615654166	-0.04341288711442112
3.4140551839464885	9.82943143812709	2.808247317532141	0.00038306571293597147	2.808247317532141	0.0003830657129359718	3.206067732716027	0.028932704158515954	9.432648707154604	206.98248666479913	4.52836218432922	0.9970514069182219	52.11613756444879	2509.8291895665275	-0.04341288711442112
3.418270066889632	9.82943143812709	2.8093368427538468	0.0003721110847942987	2.8093368427538468	0.00037211108479429783	3.2086098167364145	0.028620991105499632	9.432607966241864	207.44042602029262	4.5316466933707185	0.9970797378126737	52.19049043581674	2513.5966119859027	-0.04341288711442112
3.422484949832776	9.82943143812709	2.810418939369743	0.0003614737048208226	2.810418939369743	0.0003614737048208224	3.211139605021464	0.028311090159611474	9.432543060276497	207.89769674332592	4.5349133812035625	0.9971077372440114	52.264717074118465	2517.3457751623396	-0.04341288711442112
3.4266998327759195	9.82943143812709	2.8114936176907452	0.00035114441226360705	2.8114936176907452	0.0003511444122636079	3.213656976294292	0.028003014418697132	9.432454379397894	208.35428726078877	4.538162139824683	0.9971354095133156	52.33881624027817	2521.0765267302663	-0.04341288711442112
3.4309147157190636	9.82943143812709	2.8125608873731047	0.0003411143049300746	2.8125608873731043	0.00034111430493007566	3.2161618104805605	0.02769677680115923	9.432342316868967	208.8101861123717	4.541392862659694	0.9971627588611445	52.41278670496143	2524.7887156705315	-0.04341288711442112
3.4351295986622072	9.82943143812709	2.8136207574565195	0.00033137473226608853	2.81362075745652	0.00033137473226608783	3.218653988751051	0.027392390038392632	9.432207268901934	209.26538195367579	4.544605444599116	0.9971897894685156	52.48662724892565	2528.482192363523	-0.04341288711442112
3.4393444816053513	9.82943143812709	2.8146732364023683	0.000321917288598477	2.8146732364023683	0.0003219172885984758	3.2211333935656015	0.02708986666715769	9.432049634482222	209.71986355940226	4.547799782036495	0.9972165054578735	52.56033666338751	2532.156808644461	-0.04341288711442112
3.443559364548495	9.82943143812709	2.815718332132011	0.0003127338065385985	2.815718332132011	0.0003127338065385987	3.2235999087182936	0.026789219021903187	9.43186981519046	210.17361982661234	4.550975772908211	0.9972429108940426	52.6339137504062	2535.8124178606877	-0.04341288711442112
3.4477742474916386	9.82943143812709	2.8167560520652017	0.00030381635054420265	2.8167560520652017	0.0003038163505442024	3.226053419383895	0.02649045922704847	9.431668215022826	210.62663977806355	4.55413331673514	0.9972690097851652	52.70735732328338	2539.4488749310813	-0.04341288711442112
3.4519891304347827	9.82943143812709	2.817786403158477	0.0002951572106372506	2.817786403158477	0.00029515721063725064	3.228493812165335	0.02619359918924297	9.431445240209618	211.07891256559955	4.5572723146657355	0.9972948060836253	52.780666206976626	2543.066036407171	-0.04341288711442112
3.4562040133779264	9.82943143812709	2.8188093919435864	0.00028674889627483535	2.8188093919435864	0.00028674889627483465	3.2309209751422774	0.02589865058960805	9.431201299032347	211.5304274736053	4.560392669520733	0.9973203036869579	52.853839238527925	2546.663760536125	-0.04341288711442112
3.4604188963210705	9.82943143812709	2.819825024565852	0.00027858413037068117	2.8198250245658523	0.0002785841303706802	3.2333347979205445	0.025605624875982027	9.430936801639266	211.9811739225057	4.563494285839156	0.9973455064387435	52.92687526750473	2550.2419073253195	-0.04341288711442112
3.464633779264214	9.82943143812709	2.8208333068224674	0.00027065584346443926	2.8208333068224674	0.0002706558434644394	3.235735171682407	0.025314533255175603	9.430652159859571	212.43114147231051	4.566577069925597	0.9973704181294878	52.999773156453166	2553.8003386083924	-0.04341288711442112
3.4688486622073578	9.82943143812709	2.821834244200719	0.00026295716803604046	2.8218342442007187	0.0002629571680360409	3.238121989237633	0.02502538668525175	9.430347787016386	212.88031982619998	4.569640929898761	0.9973950424974876	53.07253178136366	2557.338918112827	-0.04341288711442112
3.4730635451505014	9.82943143812709	2.822827841916014	0.0002554814329624826	2.822827841916014	0.0002554814329624821	3.240495145075082	0.02473819586784861	9.430024097738523	213.32869883413267	4.572685775740872	0.9974193832296813	53.14515003214525	2560.857511528581	-0.04341288711442112
3.4772784280936455	9.82943143812709	2.823814104949779	0.00024822215811414773	2.823814104949779	0.0002482221581141472	3.2428545354149017	0.024452971240550694	9.429681507771324	213.77626849648374	4.575711519348174	0.9974434439624859	53.21762681311095	2564.355986578025	-0.04341288711442112
3.481493311036789	9.82943143812709	2.824793038087134	0.00024117304908800007	2.8247930380871344	0.00024117304908799993	3.245200058261122	0.024169722969328615	9.429320433786629	214.2230189676969	4.578718074582163	0.9974672282826182	53.289961043470754	2567.8342130868027	-0.04341288711442112
3.4857081939799333	9.82943143812709	2.8257646459543126	0.00023432799207490386	2.8257646459543126	0.00023432799207490353	3.2475316134545458	0.02388846094105811	9.42894129319201	214.66894055994464	4.58170535732148	0.9974907397279037	53.362151657832236	2571.2920630554995	-0.04341288711442112
3.489923076923077	9.82943143812709	2.8267289330558074	0.00022768104885827773	2.8267289330558074	0.0002276810488582775	3.2498491027258676	0.023609194756132657	9.428544503939456	215.1140237467911	4.584673285514425	0.9975139817880685	53.43419760670766	2574.729410732097	-0.04341288711442112
3.4941379598662206	9.82943143812709	2.8276859038112176	0.0002212264519413427	2.827685903811217	0.00022122645194134376	3.2521524297489117	0.023331933721181423	9.42813048433372	215.55825916685214	4.587621779231894	0.9975369579055196	53.5060978570268	2578.146132684971	-0.04341288711442112
3.4983528428093646	9.82943143812709	2.8286355625917055	0.0002149585998003401	2.8286355625917055	0.0002149585998003402	3.254441500193809	0.023056686841910187	9.427699652840321	216.00163762743813	4.590550760720579	0.9975596714761087	53.57785139265341	2581.5421078762542	-0.04341288711442112
3.5025677257525083	9.82943143812709	2.8295779137560872	0.00020887205226088957	2.829577913756087	0.00020887205226088998	3.2567162217800787	0.022783462816075867	9.42725242789357	216.44415010817838	4.593460154456368	0.9975821258498841	53.64945721490518	2584.9172177354912	-0.04341288711442112
3.5067826086956524	9.82943143812709	2.8305129616865092	0.0002029615259948654	2.8305129616865092	0.0002029615259948649	3.258976504329508	0.022512270026606714	9.426789227704731	216.88578776462114	4.596349887197859	0.9976043243318269	53.72091434307647	2588.2713462334755	-0.04341288711442112
3.510997491638796	9.82943143812709	2.83144071082363	0.00019722189013516022	2.83144071082363	0.00019722189013516054	3.2612222598186262	0.02224311653488574	9.426310470070382	217.32654193179312	4.599219888039673	0.9976262701825734	53.79222181496095	2591.604379955903	-0.04341288711442112
3.5152123745819397	9.82943143812709	2.832361165701343	0.00019164816200561353	2.8323611657013434	0.00019164816200561326	3.2634534024307937	0.021976010074206277	9.425816572181414	217.76640412772258	4.602070088465704	0.9976479666191255	53.8633786873754	2594.9162081770132	-0.04341288711442112
3.5194272575250833	9.82943143812709	2.8332743309809354	0.00018623550296360518	2.833274330980936	0.00018623550296360502	3.2656698486076636	0.02171095804341535	9.425307950432563	218.2053660569075	4.604900422401897	0.9976694168155448	53.934384036681124	2598.206722932704	-0.04341288711442112
3.5236421404682274	9.82943143812709	2.834180211484698	0.00018097921435265168	2.8341802114846986	0.00018097921435265098	3.2678715171000174	0.021447967500755213	9.42478502023291	218.64341961373117	4.607710826268648	0.9976906239036349	54.005236959304106	2601.475819093273	-0.04341288711442112
3.5278570234113715	9.82943143812709	2.835078812228912	0.00017587473356252219	2.835078812228912	0.00017587473356252254	3.2700583290177625	0.021187045157918572	9.42424819581738	219.08055688580797	4.610501239032541	0.9977115909736098	54.0759365722507	2604.7233944354057	-0.04341288711442112
3.532071906354515	9.82943143812709	2.835970138456232	0.0001709176301943213	2.8359701384562315	0.00017091763019432173	3.272230207879113	0.020928197374324532	9.42369789005963	219.51677015726594	4.613271602257473	0.9977323210747491	54.14648201362012	2607.949349713494	-0.04341288711442112
3.536286789297659	9.82943143812709	2.8368541956673488	0.0001661036023281039	2.8368541956673488	0.00016610360232810367	3.274387079658673	0.020671430151632617	9.423134514286216	219.95205191194162	4.616021860154755	0.997752817216039	54.216872443109644	2611.1535887297746	-0.04341288711442112
3.5405016722408025	9.82943143812709	2.8377309896519898	0.00016142847289055413	2.8377309896519898	0.0001614284728905544	3.2765288728344917	0.02041674912850196	9.42255847809262	220.38639483649604	4.6187519596323945	0.997773082366802	54.28710704251427	2614.3360184035387	-0.04341288711442112
3.5447165551839466	9.82943143812709	2.8386005265191696	0.00015688818612034303	2.8386005265191696	0.0001568881861203428	3.2786555184338977	0.020164159575607223	9.421970189161085	220.81979182343838	4.621461850343243	0.9977931194573122	54.35718501621845	2617.496548839035	-0.04341288711442112
3.54893143812709	9.82943143812709	2.8394628127266395	0.00015247880412882657	2.83946281272664	0.0001524788041288263	3.280766950077958	0.019913666390924522	9.421370053080443	221.25223597404442	4.624151484731822	0.9978129313793987	54.42710559167776	2620.635093391827	-0.04341288711442112
3.5531463210702343	9.82943143812709	2.8403178551095776	0.00014819650355372163	2.8403178551095776	0.0001481965035537214	3.282863104024601	0.019665274095293027	9.420758473168336	221.68372060117662	4.626820818079938	0.9978325209870361	54.49686801989184	2623.7515687337464	-0.04341288711442112
3.557361204013378	9.82943143812709	2.841165660908433	0.00014403757230350072	2.841165660908433	0.00014403757230350083	3.2849439192102134	0.019418986828263738	9.420135850295889	222.11423923199092	4.629469808550814	0.9978518910969224	54.56647157586586	2626.8458949160818	-0.04341288711442112
3.5615760869565216	9.82943143812709	2.8420062377958852	0.00013999840639029664	2.842006237795885	0.00013999840639029697	3.2870093372895965	0.019174808344246105	9.419502582715005	222.54378561052266	4.632098417231571	0.9978710444890453	54.635915559059356	2629.91799543086	-0.04341288711442112
3.5657909698996653	9.82943143812709	2.842839593902963	0.00013607550684904268	2.842839593902963	0.00013607550684904287	3.289059302674303	0.018932742008955953	9.418859065888626	222.9723537001544	4.634706608174173	0.9978899839072356	54.705199293822986	2632.9677972702516	-0.04341288711442112
3.5700058528428094	9.82943143812709	2.8436657378441876	0.0001322654767407915	2.843665737844188	0.00013226547674079117	3.2910937625691097	0.018692790796178135	9.41820569232393	223.39993768594803	4.637294348434434	0.9979087120597094	54.774322129820085	2635.995230983734	-0.04341288711442112
3.5742207357859535	9.82943143812709	2.8444846787418396	0.00012856501823800103	2.8444846787418396	0.0001285650182380007	3.293112667006728	0.01845495728484578	9.417542851408962	223.82653197685036	4.639861608109313	0.9979272316195983	54.84328344243449	2639.00023073316	-0.04341288711442112
3.578435618729097	9.82943143812709	2.845296426249203	0.0001249709297897937	2.845296426249203	0.00012497092978979362	3.29511596888049	0.018219243656446713	9.41687092925253	224.25213120775217	4.642408360372071	0.9979455452254683	54.912082633161226	2641.9827343452916	-0.04341288711442112
3.5826505016722408	9.82943143812709	2.8461009905728627	0.00012148010336510217	2.846100990572863	0.00012148010336510201	3.297103623975079	0.017985651692759733	9.416190308527842	224.67673024140822	4.644934581505478	0.9979636554818269	54.980719129981416	2644.942683361988	-0.04341288711442112
3.5868653846153844	9.82943143812709	2.8468983824939693	0.00011808952177174472	2.8468983824939693	0.00011808952177174473	3.2990755909951384	0.017754182773928286	9.41550136831988	225.10032417020506	4.6474402509327675	0.9979815649596198	55.04919238771884	2647.8800230876827	-0.04341288711442112
3.5910802675585285	9.82943143812709	2.8476886133884944	0.00011479625604946516	2.8476886133884944	0.00011479625604946503	3.3010318315917706	0.01752483787687342	9.414804483976788	225.5229083177797	4.6499253512464565	0.9979992761967162	55.11750188837882	2650.7947026342595	-0.04341288711442112
3.595295150501672	9.82943143812709	2.848471695246421	0.00011159746293504924	2.848471695246421	0.00011159746293504908	3.3029723103867803	0.017297617574052997	9.41410002696532	225.9444782404771	4.652389868234713	0.9980167916983836	55.18564714146695	2653.68667496299	-0.04341288711442112
3.5995100334448162	9.82943143812709	2.849247640689896	0.00010849038239762553	2.849247640689896	0.00010849038239762543	3.304896994994701	0.01707252203256609	9.413388364730672	226.365029728654	4.654833790905489	0.9980341139377525	55.25362768428932	2656.5558969237263	-0.04341288711442112
3.60372491638796	9.82943143812709	2.850016462990275	0.0001054723352423639	2.8500164629902747	0.00010547233524236392	3.3068058560424434	0.016849551013609528	9.412669860560623	226.78455880781138	4.657257111508026	0.9980512453562697	55.32144308223058	2659.4023292909155	-0.04341288711442112
3.6079397993311035	9.82943143812709	2.8507781760841127	0.00010254072078074847	2.850778176084113	0.00010254072078074834	3.3086988671866457	0.016628703872283174	9.411944873454374	227.20306173956877	4.659659825551994	0.9980681883641429	55.38909292901225	2662.225936796688	-0.04341288711442112
3.612154682274247	9.82943143812709	2.8515327945880387	0.00009969301456570819	2.8515327945880387	0.00009969301456570816	3.3105760051285764	0.016409979557749456	9.411213757996023	227.62053502246573	4.662041931823989	0.9980849453407751	55.456576846928634	2665.0266881607536	-0.04341288711442112
3.6163695652173913	9.82943143812709	2.8522803338125176	0.00009692676618989819	2.8522803338125176	0.00009692676618989816	3.3124372496266092	0.01619337661374313	9.41047686423287	228.03697539259383	4.664403432401396	0.9981015186351886	55.52389448706055	2667.8045561170256	-0.04341288711442112
3.6205844481605354	9.82943143812709	2.853020809774507	0.00009423959714546452	2.853020809774507	0.00009423959714546426	3.314282583506221	0.015978893179434947	9.409734537558696	228.4523798240553	4.666744332663628	0.9981179105664411	55.59104552946631	2670.5595174370287	-0.04341288711442112
3.624799331103679	9.82943143812709	2.8537542392090036	0.00009162919874365153	2.8537542392090036	0.00009162919874365155	3.316111992667535	0.015766526990642283	9.408987118602122	228.866745529253	4.669064641300677	0.9981341234240311	55.658029683350016	2673.291552949987	-0.04341288711442112
3.6290142140468227	9.82943143812709	2.8544806395794446	0.00008909333009270445	2.8544806395794446	0.00008909333009270458	3.317925466090283	0.015556275381391422	9.408234943120016	229.28006995899793	4.671364370318868	0.9981501594682958	55.72484668720561	2676.0006475594364	-0.04341288711442112
3.6332290969899663	9.82943143812709	2.8552000290870088	0.00008662981613247403	2.855200029087009	0.00008662981613247391	3.319722995836307	0.015348135285822653	9.407478341896262	229.69235080244914	4.673643535043956	0.9981660209307996	55.79149630893797	2678.6867902565637	-0.04341288711442112
3.6374439799331104	9.82943143812709	2.85591242667877	0.00008423654572424213	2.85591242667877	0.00008423654572424216	3.321504577049467	0.015142103240438914	9.406717640645715	230.10358598687188	4.675902154121349	0.998181710014714	55.85797834595895	2681.349974129939	-0.04341288711442112
3.641658862876254	9.82943143812709	2.85661785205477	0.00008191146979427414	2.8566178520547694	0.0000819114697942741	3.323270207953081	0.014938175386690745	9.405953159923671	230.51377367722716	4.678140249513673	0.9981972288951899	55.924292625260335	2683.9901963719562	-0.04341288711442112
3.645873745819398	9.82943143812709	2.8573163256739473	0.00007965259952966313	2.8573163256739473	0.00007965259952966309	3.3250198898447834	0.014736347473895366	9.405185215040683	230.92291227558215	4.680357846495475	0.9982125797197213	55.99043900346171	2686.607458281675	-0.04341288711442112
3.650088628762542	9.82943143812709	2.858007868758958	0.00007745800462508127	2.858007868758958	0.00007745800462508115	3.3267536270888503	0.014536614862483175	9.404414115982854	231.33100042034584	4.682554973645125	0.9982277646085022	56.056417366833585	2689.20176526416	-0.04341288711442112
3.6543035117056855	9.82943143812709	2.8586925032999178	0.00007532581157903018	2.8586925032999178	0.00007532581157903016	3.3284714271060523	0.014338972527565434	9.40364016733771	231.73803698533587	4.6847316628340225	0.9982427856547746	56.12222763129665	2691.7731268264224	-0.04341288711442112
3.658518394648829	9.82943143812709	2.859370252057047	0.00007325420203828812	2.8593702520570465	0.0000732542020382881	3.3301733003609972	0.014143415062816762	9.402863668225585	232.14402107867207	4.686887949213001	0.9982576449251707	56.187869742396416	2694.3215565698324	-0.04341288711442112
3.662733277591973	9.82943143812709	2.8600411385622357	0.00007124141118923596	2.860041138562236	0.00007124141118923585	3.3318592603470023	0.013949936684665218	9.402084912236568	232.54895204150102	4.689023871195987	0.9982723444600469	56.253343675252886	2696.8470721790445	-0.04341288711442112
3.6669481605351173	9.82943143812709	2.8607051871195583	0.0000692857261947959	2.8607051871195583	0.00006928572619479584	3.333529323568534	0.013758531236782267	9.401304187373018	232.952829446554	4.691139470440972	0.9982868862738117	56.318649434486574	2699.3496954075363	-0.04341288711442112
3.671163043478261	9.82943143812709	2.8613624228047287	0.00006738548467575188	2.8613624228047287	0.00006738548467575174	3.3351835095212308	0.013569192194864623	9.40052177599764	233.35565309653913	4.693234791828274	0.9983012723552469	56.38378705411993	2701.829452059679	-0.04341288711442112
3.6753779264214046	9.82943143812709	2.86201287146354	0.00006553907323522855	2.86201287146354	0.00006553907323522857	3.3368218406695775	0.013381912671697907	9.399737954787108	233.75742302237407	4.69530988343618	0.9983155046678217	56.448756597455	2704.286371969468	-0.04341288711442112
3.6795928093645482	9.82943143812709	2.8626565597092997	0.00006374492602517203	2.8626565597093	0.00006374492602517186	3.33844434242226	0.013196685422493762	9.398952994691225	234.15813948125975	4.697364796514007	0.9983295851500019	56.51355815692781	2706.720488975957	-0.04341288711442112
3.6838076923076923	9.82943143812709	2.8632935149192633	0.00006200152335368013	2.8632935149192633	0.00006200152335368003	3.3400510431052206	0.01301350285049173	9.398167160897543	234.55780295459758	4.699399585452553	0.9983435157155522	56.57819185393867	2709.131840895325	-0.04341288711442112
3.688022575250836	9.82943143812709	2.8639237652301133	0.00006030739033206167	2.863923765230113	0.00006030739033206181	3.341641973932521	0.012832357012813085	9.397380712801466	234.95641414575718	4.701414307752107	0.998357298253833	56.64265783866027	2711.5204694898084	-0.04341288711442112
3.69223745819398	9.82943143812709	2.864547339532491	0.000058661095560547065	2.864547339532491	0.00005866109556054713	3.3432171689750123	0.012653239626558743	9.396593903981683	235.35397397769597	4.703409023987983	0.9983709346300919	56.70695628982269	2713.8864204334154	-0.04341288711442112
3.6964523411371237	9.82943143812709	2.865164267464621	0.00005706124985158188	2.865164267464621	0.000057061249851581896	3.3447766651269193	0.012476142075139404	9.395806982181018	235.75048359043564	4.705383797773699	0.9983844266857498	56.77108741447679	2716.2297432746045	-0.04341288711442112
3.7006672240802674	9.82943143812709	2.8657745794050262	0.00005550650498968404	2.8657745794050262	0.00005550650498968394	3.3463205020703533	0.012301055414826349	9.395020189292417	236.14594433839883	4.707338695721794	0.9983977762386816	56.83505144773529	2718.55049139586	-0.04341288711442112
3.704882107023411	9.82943143812709	2.8663783064644117	0.00005399555252684082	2.8663783064644117	0.00005399555252684084	3.3478487222378948	0.012127970381511663	9.39423376135027	236.54035778761647	4.7092737874025135	0.9984109850834929	56.898848652494	2720.8487219704857	-0.04341288711442112
3.709096989966555	9.82943143812709	2.866975480476683	0.00005252712261249357	2.866975480476683	0.00005252712261249371	3.3493613707732135	0.011956877397667936	9.3934479285267	236.93372571279883	4.711189145300201	0.9984240549917904	56.962479319131276	2723.12449591639	-0.04341288711442112
3.713311872909699	9.82943143812709	2.8675661339891736	0.00005109998285713438	2.867566133989174	0.000051099982857134424	3.350858495489882	0.011787766579492797	9.392662915132883	237.32605009428798	4.713084844767658	0.9984369877124497	57.02594376518802	2725.377877847169	-0.04341288711442112
3.717526755852843	9.82943143812709	2.868150300252095	0.00004971293722860106	2.868150300252095	0.00004971293722860103	3.3523401468284137	0.011620627744228477	9.39187893962529	237.71733311488762	4.714960963978498	0.9984497849718768	57.08924233502873	2727.608936020563	-0.04341288711442112
3.7217416387959865	9.82943143812709	2.868728013207259	0.000048364824980155776	2.868728013207259	0.00004836482498015583	3.353806377811651	0.01145545041764334	9.391096214616745	238.10757715658386	4.716817583877611	0.9984624484742672	57.15237539948393	2729.8177422843282	-0.04341288711442112
3.72595652173913	9.82943143812709	2.8692993074760507	0.000047054519609486264	2.86929930747605	0.000047054519609486386	3.355257243998478	0.011292223841664041	9.390314946892044	238.4967847971509	4.718654788129669	0.9984749799018603	57.215343355473756	2732.0043720195595	-0.04341288711442112
3.7301714046822743	9.82943143812709	2.869864218346774	0.000045780927847745635	2.869864218346774	0.00004578092784774574	3.356692803436098	0.011130936982143905	9.389535337428292	238.8849588066621	4.720472663066044	0.9984873809151888	57.27814662561584	2734.168904081791	-0.04341288711442112
3.734386287625418	9.82943143812709	2.870422781761295	0.00004454298867783258	2.870422781761295	0.00004454298867783257	3.3581131166107725	0.010971578536759171	9.388757581419501	239.27210214389567	4.7222712976299155	0.9984996531533272	57.3407856578151	2736.3114207396998	-0.04341288711442112
3.738601170568562	9.82943143812709	2.870975034301128	0.000043339672381061025	2.8709750343011287	0.000043339672381060985	3.3595182463972932	0.010814136943015907	9.38798186830565	239.65821795265717	4.724050783319944	0.9985117982341337	57.403260924839365	2738.432007611799	-0.04341288711442112
3.7428160535117057	9.82943143812709	2.8715210131728943	0.00004216997961146632	2.8715210131728943	0.000042169979611466295	3.3609082580070977	0.010658600386359794	9.38720838180574	240.04330955800933	4.725811214132342	0.9985238177544912	57.46557292387856	2740.5307536009486	-0.04341288711442112
3.7470309364548493	9.82943143812709	2.872060756193277	0.0000410329404969487	2.872060756193277	0.00004103294049694867	3.3622832189352714	0.010504956808373328	9.386437299955052	240.42738046242889	4.727552686501704	0.9985357132905435	57.5277221760911	2742.6077508271183	-0.04341288711442112
3.751245819397993	9.82943143812709	2.872594301773436	0.00003992761376652779	2.872594301773436	0.000039927613766527815	3.363643198906383	0.010353193915050829	9.385668795146131	240.81043434188413	4.7292752992404425	0.9985474863979291	57.58970922613584	2744.663094558202	-0.04341288711442112
3.755460702341137	9.82943143812709	2.8731216889029607	0.000038853085902964025	2.8731216889029603	0.000038853085902964194	3.3649882698193463	0.010203299185137123	9.384903034173597	241.19247504184816	4.730979153477099	0.998559138612013	57.65153464169201	2746.696883139219	-0.04341288711442112
3.759675585284281	9.82943143812709	2.873642957133377	0.00003780847032004988	2.873642957133377	0.000037808470320049854	3.366318505691321	0.010055259878520044	9.384140178282484	241.57350657324773	4.732664352593539	0.9985706714481127	57.713199012967145	2748.7092179199226	-0.04341288711442112
3.763890468227425	9.82943143812709	2.8741581465612627	0.00003679290656386467	2.8741581465612627	0.000036792906563864786	3.3676339826008235	0.009909063044663335	9.383380383220112	241.9535331083607	4.734331002161232	0.9985820864017261	57.7747029521947	2750.700203181032	-0.04341288711442112
3.7681053511705684	9.82943143812709	2.8746672978109435	0.000035805559537346395	2.874667297810943	0.000035805559537346456	3.368934778629977	0.009764695531070627	9.382623799291046	242.3325589766537	4.73597920987646	0.9985933849487518	57.83604709312008	2752.6699460589393	-0.04341288711442112
3.772320234113712	9.82943143812709	2.8751704520169232	0.000034845618747490746	2.8751704520169232	0.000034845618747490645	3.3702209738062363	0.009622143991765955	9.381870571415444	242.71058866058954	4.737609085494985	0.9986045685457112	57.89723209047949	2754.6185564694974	-0.04341288711442112
3.776535117056856	9.82943143812709	2.8756676508059322	0.00003391229757458067	2.8756676508059322	0.00003391229757458069	3.3714926500433804	0.009481394895784562	9.381120839190123	243.0876267913815	4.7392207407657825	0.9986156386299657	57.95825861946836	2756.546147030426	-0.04341288711442112
3.78075	9.82943143812709	2.876158936278757	0.000033004832562794156	2.8761589362787565	0.00003300483256279423	3.3727498910821057	0.009342434535658278	9.380374736952621	243.4636781447252	4.740814289364312	0.9986265966199326	58.019127375203375	2758.452832982936	-0.04341288711442112